Coverage(RPKM): 7962.162162
0.089000
nan
nan
0.282000
nan
nan
0.203000
nan
nan
nan
nan
0.180000
nan
0.440000
nan
0.203000
0.214000
nan
nan
nan
nan
nan
nan
nan
nan
nan
nan
nan
nan
0.406000
nan
nan
0.417000
0.575000
nan
0.981000
nan
nan
nan
nan
nan
nan
0.632000
nan
nan
nan
0.214000
0.102000
0.282000
nan
nan
nan
0.089000
0.575000
nan
nan
nan
0.812000
nan
nan
nan
nan
0.282000
nan
nan
nan
0.677000
nan
0.699000
0.756000
nan
nan
nan
0.089000
nan
0.350000
0.406000
0.823000
0.733000
1.000000
nan
0.462000
0.699000
0.722000
0.688000
0.925000
1.000000
0.801000
0.970000
0.823000
nan
0.688000
nan
nan
nan
nan
nan
nan
nan
0.981000
nan
0.722000
0.688000
nan
nan
0.451000
0.345000
0.789000
nan
nan
nan
0.531000
nan
nan
nan
nan
nan
0.681000
0.575000
0.575000
nan
nan
nan
nan
0.195000
0.248000
0.757000
nan
nan
0.719000
nan
nan
nan
nan
nan
nan
nan
nan
1.000000
nan
nan
nan
nan
nan
nan
0.250000
0.231000
0.417000
nan
nan
0.693000
1.000000
nan
nan
nan
0.558000
0.712000
nan
nan
nan
nan
0.436000
0.488000
0.731000
nan
0.674000
nan
0.687000
0.225000
0.629000
nan
0.346000
0.706000
0.340000
nan
nan
nan
nan
nan
nan
nan
0.141000
nan
0.269000
0.719000
0.372000
0.391000
nan
0.131000
0.654000
nan
nan
nan
0.225000
0.327000
nan
0.699000
nan
nan
nan
nan
1.000000
nan
0.423000
0.513000
0.186000
nan
nan
0.308000
0.308000
nan
nan
nan
nan
0.699000
0.706000
nan
0.975000
0.635000
nan
0.131000
0.131000
