Coverage(RPKM): 35493.442623
0.125000
nan
nan
nan
0.125000
nan
0.125000
0.155000
0.162000
0.227000
nan
nan
nan
nan
nan
0.168000
0.256000
nan
nan
nan
0.190000
0.441000
nan
0.465000
0.465000
nan
0.374000
0.417000
nan
0.673000
0.393000
0.361000
nan
0.332000
0.330000
0.382000
nan
0.321000
0.472000
0.712000
0.428000
0.225000
0.184000
0.350000
0.334000
0.347000
nan
nan
nan
0.350000
nan
0.463000
0.468000
0.411000
0.612000
0.365000
0.468000
0.784000
nan
0.885000
0.964000
1.000000
nan
nan
nan
nan
nan
nan
nan
0.918000
1.000000
nan
0.594000
0.398000
0.732000
0.634000
0.824000
0.996000
nan
nan
nan
nan
nan
nan
0.977000
nan
1.000000
nan
nan
nan
0.446000
nan
nan
nan
0.615000
0.304000
0.491000
0.484000
0.593000
0.256000
0.258000
0.879000
nan
nan
nan
0.416000
0.441000
nan
0.450000
0.747000
nan
nan
nan
nan
nan
0.439000
nan
0.604000
0.398000
nan
0.489000
nan
0.560000
0.350000
0.256000
0.477000
0.371000
0.763000
nan
nan
nan
nan
nan
nan
nan
nan
0.824000
0.510000
nan
nan
nan
nan
nan
nan
0.398000
nan
nan
nan
0.372000
nan
0.721000
nan
1.000000
0.881000
0.674000
0.625000
nan
nan
nan
0.342000
nan
nan
nan
0.461000
0.671000
0.315000
0.256000
nan
nan
nan
nan
0.452000
nan
0.455000
0.375000
0.455000
0.741000
0.529000
nan
0.742000
0.637000
1.000000
0.643000
nan
0.753000
1.000000
nan
0.393000
nan
0.689000
0.586000
nan
nan
nan
0.763000
nan
0.331000
0.721000
0.819000
0.890000
nan
0.771000
0.757000
0.484000
0.465000
0.665000
0.628000
0.908000
0.665000
nan
0.698000
0.357000
nan
nan
nan
nan
nan
0.678000
0.381000
0.679000
nan
0.649000
nan
0.286000
nan
nan
0.675000
0.443000
nan
nan
nan
nan
nan
nan
nan
0.251000
0.305000
1.000000
nan
0.694000
nan
nan
nan
nan
0.212000
0.193000
0.413000
1.000000
0.374000
nan
nan
nan
nan
nan
0.907000
0.382000
0.435000
nan
nan
0.435000
0.357000
0.358000
nan
0.432000
0.617000
nan
0.645000
nan
nan
1.000000
0.583000
nan
0.623000
nan
0.308000
nan
nan
nan
0.218000
nan
nan
nan
0.402000
nan
nan
nan
0.691000
0.773000
nan
0.560000
0.625000
0.468000
0.580000
0.522000
1.000000
0.871000
nan
0.701000
nan
nan
nan
nan
nan
0.532000
0.512000
nan
0.547000
1.000000
nan
nan
nan
0.537000
nan
nan
nan
0.570000
0.468000
nan
nan
0.279000
0.266000
0.352000
0.387000
0.291000
0.213000
0.243000
nan
nan
0.347000
nan
nan
0.268000
nan
nan
0.139000
nan
0.441000
0.355000
nan
0.248000
0.180000
nan
nan
0.088000
nan
nan
0.317000
0.167000
0.182000
0.165000
nan
0.127000
0.137000
nan
nan
0.177000
nan
0.342000
0.238000
nan
0.106000
0.139000
0.172000
nan
0.088000
0.088000
