Coverage(RPKM): 877.611940
0.000000
nan
nan
nan
nan
nan
0.000000
0.193000
0.000000
0.129000
0.129000
nan
0.129000
0.193000
nan
nan
nan
nan
0.000000
nan
0.000000
nan
0.000000
0.000000
nan
nan
nan
0.129000
0.257000
0.257000
nan
0.129000
nan
nan
nan
0.322000
0.579000
0.322000
nan
nan
nan
0.129000
nan
0.000000
0.772000
0.322000
nan
nan
0.322000
0.257000
nan
nan
0.000000
0.257000
nan
nan
0.836000
nan
0.257000
nan
0.000000
0.193000
0.257000
nan
0.579000
nan
nan
nan
nan
nan
0.772000
1.000000
nan
1.000000
nan
nan
0.000000
0.257000
0.257000
0.450000
nan
nan
0.579000
nan
0.965000
nan
nan
nan
0.322000
nan
0.386000
0.772000
0.193000
0.257000
nan
nan
0.643000
1.000000
0.514000
nan
nan
nan
0.526000
nan
nan
0.211000
0.474000
0.211000
nan
nan
nan
nan
nan
0.737000
0.947000
0.632000
nan
0.526000
0.579000
0.105000
nan
0.158000
0.895000
nan
nan
nan
0.737000
0.526000
0.789000
0.632000
nan
nan
0.789000
nan
nan
nan
0.789000
nan
nan
nan
nan
0.368000
nan
nan
nan
nan
nan
nan
nan
nan
nan
0.632000
0.316000
nan
nan
nan
nan
nan
0.737000
nan
0.842000
0.789000
nan
0.421000
nan
nan
0.474000
0.842000
nan
nan
0.211000
0.105000
nan
nan
0.211000
0.316000
nan
nan
nan
nan
nan
0.368000
0.316000
nan
0.684000
nan
0.421000
0.579000
nan
0.421000
nan
nan
nan
0.316000
nan
nan
0.105000
0.421000
1.000000
nan
0.211000
1.000000
nan
1.000000
nan
nan
0.368000
0.211000
1.000000
nan
0.105000
0.263000
nan
nan
0.474000
nan
nan
0.175000
nan
0.314000
0.384000
0.489000
nan
0.489000
nan
0.314000
0.803000
0.070000
nan
nan
nan
nan
0.035000
nan
nan
0.314000
nan
nan
0.070000
0.035000
0.140000
nan
0.035000
0.314000
nan
nan
0.140000
0.279000
0.628000
nan
1.000000
0.908000
0.628000
nan
0.175000
nan
0.698000
nan
0.140000
0.314000
nan
nan
0.209000
nan
nan
0.384000
0.105000
0.419000
nan
0.314000
nan
nan
0.489000
nan
nan
nan
nan
0.070000
0.454000
0.070000
0.035000
0.628000
nan
nan
0.628000
0.140000
0.209000
0.209000
nan
nan
nan
nan
0.209000
0.419000
0.942000
nan
nan
0.070000
nan
1.000000
0.663000
1.000000
0.489000
nan
0.832000
0.496000
nan
0.257000
nan
nan
0.450000
0.129000
0.450000
nan
nan
nan
nan
nan
1.000000
nan
0.900000
0.707000
nan
nan
0.643000
nan
nan
nan
0.707000
nan
nan
nan
nan
0.386000
0.257000
nan
nan
0.965000
0.900000
nan
1.000000
nan
nan
0.257000
0.129000
0.257000
nan
0.129000
0.064000
nan
0.450000
nan
nan
nan
0.257000
nan
nan
0.386000
0.129000
0.386000
0.450000
0.129000
0.386000
nan
nan
0.129000
0.193000
nan
nan
nan
0.000000
0.450000
nan
0.000000
0.257000
nan
0.129000
0.000000
nan
0.129000
0.257000
0.322000
0.129000
0.064000
nan
0.257000
0.129000
nan
nan
nan
0.000000
0.193000
0.000000
nan
nan
nan
0.000000
nan
0.000000
nan
0.064000
nan
