Coverage(RPKM): 22218.867925
0.181000
nan
nan
0.181000
0.337000
0.364000
nan
nan
0.238000
nan
0.186000
0.233000
0.491000
0.360000
nan
nan
0.317000
0.330000
nan
nan
nan
0.580000
0.434000
nan
0.327000
0.479000
nan
nan
nan
nan
0.756000
nan
nan
0.479000
nan
nan
nan
0.419000
nan
nan
nan
nan
nan
0.992000
0.181000
0.335000
nan
0.350000
nan
nan
nan
nan
0.558000
nan
nan
1.000000
nan
nan
nan
0.774000
1.000000
0.761000
0.451000
0.431000
0.340000
0.347000
nan
nan
nan
nan
0.694000
nan
nan
nan
nan
0.330000
0.345000
0.471000
0.367000
0.722000
0.788000
nan
0.590000
0.893000
nan
0.880000
nan
nan
0.707000
0.422000
0.407000
1.000000
0.709000
0.372000
0.533000
0.469000
0.736000
0.542000
nan
0.581000
0.647000
nan
0.553000
nan
nan
nan
0.443000
0.275000
nan
nan
nan
nan
0.321000
nan
nan
0.516000
0.956000
0.438000
0.790000
0.504000
nan
0.318000
0.356000
nan
nan
nan
nan
0.553000
0.416000
nan
0.834000
0.737000
0.680000
0.512000
nan
nan
nan
nan
nan
nan
nan
nan
nan
0.540000
nan
0.620000
nan
nan
0.464000
nan
nan
0.475000
nan
nan
nan
0.291000
0.575000
0.620000
0.467000
0.550000
0.796000
nan
nan
nan
0.674000
0.680000
0.782000
nan
0.874000
0.376000
nan
nan
1.000000
nan
nan
0.790000
nan
nan
0.275000
0.275000
nan
0.415000
0.275000
nan
nan
0.596000
nan
0.302000
nan
0.640000
1.000000
nan
nan
1.000000
nan
nan
0.424000
nan
0.602000
0.443000
0.308000
nan
0.294000
nan
nan
1.000000
nan
0.711000
nan
0.455000
0.881000
nan
nan
0.674000
0.550000
0.616000
0.562000
0.527000
0.661000
nan
0.762000
nan
nan
nan
nan
nan
nan
nan
nan
0.440000
nan
0.982000
0.758000
0.789000
0.849000
1.000000
0.745000
nan
0.784000
0.449000
nan
0.695000
0.693000
nan
0.277000
0.277000
nan
0.782000
1.000000
nan
0.548000
nan
nan
0.287000
nan
nan
0.435000
nan
0.937000
nan
0.983000
nan
0.510000
0.417000
nan
0.395000
nan
nan
0.707000
0.692000
0.998000
nan
nan
nan
0.473000
nan
nan
nan
nan
nan
0.657000
0.722000
nan
0.576000
nan
nan
0.277000
nan
nan
0.590000
0.521000
nan
nan
0.748000
nan
0.432000
0.431000
0.499000
0.531000
nan
0.530000
0.598000
nan
nan
0.414000
nan
1.000000
0.561000
0.707000
0.762000
nan
0.687000
nan
0.516000
nan
nan
0.399000
nan
nan
0.262000
1.000000
nan
0.873000
nan
nan
0.271000
0.359000
nan
0.248000
nan
nan
1.000000
0.522000
0.722000
0.997000
nan
nan
0.230000
0.230000
nan
0.230000
0.638000
0.827000
0.761000
0.618000
nan
0.608000
nan
0.733000
0.738000
0.681000
nan
nan
nan
nan
0.240000
0.414000
nan
0.575000
0.883000
nan
0.650000
0.521000
nan
0.661000
0.439000
nan
0.561000
0.479000
nan
0.576000
0.371000
nan
0.380000
0.354000
nan
0.387000
0.246000
nan
0.391000
nan
nan
0.230000
0.561000
0.758000
0.768000
nan
nan
0.480000
nan
0.881000
1.000000
0.626000
0.618000
nan
0.601000
nan
0.800000
0.802000
0.722000
nan
0.250000
0.335000
nan
0.333000
nan
0.983000
nan
nan
nan
nan
nan
0.562000
nan
nan
0.654000
0.664000
nan
1.000000
nan
0.985000
nan
nan
nan
0.301000
0.249000
nan
0.352000
0.249000
nan
0.249000
nan
nan
0.420000
nan
0.594000
0.361000
0.677000
0.569000
0.543000
0.488000
nan
0.919000
nan
0.898000
0.932000
nan
nan
nan
0.516000
nan
nan
nan
nan
0.380000
0.399000
0.639000
0.533000
nan
nan
0.299000
nan
nan
0.357000
0.388000
nan
1.000000
0.669000
0.777000
0.917000
0.726000
0.770000
0.637000
1.000000
nan
1.000000
nan
0.675000
nan
nan
nan
0.599000
nan
nan
0.834000
nan
nan
0.813000
nan
nan
0.927000
0.356000
0.640000
0.602000
nan
0.526000
0.696000
0.775000
nan
0.844000
nan
1.000000
nan
nan
0.872000
1.000000
nan
nan
0.702000
nan
nan
0.668000
0.351000
0.647000
0.820000
nan
nan
0.813000
0.484000
0.744000
0.351000
0.810000
nan
0.651000
nan
0.574000
0.893000
nan
nan
0.640000
nan
0.512000
0.561000
nan
nan
0.356000
nan
0.540000
0.699000
nan
nan
0.550000
0.351000
0.630000
0.997000
nan
nan
0.557000
nan
nan
0.685000
nan
1.000000
0.969000
nan
nan
0.661000
0.851000
nan
0.841000
nan
nan
0.602000
0.522000
nan
0.813000
nan
nan
0.678000
0.681000
nan
0.601000
0.533000
nan
0.590000
1.000000
nan
0.690000
0.551000
nan
0.587000
0.998000
nan
0.687000
nan
nan
0.628000
nan
nan
0.738000
nan
nan
0.998000
nan
nan
0.981000
nan
nan
0.563000
nan
nan
nan
0.601000
0.391000
nan
nan
nan
nan
nan
0.326000
nan
nan
0.303000
nan
0.637000
nan
0.800000
0.649000
nan
nan
nan
nan
0.607000
nan
nan
nan
nan
nan
0.430000
0.308000
nan
0.741000
1.000000
nan
nan
nan
nan
0.797000
0.705000
nan
nan
0.356000
0.303000
1.000000
0.474000
0.658000
nan
nan
nan
0.788000
nan
0.335000
0.569000
0.581000
nan
nan
0.720000
0.598000
0.744000
0.687000
nan
0.557000
0.758000
nan
nan
0.303000
0.477000
0.474000
nan
0.785000
nan
nan
0.578000
0.395000
0.540000
nan
nan
nan
nan
0.482000
0.704000
0.421000
0.810000
0.672000
nan
nan
0.389000
0.169000
0.169000
0.418000
nan
0.376000
nan
nan
nan
nan
0.405000
0.360000
0.592000
nan
nan
nan
nan
nan
0.540000
0.749000
nan
nan
nan
0.457000
nan
0.727000
nan
nan
nan
0.434000
0.170000
nan
nan
nan
0.460000
nan
nan
nan
nan
0.614000
nan
0.662000
nan
nan
nan
nan
nan
nan
0.222000
nan
nan
nan
nan
0.424000
0.199000
nan
nan
nan
nan
nan
nan
nan
1.000000
0.569000
1.000000
0.267000
0.193000
0.225000
0.215000
0.169000
nan
0.698000
0.418000
0.598000
0.428000
nan
nan
0.206000
0.228000
0.412000
0.283000
nan
nan
nan
0.620000
nan
nan
nan
nan
1.000000
0.743000
nan
nan
0.646000
0.981000
0.620000
nan
nan
0.325000
nan
nan
nan
nan
nan
0.356000
0.438000
nan
1.000000
1.000000
nan
nan
nan
nan
0.435000
0.241000
nan
0.892000
0.390000
nan
0.321000
0.241000
nan
nan
0.695000
0.693000
0.454000
0.573000
0.677000
0.510000
0.534000
nan
nan
nan
0.478000
nan
nan
nan
0.491000
nan
0.964000
1.000000
nan
0.446000
0.337000
0.435000
0.496000
0.775000
0.860000
nan
nan
nan
0.568000
0.374000
0.568000
nan
0.526000
0.422000
nan
0.687000
nan
0.539000
0.454000
0.265000
0.390000
0.271000
0.645000
nan
0.544000
nan
nan
0.390000
0.395000
nan
nan
nan
0.921000
nan
0.629000
nan
0.241000
nan
nan
nan
0.472000
nan
nan
nan
nan
nan
nan
nan
nan
nan
nan
nan
nan
nan
nan
nan
0.464000
0.573000
0.393000
0.316000
0.375000
nan
nan
nan
nan
nan
1.000000
nan
nan
nan
nan
nan
0.290000
0.328000
0.261000
nan
nan
nan
0.422000
nan
1.000000
0.511000
0.349000
0.337000
0.430000
nan
nan
0.464000
0.567000
nan
0.383000
nan
nan
0.745000
nan
nan
0.784000
0.780000
nan
nan
0.682000
nan
nan
nan
nan
0.724000
0.622000
nan
nan
nan
nan
nan
nan
nan
nan
0.261000
nan
0.724000
nan
nan
0.392000
nan
nan
0.294000
0.261000
nan
0.584000
nan
nan
nan
nan
nan
nan
nan
nan
0.950000
nan
0.809000
0.464000
0.643000
0.878000
nan
0.626000
0.707000
nan
0.571000
0.673000
0.988000
nan
nan
nan
nan
nan
nan
0.507000
nan
0.728000
0.383000
0.660000
nan
nan
nan
nan
0.567000
0.665000
nan
0.567000
0.967000
1.000000
0.349000
nan
0.686000
0.311000
nan
0.503000
0.268000
0.211000
0.211000
nan
nan
nan
0.321000
0.918000
0.418000
nan
nan
1.000000
0.342000
0.352000
0.309000
0.482000
0.415000
nan
nan
nan
nan
nan
0.830000
nan
0.736000
0.509000
0.530000
0.497000
0.391000
0.330000
0.221000
nan
0.509000
nan
nan
nan
nan
nan
0.918000
0.785000
nan
nan
nan
nan
nan
nan
0.358000
nan
0.424000
nan
0.579000
nan
nan
nan
nan
0.400000
0.349000
0.809000
nan
nan
nan
0.485000
0.606000
1.000000
nan
nan
nan
nan
nan
nan
nan
1.000000
0.285000
0.211000
0.261000
0.439000
nan
0.818000
nan
0.406000
0.821000
nan
nan
0.700000
0.858000
nan
nan
nan
0.764000
0.239000
nan
nan
nan
nan
nan
0.758000
0.697000
nan
nan
0.418000
0.394000
0.388000
0.324000
0.458000
0.559000
nan
0.697000
0.598000
0.671000
nan
0.430000
nan
nan
0.576000
nan
0.869000
1.000000
0.619000
nan
0.800000
0.602000
nan
0.697000
0.800000
nan
nan
nan
0.933000
0.955000
nan
0.718000
0.688000
0.606000
nan
0.568000
0.602000
nan
nan
0.649000
nan
nan
0.417000
nan
0.529000
1.000000
nan
nan
nan
nan
0.976000
0.929000
nan
0.796000
nan
nan
nan
nan
nan
nan
nan
0.387000
nan
0.374000
nan
nan
nan
nan
nan
nan
0.714000
0.963000
nan
nan
0.851000
nan
nan
nan
0.507000
nan
0.469000
nan
nan
nan
nan
0.486000
nan
nan
nan
nan
nan
0.589000
0.972000
0.830000
nan
nan
nan
nan
0.249000
0.206000
0.204000
0.204000
0.353000
nan
nan
0.972000
0.847000
0.998000
1.000000
nan
nan
nan
nan
nan
nan
nan
0.275000
nan
nan
nan
0.204000
nan
0.228000
0.211000
0.457000
0.712000
nan
nan
nan
nan
nan
nan
0.361000
nan
nan
nan
0.712000
0.594000
0.656000
nan
0.343000
0.590000
nan
nan
0.424000
nan
0.317000
0.538000
nan
nan
nan
0.487000
nan
nan
0.472000
0.236000
nan
0.638000
0.730000
0.391000
0.380000
0.321000
0.870000
1.000000
1.000000
0.321000
0.251000
0.509000
0.218000
0.302000
nan
0.306000
nan
0.218000
0.211000
nan
0.734000
0.863000
nan
nan
nan
0.358000
0.483000
0.527000
nan
0.863000
0.933000
0.992000
0.634000
0.874000
nan
nan
0.211000
0.660000
0.623000
nan
0.837000
nan
1.000000
nan
nan
nan
nan
0.324000
nan
nan
0.361000
nan
nan
0.954000
nan
nan
0.596000
nan
nan
0.617000
0.553000
nan
1.000000
0.929000
0.797000
1.000000
nan
nan
nan
0.505000
0.625000
nan
0.797000
nan
nan
nan
nan
0.681000
0.385000
nan
nan
nan
nan
nan
nan
nan
1.000000
0.657000
nan
0.705000
0.308000
0.569000
0.845000
nan
nan
nan
nan
nan
0.597000
nan
nan
nan
0.773000
nan
0.425000
nan
nan
nan
0.252000
nan
nan
nan
nan
0.533000
nan
nan
0.761000
0.609000
nan
nan
nan
nan
nan
nan
0.813000
0.216000
0.092000
nan
nan
0.112000
nan
0.961000
nan
nan
nan
nan
0.409000
0.413000
nan
nan
0.465000
0.296000
nan
nan
nan
0.693000
0.497000
0.397000
nan
0.272000
nan
0.417000
0.557000
nan
nan
nan
0.565000
nan
nan
0.377000
nan
nan
0.465000
nan
0.661000
0.825000
0.477000
0.737000
nan
nan
0.092000
0.092000
