Coverage(RPKM): 42270.068027
0.138000
nan
nan
nan
0.138000
nan
nan
nan
0.337000
nan
nan
nan
nan
nan
0.373000
0.138000
0.229000
0.391000
nan
0.252000
0.203000
0.228000
0.554000
0.664000
nan
nan
nan
nan
0.237000
0.144000
nan
nan
0.259000
0.167000
0.213000
0.198000
0.344000
0.488000
0.452000
0.318000
nan
nan
nan
nan
0.597000
1.000000
nan
nan
nan
nan
nan
nan
nan
nan
0.803000
0.769000
0.881000
0.727000
0.542000
nan
0.359000
0.451000
0.907000
nan
nan
nan
nan
0.594000
1.000000
nan
nan
nan
0.607000
0.638000
0.690000
1.000000
nan
nan
0.970000
0.996000
nan
0.368000
nan
0.620000
nan
nan
nan
nan
0.522000
0.317000
nan
0.624000
nan
nan
nan
nan
0.673000
0.730000
0.748000
0.864000
0.885000
nan
1.000000
nan
0.901000
0.850000
1.000000
nan
nan
nan
nan
nan
nan
nan
nan
nan
nan
0.467000
nan
nan
0.879000
nan
nan
nan
0.589000
0.500000
nan
0.678000
0.251000
0.345000
0.520000
0.351000
nan
nan
nan
nan
nan
0.264000
nan
nan
nan
0.921000
1.000000
nan
0.758000
0.537000
nan
nan
0.286000
nan
nan
0.399000
nan
nan
nan
nan
nan
0.530000
nan
nan
nan
0.946000
0.564000
0.595000
0.399000
0.488000
0.432000
nan
0.623000
nan
0.225000
nan
0.221000
nan
nan
nan
nan
nan
0.343000
0.450000
nan
nan
nan
0.372000
0.402000
0.348000
0.319000
0.290000
0.427000
nan
0.373000
0.347000
nan
0.221000
0.294000
nan
nan
nan
nan
0.580000
0.391000
0.528000
nan
0.265000
0.346000
nan
nan
nan
nan
nan
0.240000
0.231000
0.221000
0.611000
nan
nan
0.608000
nan
nan
0.415000
0.595000
0.239000
0.513000
0.758000
0.665000
0.209000
0.209000
0.214000
0.315000
0.323000
nan
0.209000
0.875000
1.000000
nan
1.000000
0.670000
0.603000
0.378000
0.931000
0.451000
nan
0.286000
0.319000
0.230000
0.370000
nan
0.651000
nan
nan
nan
nan
nan
nan
0.272000
nan
nan
nan
0.626000
0.415000
0.353000
0.342000
nan
nan
0.261000
0.608000
0.454000
0.569000
0.707000
nan
nan
0.634000
0.375000
0.701000
nan
0.943000
1.000000
0.957000
nan
nan
0.586000
nan
nan
nan
nan
0.527000
0.600000
nan
nan
0.794000
0.458000
nan
0.354000
0.359000
0.357000
0.643000
0.593000
0.704000
1.000000
nan
nan
nan
nan
nan
0.685000
nan
1.000000
0.740000
0.657000
0.605000
0.505000
0.913000
nan
nan
0.374000
nan
0.836000
0.743000
nan
0.261000
0.258000
0.258000
0.553000
1.000000
nan
nan
nan
0.970000
nan
0.794000
nan
0.747000
nan
nan
0.602000
0.363000
nan
nan
nan
nan
0.816000
0.721000
0.913000
nan
0.380000
nan
nan
0.724000
0.680000
0.841000
nan
0.918000
0.481000
0.649000
0.374000
nan
0.238000
0.990000
nan
0.598000
nan
0.481000
nan
0.308000
0.670000
nan
0.627000
nan
nan
nan
nan
nan
0.835000
nan
0.677000
0.843000
nan
0.950000
0.917000
0.828000
0.615000
nan
nan
0.395000
nan
nan
nan
nan
nan
nan
nan
nan
nan
1.000000
nan
nan
nan
nan
nan
0.936000
nan
0.899000
nan
nan
nan
0.431000
0.602000
0.472000
0.682000
0.424000
0.349000
0.637000
0.547000
0.468000
0.518000
0.568000
nan
0.310000
0.317000
0.196000
0.796000
0.333000
nan
nan
nan
nan
0.504000
nan
0.805000
0.527000
nan
0.474000
0.481000
nan
0.301000
nan
0.170000
nan
nan
0.170000
0.170000
