Coverage(RPKM): 398.342541
nan
nan
nan
nan
nan
nan
nan
0.426000
0.000000
nan
0.000000
nan
nan
0.426000
0.000000
nan
0.000000
nan
nan
0.000000
0.000000
0.000000
0.000000
nan
nan
nan
0.000000
0.000000
nan
0.213000
0.851000
0.638000
0.000000
0.426000
1.000000
0.000000
0.000000
0.426000
0.426000
nan
0.000000
0.000000
0.000000
nan
nan
nan
0.426000
nan
nan
0.000000
0.426000
0.000000
0.000000
0.000000
nan
0.426000
0.000000
nan
nan
0.851000
nan
nan
0.426000
nan
nan
0.426000
0.851000
0.000000
nan
nan
0.000000
0.426000
0.426000
0.426000
nan
nan
1.000000
nan
nan
0.851000
nan
0.426000
0.000000
nan
1.000000
nan
0.379000
0.000000
nan
0.000000
0.000000
0.379000
nan
nan
nan
0.095000
0.000000
nan
0.190000
nan
0.284000
0.379000
0.190000
0.569000
0.758000
0.190000
nan
nan
0.095000
0.853000
0.379000
nan
nan
nan
0.000000
nan
0.474000
nan
nan
nan
0.000000
1.000000
0.000000
0.190000
0.664000
0.379000
nan
nan
nan
nan
nan
nan
0.853000
0.569000
0.758000
0.474000
0.569000
0.095000
0.379000
nan
nan
nan
nan
nan
nan
0.000000
nan
nan
nan
nan
nan
1.000000
nan
nan
0.474000
0.664000
0.569000
0.284000
nan
nan
0.190000
0.379000
nan
0.758000
nan
nan
0.000000
0.853000
0.379000
0.190000
0.948000
0.190000
nan
1.000000
0.284000
nan
nan
nan
nan
0.000000
0.600000
nan
0.000000
nan
nan
0.400000
nan
nan
0.600000
nan
0.200000
nan
0.300000
0.400000
0.000000
0.200000
nan
nan
0.400000
nan
nan
0.700000
0.400000
1.000000
nan
0.600000
0.800000
nan
0.200000
0.700000
nan
nan
0.600000
0.400000
0.400000
nan
nan
0.300000
0.200000
nan
0.300000
1.000000
nan
nan
nan
nan
nan
nan
0.500000
1.000000
0.500000
nan
0.400000
0.200000
0.200000
nan
nan
nan
0.200000
nan
0.400000
0.600000
0.400000
nan
nan
0.200000
0.300000
0.300000
nan
0.200000
nan
nan
nan
0.000000
nan
nan
nan
1.000000
nan
nan
nan
0.200000
0.200000
nan
nan
0.100000
nan
0.100000
0.000000
nan
nan
nan
nan
nan
0.000000
0.400000
nan
0.200000
0.000000
nan
0.000000
nan
nan
nan
0.433000
0.433000
0.000000
0.173000
0.433000
nan
0.693000
0.260000
nan
0.779000
0.433000
0.173000
nan
0.866000
0.000000
0.260000
0.433000
0.173000
0.346000
0.173000
0.173000
nan
0.346000
nan
0.087000
0.000000
0.173000
0.173000
nan
0.000000
0.173000
0.346000
0.087000
nan
nan
0.519000
0.173000
0.260000
0.952000
0.346000
nan
nan
0.000000
nan
0.000000
0.346000
0.866000
nan
nan
nan
nan
nan
nan
0.779000
0.519000
1.000000
0.000000
nan
0.346000
0.260000
nan
nan
0.866000
nan
nan
nan
1.000000
nan
1.000000
0.346000
nan
0.000000
nan
nan
0.173000
nan
nan
0.433000
0.779000
0.031000
0.031000
0.275000
nan
nan
0.550000
nan
nan
0.412000
nan
nan
nan
nan
0.412000
0.137000
nan
nan
0.687000
0.962000
0.206000
nan
0.412000
0.275000
nan
nan
nan
1.000000
0.687000
1.000000
nan
0.825000
0.687000
nan
0.550000
0.344000
nan
nan
nan
0.137000
nan
0.206000
0.275000
nan
nan
0.550000
nan
0.687000
nan
nan
nan
nan
nan
nan
nan
nan
0.275000
nan
nan
nan
0.756000
nan
nan
nan
1.000000
nan
0.412000
nan
0.206000
nan
0.275000
nan
0.275000
0.550000
nan
nan
0.550000
0.756000
0.550000
0.337000
0.169000
0.844000
nan
nan
nan
0.169000
0.015000
0.844000
nan
nan
0.506000
nan
nan
0.253000
0.912000
nan
0.675000
nan
0.337000
nan
0.591000
0.084000
nan
nan
nan
nan
0.844000
nan
nan
nan
nan
0.169000
0.300000
0.600000
0.300000
0.300000
nan
0.100000
0.600000
nan
0.200000
0.500000
nan
nan
0.600000
0.200000
nan
nan
0.600000
nan
0.200000
nan
nan
nan
0.000000
nan
0.500000
0.200000
0.000000
0.600000
0.000000
nan
nan
0.200000
0.600000
nan
0.400000
0.000000
nan
0.600000
0.200000
0.000000
nan
nan
nan
0.100000
0.400000
nan
0.000000
0.000000
nan
0.000000
nan
nan
nan
nan
nan
nan
nan
0.000000
nan
nan
nan
0.000000
0.200000
nan
nan
nan
nan
0.000000
0.000000
