Coverage(RPKM): 58250.510204
0.170000
nan
nan
0.170000
0.170000
0.255000
0.329000
nan
0.358000
nan
0.211000
nan
0.253000
0.202000
0.332000
0.616000
nan
0.415000
0.323000
0.368000
nan
nan
0.341000
0.408000
nan
0.192000
nan
0.736000
0.637000
nan
0.520000
0.337000
nan
nan
0.540000
0.349000
nan
0.180000
nan
0.512000
0.606000
0.655000
0.546000
0.320000
0.348000
0.481000
0.685000
nan
0.568000
nan
0.572000
0.806000
0.197000
nan
nan
0.898000
0.586000
nan
0.707000
0.571000
nan
0.554000
nan
nan
0.310000
nan
0.336000
nan
nan
nan
nan
nan
nan
1.000000
1.000000
nan
0.846000
0.878000
nan
0.902000
1.000000
nan
nan
nan
0.960000
0.934000
nan
nan
nan
nan
nan
0.358000
0.359000
nan
nan
nan
nan
0.535000
0.633000
nan
nan
0.532000
nan
nan
nan
nan
nan
nan
0.948000
0.832000
nan
0.611000
0.500000
0.506000
0.866000
0.737000
nan
0.300000
nan
0.442000
nan
0.152000
0.152000
0.174000
nan
nan
nan
0.992000
1.000000
0.848000
nan
0.218000
0.245000
nan
nan
nan
0.152000
nan
nan
nan
0.178000
1.000000
0.567000
1.000000
nan
nan
nan
nan
0.210000
nan
0.582000
0.195000
0.517000
0.419000
nan
nan
0.186000
nan
nan
0.208000
nan
nan
nan
0.277000
nan
nan
0.453000
0.445000
0.539000
nan
0.593000
nan
0.530000
0.419000
nan
nan
nan
nan
nan
0.479000
0.594000
0.439000
nan
0.497000
nan
0.423000
nan
0.294000
0.204000
nan
0.302000
0.418000
0.690000
0.850000
nan
nan
0.746000
0.481000
0.465000
0.343000
0.297000
0.570000
0.663000
nan
0.597000
nan
1.000000
nan
nan
nan
nan
nan
0.212000
nan
0.613000
0.410000
nan
nan
nan
0.754000
0.569000
nan
nan
0.347000
0.305000
nan
nan
nan
0.489000
nan
0.426000
0.540000
nan
0.661000
0.600000
nan
0.787000
nan
nan
nan
nan
nan
nan
0.471000
nan
0.430000
nan
nan
nan
nan
nan
nan
nan
nan
0.212000
nan
nan
nan
nan
0.212000
0.755000
nan
0.581000
0.428000
nan
0.319000
0.256000
0.243000
0.303000
nan
0.433000
0.666000
nan
0.434000
0.401000
nan
nan
nan
nan
nan
0.423000
nan
nan
0.581000
nan
nan
nan
nan
nan
nan
nan
nan
0.230000
nan
nan
nan
nan
0.850000
1.000000
nan
nan
nan
nan
nan
0.891000
0.695000
nan
0.728000
nan
nan
nan
0.361000
nan
nan
nan
nan
1.000000
0.329000
0.395000
nan
0.405000
0.415000
nan
0.513000
nan
nan
nan
0.230000
0.221000
0.170000
0.193000
0.170000
nan
0.170000
0.179000
0.293000
nan
nan
0.457000
nan
0.727000
0.896000
0.612000
0.924000
nan
nan
nan
nan
nan
nan
nan
nan
nan
nan
nan
0.390000
0.277000
0.371000
0.482000
nan
nan
0.193000
nan
nan
nan
0.215000
0.251000
0.704000
0.579000
0.287000
0.879000
0.912000
nan
0.469000
0.419000
0.653000
nan
0.270000
nan
nan
nan
nan
nan
0.536000
0.594000
nan
0.650000
0.627000
0.587000
nan
0.463000
1.000000
0.909000
0.791000
nan
0.655000
0.714000
0.870000
1.000000
1.000000
nan
nan
nan
0.479000
nan
nan
nan
nan
nan
nan
nan
0.917000
0.694000
nan
0.638000
0.560000
0.521000
0.858000
nan
0.931000
nan
nan
0.257000
0.766000
0.727000
0.848000
0.949000
nan
0.831000
0.606000
0.445000
0.738000
nan
0.851000
nan
nan
nan
0.701000
0.582000
nan
nan
nan
nan
0.417000
1.000000
nan
1.000000
nan
nan
nan
nan
0.739000
0.502000
nan
0.428000
nan
nan
0.992000
0.729000
0.390000
0.631000
nan
0.789000
0.798000
0.860000
0.938000
nan
nan
nan
0.701000
0.292000
nan
nan
0.741000
nan
0.683000
nan
0.538000
0.268000
0.269000
0.350000
0.257000
nan
nan
0.257000
nan
0.472000
0.331000
1.000000
nan
nan
0.542000
nan
nan
nan
nan
nan
nan
nan
0.731000
nan
0.678000
nan
0.623000
0.415000
0.341000
0.801000
nan
nan
nan
0.546000
nan
0.661000
nan
nan
nan
nan
0.430000
nan
0.878000
nan
0.819000
0.618000
nan
1.000000
0.461000
0.714000
0.605000
nan
0.337000
nan
nan
0.274000
nan
0.782000
nan
1.000000
0.597000
0.856000
nan
nan
0.229000
nan
nan
0.694000
0.405000
nan
0.164000
nan
nan
0.178000
0.598000
nan
nan
nan
nan
0.217000
0.189000
nan
0.146000
nan
nan
0.301000
nan
nan
0.548000
0.650000
nan
0.468000
0.236000
nan
0.112000
0.158000
nan
0.368000
0.437000
nan
0.428000
0.313000
nan
0.295000
0.378000
nan
0.245000
0.150000
nan
0.112000
0.112000
