Coverage(RPKM): 1933.333333
0.111000
nan
nan
nan
0.333000
0.148000
nan
0.333000
nan
0.296000
0.111000
0.444000
nan
0.444000
nan
nan
0.778000
nan
nan
0.259000
0.444000
nan
nan
0.333000
0.444000
0.370000
0.111000
nan
0.519000
nan
nan
0.667000
0.111000
nan
0.667000
0.370000
0.815000
0.370000
0.593000
0.630000
0.704000
0.296000
0.815000
nan
0.370000
nan
0.370000
nan
nan
0.556000
nan
0.704000
nan
nan
0.481000
0.556000
nan
0.556000
nan
0.370000
nan
0.481000
nan
0.704000
0.519000
1.000000
1.000000
0.519000
0.333000
0.481000
0.296000
0.370000
nan
nan
0.556000
nan
0.815000
nan
nan
1.000000
0.519000
1.000000
0.954000
nan
nan
0.449000
nan
nan
0.477000
nan
0.561000
nan
0.589000
nan
nan
nan
nan
0.477000
1.000000
nan
0.449000
nan
0.561000
0.337000
0.505000
nan
0.898000
nan
0.842000
1.000000
0.561000
0.673000
nan
0.281000
0.645000
0.505000
0.561000
0.870000
0.449000
nan
0.365000
0.842000
0.449000
nan
1.000000
nan
nan
0.477000
nan
0.365000
0.393000
0.449000
0.673000
0.206000
nan
0.393000
0.365000
0.842000
0.729000
0.701000
nan
0.252000
0.477000
nan
0.206000
0.673000
nan
0.309000
0.505000
nan
0.281000
0.393000
nan
nan
0.206000
nan
0.309000
0.393000
nan
0.365000
0.309000
0.448000
1.000000
0.367000
0.367000
0.774000
0.407000
nan
0.285000
0.733000
0.448000
nan
0.204000
0.896000
nan
0.815000
nan
0.204000
0.815000
nan
0.407000
0.448000
0.326000
0.978000
0.407000
nan
0.326000
0.570000
nan
0.244000
0.204000
0.367000
0.448000
0.978000
0.978000
nan
0.530000
nan
nan
0.896000
0.652000
0.855000
0.652000
0.937000
0.244000
1.000000
0.652000
0.978000
0.530000
0.448000
0.326000
0.393000
0.328000
0.393000
0.835000
nan
0.295000
0.328000
nan
0.459000
0.163000
0.590000
0.721000
nan
nan
nan
0.347000
nan
nan
nan
0.248000
0.248000
0.372000
0.918000
0.794000
0.794000
0.298000
0.645000
0.620000
1.000000
0.695000
0.323000
nan
nan
0.122000
0.447000
0.670000
nan
nan
nan
0.323000
nan
nan
nan
0.819000
0.397000
0.149000
nan
nan
0.819000
0.893000
nan
0.372000
0.496000
nan
nan
nan
0.695000
nan
0.893000
nan
0.620000
nan
nan
nan
0.323000
nan
nan
nan
0.645000
nan
1.000000
nan
0.372000
nan
nan
nan
nan
nan
nan
0.521000
nan
nan
nan
nan
nan
1.000000
nan
nan
0.223000
nan
nan
nan
0.521000
0.447000
nan
nan
nan
nan
nan
0.447000
nan
0.347000
nan
nan
0.248000
nan
nan
nan
nan
nan
nan
0.122000
nan
