Coverage(RPKM): 51925.477707
0.131000
nan
nan
nan
0.131000
0.131000
0.319000
0.189000
nan
nan
0.196000
0.179000
nan
nan
0.258000
0.325000
0.375000
nan
nan
nan
nan
0.198000
0.276000
0.291000
nan
0.321000
nan
nan
0.443000
0.514000
0.426000
nan
0.766000
nan
0.144000
nan
nan
nan
0.499000
0.758000
0.784000
0.359000
0.381000
0.250000
nan
0.297000
0.456000
0.777000
0.775000
0.355000
nan
0.459000
0.738000
0.607000
0.519000
nan
0.293000
nan
nan
0.637000
0.702000
0.687000
0.900000
0.717000
0.751000
nan
0.635000
0.506000
0.919000
1.000000
1.000000
nan
nan
nan
0.975000
0.620000
1.000000
nan
0.792000
0.268000
nan
nan
0.275000
0.217000
0.618000
0.614000
nan
0.700000
nan
0.296000
0.270000
0.224000
0.174000
0.571000
0.879000
nan
0.981000
nan
0.335000
nan
nan
nan
nan
0.657000
nan
0.636000
0.874000
nan
0.602000
0.650000
nan
nan
0.669000
0.196000
nan
nan
nan
nan
nan
nan
nan
nan
0.437000
nan
nan
0.919000
0.813000
1.000000
nan
0.695000
0.242000
0.174000
0.174000
0.251000
0.424000
0.617000
0.735000
nan
0.706000
0.395000
0.274000
nan
0.544000
nan
0.769000
nan
nan
nan
1.000000
0.807000
nan
nan
nan
nan
0.261000
nan
nan
0.612000
0.579000
1.000000
nan
nan
nan
0.920000
nan
0.718000
0.755000
nan
0.605000
0.721000
0.639000
nan
nan
nan
0.269000
0.263000
0.591000
nan
nan
0.429000
0.816000
0.620000
nan
nan
nan
nan
nan
nan
0.937000
nan
nan
nan
nan
0.566000
0.384000
0.587000
nan
0.557000
0.624000
nan
nan
nan
nan
nan
0.283000
0.314000
nan
0.474000
nan
0.172000
nan
nan
nan
0.195000
0.209000
1.000000
nan
nan
nan
0.166000
0.178000
0.915000
nan
nan
0.182000
nan
nan
0.155000
nan
1.000000
0.416000
0.668000
1.000000
0.542000
0.586000
0.274000
nan
0.228000
nan
nan
0.558000
0.202000
0.219000
0.512000
nan
nan
0.155000
0.156000
0.155000
0.750000
nan
nan
nan
nan
0.207000
0.676000
nan
0.471000
0.595000
nan
0.439000
0.406000
nan
0.512000
nan
0.325000
nan
nan
0.347000
0.278000
nan
nan
nan
0.557000
0.605000
nan
nan
0.537000
0.504000
0.539000
nan
nan
0.542000
0.369000
0.481000
0.254000
0.584000
nan
nan
0.467000
0.436000
0.564000
0.358000
0.417000
0.479000
nan
0.291000
nan
0.223000
0.223000
nan
0.337000
0.223000
0.317000
0.312000
nan
0.404000
nan
0.314000
0.379000
0.558000
0.545000
0.661000
0.918000
nan
0.383000
0.319000
0.238000
nan
nan
1.000000
0.656000
0.400000
0.781000
nan
nan
1.000000
0.590000
0.603000
0.623000
nan
nan
1.000000
nan
0.505000
0.783000
0.601000
0.614000
0.846000
nan
0.499000
nan
nan
nan
0.460000
0.453000
nan
nan
nan
nan
0.286000
0.802000
0.827000
0.871000
nan
nan
nan
nan
nan
nan
nan
0.419000
0.324000
0.786000
nan
nan
nan
nan
nan
0.489000
0.620000
0.501000
nan
nan
nan
nan
nan
nan
0.315000
1.000000
0.751000
nan
nan
nan
0.891000
nan
0.214000
0.259000
0.175000
0.558000
0.424000
nan
0.736000
nan
1.000000
0.736000
0.886000
0.997000
nan
0.366000
0.259000
nan
nan
nan
nan
1.000000
nan
0.880000
nan
nan
0.720000
0.431000
0.469000
0.516000
nan
nan
0.837000
nan
nan
0.551000
0.774000
1.000000
nan
nan
nan
0.178000
nan
0.443000
nan
nan
0.436000
nan
nan
0.512000
nan
nan
0.362000
0.559000
nan
nan
nan
0.333000
0.432000
nan
nan
0.141000
0.321000
0.401000
0.459000
0.476000
0.327000
0.264000
nan
0.186000
0.343000
0.314000
nan
nan
nan
nan
0.127000
nan
0.098000
0.161000
0.163000
nan
nan
nan
nan
0.093000
0.093000
