Coverage(RPKM): 93085.526316
0.190000
nan
nan
nan
nan
nan
0.236000
nan
nan
0.190000
nan
nan
0.435000
0.356000
0.444000
0.332000
nan
nan
nan
0.207000
0.190000
nan
nan
nan
0.433000
0.498000
0.516000
nan
nan
nan
0.255000
nan
nan
nan
0.532000
nan
nan
0.555000
nan
nan
0.474000
nan
nan
0.537000
nan
0.616000
nan
nan
0.677000
0.467000
0.520000
nan
0.549000
0.604000
nan
0.360000
nan
0.836000
nan
1.000000
0.899000
0.772000
nan
nan
0.390000
nan
0.451000
0.289000
0.950000
nan
0.225000
nan
nan
nan
nan
nan
nan
0.280000
0.396000
0.591000
nan
nan
nan
nan
nan
0.216000
0.246000
nan
0.299000
nan
nan
0.750000
1.000000
nan
1.000000
nan
nan
nan
0.257000
0.522000
nan
nan
nan
0.601000
0.424000
0.516000
0.273000
0.517000
0.659000
nan
nan
nan
nan
0.205000
0.217000
0.436000
nan
nan
0.706000
0.513000
nan
0.355000
nan
0.329000
nan
0.909000
0.815000
0.961000
nan
nan
nan
nan
nan
nan
nan
0.323000
0.187000
nan
0.243000
0.187000
0.772000
nan
0.588000
nan
0.729000
0.323000
0.583000
0.748000
nan
nan
nan
nan
nan
nan
nan
0.249000
nan
nan
nan
nan
nan
nan
1.000000
nan
0.682000
nan
0.313000
nan
nan
0.318000
nan
0.736000
0.553000
0.750000
nan
nan
nan
nan
nan
nan
0.434000
0.388000
0.267000
0.572000
0.776000
1.000000
nan
0.411000
nan
0.491000
nan
nan
nan
nan
nan
0.674000
nan
0.369000
0.762000
0.456000
nan
nan
nan
nan
0.803000
0.830000
0.187000
0.411000
0.466000
nan
0.380000
nan
0.228000
1.000000
nan
nan
0.934000
nan
0.655000
0.535000
nan
0.265000
nan
nan
nan
1.000000
1.000000
nan
nan
0.299000
0.321000
0.650000
0.769000
nan
nan
nan
nan
nan
nan
nan
nan
0.454000
nan
0.771000
0.600000
0.733000
nan
1.000000
0.766000
0.804000
nan
0.570000
0.632000
0.402000
0.626000
nan
0.952000
0.766000
nan
0.501000
nan
nan
nan
nan
nan
0.709000
0.405000
nan
0.829000
0.355000
nan
nan
nan
0.738000
nan
nan
0.590000
0.598000
nan
0.741000
0.535000
nan
nan
0.233000
nan
nan
nan
0.233000
nan
0.348000
nan
nan
nan
nan
0.496000
nan
0.543000
0.443000
0.432000
nan
0.303000
0.473000
0.374000
nan
nan
nan
nan
0.430000
0.350000
0.868000
nan
0.380000
0.278000
0.315000
0.233000
0.254000
nan
0.396000
0.347000
0.389000
nan
nan
0.315000
0.261000
0.273000
0.217000
0.164000
nan
0.201000
0.154000
nan
0.154000
nan
0.304000
0.245000
nan
nan
nan
0.162000
0.525000
nan
0.409000
nan
nan
nan
0.358000
nan
nan
nan
nan
nan
0.322000
nan
0.225000
nan
0.258000
0.211000
nan
0.154000
nan
0.776000
nan
0.819000
0.673000
nan
nan
0.764000
0.887000
0.727000
0.475000
nan
0.404000
nan
nan
nan
nan
0.413000
0.318000
0.473000
nan
0.493000
nan
0.815000
0.607000
nan
0.827000
0.609000
0.977000
nan
0.386000
0.507000
0.536000
nan
nan
nan
nan
nan
0.445000
nan
nan
nan
0.327000
nan
nan
0.997000
1.000000
0.646000
0.839000
0.350000
0.200000
0.518000
0.507000
0.475000
0.300000
nan
nan
nan
0.412000
0.629000
nan
nan
0.444000
0.705000
nan
1.000000
0.694000
nan
0.807000
0.934000
nan
0.681000
0.412000
0.576000
0.461000
nan
nan
0.208000
0.195000
nan
0.548000
0.412000
nan
0.740000
nan
nan
nan
nan
nan
nan
1.000000
0.575000
0.889000
0.846000
nan
0.195000
nan
