Coverage(RPKM): 1253.846154
0.137000
nan
nan
0.190000
nan
nan
nan
nan
nan
0.616000
0.616000
0.284000
nan
nan
nan
0.948000
0.190000
nan
0.427000
0.474000
0.190000
0.427000
nan
nan
0.758000
0.190000
nan
nan
nan
nan
0.137000
0.379000
nan
nan
0.474000
nan
0.474000
nan
0.137000
nan
0.190000
nan
nan
nan
nan
nan
0.237000
nan
0.379000
nan
nan
0.711000
1.000000
nan
nan
0.237000
0.284000
nan
0.379000
1.000000
nan
0.758000
nan
0.379000
nan
0.521000
nan
nan
1.000000
nan
0.948000
nan
0.190000
0.948000
0.758000
0.521000
nan
0.379000
0.569000
0.711000
nan
nan
0.616000
0.948000
0.521000
nan
nan
nan
nan
nan
nan
0.190000
nan
nan
0.332000
0.521000
0.521000
0.711000
0.616000
nan
0.616000
0.427000
nan
nan
nan
0.111000
nan
nan
0.278000
0.333000
1.000000
1.000000
0.278000
0.444000
nan
0.111000
nan
0.111000
0.333000
0.611000
0.667000
0.667000
0.611000
0.556000
nan
0.167000
0.389000
nan
nan
0.333000
nan
0.611000
nan
nan
0.167000
0.167000
0.444000
nan
nan
nan
0.500000
0.833000
0.950000
0.581000
0.581000
0.211000
0.475000
0.106000
nan
nan
nan
0.528000
nan
nan
0.739000
nan
0.475000
0.792000
0.739000
nan
nan
0.739000
0.528000
0.633000
0.633000
nan
nan
0.475000
1.000000
0.106000
nan
nan
0.528000
nan
nan
0.739000
0.950000
0.739000
0.317000
nan
0.106000
nan
0.633000
nan
nan
0.844000
nan
0.500000
nan
nan
nan
0.700000
0.400000
nan
nan
0.800000
1.000000
0.450000
0.550000
nan
0.350000
0.100000
0.700000
0.400000
nan
nan
nan
nan
nan
0.500000
nan
nan
1.000000
0.750000
0.450000
0.100000
0.300000
nan
0.300000
1.000000
nan
0.300000
nan
nan
nan
nan
nan
nan
0.850000
0.150000
0.650000
nan
0.100000
nan
