Coverage(RPKM): 85545.801527
0.177000
nan
nan
nan
0.346000
0.177000
nan
0.257000
0.177000
nan
nan
0.501000
0.352000
0.384000
nan
0.376000
0.554000
0.642000
0.431000
0.449000
0.403000
0.584000
0.588000
nan
0.620000
nan
nan
nan
nan
0.539000
0.481000
0.685000
nan
0.384000
0.690000
nan
0.765000
1.000000
0.698000
0.847000
0.639000
0.420000
0.603000
0.961000
nan
0.780000
0.983000
nan
nan
nan
0.349000
0.777000
0.682000
nan
1.000000
nan
nan
0.522000
0.847000
nan
0.882000
0.581000
0.431000
nan
0.330000
nan
nan
0.910000
0.969000
0.769000
nan
nan
nan
0.674000
0.763000
0.752000
1.000000
0.422000
0.344000
nan
0.299000
nan
nan
nan
nan
0.364000
nan
nan
0.583000
0.333000
0.394000
0.674000
0.384000
nan
nan
nan
0.790000
nan
0.848000
0.586000
0.613000
nan
0.416000
0.266000
0.371000
0.620000
0.438000
nan
nan
nan
nan
0.767000
nan
nan
nan
0.432000
0.266000
nan
0.266000
nan
nan
nan
nan
nan
nan
nan
0.639000
nan
0.731000
0.678000
nan
0.798000
0.833000
nan
0.851000
nan
nan
0.557000
0.641000
nan
0.683000
nan
nan
nan
0.531000
0.598000
0.536000
0.991000
nan
0.391000
nan
0.607000
nan
0.957000
0.602000
0.672000
0.808000
0.512000
0.886000
1.000000
1.000000
nan
0.811000
nan
0.786000
nan
nan
nan
nan
1.000000
0.783000
nan
nan
nan
nan
0.478000
nan
0.872000
0.334000
0.351000
0.375000
0.497000
nan
0.381000
0.413000
nan
0.266000
0.562000
0.313000
0.368000
0.376000
nan
nan
nan
nan
nan
nan
nan
nan
0.479000
0.273000
0.215000
0.191000
0.943000
nan
0.595000
nan
nan
nan
nan
0.677000
0.383000
0.407000
0.346000
0.326000
nan
0.322000
0.271000
nan
nan
nan
0.411000
nan
nan
0.467000
nan
nan
0.377000
nan
0.570000
nan
0.461000
0.606000
0.752000
nan
nan
nan
0.506000
0.560000
nan
nan
0.725000
nan
nan
nan
nan
nan
1.000000
0.611000
0.451000
0.191000
0.191000
nan
nan
nan
0.254000
0.829000
1.000000
0.989000
nan
nan
0.882000
0.900000
0.717000
1.000000
0.455000
0.274000
0.341000
0.407000
nan
0.444000
0.376000
nan
nan
0.444000
0.879000
nan
0.272000
0.274000
nan
0.301000
nan
nan
0.211000
0.286000
0.395000
nan
nan
nan
1.000000
nan
0.908000
0.790000
0.842000
0.939000
0.480000
0.391000
0.671000
nan
0.236000
nan
0.443000
0.429000
nan
0.620000
nan
0.925000
0.967000
nan
0.912000
1.000000
0.470000
0.396000
nan
0.375000
nan
nan
nan
nan
nan
0.533000
0.566000
nan
nan
nan
nan
nan
nan
0.228000
nan
1.000000
nan
0.875000
nan
0.209000
nan
0.413000
0.402000
nan
nan
0.296000
nan
nan
nan
nan
nan
nan
nan
0.991000
nan
0.239000
0.345000
0.430000
nan
nan
nan
0.307000
0.683000
0.691000
0.198000
0.411000
0.281000
0.343000
0.147000
0.209000
0.722000
0.653000
0.676000
nan
nan
nan
nan
0.280000
nan
nan
nan
nan
nan
nan
0.243000
nan
nan
nan
nan
nan
0.323000
0.312000
nan
0.341000
nan
nan
0.147000
0.147000
