Coverage(RPKM): 371.335505
0.000000
nan
nan
0.392000
0.000000
0.392000
nan
nan
nan
0.000000
0.000000
nan
0.000000
nan
nan
nan
0.000000
nan
nan
0.196000
0.000000
0.000000
0.000000
0.000000
0.000000
0.196000
nan
nan
0.392000
0.000000
0.784000
0.392000
nan
0.196000
0.000000
0.784000
nan
nan
nan
nan
nan
nan
nan
0.784000
nan
nan
nan
nan
0.392000
0.000000
nan
nan
1.000000
nan
nan
0.784000
nan
nan
nan
nan
nan
nan
nan
nan
0.784000
0.392000
nan
nan
nan
nan
nan
nan
nan
nan
nan
0.000000
0.000000
0.392000
0.000000
0.000000
0.784000
nan
0.000000
nan
0.784000
0.392000
nan
nan
nan
0.392000
0.392000
nan
1.000000
0.784000
1.000000
nan
0.000000
nan
nan
nan
0.392000
nan
0.784000
nan
nan
0.000000
0.784000
nan
nan
0.000000
nan
0.784000
nan
0.333000
1.000000
0.000000
0.500000
0.333000
0.333000
0.500000
nan
0.000000
0.000000
nan
0.000000
0.667000
nan
nan
nan
0.000000
0.500000
0.667000
nan
0.333000
nan
nan
nan
nan
nan
nan
0.333000
nan
0.667000
nan
0.333000
nan
nan
nan
0.000000
0.333000
nan
0.000000
nan
0.333000
nan
0.000000
0.000000
nan
nan
nan
0.667000
0.000000
nan
nan
nan
0.000000
0.000000
nan
nan
0.333000
0.000000
0.000000
nan
0.667000
0.000000
1.000000
1.000000
nan
1.000000
0.333000
0.333000
nan
nan
0.667000
0.333000
nan
0.000000
0.000000
nan
0.667000
0.833000
nan
0.333000
0.000000
0.667000
nan
nan
1.000000
1.000000
nan
0.000000
nan
0.750000
0.625000
1.000000
nan
0.875000
0.625000
nan
0.625000
nan
0.500000
0.500000
0.875000
nan
0.125000
nan
nan
nan
0.250000
nan
nan
nan
0.750000
nan
nan
0.375000
nan
nan
1.000000
nan
0.500000
0.500000
nan
nan
nan
0.500000
0.625000
0.000000
nan
0.250000
nan
0.250000
nan
nan
nan
0.000000
nan
nan
nan
0.250000
nan
nan
nan
0.000000
0.000000
nan
0.500000
0.750000
0.125000
0.125000
0.125000
0.000000
nan
nan
1.000000
nan
0.250000
nan
0.875000
nan
0.500000
nan
nan
nan
nan
nan
nan
0.000000
1.000000
nan
0.000000
0.000000
0.750000
0.500000
nan
0.375000
0.500000
1.000000
0.750000
0.000000
nan
0.250000
0.000000
1.000000
nan
0.250000
0.182000
nan
nan
nan
nan
nan
0.182000
0.818000
0.182000
0.455000
0.000000
0.182000
nan
0.364000
0.273000
nan
0.364000
nan
0.000000
nan
nan
0.364000
0.273000
nan
nan
0.000000
0.909000
nan
nan
nan
0.182000
nan
nan
0.273000
nan
nan
0.545000
nan
nan
0.182000
0.182000
nan
nan
nan
nan
1.000000
nan
nan
nan
nan
0.364000
nan
nan
nan
nan
0.636000
nan
0.182000
0.364000
nan
nan
nan
0.364000
0.000000
0.182000
0.818000
1.000000
nan
0.000000
0.182000
0.182000
nan
nan
nan
0.636000
0.091000
nan
nan
nan
nan
nan
0.364000
1.000000
0.182000
0.909000
nan
nan
nan
0.818000
nan
0.091000
nan
nan
1.000000
0.182000
0.364000
0.545000
0.545000
0.909000
0.818000
0.182000
0.000000
0.200000
0.300000
nan
nan
nan
0.400000
nan
nan
0.500000
nan
nan
nan
nan
0.400000
0.600000
0.200000
0.000000
nan
nan
1.000000
nan
nan
nan
0.000000
0.200000
1.000000
nan
0.200000
nan
0.400000
0.400000
0.800000
0.600000
nan
nan
0.200000
nan
0.300000
0.400000
nan
0.200000
nan
nan
nan
0.200000
nan
nan
nan
0.300000
nan
1.000000
nan
0.300000
0.700000
0.400000
nan
nan
nan
0.000000
nan
0.300000
nan
0.200000
0.200000
0.800000
nan
nan
0.000000
0.200000
0.000000
0.000000
0.400000
0.400000
0.000000
nan
nan
0.500000
nan
0.200000
nan
0.300000
0.300000
nan
nan
0.400000
0.200000
0.600000
0.200000
nan
nan
0.800000
0.900000
1.000000
nan
nan
0.239000
nan
nan
0.000000
1.000000
0.319000
0.876000
0.398000
nan
0.637000
nan
nan
nan
nan
0.717000
nan
1.000000
nan
0.717000
nan
0.319000
nan
0.239000
0.159000
0.159000
nan
0.239000
0.478000
nan
nan
nan
nan
nan
nan
nan
nan
nan
nan
nan
0.558000
nan
0.000000
nan
0.159000
0.239000
1.000000
0.398000
0.637000
nan
nan
0.478000
0.319000
0.398000
0.159000
0.478000
nan
0.478000
nan
nan
0.478000
nan
0.797000
nan
nan
nan
0.398000
nan
0.956000
nan
0.398000
nan
nan
nan
nan
0.080000
0.398000
nan
nan
0.478000
nan
nan
0.478000
nan
nan
nan
0.398000
nan
0.000000
nan
nan
0.159000
nan
0.637000
nan
nan
0.558000
0.319000
nan
nan
0.000000
0.239000
nan
nan
0.000000
nan
0.319000
0.478000
nan
nan
0.239000
nan
0.000000
0.333000
0.000000
nan
nan
0.917000
nan
nan
nan
1.000000
0.333000
0.583000
0.833000
nan
nan
0.667000
0.667000
0.333000
nan
0.000000
0.750000
nan
nan
0.167000
nan
nan
nan
0.000000
nan
0.333000
nan
0.500000
0.000000
0.333000
0.000000
nan
nan
nan
0.000000
0.167000
nan
nan
0.167000
0.250000
0.750000
nan
nan
nan
0.167000
0.500000
nan
nan
nan
0.167000
0.167000
nan
nan
0.500000
nan
nan
nan
0.583000
1.000000
0.167000
0.167000
0.000000
nan
0.750000
1.000000
0.833000
nan
0.167000
nan
1.000000
nan
0.667000
nan
0.500000
nan
nan
nan
nan
0.417000
0.000000
0.000000
nan
0.500000
0.333000
nan
nan
nan
nan
0.167000
nan
nan
0.333000
0.167000
nan
nan
nan
0.733000
nan
nan
0.000000
0.105000
nan
nan
1.000000
nan
1.000000
0.209000
0.000000
0.209000
1.000000
nan
nan
nan
0.314000
0.105000
0.209000
0.942000
0.209000
nan
0.314000
nan
0.733000
nan
0.000000
0.419000
nan
0.209000
0.000000
0.000000
0.000000
0.209000
nan
nan
0.000000
0.209000
0.314000
nan
0.524000
nan
0.838000
nan
nan
0.419000
0.628000
nan
nan
nan
0.942000
nan
nan
0.209000
0.000000
0.209000
0.419000
nan
nan
nan
nan
0.209000
0.628000
nan
nan
nan
0.209000
nan
nan
0.000000
nan
0.209000
nan
0.314000
nan
0.209000
0.209000
nan
0.524000
0.000000
nan
0.209000
0.000000
nan
nan
0.419000
nan
0.524000
nan
nan
nan
nan
0.524000
nan
nan
nan
nan
nan
nan
nan
1.000000
0.900000
nan
nan
0.600000
nan
0.200000
0.200000
0.300000
nan
0.400000
nan
nan
0.000000
0.600000
0.100000
0.200000
0.100000
0.200000
0.000000
0.600000
0.200000
0.000000
0.900000
nan
0.200000
nan
nan
nan
nan
nan
1.000000
1.000000
0.800000
nan
0.000000
nan
nan
nan
nan
1.000000
0.600000
nan
nan
nan
nan
nan
nan
0.500000
nan
0.600000
0.000000
0.000000
nan
nan
nan
0.700000
nan
nan
0.900000
nan
nan
nan
0.600000
0.200000
0.600000
0.300000
nan
0.000000
0.200000
nan
nan
0.200000
0.400000
0.200000
0.400000
0.200000
0.000000
0.400000
0.400000
0.200000
0.400000
0.600000
nan
nan
nan
0.000000
0.100000
1.000000
0.000000
nan
nan
0.200000
nan
nan
0.400000
0.000000
0.000000
nan
0.000000
0.200000
0.000000
0.000000
0.200000
nan
0.400000
0.200000
nan
nan
0.000000
0.000000
0.000000
nan
nan
0.000000
