Coverage(RPKM): 1293.243243
0.000000
nan
nan
0.154000
0.000000
0.154000
nan
nan
1.000000
nan
nan
0.154000
nan
nan
nan
1.000000
0.462000
0.154000
0.154000
nan
0.154000
nan
nan
0.308000
0.846000
0.000000
0.308000
0.462000
nan
0.231000
nan
0.077000
0.154000
0.154000
nan
0.692000
nan
0.923000
nan
nan
nan
nan
nan
nan
0.769000
nan
nan
nan
nan
nan
0.846000
nan
0.308000
0.462000
0.000000
0.692000
nan
nan
nan
0.462000
0.000000
nan
1.000000
nan
0.462000
nan
nan
nan
nan
0.615000
nan
nan
0.462000
0.769000
0.692000
0.615000
nan
0.154000
0.923000
0.462000
nan
0.538000
0.308000
0.077000
nan
nan
nan
nan
nan
nan
0.385000
0.154000
nan
0.000000
0.308000
nan
0.462000
0.462000
1.000000
0.261000
nan
nan
nan
0.522000
nan
0.522000
0.565000
nan
0.348000
nan
nan
nan
0.435000
0.826000
0.522000
0.632000
nan
0.463000
0.463000
nan
0.505000
0.253000
nan
0.295000
nan
nan
0.884000
nan
0.968000
0.547000
0.884000
0.505000
nan
0.463000
0.674000
0.463000
nan
nan
0.547000
1.000000
nan
0.674000
nan
nan
nan
0.674000
0.989000
nan
nan
nan
0.547000
0.716000
0.842000
nan
nan
nan
nan
nan
0.505000
nan
0.632000
nan
nan
0.253000
nan
nan
nan
0.589000
nan
0.758000
0.968000
nan
0.758000
0.253000
nan
0.968000
nan
nan
0.884000
nan
nan
nan
nan
nan
0.295000
0.379000
0.337000
0.842000
nan
nan
nan
nan
nan
nan
0.168000
nan
0.168000
0.137000
nan
0.148000
nan
0.168000
0.463000
nan
nan
0.285000
nan
nan
nan
0.244000
nan
1.000000
nan
1.000000
nan
nan
0.100000
0.448000
0.326000
nan
0.100000
nan
