Coverage(RPKM): 34033.000000
0.136000
nan
nan
nan
0.136000
0.347000
0.214000
nan
nan
nan
0.136000
0.155000
0.186000
0.267000
nan
0.169000
0.167000
nan
nan
nan
0.255000
0.251000
0.208000
0.198000
0.269000
nan
0.742000
nan
nan
1.000000
0.457000
0.324000
nan
0.202000
0.375000
nan
0.312000
0.420000
nan
nan
nan
0.332000
0.559000
nan
0.624000
0.377000
0.436000
nan
0.222000
0.467000
0.375000
nan
nan
nan
0.355000
0.544000
0.846000
nan
0.396000
0.379000
0.803000
nan
nan
nan
nan
nan
0.783000
0.404000
1.000000
nan
nan
nan
0.444000
0.628000
0.296000
nan
nan
1.000000
nan
0.663000
0.428000
0.351000
0.746000
0.968000
nan
0.408000
nan
nan
nan
nan
0.364000
0.414000
nan
0.337000
0.340000
nan
nan
nan
nan
nan
0.109000
nan
0.237000
nan
0.199000
0.343000
nan
nan
0.406000
0.362000
nan
nan
0.109000
nan
0.116000
nan
0.236000
nan
0.242000
nan
1.000000
0.400000
0.317000
0.389000
nan
0.317000
nan
0.221000
0.221000
nan
0.474000
nan
0.432000
0.509000
nan
0.506000
nan
nan
nan
0.182000
nan
0.181000
0.404000
0.469000
0.485000
nan
0.389000
0.594000
0.116000
nan
0.740000
nan
0.821000
nan
0.360000
nan
0.964000
nan
0.901000
nan
nan
nan
0.350000
nan
0.214000
0.202000
0.109000
nan
nan
nan
nan
nan
nan
nan
0.577000
nan
0.485000
nan
0.443000
1.000000
0.283000
0.263000
0.386000
1.000000
0.093000
nan
nan
nan
nan
0.170000
0.728000
nan
nan
0.474000
nan
0.125000
0.133000
0.093000
0.186000
nan
0.429000
0.598000
0.412000
nan
nan
nan
1.000000
0.511000
nan
0.422000
nan
0.129000
nan
nan
nan
0.966000
0.273000
nan
0.335000
nan
nan
nan
nan
nan
0.189000
0.271000
0.369000
0.093000
nan
nan
nan
nan
0.152000
nan
nan
0.495000
0.391000
nan
nan
nan
0.511000
0.732000
nan
nan
0.117000
0.094000
nan
0.302000
nan
nan
nan
nan
nan
nan
nan
0.260000
0.149000
nan
nan
0.166000
nan
nan
0.286000
nan
nan
0.362000
nan
nan
0.113000
0.135000
0.507000
nan
0.292000
0.328000
0.297000
nan
0.358000
nan
1.000000
nan
nan
nan
0.315000
nan
1.000000
nan
0.213000
0.908000
nan
nan
nan
nan
0.186000
0.134000
0.226000
0.827000
0.649000
0.820000
nan
0.628000
0.806000
nan
nan
0.225000
0.690000
0.256000
0.461000
0.372000
0.499000
0.647000
nan
0.835000
0.622000
0.602000
0.401000
0.320000
0.558000
0.778000
nan
0.703000
0.363000
0.251000
nan
0.221000
nan
nan
nan
nan
0.278000
nan
nan
0.721000
nan
0.857000
0.653000
1.000000
nan
nan
nan
0.221000
0.247000
0.224000
0.221000
nan
0.224000
nan
nan
1.000000
0.732000
0.746000
nan
nan
0.604000
1.000000
nan
0.397000
0.646000
0.620000
0.433000
0.475000
nan
0.417000
nan
0.913000
0.964000
nan
0.825000
nan
nan
0.707000
nan
nan
nan
nan
nan
nan
nan
0.351000
0.407000
0.665000
0.673000
0.815000
nan
0.667000
1.000000
0.529000
nan
nan
nan
nan
0.549000
0.796000
nan
nan
0.233000
0.634000
0.484000
0.356000
0.726000
nan
0.585000
0.544000
nan
0.233000
nan
nan
0.673000
0.469000
0.406000
0.474000
0.932000
nan
nan
nan
nan
nan
nan
nan
0.235000
nan
nan
0.281000
nan
nan
0.432000
nan
nan
0.589000
nan
0.786000
0.612000
nan
nan
nan
0.507000
0.588000
0.610000
0.700000
1.000000
nan
nan
nan
0.372000
nan
0.372000
0.871000
0.753000
0.977000
0.592000
0.804000
nan
0.446000
nan
0.761000
0.785000
0.514000
nan
0.874000
nan
nan
nan
nan
nan
1.000000
0.692000
nan
0.357000
nan
0.834000
nan
0.549000
nan
0.233000
nan
nan
nan
1.000000
0.901000
1.000000
1.000000
nan
0.907000
0.801000
0.844000
0.992000
nan
nan
nan
nan
nan
0.899000
0.939000
nan
0.559000
nan
nan
0.933000
nan
nan
nan
0.358000
0.648000
nan
0.662000
0.765000
0.563000
0.300000
nan
nan
nan
0.844000
nan
0.821000
nan
nan
0.807000
nan
0.402000
0.325000
0.771000
nan
0.813000
nan
0.180000
nan
nan
0.454000
nan
0.457000
0.668000
nan
0.269000
0.415000
0.454000
nan
nan
0.180000
0.362000
nan
0.301000
nan
nan
nan
0.367000
nan
0.158000
0.333000
nan
0.240000
nan
0.275000
0.153000
0.217000
0.243000
nan
0.217000
nan
0.235000
nan
0.099000
nan
0.151000
nan
0.144000
nan
0.131000
0.185000
0.155000
0.096000
nan
nan
0.043000
nan
nan
0.139000
0.099000
nan
0.056000
nan
nan
0.172000
0.165000
nan
0.142000
nan
nan
0.093000
0.050000
0.109000
0.060000
nan
0.066000
0.083000
nan
0.041000
0.073000
0.041000
nan
0.041000
nan
