Coverage(RPKM): 1822.151899
0.083000
nan
nan
0.250000
nan
nan
0.333000
nan
nan
nan
nan
nan
nan
nan
nan
0.167000
nan
0.292000
0.333000
0.708000
nan
0.625000
nan
nan
0.083000
nan
nan
1.000000
0.417000
nan
nan
0.833000
0.458000
nan
0.292000
1.000000
0.750000
nan
0.708000
0.167000
0.083000
0.167000
0.083000
0.167000
0.292000
nan
nan
nan
0.458000
nan
0.708000
0.625000
0.333000
nan
nan
0.792000
nan
0.375000
0.375000
nan
0.083000
0.167000
0.083000
nan
nan
nan
nan
nan
0.333000
nan
nan
nan
nan
0.708000
nan
nan
0.083000
0.250000
1.000000
0.917000
0.958000
0.417000
0.208000
0.167000
nan
nan
nan
0.583000
1.000000
nan
0.833000
0.208000
0.500000
nan
0.500000
nan
nan
0.625000
nan
nan
nan
nan
nan
0.414000
0.226000
0.565000
nan
nan
nan
0.339000
nan
nan
nan
0.866000
0.527000
0.377000
nan
0.640000
0.490000
0.565000
nan
nan
nan
nan
0.339000
0.452000
nan
0.301000
nan
nan
nan
nan
0.716000
nan
0.301000
0.226000
0.092000
0.678000
nan
nan
0.151000
0.678000
0.264000
0.866000
nan
1.000000
0.716000
nan
nan
nan
0.092000
0.113000
0.414000
0.527000
0.151000
0.151000
nan
nan
nan
nan
0.414000
nan
nan
nan
nan
nan
nan
nan
nan
nan
nan
nan
0.339000
0.092000
0.113000
0.188000
0.301000
1.000000
nan
nan
0.979000
0.377000
0.753000
nan
nan
0.829000
nan
1.000000
0.527000
nan
0.339000
nan
0.113000
0.151000
0.527000
0.490000
0.791000
nan
nan
0.452000
0.152000
nan
0.576000
nan
0.333000
0.273000
nan
nan
0.758000
1.000000
0.515000
0.636000
0.364000
0.273000
0.152000
nan
0.545000
0.364000
0.485000
0.818000
0.424000
nan
nan
nan
nan
0.242000
0.485000
0.667000
nan
nan
nan
0.394000
0.242000
0.364000
nan
0.606000
0.758000
nan
nan
0.152000
nan
nan
nan
nan
1.000000
nan
0.879000
0.182000
nan
0.182000
0.273000
1.000000
0.667000
0.394000
0.576000
nan
nan
nan
nan
0.818000
nan
0.515000
0.364000
0.242000
0.394000
nan
nan
nan
nan
0.606000
0.303000
0.485000
0.424000
0.818000
nan
0.667000
nan
nan
nan
nan
nan
0.394000
1.000000
nan
nan
0.364000
nan
nan
nan
nan
0.303000
0.152000
0.333000
nan
nan
0.569000
0.471000
nan
0.412000
nan
0.333000
0.471000
0.588000
nan
0.608000
nan
nan
nan
nan
0.451000
nan
0.196000
0.412000
0.196000
0.118000
nan
0.096000
0.096000
1.000000
nan
0.216000
0.431000
0.471000
nan
nan
nan
0.549000
0.314000
0.412000
0.471000
1.000000
0.235000
0.588000
0.588000
nan
nan
nan
nan
nan
0.196000
nan
nan
nan
nan
nan
nan
nan
nan
0.412000
1.000000
nan
nan
0.275000
nan
0.157000
nan
nan
nan
nan
0.745000
nan
0.745000
0.549000
nan
0.196000
nan
0.745000
0.412000
1.000000
0.314000
0.490000
nan
0.392000
0.255000
0.235000
0.333000
0.392000
nan
nan
0.294000
0.235000
0.294000
0.101000
nan
nan
0.551000
nan
1.000000
0.551000
0.499000
nan
0.866000
nan
0.499000
0.394000
nan
nan
1.000000
0.971000
nan
nan
nan
0.341000
nan
0.787000
nan
0.630000
0.735000
nan
nan
nan
nan
0.814000
0.630000
0.394000
nan
0.551000
0.761000
0.630000
nan
0.551000
0.472000
nan
nan
0.525000
nan
nan
0.866000
0.551000
nan
0.735000
nan
nan
0.709000
0.341000
0.656000
0.499000
nan
1.000000
0.656000
0.551000
nan
nan
nan
nan
nan
nan
0.105000
nan
nan
0.656000
0.630000
0.472000
nan
0.105000
nan
0.131000
0.210000
0.157000
0.262000
0.394000
nan
nan
0.341000
0.315000
nan
0.472000
nan
0.236000
0.420000
0.262000
nan
0.105000
nan
