Coverage(RPKM): 5940.495868
0.074000
nan
nan
nan
0.080000
0.074000
nan
nan
0.074000
nan
nan
nan
0.383000
0.228000
0.271000
nan
0.207000
nan
nan
0.329000
0.292000
nan
0.308000
0.361000
0.414000
nan
0.430000
0.499000
nan
0.414000
0.452000
0.239000
0.202000
0.632000
0.510000
0.436000
nan
0.473000
0.154000
0.643000
0.622000
nan
nan
0.510000
0.547000
0.542000
0.595000
0.510000
nan
nan
0.420000
nan
0.489000
nan
nan
0.255000
nan
0.515000
0.537000
0.691000
nan
nan
nan
nan
nan
nan
nan
0.866000
0.351000
nan
nan
nan
0.468000
0.670000
0.930000
0.824000
1.000000
nan
nan
1.000000
nan
nan
nan
nan
nan
0.181000
nan
nan
0.696000
0.792000
nan
nan
nan
0.755000
1.000000
nan
nan
nan
0.383000
0.798000
1.000000
0.920000
0.875000
0.951000
nan
nan
nan
nan
nan
0.434000
0.319000
1.000000
nan
0.543000
0.543000
0.332000
1.000000
nan
0.294000
nan
nan
nan
nan
0.690000
0.326000
0.958000
0.549000
0.868000
nan
0.556000
nan
0.223000
0.243000
0.358000
nan
0.179000
0.166000
0.766000
nan
nan
0.236000
0.607000
nan
0.307000
0.536000
0.421000
nan
0.460000
nan
nan
0.530000
nan
0.415000
nan
0.243000
0.160000
nan
nan
nan
nan
nan
0.050000
nan
nan
nan
0.077000
0.115000
0.064000
nan
nan
0.064000
0.153000
nan
0.050000
0.172000
0.121000
0.083000
nan
0.050000
0.064000
0.102000
0.109000
0.665000
0.665000
0.785000
0.604000
0.544000
nan
0.302000
nan
0.121000
0.363000
nan
0.121000
nan
nan
nan
nan
0.242000
nan
0.121000
0.242000
0.088000
0.121000
nan
nan
0.121000
nan
0.121000
0.423000
0.181000
0.242000
nan
nan
nan
nan
0.302000
0.363000
nan
0.088000
0.242000
nan
nan
0.242000
0.242000
0.242000
0.302000
0.302000
0.242000
0.121000
0.423000
0.483000
0.604000
nan
nan
0.242000
0.088000
nan
nan
nan
0.846000
nan
0.544000
nan
0.242000
0.121000
0.604000
1.000000
nan
0.121000
0.363000
nan
0.967000
1.000000
0.544000
0.604000
nan
0.181000
nan
0.181000
nan
nan
nan
nan
1.000000
nan
0.358000
0.158000
nan
0.100000
nan
0.100000
nan
nan
nan
nan
0.333000
0.317000
0.158000
0.100000
0.566000
0.841000
nan
nan
0.133000
nan
0.950000
0.828000
nan
0.086000
nan
nan
0.162000
0.130000
0.219000
0.195000
0.130000
nan
nan
nan
0.600000
0.454000
0.268000
nan
0.690000
0.568000
0.178000
0.511000
nan
0.471000
0.568000
0.519000
0.828000
nan
0.535000
0.860000
0.600000
nan
0.495000
0.316000
nan
0.446000
0.657000
0.633000
0.560000
nan
0.641000
nan
0.138000
nan
nan
nan
0.243000
0.357000
0.341000
1.000000
1.000000
0.763000
0.993000
0.828000
nan
0.138000
0.103000
0.268000
nan
nan
0.450000
0.750000
nan
0.197000
nan
1.000000
nan
0.054000
0.726000
0.766000
nan
nan
0.111000
nan
nan
0.054000
0.054000
