Coverage(RPKM): 459.842520
0.000000
nan
nan
nan
0.173000
nan
nan
0.000000
nan
0.000000
nan
nan
nan
nan
nan
0.173000
nan
nan
0.000000
nan
nan
nan
0.173000
nan
nan
0.173000
0.173000
0.693000
0.173000
0.433000
0.866000
nan
0.000000
0.173000
0.346000
0.173000
0.173000
nan
0.779000
0.000000
0.519000
nan
0.000000
nan
nan
nan
nan
nan
1.000000
0.260000
1.000000
0.519000
nan
nan
0.606000
nan
0.952000
nan
nan
nan
0.000000
0.693000
nan
nan
0.173000
nan
0.173000
nan
nan
nan
0.519000
nan
nan
0.779000
0.173000
1.000000
nan
0.173000
0.173000
0.346000
nan
0.087000
nan
0.000000
0.693000
0.346000
nan
0.260000
0.000000
nan
0.433000
0.779000
nan
0.433000
0.519000
nan
0.606000
nan
nan
nan
1.000000
nan
1.000000
0.687000
nan
nan
nan
nan
0.481000
nan
0.412000
0.137000
nan
nan
nan
0.412000
0.137000
0.756000
nan
nan
0.000000
0.344000
nan
nan
nan
nan
0.206000
0.687000
nan
0.344000
0.412000
0.412000
nan
nan
0.206000
nan
0.962000
nan
0.412000
0.893000
0.275000
0.206000
1.000000
nan
0.412000
0.137000
0.137000
nan
nan
0.344000
0.481000
0.619000
0.275000
0.687000
0.412000
0.000000
0.412000
0.275000
nan
0.206000
nan
nan
nan
0.137000
nan
0.069000
0.206000
0.000000
0.825000
0.206000
nan
0.206000
nan
nan
nan
nan
0.275000
nan
0.000000
0.000000
0.137000
nan
0.069000
nan
0.550000
0.275000
0.474000
1.000000
0.284000
0.190000
0.379000
0.000000
0.474000
nan
nan
0.190000
0.379000
0.190000
0.000000
0.190000
0.284000
nan
0.379000
nan
0.664000
0.758000
nan
0.379000
nan
0.190000
0.000000
0.190000
0.758000
0.284000
0.664000
nan
nan
nan
0.284000
0.284000
0.190000
0.190000
nan
0.664000
0.474000
nan
0.379000
0.000000
0.474000
nan
0.190000
nan
0.758000
0.379000
0.948000
0.000000
0.000000
0.000000
0.569000
0.948000
nan
0.758000
0.758000
0.569000
nan
nan
nan
0.379000
1.000000
nan
nan
nan
nan
nan
0.948000
nan
1.000000
0.948000
0.379000
0.400000
nan
nan
nan
nan
nan
nan
nan
0.500000
nan
1.000000
0.700000
nan
0.400000
0.200000
1.000000
nan
1.000000
0.900000
1.000000
0.500000
nan
0.300000
0.200000
nan
nan
1.000000
0.400000
nan
nan
0.300000
0.200000
0.697000
0.116000
nan
nan
0.697000
0.697000
0.900000
0.697000
0.900000
nan
0.465000
0.023000
nan
0.697000
0.232000
nan
nan
nan
nan
0.697000
0.814000
0.697000
0.465000
nan
0.581000
0.232000
0.023000
nan
nan
nan
nan
nan
0.697000
0.950000
nan
nan
0.465000
0.116000
nan
0.465000
0.232000
0.232000
0.581000
nan
nan
0.465000
0.232000
0.697000
nan
nan
0.465000
0.465000
nan
0.023000
nan
nan
nan
nan
nan
nan
nan
nan
0.465000
0.000000
nan
0.662000
0.132000
0.000000
nan
0.000000
0.265000
0.000000
0.000000
nan
nan
0.000000
nan
nan
0.927000
nan
0.265000
nan
0.530000
nan
0.397000
0.530000
0.000000
nan
0.000000
0.000000
