Coverage(RPKM): 453.913043
0.000000
nan
nan
nan
0.000000
0.196000
0.000000
0.784000
nan
0.392000
1.000000
0.000000
nan
nan
nan
0.196000
0.000000
0.294000
1.000000
0.196000
nan
0.196000
nan
0.000000
nan
nan
nan
0.000000
0.490000
nan
0.392000
0.196000
nan
nan
nan
0.196000
0.196000
nan
0.196000
nan
0.000000
0.392000
0.490000
nan
nan
nan
0.000000
nan
nan
0.392000
0.588000
nan
0.000000
0.000000
nan
nan
nan
1.000000
nan
nan
nan
0.098000
nan
nan
0.196000
nan
0.000000
nan
nan
nan
0.392000
nan
nan
nan
nan
nan
nan
0.000000
0.196000
0.588000
nan
0.392000
0.000000
0.000000
0.000000
nan
0.098000
nan
nan
nan
0.588000
0.392000
0.196000
nan
0.196000
nan
0.784000
nan
0.392000
0.000000
nan
0.000000
nan
0.659000
nan
nan
0.000000
nan
0.000000
1.000000
0.000000
nan
nan
nan
0.000000
nan
0.440000
0.440000
0.440000
1.000000
0.220000
0.000000
nan
nan
0.220000
nan
0.220000
nan
nan
nan
nan
0.000000
0.440000
0.440000
0.000000
0.440000
0.000000
nan
nan
nan
nan
nan
0.000000
0.000000
nan
nan
nan
0.000000
0.440000
nan
nan
0.659000
0.879000
0.000000
0.000000
0.000000
0.000000
0.220000
0.000000
nan
0.879000
nan
nan
0.440000
nan
nan
1.000000
nan
0.659000
0.879000
0.000000
0.440000
nan
nan
nan
0.000000
nan
0.879000
0.000000
0.440000
nan
nan
0.440000
0.440000
0.000000
0.000000
0.440000
0.440000
0.000000
nan
nan
nan
nan
nan
0.000000
0.000000
0.000000
0.180000
0.000000
nan
0.000000
0.000000
0.000000
nan
1.000000
0.000000
0.360000
nan
0.000000
nan
nan
nan
0.180000
nan
nan
0.721000
nan
0.180000
0.000000
0.360000
0.721000
0.360000
1.000000
nan
nan
nan
0.000000
nan
nan
nan
0.000000
nan
0.000000
nan
nan
0.360000
nan
nan
0.000000
1.000000
0.000000
0.000000
nan
0.000000
0.000000
0.430000
nan
nan
0.860000
nan
nan
0.860000
0.215000
nan
0.430000
0.860000
0.000000
nan
0.215000
nan
nan
0.860000
0.215000
0.645000
nan
0.950000
nan
nan
0.860000
0.860000
nan
nan
nan
0.430000
nan
0.430000
nan
nan
nan
0.860000
nan
nan
0.215000
nan
nan
nan
0.000000
nan
nan
nan
0.000000
0.250000
0.000000
0.500000
0.500000
nan
1.000000
0.750000
0.500000
0.000000
0.500000
nan
1.000000
nan
nan
nan
nan
1.000000
0.000000
0.500000
0.000000
0.500000
nan
nan
0.000000
nan
nan
nan
nan
nan
nan
nan
nan
0.000000
nan
0.000000
nan
0.000000
nan
nan
0.000000
nan
nan
0.500000
nan
0.000000
0.000000
0.000000
0.500000
nan
0.000000
nan
nan
0.250000
0.000000
