Coverage(RPKM): 1846.666667
0.000000
nan
nan
nan
0.000000
nan
nan
0.277000
0.000000
0.185000
0.323000
nan
nan
0.000000
nan
0.139000
0.462000
0.185000
0.693000
0.277000
0.277000
nan
0.554000
0.323000
0.277000
nan
nan
0.600000
0.185000
0.277000
nan
0.277000
nan
0.370000
nan
0.185000
0.000000
0.185000
0.092000
0.647000
0.462000
nan
nan
0.277000
nan
nan
0.323000
0.323000
nan
0.185000
nan
nan
0.785000
0.416000
nan
0.462000
0.600000
nan
nan
nan
0.185000
0.554000
1.000000
0.416000
0.600000
0.416000
0.370000
0.924000
0.554000
0.416000
1.000000
0.924000
0.416000
0.554000
nan
1.000000
0.296000
nan
0.197000
0.454000
nan
nan
0.355000
0.217000
nan
nan
0.257000
nan
0.099000
nan
0.138000
nan
0.118000
nan
0.652000
0.434000
nan
0.434000
nan
0.099000
nan
nan
0.494000
0.494000
nan
nan
0.099000
0.158000
0.217000
nan
nan
nan
nan
0.276000
0.652000
0.415000
nan
0.592000
nan
nan
nan
0.118000
0.967000
nan
0.355000
0.553000
nan
0.573000
0.296000
nan
nan
0.375000
nan
0.415000
nan
nan
nan
0.099000
nan
nan
0.138000
nan
0.513000
1.000000
0.316000
nan
0.711000
0.434000
0.731000
0.553000
nan
0.711000
nan
nan
nan
nan
nan
nan
0.434000
1.000000
nan
nan
1.000000
0.573000
nan
0.474000
0.395000
nan
0.257000
0.395000
0.474000
nan
0.790000
0.703000
nan
nan
nan
nan
0.681000
0.681000
0.593000
0.439000
0.768000
nan
nan
0.703000
nan
nan
1.000000
nan
nan
nan
nan
nan
1.000000
nan
0.988000
1.000000
0.373000
nan
nan
0.241000
0.527000
nan
0.615000
0.417000
nan
0.351000
0.856000
0.351000
nan
nan
nan
nan
nan
0.637000
nan
nan
nan
nan
nan
0.307000
0.483000
0.681000
0.373000
nan
nan
nan
nan
nan
nan
0.241000
nan
nan
0.285000
0.571000
nan
nan
0.505000
nan
nan
0.790000
0.768000
nan
nan
nan
nan
nan
0.417000
nan
nan
nan
nan
0.417000
nan
nan
nan
0.593000
nan
nan
nan
0.307000
0.241000
0.307000
nan
nan
nan
nan
0.615000
nan
nan
0.483000
nan
0.395000
0.241000
0.241000
0.285000
0.724000
0.241000
0.241000
0.439000
0.329000
nan
0.571000
0.637000
0.439000
nan
0.142000
nan
nan
0.676000
nan
nan
nan
0.498000
0.214000
nan
nan
nan
nan
1.000000
0.427000
0.712000
0.747000
0.285000
nan
0.819000
0.819000
0.676000
nan
0.498000
nan
0.676000
0.961000
0.712000
nan
nan
0.440000
nan
nan
0.599000
nan
0.679000
1.000000
0.909000
1.000000
0.360000
0.480000
0.280000
0.200000
nan
0.160000
0.160000
nan
nan
0.240000
nan
0.679000
nan
0.560000
nan
nan
nan
nan
nan
0.879000
nan
nan
nan
nan
nan
0.320000
0.560000
nan
0.200000
nan
nan
nan
0.400000
0.240000
nan
nan
nan
0.160000
nan
0.599000
0.440000
nan
nan
nan
0.599000
0.759000
0.560000
0.360000
nan
0.138000
0.679000
0.160000
nan
0.639000
0.400000
nan
0.719000
0.222000
nan
0.133000
0.266000
0.266000
nan
0.843000
nan
0.266000
0.177000
nan
0.443000
0.399000
0.355000
0.266000
nan
0.133000
0.355000
0.177000
nan
0.133000
0.133000
