Coverage(RPKM): 400.458716
0.000000
nan
nan
0.571000
nan
0.000000
nan
nan
0.000000
0.000000
nan
0.571000
0.000000
0.000000
0.000000
0.000000
0.286000
0.429000
0.000000
0.000000
nan
0.000000
0.000000
0.000000
0.000000
0.286000
nan
1.000000
0.000000
0.286000
0.000000
nan
0.000000
0.429000
nan
nan
0.571000
0.286000
nan
1.000000
0.429000
nan
0.286000
0.286000
0.714000
0.286000
nan
1.000000
nan
0.286000
nan
nan
nan
0.429000
0.571000
nan
0.286000
0.429000
0.286000
nan
nan
nan
nan
0.143000
nan
nan
nan
nan
0.286000
0.286000
1.000000
nan
nan
0.857000
0.571000
1.000000
0.000000
0.000000
nan
nan
nan
nan
nan
0.857000
nan
0.000000
nan
0.382000
0.000000
nan
nan
0.153000
0.687000
0.153000
0.305000
0.000000
nan
0.534000
nan
0.000000
0.458000
nan
nan
0.000000
nan
nan
0.687000
0.458000
nan
nan
nan
nan
nan
0.153000
0.153000
0.611000
1.000000
nan
nan
nan
0.763000
0.611000
0.305000
0.305000
0.840000
0.229000
0.305000
nan
nan
nan
nan
0.687000
0.611000
0.382000
0.153000
nan
nan
0.687000
0.305000
0.611000
nan
nan
nan
0.611000
0.382000
nan
nan
0.000000
nan
0.458000
nan
nan
nan
0.305000
0.000000
0.916000
1.000000
nan
nan
1.000000
nan
0.305000
0.229000
0.153000
nan
0.611000
0.840000
nan
nan
nan
nan
nan
nan
0.840000
0.534000
0.534000
0.382000
nan
nan
0.886000
nan
0.959000
1.000000
nan
0.033000
nan
0.148000
nan
nan
0.590000
0.738000
0.033000
0.590000
nan
nan
0.221000
0.148000
nan
nan
1.000000
0.590000
nan
0.443000
nan
0.033000
0.443000
0.517000
nan
0.443000
nan
nan
0.590000
nan
nan
nan
0.812000
0.221000
0.369000
nan
0.812000
0.517000
nan
nan
nan
0.295000
0.517000
0.148000
nan
nan
nan
0.590000
0.148000
nan
0.443000
0.221000
1.000000
nan
0.295000
nan
0.886000
nan
nan
nan
0.738000
nan
nan
0.443000
0.517000
nan
nan
nan
nan
0.664000
0.738000
0.221000
nan
0.295000
nan
0.738000
0.590000
nan
nan
0.074000
nan
nan
0.295000
0.443000
nan
0.295000
nan
0.517000
nan
0.295000
0.590000
0.316000
0.791000
nan
nan
nan
nan
0.158000
0.158000
0.237000
nan
0.316000
0.158000
0.474000
1.000000
nan
0.237000
nan
nan
nan
0.791000
0.632000
0.000000
nan
nan
0.791000
nan
nan
0.158000
0.474000
nan
nan
0.870000
0.395000
0.632000
nan
nan
0.000000
nan
nan
nan
1.000000
0.316000
0.000000
0.000000
0.316000
0.553000
0.632000
nan
nan
nan
0.316000
0.079000
nan
0.553000
1.000000
0.158000
0.553000
0.158000
0.632000
0.632000
nan
nan
0.791000
nan
nan
0.316000
0.474000
0.474000
0.474000
nan
nan
nan
0.158000
nan
0.553000
0.000000
0.474000
0.316000
nan
0.237000
0.000000
0.791000
0.158000
0.440000
0.220000
nan
nan
nan
1.000000
nan
nan
nan
nan
0.879000
nan
nan
nan
0.440000
0.000000
nan
0.659000
nan
0.440000
0.000000
nan
0.000000
nan
1.000000
0.000000
0.659000
nan
nan
0.000000
nan
0.000000
nan
0.220000
0.000000
nan
nan
nan
nan
nan
0.000000
nan
nan
nan
nan
0.000000
1.000000
nan
nan
nan
nan
0.440000
0.000000
nan
nan
nan
nan
0.000000
0.000000
nan
nan
0.000000
nan
nan
nan
nan
0.000000
0.879000
0.000000
nan
nan
0.000000
0.000000
nan
0.440000
0.220000
nan
0.659000
nan
0.440000
0.220000
nan
0.659000
0.000000
nan
0.000000
nan
nan
nan
nan
nan
nan
nan
nan
nan
nan
nan
nan
nan
nan
nan
nan
0.000000
nan
nan
0.220000
0.000000
0.000000
nan
0.000000
0.000000
0.000000
nan
0.220000
0.220000
0.000000
0.000000
0.000000
0.360000
nan
0.721000
0.180000
0.360000
nan
0.000000
nan
0.000000
0.000000
0.360000
nan
0.360000
nan
nan
0.000000
0.000000
0.000000
0.541000
nan
nan
nan
0.000000
nan
0.000000
0.000000
nan
nan
nan
nan
0.360000
nan
nan
0.721000
0.360000
0.541000
nan
0.000000
nan
0.360000
0.180000
0.721000
0.541000
0.901000
nan
nan
nan
0.360000
0.000000
nan
0.360000
0.360000
nan
nan
nan
0.000000
nan
nan
nan
0.360000
0.000000
nan
0.000000
0.360000
0.000000
nan
0.000000
0.000000
0.901000
nan
nan
0.000000
0.541000
0.180000
1.000000
nan
nan
1.000000
0.360000
nan
nan
nan
nan
0.347000
nan
0.000000
nan
0.000000
nan
nan
nan
0.000000
1.000000
0.000000
0.000000
nan
0.000000
0.833000
0.500000
nan
nan
0.833000
0.333000
0.667000
0.667000
0.000000
1.000000
nan
0.000000
0.000000
nan
0.000000
nan
nan
1.000000
nan
nan
0.000000
nan
0.000000
nan
nan
0.000000
0.333000
0.667000
nan
0.000000
0.000000
0.333000
nan
0.000000
0.500000
nan
0.833000
nan
0.333000
0.000000
nan
0.333000
1.000000
nan
nan
nan
nan
nan
0.333000
nan
0.000000
nan
nan
0.000000
nan
nan
0.333000
nan
0.167000
0.000000
nan
nan
nan
nan
nan
nan
0.333000
0.667000
0.667000
0.000000
0.667000
0.000000
1.000000
nan
nan
nan
nan
nan
0.000000
nan
0.000000
nan
