Coverage(RPKM): 8830.291971
0.009000
nan
nan
nan
0.009000
0.034000
0.016000
0.031000
0.023000
0.012000
0.048000
nan
0.010000
nan
nan
nan
0.048000
0.029000
nan
0.036000
nan
nan
0.012000
nan
nan
nan
nan
nan
0.047000
0.043000
0.012000
nan
0.025000
nan
0.013000
nan
0.035000
0.056000
0.973000
nan
nan
1.000000
nan
0.010000
nan
nan
0.068000
0.039000
0.099000
0.041000
1.000000
nan
0.029000
0.020000
nan
0.043000
0.045000
0.078000
nan
nan
nan
0.044000
nan
nan
0.030000
0.017000
nan
0.027000
0.016000
0.014000
nan
nan
nan
nan
0.009000
nan
0.094000
0.044000
0.064000
0.067000
0.087000
0.075000
nan
nan
0.104000
0.111000
nan
nan
0.018000
1.000000
nan
nan
nan
nan
0.033000
nan
nan
0.039000
1.000000
nan
0.099000
1.000000
nan
nan
nan
0.078000
0.123000
0.102000
nan
0.108000
nan
nan
nan
1.000000
nan
0.051000
nan
nan
nan
0.066000
nan
0.087000
0.082000
nan
0.053000
0.872000
0.093000
nan
nan
0.136000
0.089000
nan
0.660000
nan
0.711000
nan
nan
nan
nan
0.054000
nan
nan
nan
nan
nan
0.073000
nan
nan
0.143000
0.434000
0.108000
0.117000
nan
0.041000
0.068000
0.087000
nan
nan
0.235000
0.111000
nan
0.186000
nan
nan
nan
nan
0.071000
nan
0.090000
nan
0.123000
0.038000
nan
nan
nan
0.073000
nan
nan
0.060000
0.123000
nan
nan
nan
0.113000
nan
0.094000
0.077000
nan
0.123000
nan
nan
nan
nan
0.033000
nan
nan
0.033000
nan
0.082000
nan
0.057000
nan
0.034000
0.068000
1.000000
0.666000
0.705000
0.368000
0.775000
0.835000
nan
0.281000
0.417000
nan
0.387000
0.348000
nan
0.407000
0.656000
0.596000
0.765000
nan
nan
0.447000
nan
0.387000
0.517000
0.338000
nan
0.281000
nan
nan
0.427000
0.397000
0.348000
0.616000
nan
0.705000
0.725000
0.765000
nan
nan
nan
nan
0.457000
0.606000
nan
nan
0.954000
0.954000
nan
0.368000
0.566000
nan
nan
nan
0.368000
nan
nan
1.000000
0.984000
0.795000
nan
nan
nan
0.308000
nan
1.000000
0.281000
0.527000
0.715000
nan
nan
nan
0.785000
0.616000
0.646000
0.676000
nan
nan
0.845000
0.805000
nan
nan
nan
0.755000
0.646000
0.596000
0.535000
0.283000
0.370000
0.562000
nan
0.430000
nan
0.224000
nan
nan
0.517000
0.475000
nan
0.384000
0.485000
0.219000
nan
nan
nan
nan
0.507000
nan
0.411000
nan
nan
nan
nan
nan
nan
0.329000
nan
0.475000
nan
nan
0.489000
nan
0.517000
0.535000
nan
nan
nan
0.686000
0.421000
nan
1.000000
0.219000
0.219000
nan
nan
0.338000
nan
nan
0.434000
nan
0.654000
0.539000
nan
0.512000
0.581000
nan
nan
nan
nan
nan
0.549000
nan
nan
0.338000
nan
0.539000
0.631000
1.000000
nan
nan
1.000000
nan
nan
nan
nan
0.530000
0.457000
nan
0.736000
nan
0.649000
0.448000
nan
0.498000
nan
nan
0.302000
0.229000
nan
nan
nan
nan
nan
0.603000
0.347000
nan
0.553000
0.567000
0.347000
0.251000
0.544000
0.035000
nan
nan
nan
0.068000
nan
nan
nan
1.000000
nan
0.024000
nan
nan
0.057000
0.075000
nan
nan
nan
nan
0.051000
0.999000
0.032000
nan
0.979000
nan
nan
1.000000
nan
0.059000
nan
nan
0.033000
1.000000
0.057000
nan
0.059000
nan
0.049000
0.048000
0.071000
0.092000
nan
nan
0.024000
0.877000
0.053000
0.118000
0.805000
0.063000
0.072000
0.086000
nan
0.071000
0.041000
nan
0.067000
nan
nan
nan
nan
nan
0.024000
nan
nan
0.038000
nan
nan
0.083000
nan
0.091000
0.060000
0.427000
0.087000
0.140000
0.102000
nan
0.024000
nan
nan
0.026000
0.287000
nan
0.037000
0.053000
0.066000
nan
0.216000
nan
0.080000
0.040000
0.107000
0.829000
0.863000
0.690000
0.598000
nan
nan
0.377000
0.785000
nan
nan
nan
0.459000
0.204000
nan
0.560000
0.380000
0.713000
0.628000
0.737000
nan
0.357000
0.391000
0.564000
0.537000
0.537000
0.560000
0.611000
nan
nan
0.533000
nan
nan
nan
nan
0.768000
nan
nan
nan
0.659000
nan
0.533000
nan
0.391000
nan
nan
nan
nan
0.319000
0.340000
nan
nan
nan
0.204000
nan
1.000000
0.842000
nan
nan
0.768000
nan
nan
0.774000
nan
1.000000
nan
nan
0.985000
0.907000
nan
0.204000
0.204000
0.302000
nan
nan
0.245000
0.414000
0.217000
0.245000
0.425000
0.428000
nan
1.000000
nan
0.493000
0.224000
nan
nan
0.751000
nan
0.377000
0.360000
nan
nan
0.241000
nan
nan
nan
0.432000
0.301000
1.000000
1.000000
nan
nan
nan
nan
0.867000
1.000000
0.874000
0.765000
0.938000
0.690000
0.319000
0.304000
nan
0.163000
0.184000
nan
nan
nan
nan
0.913000
nan
nan
0.768000
nan
nan
0.269000
nan
0.287000
nan
nan
nan
0.273000
nan
nan
0.963000
nan
nan
nan
0.779000
nan
0.326000
nan
0.322000
0.312000
nan
nan
nan
0.467000
nan
0.421000
nan
nan
0.319000
0.287000
nan
0.361000
0.230000
nan
0.163000
0.701000
nan
0.237000
0.280000
0.258000
0.453000
nan
nan
0.220000
nan
0.255000
nan
0.163000
0.294000
0.421000
nan
nan
nan
nan
0.198000
nan
0.198000
0.287000
nan
nan
0.294000
0.202000
0.287000
nan
nan
0.262000
nan
nan
0.163000
0.684000
nan
nan
nan
0.873000
0.422000
0.945000
1.000000
0.858000
nan
nan
nan
0.465000
0.204000
0.247000
nan
nan
0.451000
nan
nan
nan
0.495000
0.451000
0.495000
nan
0.276000
nan
nan
0.771000
nan
0.378000
nan
nan
nan
0.611000
nan
nan
0.480000
0.553000
nan
0.655000
nan
nan
nan
nan
0.233000
0.407000
0.349000
nan
0.465000
0.276000
nan
0.144000
nan
0.175000
0.218000
0.960000
0.495000
0.495000
0.756000
0.509000
0.669000
0.524000
0.465000
0.144000
0.829000
0.465000
0.378000
1.000000
0.276000
0.276000
0.436000
0.189000
0.160000
nan
0.144000
0.320000
1.000000
0.233000
0.237000
nan
0.217000
0.257000
1.000000
0.257000
0.494000
nan
0.296000
0.375000
1.000000
0.316000
0.395000
1.000000
0.613000
0.158000
nan
0.277000
0.652000
0.494000
0.435000
0.336000
0.316000
0.158000
0.237000
0.395000
nan
0.138000
nan
0.395000
0.138000
0.455000
nan
0.138000
nan
nan
0.237000
0.474000
0.375000
0.474000
0.119000
0.296000
0.079000
nan
0.198000
0.198000
0.237000
nan
nan
nan
nan
0.198000
0.237000
0.257000
0.158000
0.079000
0.119000
0.079000
0.068000
0.138000
0.217000
0.375000
nan
0.068000
0.057000
