Coverage(RPKM): 2679.081633
0.074000
nan
nan
nan
0.116000
0.074000
0.116000
0.074000
0.137000
0.106000
0.074000
nan
0.201000
0.381000
nan
0.074000
0.254000
0.328000
0.307000
nan
nan
nan
nan
0.116000
0.159000
nan
nan
nan
0.264000
nan
0.264000
0.264000
nan
nan
nan
nan
0.402000
0.127000
nan
nan
nan
nan
nan
nan
0.190000
nan
nan
0.423000
0.423000
0.180000
0.465000
0.666000
nan
nan
nan
nan
nan
0.412000
nan
nan
nan
0.550000
nan
nan
nan
0.476000
nan
0.772000
nan
0.687000
0.867000
nan
nan
nan
0.359000
0.169000
0.381000
0.603000
nan
0.930000
nan
nan
1.000000
0.539000
0.254000
0.307000
nan
nan
nan
nan
0.359000
0.074000
nan
nan
0.243000
nan
0.782000
nan
nan
nan
nan
nan
nan
nan
nan
1.000000
nan
1.000000
0.655000
0.254000
0.302000
0.665000
nan
0.363000
nan
nan
nan
0.529000
nan
nan
nan
1.000000
nan
nan
0.468000
0.831000
nan
0.740000
0.453000
0.498000
nan
nan
nan
0.770000
0.408000
0.770000
nan
0.453000
nan
nan
nan
nan
0.423000
nan
1.000000
0.589000
0.393000
0.317000
0.188000
0.710000
nan
nan
0.770000
0.604000
0.619000
nan
nan
0.438000
0.483000
0.861000
nan
nan
0.967000
nan
nan
0.483000
nan
nan
nan
nan
nan
nan
1.000000
nan
nan
0.710000
nan
nan
0.317000
0.619000
0.619000
nan
nan
nan
0.272000
0.408000
nan
nan
nan
0.211000
nan
0.816000
nan
0.227000
nan
nan
0.287000
nan
0.196000
nan
nan
0.242000
0.589000
0.317000
0.363000
nan
0.347000
nan
0.188000
nan
nan
0.363000
nan
0.211000
0.188000
nan
1.000000
nan
nan
nan
0.976000
0.865000
0.554000
0.909000
0.976000
nan
nan
nan
0.532000
nan
nan
1.000000
nan
nan
0.599000
0.288000
nan
0.288000
0.399000
nan
nan
nan
nan
1.000000
0.333000
0.288000
nan
0.177000
nan
0.266000
nan
nan
nan
0.143000
0.377000
0.222000
nan
nan
0.143000
nan
nan
nan
nan
nan
nan
0.443000
nan
nan
0.488000
0.399000
nan
0.143000
0.222000
nan
nan
nan
nan
nan
0.177000
nan
0.443000
nan
0.488000
0.355000
0.333000
0.554000
nan
nan
0.488000
0.377000
0.355000
0.576000
nan
0.222000
0.443000
0.222000
0.643000
nan
0.155000
0.244000
0.754000
0.244000
0.288000
nan
0.222000
0.222000
0.155000
0.421000
0.776000
nan
nan
nan
0.528000
0.762000
nan
0.704000
nan
nan
nan
nan
0.293000
0.587000
nan
0.645000
0.469000
0.381000
nan
nan
0.968000
0.469000
0.411000
0.235000
nan
0.411000
0.499000
0.528000
0.645000
nan
nan
0.968000
0.645000
nan
0.235000
0.235000
nan
0.469000
nan
nan
0.381000
0.323000
0.264000
0.469000
0.381000
nan
1.000000
nan
nan
nan
0.235000
0.264000
0.352000
0.293000
0.499000
0.528000
nan
nan
nan
nan
nan
nan
0.411000
nan
nan
nan
0.293000
0.469000
nan
nan
nan
nan
0.293000
nan
0.411000
0.440000
0.235000
0.587000
0.352000
nan
0.674000
0.821000
nan
0.587000
nan
nan
nan
nan
nan
nan
0.352000
nan
nan
1.000000
nan
nan
nan
nan
1.000000
nan
nan
nan
nan
nan
0.792000
0.264000
0.661000
nan
0.444000
0.271000
0.498000
0.791000
nan
0.314000
nan
nan
nan
nan
0.249000
nan
0.553000
nan
0.271000
0.813000
nan
nan
nan
nan
0.379000
0.433000
nan
0.293000
0.423000
0.498000
0.498000
0.672000
nan
nan
nan
nan
nan
nan
nan
0.228000
nan
nan
0.314000
1.000000
nan
nan
0.379000
nan
nan
0.271000
nan
nan
0.964000
nan
nan
0.181000
nan
0.379000
nan
nan
0.271000
0.181000
nan
nan
nan
nan
0.563000
0.531000
nan
nan
nan
nan
nan
nan
0.878000
0.509000
nan
0.401000
0.726000
nan
1.000000
nan
0.943000
nan
nan
0.368000
0.325000
0.217000
0.888000
nan
nan
nan
nan
1.000000
0.433000
nan
0.726000
0.509000
nan
0.181000
nan
nan
nan
0.596000
nan
nan
nan
nan
nan
nan
0.574000
nan
0.433000
0.249000
0.336000
0.379000
nan
nan
1.000000
0.755000
0.299000
1.000000
1.000000
nan
0.769000
0.741000
nan
0.342000
nan
nan
0.527000
nan
0.541000
nan
nan
nan
nan
nan
0.313000
nan
nan
nan
nan
0.584000
nan
0.726000
nan
0.556000
0.442000
nan
nan
nan
0.356000
0.342000
nan
0.869000
nan
nan
0.413000
0.541000
nan
nan
nan
nan
0.499000
nan
nan
nan
0.541000
nan
0.171000
nan
nan
0.313000
nan
nan
nan
0.285000
nan
0.356000
nan
nan
0.969000
nan
nan
nan
nan
nan
nan
0.499000
nan
nan
0.470000
0.356000
nan
nan
nan
0.584000
0.926000
0.214000
0.242000
nan
0.199000
0.214000
0.171000
nan
nan
0.171000
0.199000
nan
0.385000
nan
nan
nan
0.313000
nan
0.442000
0.256000
0.228000
0.271000
nan
nan
nan
nan
0.328000
nan
nan
0.171000
0.655000
nan
0.214000
nan
0.399000
1.000000
0.705000
nan
nan
0.587000
0.939000
0.470000
0.705000
0.431000
nan
nan
0.900000
nan
nan
nan
nan
0.626000
nan
nan
nan
nan
nan
0.744000
0.313000
nan
0.431000
nan
nan
0.274000
nan
nan
nan
1.000000
nan
0.978000
0.196000
0.274000
nan
0.587000
nan
0.822000
nan
0.470000
0.705000
0.431000
0.235000
0.587000
0.783000
nan
nan
nan
nan
0.235000
nan
0.352000
nan
1.000000
nan
0.861000
0.391000
0.313000
0.274000
0.705000
0.587000
0.548000
0.235000
nan
0.196000
0.153000
0.861000
nan
nan
nan
nan
nan
nan
0.900000
0.352000
nan
0.313000
nan
nan
0.274000
nan
nan
0.391000
nan
nan
nan
0.153000
0.313000
0.153000
0.548000
nan
0.509000
nan
nan
nan
0.352000
0.373000
nan
nan
0.453000
0.506000
0.320000
0.399000
nan
0.266000
0.373000
0.453000
0.346000
nan
nan
nan
nan
nan
0.985000
0.266000
0.772000
0.879000
nan
0.879000
nan
0.959000
nan
0.666000
nan
nan
nan
nan
0.399000
1.000000
nan
0.373000
0.186000
0.346000
0.320000
0.119000
nan
0.666000
0.586000
nan
nan
nan
nan
nan
nan
nan
nan
0.240000
0.266000
0.399000
0.692000
0.119000
0.119000
nan
nan
nan
nan
nan
nan
nan
nan
nan
nan
nan
0.772000
1.000000
nan
nan
nan
nan
0.506000
0.506000
0.133000
0.293000
0.639000
0.453000
0.293000
nan
nan
nan
0.826000
nan
nan
nan
nan
nan
0.346000
nan
0.905000
nan
0.746000
nan
nan
nan
nan
0.852000
nan
nan
nan
1.000000
0.506000
nan
0.772000
0.959000
nan
nan
nan
nan
0.932000
0.833000
0.616000
nan
0.326000
nan
nan
0.163000
nan
nan
0.399000
nan
nan
nan
nan
nan
1.000000
nan
0.453000
nan
0.308000
0.417000
nan
0.743000
1.000000
nan
nan
nan
0.616000
0.326000
0.217000
nan
nan
nan
0.707000
nan
1.000000
0.598000
nan
nan
0.453000
0.254000
0.888000
nan
nan
nan
nan
nan
0.380000
nan
nan
nan
0.399000
0.344000
nan
nan
nan
nan
nan
nan
nan
0.254000
0.326000
0.960000
nan
nan
0.272000
nan
nan
nan
0.380000
0.507000
0.652000
0.344000
0.380000
nan
nan
nan
0.652000
nan
nan
0.153000
0.153000
nan
nan
0.272000
nan
0.707000
nan
0.797000
nan
nan
0.543000
nan
0.634000
nan
0.507000
0.254000
0.308000
nan
0.254000
0.380000
nan
nan
nan
0.399000
0.308000
0.199000
0.153000
0.362000
0.468000
nan
nan
0.613000
nan
nan
nan
nan
nan
nan
0.829000
nan
nan
0.252000
nan
1.000000
nan
nan
nan
nan
nan
0.468000
0.468000
0.793000
0.577000
0.288000
0.360000
nan
nan
0.216000
0.505000
0.180000
0.505000
nan
nan
0.108000
0.288000
0.468000
nan
0.396000
0.468000
nan
nan
nan
0.288000
nan
0.108000
0.144000
0.468000
nan
nan
0.144000
0.468000
0.396000
0.360000
nan
nan
nan
0.577000
nan
0.288000
0.541000
nan
nan
nan
0.360000
0.396000
nan
0.865000
nan
0.468000
0.108000
nan
0.144000
0.252000
0.577000
0.505000
nan
nan
0.865000
nan
0.505000
0.324000
0.685000
nan
0.288000
1.000000
nan
0.613000
nan
nan
nan
nan
nan
nan
nan
0.108000
0.901000
nan
nan
nan
nan
nan
nan
nan
nan
nan
1.000000
0.477000
nan
nan
nan
nan
nan
0.729000
nan
0.168000
nan
0.645000
nan
nan
0.533000
nan
0.140000
0.785000
nan
nan
nan
0.421000
nan
nan
0.421000
nan
0.505000
0.870000
1.000000
nan
0.309000
0.119000
0.103000
0.309000
0.309000
0.898000
nan
nan
nan
nan
nan
nan
nan
nan
nan
0.505000
nan
0.701000
0.729000
nan
0.393000
0.645000
1.000000
nan
0.617000
0.224000
nan
nan
nan
0.337000
0.926000
1.000000
nan
0.813000
0.870000
0.954000
nan
0.505000
nan
nan
nan
0.365000
0.103000
0.449000
nan
0.224000
nan
nan
0.617000
0.729000
0.954000
nan
nan
0.309000
0.477000
nan
0.196000
0.505000
0.561000
nan
nan
nan
nan
nan
nan
0.337000
0.477000
0.252000
0.337000
nan
0.870000
nan
0.081000
nan
