Coverage(RPKM): 406.451613
0.000000
nan
nan
0.167000
nan
nan
nan
nan
1.000000
0.000000
0.000000
0.333000
1.000000
nan
nan
nan
nan
0.333000
nan
nan
nan
0.500000
0.000000
nan
nan
nan
nan
0.000000
nan
nan
nan
nan
nan
nan
nan
nan
nan
nan
0.833000
nan
nan
0.667000
0.000000
nan
0.333000
1.000000
nan
0.000000
nan
nan
nan
nan
0.333000
nan
nan
nan
0.333000
nan
nan
0.333000
nan
nan
nan
0.333000
0.333000
nan
nan
nan
nan
nan
nan
nan
0.500000
nan
nan
0.500000
nan
nan
0.000000
nan
nan
nan
0.000000
1.000000
nan
nan
0.000000
nan
nan
0.000000
0.167000
nan
0.000000
nan
1.000000
0.333000
nan
0.000000
nan
nan
nan
0.333000
0.000000
0.000000
nan
0.667000
nan
nan
0.667000
0.167000
0.000000
0.333000
0.000000
nan
nan
nan
nan
nan
0.000000
nan
nan
nan
nan
nan
nan
1.000000
0.333000
0.000000
nan
nan
0.000000
nan
nan
0.000000
nan
0.000000
0.916000
0.305000
0.000000
1.000000
0.000000
nan
nan
0.305000
nan
nan
nan
0.611000
0.458000
0.305000
0.000000
nan
0.000000
nan
0.305000
nan
0.153000
0.000000
0.305000
nan
0.916000
nan
0.000000
0.611000
0.916000
0.000000
0.000000
nan
0.916000
nan
0.000000
nan
nan
nan
nan
0.305000
0.153000
0.000000
0.763000
nan
nan
0.611000
0.305000
0.305000
1.000000
nan
nan
nan
nan
nan
nan
0.916000
nan
nan
0.305000
nan
0.916000
0.305000
nan
0.305000
0.305000
nan
0.305000
0.000000
nan
nan
0.305000
0.000000
0.916000
nan
0.000000
nan
0.000000
nan
0.000000
nan
0.611000
0.916000
nan
nan
nan
1.000000
nan
0.305000
nan
0.000000
nan
0.000000
0.889000
nan
nan
nan
0.000000
nan
0.222000
0.000000
0.667000
nan
0.000000
0.444000
0.333000
1.000000
nan
0.222000
0.333000
nan
nan
nan
0.222000
nan
0.444000
nan
1.000000
0.222000
0.222000
0.556000
nan
0.667000
nan
0.889000
0.444000
0.111000
0.000000
nan
nan
nan
nan
nan
nan
nan
0.333000
0.778000
0.111000
nan
0.444000
nan
nan
nan
0.667000
0.333000
0.111000
nan
nan
nan
0.556000
0.000000
0.000000
0.222000
nan
0.000000
nan
nan
0.000000
nan
nan
nan
0.333000
1.000000
nan
0.778000
0.556000
1.000000
0.222000
0.000000
0.000000
0.000000
0.000000
nan
nan
nan
0.000000
nan
0.111000
0.333000
0.444000
nan
0.429000
1.000000
nan
0.858000
nan
nan
0.601000
nan
0.172000
nan
0.172000
nan
0.172000
0.000000
0.515000
nan
nan
nan
nan
nan
nan
nan
0.086000
nan
nan
nan
nan
0.858000
0.000000
0.172000
nan
nan
0.172000
nan
nan
0.000000
nan
nan
0.687000
nan
nan
nan
0.515000
0.429000
0.258000
nan
0.172000
nan
nan
nan
nan
nan
0.172000
0.000000
nan
1.000000
nan
nan
0.172000
0.172000
nan
nan
nan
0.086000
nan
0.172000
nan
nan
nan
nan
0.172000
0.858000
0.172000
0.000000
nan
nan
0.773000
nan
nan
nan
0.343000
nan
nan
nan
0.343000
nan
0.343000
0.000000
0.343000
nan
nan
0.172000
0.172000
nan
nan
0.172000
0.773000
nan
nan
nan
0.343000
0.515000
0.343000
nan
nan
1.000000
0.258000
nan
nan
nan
0.000000
0.000000
0.000000
nan
nan
0.172000
0.000000
nan
nan
nan
0.190000
0.190000
nan
nan
nan
nan
nan
nan
nan
nan
nan
nan
0.000000
0.190000
nan
nan
nan
nan
nan
nan
nan
0.000000
0.000000
nan
nan
nan
nan
nan
1.000000
nan
nan
0.758000
0.379000
nan
nan
0.190000
nan
0.569000
nan
nan
nan
nan
0.569000
nan
nan
0.000000
0.095000
nan
nan
0.569000
nan
nan
nan
nan
0.853000
0.569000
0.664000
0.948000
0.284000
nan
nan
nan
nan
nan
0.379000
nan
0.569000
nan
nan
nan
nan
0.569000
0.664000
nan
nan
0.000000
0.000000
0.569000
nan
0.190000
0.664000
0.190000
nan
0.000000
0.000000
0.095000
nan
nan
0.000000
0.190000
nan
0.000000
1.000000
0.284000
0.569000
1.000000
nan
0.190000
nan
nan
nan
0.000000
nan
nan
nan
0.000000
nan
nan
0.000000
0.474000
0.379000
nan
nan
0.284000
nan
nan
nan
nan
0.190000
0.000000
0.319000
0.398000
0.398000
0.000000
0.080000
0.239000
0.478000
0.398000
nan
nan
nan
nan
0.159000
nan
nan
nan
0.000000
0.000000
nan
0.000000
nan
nan
nan
0.000000
0.000000
nan
nan
0.239000
nan
nan
nan
0.000000
nan
nan
0.398000
nan
nan
nan
0.000000
nan
nan
0.080000
nan
0.398000
nan
nan
nan
0.478000
0.000000
0.956000
nan
0.000000
0.717000
0.159000
nan
nan
nan
nan
nan
nan
0.000000
0.000000
0.080000
0.637000
nan
1.000000
nan
0.159000
nan
nan
0.478000
0.717000
nan
nan
nan
0.319000
nan
0.000000
0.478000
0.398000
0.159000
0.398000
0.398000
0.797000
1.000000
nan
nan
0.159000
0.159000
0.159000
0.717000
0.876000
nan
0.717000
nan
1.000000
0.585000
0.819000
nan
0.702000
0.702000
nan
0.936000
nan
nan
0.000000
0.468000
0.000000
0.819000
0.234000
nan
0.000000
1.000000
0.000000
nan
nan
nan
0.702000
nan
nan
0.468000
0.000000
0.234000
0.351000
0.468000
nan
0.585000
nan
nan
1.000000
0.000000
0.702000
nan
0.585000
0.468000
0.000000
nan
nan
0.000000
nan
nan
nan
nan
nan
0.936000
0.234000
0.234000
0.936000
0.000000
nan
nan
nan
nan
0.468000
nan
0.819000
0.702000
0.234000
0.000000
nan
nan
nan
0.468000
nan
0.468000
0.000000
0.936000
nan
0.000000
0.000000
0.117000
0.702000
nan
nan
0.468000
1.000000
0.702000
0.234000
nan
0.000000
nan
nan
nan
nan
nan
nan
0.750000
nan
0.500000
0.875000
nan
nan
0.000000
0.250000
nan
nan
0.250000
nan
1.000000
nan
nan
nan
0.250000
0.000000
0.000000
nan
1.000000
nan
0.375000
0.625000
0.000000
0.500000
nan
0.250000
0.875000
nan
0.250000
0.250000
0.000000
0.000000
nan
nan
nan
nan
nan
nan
nan
nan
nan
0.000000
0.000000
0.000000
nan
0.625000
0.000000
nan
0.250000
1.000000
0.750000
0.250000
0.000000
nan
0.000000
0.000000
0.500000
0.000000
0.000000
0.000000
0.250000
0.250000
0.250000
0.000000
0.250000
nan
0.750000
0.000000
nan
0.000000
0.000000
nan
nan
0.250000
nan
nan
nan
0.250000
1.000000
0.000000
nan
nan
nan
0.440000
0.440000
0.840000
nan
nan
nan
0.000000
nan
nan
nan
0.000000
1.000000
0.420000
0.420000
0.420000
0.000000
0.420000
nan
nan
0.420000
0.000000
0.000000
0.000000
0.210000
0.420000
0.420000
nan
0.000000
0.000000
0.000000
nan
0.210000
0.210000
nan
nan
nan
nan
0.420000
0.000000
0.000000
nan
0.000000
0.420000
nan
0.000000
nan
nan
0.420000
nan
nan
nan
0.210000
nan
0.630000
1.000000
0.000000
0.000000
0.000000
nan
0.000000
nan
nan
nan
nan
nan
0.420000
nan
nan
nan
nan
nan
nan
nan
1.000000
nan
nan
nan
0.000000
0.420000
nan
nan
nan
0.210000
0.000000
0.840000
nan
nan
nan
0.420000
0.000000
nan
nan
nan
0.000000
0.000000
nan
0.000000
nan
0.420000
1.000000
nan
0.000000
nan
