Coverage(RPKM): 17784.388186
0.152000
nan
nan
0.319000
0.365000
nan
nan
nan
nan
0.525000
0.631000
0.315000
0.343000
nan
nan
nan
0.237000
nan
nan
0.453000
0.344000
0.209000
0.282000
0.657000
nan
nan
0.299000
0.613000
0.757000
0.657000
nan
nan
nan
nan
0.237000
nan
0.885000
0.821000
0.651000
0.722000
0.728000
nan
0.167000
0.152000
0.152000
nan
nan
0.546000
nan
0.376000
0.659000
0.790000
nan
nan
nan
0.681000
nan
nan
0.582000
nan
nan
0.604000
0.744000
0.439000
0.297000
0.280000
0.766000
nan
nan
0.936000
nan
nan
0.859000
nan
nan
nan
nan
nan
nan
nan
0.433000
nan
nan
0.662000
nan
0.544000
0.705000
0.969000
1.000000
nan
1.000000
nan
0.694000
0.730000
nan
1.000000
nan
nan
nan
0.401000
0.502000
0.718000
nan
0.438000
0.516000
nan
nan
0.426000
nan
0.514000
nan
nan
nan
nan
nan
1.000000
0.347000
nan
0.142000
0.101000
nan
nan
nan
nan
nan
nan
nan
0.845000
nan
nan
0.932000
0.632000
nan
nan
0.251000
0.424000
0.629000
nan
nan
nan
0.141000
nan
1.000000
0.412000
nan
nan
0.105000
nan
nan
0.367000
0.750000
1.000000
nan
0.370000
nan
0.378000
nan
0.130000
nan
nan
nan
nan
nan
nan
nan
0.199000
0.315000
0.165000
nan
0.324000
0.471000
0.322000
0.362000
0.179000
0.237000
0.511000
0.573000
nan
nan
nan
nan
nan
0.101000
0.515000
0.433000
0.372000
0.487000
nan
nan
0.121000
0.163000
nan
0.147000
0.411000
0.429000
nan
nan
nan
nan
nan
nan
nan
nan
nan
nan
nan
nan
0.142000
0.101000
0.567000
0.794000
0.487000
nan
0.893000
nan
0.690000
0.827000
nan
0.463000
1.000000
1.000000
nan
nan
nan
nan
nan
nan
nan
nan
nan
nan
0.373000
0.355000
0.255000
0.766000
0.789000
nan
0.496000
0.477000
0.671000
nan
nan
nan
nan
0.189000
nan
nan
nan
nan
nan
0.444000
0.260000
0.534000
nan
0.279000
0.194000
0.163000
0.260000
0.430000
nan
0.217000
0.378000
nan
nan
nan
0.298000
nan
nan
nan
nan
nan
0.298000
0.298000
0.298000
nan
0.463000
0.435000
0.402000
nan
0.411000
nan
0.463000
0.246000
0.392000
nan
nan
0.163000
0.336000
nan
nan
0.165000
0.648000
nan
0.851000
nan
nan
nan
nan
0.255000
0.163000
0.402000
nan
nan
nan
nan
nan
nan
nan
nan
0.251000
0.232000
1.000000
nan
1.000000
nan
nan
nan
nan
nan
0.223000
nan
nan
nan
0.193000
nan
nan
nan
nan
0.216000
nan
nan
nan
nan
nan
nan
0.260000
0.646000
nan
nan
nan
nan
0.227000
0.473000
0.713000
nan
0.656000
0.930000
nan
nan
nan
nan
nan
0.575000
0.189000
0.409000
0.548000
0.639000
nan
0.578000
0.761000
nan
nan
nan
nan
1.000000
0.991000
nan
nan
nan
0.260000
nan
0.768000
0.592000
0.504000
nan
nan
0.399000
0.196000
0.717000
0.734000
nan
1.000000
0.727000
nan
nan
nan
nan
0.199000
0.298000
0.426000
0.538000
0.842000
nan
0.622000
nan
0.534000
nan
nan
nan
nan
nan
nan
0.250000
0.189000
0.402000
0.527000
0.656000
nan
0.494000
nan
0.189000
nan
0.223000
nan
0.375000
0.331000
0.379000
0.267000
0.331000
0.886000
1.000000
nan
0.821000
1.000000
nan
0.951000
0.994000
1.000000
nan
nan
nan
0.270000
nan
nan
0.357000
nan
nan
nan
nan
nan
nan
nan
0.303000
0.378000
0.529000
0.929000
nan
nan
0.486000
0.616000
nan
0.378000
nan
nan
0.227000
0.119000
nan
nan
nan
0.605000
nan
nan
nan
0.432000
nan
nan
nan
0.065000
nan
nan
0.054000
0.130000
nan
0.054000
0.108000
nan
0.130000
0.151000
nan
0.119000
nan
0.097000
0.086000
nan
nan
0.016000
0.076000
0.054000
0.032000
0.119000
0.032000
nan
nan
nan
nan
nan
0.043000
0.054000
0.065000
0.119000
nan
0.054000
0.032000
nan
nan
0.043000
0.022000
0.054000
0.016000
0.016000
0.043000
0.086000
nan
nan
0.022000
nan
0.014000
0.056000
0.070000
0.083000
0.014000
nan
0.028000
nan
0.042000
0.028000
0.097000
0.111000
0.111000
nan
0.111000
nan
nan
nan
nan
nan
nan
0.097000
0.028000
nan
0.014000
0.028000
nan
0.014000
0.167000
0.195000
0.209000
nan
0.070000
nan
nan
nan
0.167000
0.195000
0.070000
0.348000
nan
0.278000
0.362000
0.306000
nan
0.389000
nan
0.209000
0.348000
0.278000
0.431000
0.139000
0.292000
0.376000
0.779000
nan
0.501000
nan
0.264000
nan
nan
nan
nan
1.000000
1.000000
nan
nan
nan
0.515000
0.501000
nan
1.000000
0.807000
0.862000
0.793000
nan
0.097000
nan
0.570000
0.723000
0.219000
nan
0.080000
nan
0.186000
0.297000
0.330000
0.342000
nan
0.309000
nan
0.454000
0.198000
nan
0.091000
nan
nan
0.314000
nan
nan
0.227000
0.177000
nan
0.759000
0.441000
nan
0.380000
0.681000
nan
0.326000
nan
0.503000
0.701000
0.681000
nan
nan
nan
nan
nan
nan
nan
0.165000
nan
0.829000
0.961000
nan
0.949000
nan
0.796000
nan
nan
nan
nan
0.124000
nan
nan
0.392000
0.767000
0.858000
nan
1.000000
0.895000
1.000000
nan
nan
0.087000
nan
nan
0.949000
0.722000
0.969000
0.982000
nan
nan
0.075000
0.063000
nan
0.268000
0.656000
1.000000
nan
0.215000
0.553000
nan
0.404000
0.751000
0.479000
nan
0.557000
nan
0.594000
0.404000
nan
0.656000
nan
0.532000
nan
nan
0.058000
nan
nan
0.128000
nan
nan
nan
nan
0.413000
0.466000
nan
nan
0.087000
nan
nan
0.046000
0.046000
