Coverage(RPKM): 84558.878505
0.115000
nan
nan
nan
0.115000
nan
nan
0.415000
0.240000
nan
0.200000
nan
0.326000
nan
nan
0.333000
nan
nan
nan
0.187000
0.142000
nan
nan
nan
nan
0.335000
nan
nan
0.310000
nan
nan
nan
0.115000
0.324000
nan
0.231000
0.157000
nan
0.188000
nan
0.170000
nan
nan
0.768000
nan
nan
0.158000
nan
nan
nan
nan
nan
nan
nan
nan
0.319000
0.427000
0.307000
nan
0.238000
0.322000
0.846000
0.205000
nan
0.361000
nan
nan
0.409000
0.292000
1.000000
0.913000
1.000000
nan
nan
0.858000
nan
nan
nan
0.510000
0.348000
nan
0.705000
nan
0.192000
0.313000
0.230000
0.124000
0.436000
1.000000
nan
nan
0.788000
0.688000
nan
0.757000
nan
nan
nan
nan
nan
0.929000
nan
0.653000
0.798000
nan
nan
nan
0.160000
nan
0.515000
0.737000
0.482000
0.593000
0.976000
nan
nan
0.311000
nan
nan
nan
nan
0.687000
nan
nan
0.382000
nan
nan
nan
nan
nan
0.729000
0.682000
nan
0.245000
nan
0.714000
1.000000
nan
nan
0.324000
nan
nan
nan
nan
nan
0.377000
0.406000
nan
nan
nan
0.596000
0.608000
nan
nan
0.499000
0.592000
nan
nan
nan
0.662000
0.687000
nan
nan
0.465000
0.151000
0.243000
nan
0.151000
0.416000
nan
0.760000
nan
0.606000
nan
nan
nan
nan
nan
nan
0.151000
0.155000
0.716000
nan
0.375000
0.640000
0.376000
nan
0.203000
nan
nan
nan
0.159000
0.295000
0.245000
nan
nan
nan
nan
nan
0.384000
nan
nan
nan
nan
nan
0.194000
nan
nan
nan
nan
nan
0.266000
nan
nan
0.122000
nan
nan
0.143000
nan
nan
nan
0.261000
nan
0.927000
nan
nan
0.490000
0.896000
nan
0.100000
nan
nan
0.375000
nan
nan
nan
nan
nan
nan
nan
nan
0.152000
1.000000
nan
0.047000
nan
nan
0.116000
nan
nan
0.074000
nan
nan
0.171000
0.153000
nan
0.145000
0.346000
nan
0.362000
0.372000
0.397000
0.354000
1.000000
nan
0.125000
0.124000
nan
0.111000
0.090000
nan
0.098000
0.124000
nan
0.042000
nan
nan
0.098000
nan
nan
0.148000
0.118000
nan
0.109000
0.087000
nan
0.078000
nan
nan
0.087000
1.000000
nan
0.118000
0.090000
nan
0.074000
0.071000
0.055000
nan
nan
nan
nan
nan
nan
nan
0.035000
nan
nan
nan
nan
nan
0.048000
nan
nan
0.150000
nan
0.058000
0.906000
nan
0.035000
0.035000
