Coverage(RPKM): 723.492063
0.000000
nan
nan
nan
0.188000
nan
nan
nan
nan
0.094000
nan
0.282000
0.094000
0.000000
0.000000
0.188000
0.188000
nan
nan
nan
nan
0.563000
0.188000
nan
0.188000
nan
0.000000
0.000000
nan
nan
0.469000
0.188000
0.188000
nan
nan
0.094000
0.469000
1.000000
0.563000
0.188000
0.376000
0.000000
0.469000
nan
0.282000
0.000000
nan
0.469000
nan
0.000000
nan
0.282000
0.751000
nan
0.376000
nan
0.282000
nan
nan
nan
nan
nan
0.094000
0.000000
0.376000
nan
nan
nan
nan
1.000000
0.563000
nan
0.563000
0.188000
nan
nan
0.282000
0.563000
1.000000
0.563000
nan
nan
0.000000
0.000000
nan
0.845000
nan
0.376000
0.376000
nan
0.469000
0.615000
nan
nan
0.000000
0.000000
nan
nan
0.077000
nan
0.769000
nan
nan
nan
0.385000
nan
0.538000
nan
0.154000
0.000000
nan
0.231000
0.692000
nan
0.385000
0.154000
nan
nan
0.231000
0.538000
0.308000
1.000000
nan
0.231000
0.000000
0.154000
0.308000
0.615000
nan
1.000000
0.308000
0.692000
0.308000
0.231000
nan
0.308000
0.154000
nan
0.308000
nan
nan
0.231000
1.000000
0.308000
nan
nan
0.000000
0.000000
0.462000
nan
0.538000
1.000000
nan
0.615000
0.615000
nan
0.692000
0.846000
nan
nan
0.000000
0.000000
0.846000
0.692000
nan
0.692000
0.462000
nan
0.385000
nan
nan
0.846000
0.074000
0.590000
0.369000
0.886000
nan
0.664000
nan
0.812000
nan
0.590000
0.517000
nan
0.443000
nan
nan
nan
nan
0.812000
0.886000
0.738000
0.812000
0.443000
0.664000
0.590000
0.221000
nan
0.295000
0.000000
0.221000
nan
nan
0.148000
1.000000
0.295000
0.517000
nan
nan
0.221000
nan
0.590000
nan
0.148000
0.959000
nan
nan
0.590000
0.590000
0.738000
nan
0.295000
nan
0.443000
0.590000
0.443000
0.664000
nan
nan
nan
0.221000
0.295000
nan
nan
1.000000
nan
nan
nan
0.148000
nan
0.812000
0.369000
0.000000
nan
nan
0.221000
0.000000
nan
0.000000
1.000000
0.738000
nan
0.443000
0.295000
nan
0.292000
0.292000
0.468000
0.936000
0.877000
nan
0.117000
nan
nan
0.760000
0.351000
0.643000
nan
0.409000
0.117000
0.409000
0.117000
nan
0.351000
0.234000
nan
0.234000
0.526000
nan
nan
1.000000
0.936000
0.351000
0.234000
0.877000
nan
nan
0.468000
0.702000
0.526000
0.526000
0.819000
1.000000
nan
nan
nan
0.351000
0.234000
0.643000
nan
nan
0.468000
0.175000
nan
nan
nan
0.585000
0.877000
0.409000
nan
1.000000
nan
0.819000
0.117000
0.351000
0.409000
0.351000
0.585000
nan
0.351000
nan
0.409000
0.292000
nan
0.526000
0.526000
nan
0.292000
0.526000
nan
0.693000
0.346000
nan
nan
nan
nan
0.087000
nan
0.779000
0.519000
0.087000
0.173000
0.346000
0.173000
nan
0.606000
0.346000
0.952000
nan
0.779000
0.779000
nan
nan
nan
0.346000
0.519000
nan
0.519000
0.519000
0.260000
nan
nan
nan
0.606000
0.260000
0.693000
0.433000
0.866000
0.606000
0.087000
0.346000
nan
0.606000
1.000000
0.519000
nan
0.173000
0.346000
0.779000
nan
0.346000
0.087000
0.866000
nan
0.519000
0.173000
0.173000
0.519000
nan
nan
nan
nan
nan
nan
1.000000
nan
0.693000
nan
nan
0.866000
0.433000
0.173000
0.260000
nan
nan
nan
nan
nan
nan
0.606000
nan
nan
0.346000
nan
nan
nan
1.000000
nan
nan
0.173000
0.180000
nan
nan
0.000000
0.000000
0.631000
0.360000
0.631000
0.180000
nan
0.000000
nan
nan
nan
nan
0.541000
0.000000
nan
nan
nan
0.450000
0.000000
0.631000
nan
0.450000
nan
nan
nan
nan
nan
nan
0.270000
nan
nan
0.360000
nan
nan
0.811000
nan
0.360000
1.000000
nan
nan
1.000000
0.180000
nan
nan
nan
0.541000
nan
0.541000
nan
0.270000
nan
nan
nan
nan
0.000000
0.541000
nan
nan
nan
0.180000
nan
nan
nan
nan
0.450000
nan
nan
nan
nan
nan
0.360000
0.270000
0.360000
0.541000
nan
1.000000
0.811000
nan
0.721000
nan
nan
0.901000
0.901000
nan
0.721000
nan
nan
nan
nan
0.450000
nan
0.901000
0.180000
nan
nan
nan
nan
0.180000
0.180000
0.811000
nan
0.180000
0.631000
0.811000
0.721000
nan
0.270000
0.541000
nan
nan
nan
nan
nan
0.307000
nan
0.307000
0.256000
0.205000
0.409000
0.307000
0.205000
0.665000
0.102000
0.460000
0.512000
0.205000
nan
nan
0.205000
0.102000
0.307000
nan
0.205000
nan
nan
0.409000
nan
nan
0.818000
nan
0.818000
nan
0.153000
nan
1.000000
0.409000
nan
0.614000
0.409000
0.512000
nan
1.000000
0.358000
nan
0.512000
nan
nan
0.870000
0.972000
nan
0.614000
nan
0.102000
nan
nan
nan
nan
nan
nan
0.102000
0.153000
nan
nan
nan
0.614000
0.921000
0.409000
0.563000
0.870000
nan
nan
nan
nan
0.665000
1.000000
nan
0.102000
0.358000
0.307000
0.409000
0.358000
0.409000
nan
nan
nan
nan
0.921000
nan
nan
nan
0.307000
0.767000
nan
nan
nan
0.456000
0.165000
0.570000
0.342000
nan
0.798000
0.969000
nan
nan
0.513000
nan
nan
nan
nan
nan
1.000000
0.342000
nan
nan
nan
nan
nan
nan
0.513000
nan
nan
0.399000
nan
nan
nan
nan
nan
nan
nan
nan
0.456000
0.684000
1.000000
nan
0.684000
0.456000
0.627000
0.912000
0.456000
nan
nan
nan
nan
0.456000
nan
nan
0.228000
0.456000
nan
0.798000
0.627000
nan
0.228000
nan
0.456000
nan
nan
nan
nan
nan
0.228000
0.165000
nan
nan
0.399000
0.456000
0.570000
0.399000
0.570000
nan
nan
0.342000
0.684000
1.000000
0.570000
nan
nan
nan
0.570000
0.627000
0.513000
nan
nan
0.342000
0.285000
0.285000
nan
nan
0.165000
nan
nan
nan
0.285000
nan
nan
0.285000
0.456000
nan
0.342000
0.627000
0.627000
0.681000
0.733000
nan
0.576000
nan
nan
0.576000
0.419000
nan
nan
0.366000
0.105000
0.785000
0.314000
0.262000
0.628000
0.366000
nan
nan
0.524000
nan
0.209000
0.628000
nan
nan
0.524000
nan
0.366000
nan
nan
0.524000
nan
nan
0.209000
0.681000
nan
1.000000
nan
nan
nan
nan
0.419000
nan
nan
0.733000
nan
0.524000
0.157000
nan
0.314000
nan
nan
nan
0.838000
1.000000
nan
nan
nan
0.105000
0.314000
nan
0.262000
0.628000
nan
nan
nan
nan
0.838000
0.890000
nan
nan
0.733000
0.471000
0.524000
nan
nan
0.314000
nan
nan
nan
0.524000
0.942000
0.471000
nan
0.105000
0.576000
0.105000
nan
nan
nan
0.628000
0.785000
0.524000
0.157000
0.499000
1.000000
0.468000
nan
nan
0.819000
0.351000
nan
0.468000
0.409000
0.351000
0.351000
0.643000
1.000000
0.819000
0.702000
nan
nan
nan
nan
nan
0.085000
nan
0.468000
0.468000
0.234000
nan
nan
nan
nan
nan
nan
nan
0.409000
nan
nan
nan
nan
nan
nan
0.702000
0.585000
0.351000
0.234000
0.702000
nan
0.175000
nan
nan
nan
0.234000
nan
0.351000
0.468000
0.819000
nan
1.000000
0.585000
nan
0.409000
0.702000
nan
0.234000
0.117000
0.351000
nan
nan
0.117000
nan
nan
0.292000
nan
nan
nan
nan
nan
nan
nan
0.175000
0.468000
nan
0.819000
nan
nan
nan
nan
0.936000
nan
0.234000
0.468000
nan
nan
0.409000
nan
nan
nan
0.585000
nan
nan
nan
0.877000
nan
nan
nan
nan
0.085000
nan
nan
nan
0.175000
nan
0.409000
nan
nan
nan
0.085000
nan
