Coverage(RPKM): 651.219512
0.000000
nan
nan
nan
nan
0.000000
0.000000
0.000000
0.000000
nan
0.833000
0.417000
0.000000
0.000000
nan
nan
nan
nan
nan
0.000000
0.000000
0.000000
nan
nan
nan
0.417000
0.000000
nan
nan
0.000000
0.000000
0.000000
0.000000
nan
0.000000
0.000000
0.000000
0.000000
0.833000
nan
nan
nan
nan
nan
nan
nan
nan
1.000000
nan
nan
nan
nan
nan
nan
nan
nan
0.000000
nan
nan
nan
nan
nan
nan
nan
nan
nan
nan
nan
nan
nan
nan
nan
nan
nan
nan
0.417000
nan
nan
nan
nan
nan
0.000000
nan
0.000000
nan
nan
0.000000
0.000000
1.000000
0.417000
nan
0.000000
nan
0.000000
0.417000
0.417000
nan
nan
0.000000
nan
nan
nan
nan
nan
nan
nan
nan
nan
nan
nan
nan
nan
nan
nan
nan
nan
nan
nan
nan
nan
nan
nan
nan
nan
nan
nan
nan
nan
nan
nan
nan
nan
0.000000
0.000000
1.000000
0.000000
nan
0.000000
nan
nan
nan
nan
0.000000
nan
0.667000
0.000000
0.000000
nan
0.000000
nan
0.000000
0.667000
nan
0.000000
0.000000
0.000000
0.000000
0.000000
0.000000
0.000000
0.000000
nan
0.000000
0.000000
nan
0.000000
0.667000
0.000000
0.000000
0.000000
0.333000
nan
0.000000
0.667000
nan
nan
nan
nan
nan
0.000000
nan
0.000000
1.000000
0.000000
0.000000
0.000000
0.000000
1.000000
0.667000
nan
nan
0.000000
0.000000
0.000000
0.000000
nan
0.667000
nan
0.333000
nan
1.000000
0.000000
0.000000
1.000000
0.667000
nan
0.153000
nan
0.046000
nan
0.153000
nan
0.254000
nan
nan
nan
0.305000
0.046000
nan
0.102000
0.305000
0.407000
0.046000
nan
0.254000
0.254000
0.153000
nan
0.204000
0.458000
nan
0.305000
0.305000
0.153000
0.356000
nan
0.102000
0.204000
0.356000
0.509000
0.204000
0.102000
0.204000
0.611000
nan
nan
0.356000
0.204000
0.611000
0.102000
0.102000
0.407000
0.204000
nan
0.560000
0.509000
nan
0.407000
nan
nan
0.560000
0.204000
0.305000
0.916000
0.865000
0.305000
0.407000
nan
nan
1.000000
nan
0.712000
0.475000
0.561000
nan
0.872000
1.000000
nan
nan
0.390000
nan
0.709000
0.213000
nan
0.567000
0.532000
0.674000
nan
0.071000
0.016000
0.071000
0.142000
nan
0.922000
0.532000
nan
0.887000
nan
nan
nan
nan
0.142000
nan
nan
nan
nan
0.355000
0.709000
nan
0.674000
nan
nan
0.567000
nan
0.461000
nan
nan
nan
nan
0.142000
nan
nan
nan
nan
0.213000
nan
1.000000
0.674000
nan
nan
1.000000
0.532000
0.709000
0.780000
0.284000
0.426000
nan
0.390000
nan
0.284000
0.213000
0.532000
nan
nan
nan
nan
0.674000
0.284000
nan
nan
nan
0.709000
0.638000
nan
0.709000
nan
0.816000
0.816000
nan
0.355000
0.016000
nan
nan
0.284000
0.496000
nan
nan
0.035000
0.016000
