Coverage(RPKM): 34665.693431
0.093000
nan
nan
nan
nan
nan
0.122000
nan
0.199000
nan
nan
nan
0.221000
nan
0.093000
0.101000
0.120000
0.093000
0.218000
0.268000
nan
0.237000
0.218000
0.128000
nan
nan
0.128000
0.196000
0.171000
0.970000
0.398000
nan
nan
nan
0.133000
0.812000
nan
0.420000
1.000000
0.347000
0.358000
nan
nan
0.126000
nan
nan
nan
nan
0.352000
nan
nan
nan
0.319000
0.349000
0.570000
nan
nan
nan
0.693000
0.467000
nan
0.354000
nan
0.145000
0.126000
0.197000
0.259000
0.319000
nan
nan
nan
nan
0.815000
0.660000
1.000000
nan
nan
nan
nan
1.000000
nan
nan
nan
0.794000
0.513000
0.753000
0.493000
0.887000
0.850000
nan
0.635000
0.848000
0.422000
0.600000
0.628000
nan
1.000000
nan
0.400000
0.457000
nan
nan
nan
nan
nan
nan
0.528000
nan
nan
0.437000
0.685000
0.881000
nan
nan
nan
0.520000
1.000000
0.513000
0.485000
nan
1.000000
nan
0.354000
0.208000
0.294000
0.231000
nan
0.276000
0.355000
0.957000
0.911000
nan
0.776000
nan
0.272000
nan
nan
nan
0.811000
nan
0.491000
0.789000
0.594000
0.726000
0.733000
0.698000
nan
0.809000
nan
nan
nan
0.289000
nan
nan
nan
nan
nan
0.641000
0.405000
0.670000
0.378000
nan
0.372000
0.346000
nan
0.213000
0.368000
nan
nan
nan
nan
0.509000
nan
nan
0.694000
0.431000
0.946000
0.800000
nan
0.331000
0.224000
nan
0.208000
0.208000
0.180000
0.155000
0.247000
0.264000
nan
nan
nan
nan
0.108000
0.115000
0.239000
nan
nan
nan
0.203000
nan
0.173000
nan
nan
nan
0.247000
nan
nan
nan
0.106000
nan
nan
nan
0.106000
0.162000
0.260000
0.351000
nan
nan
nan
0.277000
0.236000
0.182000
nan
0.216000
0.229000
nan
0.227000
0.227000
nan
0.230000
0.207000
0.142000
nan
0.172000
nan
0.142000
0.138000
0.138000
nan
0.509000
0.837000
0.322000
nan
nan
0.172000
nan
0.290000
0.773000
0.376000
nan
0.574000
0.841000
nan
nan
0.131000
0.114000
0.207000
0.558000
nan
1.000000
0.688000
nan
nan
0.106000
nan
0.118000
nan
nan
0.891000
nan
nan
nan
nan
nan
1.000000
1.000000
nan
nan
nan
nan
0.172000
nan
0.116000
nan
nan
nan
0.116000
nan
0.216000
0.185000
0.149000
nan
nan
nan
nan
nan
nan
nan
nan
nan
0.173000
0.130000
0.145000
nan
nan
nan
nan
0.214000
0.116000
0.186000
0.407000
0.288000
0.137000
0.318000
0.310000
0.407000
0.195000
1.000000
nan
0.123000
nan
nan
0.232000
0.157000
nan
nan
nan
nan
nan
nan
0.587000
0.544000
0.444000
nan
0.217000
nan
nan
nan
nan
nan
nan
nan
nan
nan
nan
0.641000
0.714000
nan
nan
nan
nan
0.679000
0.370000
0.765000
nan
nan
0.646000
nan
0.459000
nan
nan
nan
1.000000
0.568000
nan
0.342000
0.339000
0.394000
0.356000
nan
nan
nan
nan
0.276000
1.000000
nan
0.252000
nan
0.175000
0.263000
0.311000
0.430000
nan
0.197000
nan
0.152000
0.119000
0.143000
nan
0.109000
0.246000
nan
nan
nan
0.291000
0.218000
0.240000
nan
0.237000
0.424000
0.336000
nan
0.211000
nan
0.269000
0.132000
0.120000
0.093000
nan
0.093000
0.093000
