Coverage(RPKM): 1359.322034
0.037000
nan
nan
nan
0.326000
nan
nan
0.037000
0.204000
nan
0.163000
nan
0.611000
0.081000
nan
0.163000
0.204000
0.448000
nan
nan
nan
nan
0.244000
0.326000
0.163000
0.081000
nan
nan
0.733000
nan
nan
0.163000
nan
0.204000
nan
1.000000
nan
0.489000
0.978000
nan
0.244000
nan
0.244000
0.611000
1.000000
nan
0.530000
nan
nan
0.896000
0.652000
nan
0.774000
0.733000
0.978000
nan
0.163000
0.081000
0.448000
0.081000
0.244000
0.978000
nan
0.244000
0.244000
nan
nan
nan
0.407000
0.122000
0.204000
nan
nan
0.037000
nan
0.692000
0.937000
nan
nan
0.489000
1.000000
0.163000
nan
nan
0.204000
0.163000
nan
nan
0.204000
nan
nan
0.779000
1.000000
0.779000
nan
0.173000
0.173000
0.952000
0.346000
nan
0.693000
nan
nan
1.000000
0.346000
1.000000
nan
nan
nan
0.260000
nan
nan
0.779000
nan
0.952000
0.779000
0.000000
nan
nan
nan
nan
nan
0.693000
0.173000
nan
0.260000
0.087000
nan
nan
0.260000
nan
0.606000
nan
0.519000
nan
0.173000
0.519000
0.000000
0.519000
nan
0.260000
0.000000
0.000000
nan
0.346000
0.087000
0.693000
nan
nan
0.173000
nan
0.346000
0.000000
nan
0.519000
0.000000
0.693000
nan
0.260000
nan
nan
nan
nan
0.519000
0.606000
0.346000
nan
0.433000
nan
nan
0.260000
0.346000
0.260000
nan
nan
0.173000
0.173000
0.173000
nan
nan
nan
0.576000
0.314000
nan
0.157000
nan
0.209000
0.000000
0.105000
nan
0.105000
0.000000
nan
0.209000
nan
0.314000
0.000000
0.000000
0.681000
nan
0.366000
nan
0.209000
nan
nan
nan
0.471000
nan
0.209000
0.628000
nan
0.262000
0.000000
0.105000
0.524000
0.733000
nan
nan
0.209000
nan
nan
nan
0.890000
1.000000
nan
0.681000
nan
nan
nan
nan
nan
nan
0.733000
0.576000
0.524000
0.628000
nan
0.419000
nan
nan
nan
nan
0.419000
0.838000
nan
1.000000
0.372000
0.791000
0.326000
nan
0.030000
0.030000
0.652000
nan
nan
nan
nan
nan
nan
0.512000
0.838000
0.838000
0.989000
nan
nan
0.326000
nan
0.093000
nan
0.559000
0.745000
0.093000
0.774000
0.652000
nan
nan
1.000000
0.652000
nan
0.407000
nan
nan
nan
nan
nan
0.081000
nan
nan
nan
0.326000
nan
nan
nan
0.163000
nan
nan
1.000000
0.448000
nan
0.285000
0.652000
nan
0.244000
0.978000
nan
0.733000
nan
nan
nan
0.692000
nan
nan
nan
nan
nan
nan
nan
0.692000
0.692000
nan
0.652000
0.733000
nan
0.652000
nan
nan
0.204000
0.163000
0.570000
0.163000
0.407000
nan
nan
nan
0.407000
nan
nan
nan
nan
0.570000
0.244000
0.489000
nan
nan
nan
0.692000
nan
nan
0.815000
nan
0.896000
nan
0.059000
nan
