Coverage(RPKM): 1820.129870
0.000000
nan
nan
nan
0.000000
0.129000
nan
0.000000
0.129000
nan
nan
0.193000
0.129000
0.193000
0.386000
0.000000
0.450000
nan
0.514000
nan
0.129000
0.193000
nan
0.129000
0.257000
nan
0.322000
1.000000
0.129000
nan
nan
0.514000
0.450000
0.064000
0.193000
nan
nan
0.000000
nan
0.257000
0.000000
0.257000
nan
nan
0.514000
nan
nan
0.193000
0.579000
nan
nan
nan
0.900000
1.000000
0.514000
0.322000
0.257000
nan
nan
0.514000
0.579000
0.643000
nan
nan
nan
0.643000
0.386000
nan
nan
0.514000
0.257000
0.514000
nan
0.965000
1.000000
nan
0.514000
0.386000
0.579000
0.643000
0.772000
0.346000
0.500000
nan
nan
0.133000
0.269000
nan
0.231000
0.615000
0.846000
0.500000
0.462000
nan
nan
0.769000
0.692000
nan
nan
nan
0.154000
0.133000
nan
nan
0.577000
0.654000
0.308000
0.769000
nan
nan
0.385000
0.769000
0.269000
0.500000
0.538000
nan
0.500000
nan
1.000000
0.885000
nan
nan
0.538000
0.462000
0.192000
0.923000
nan
0.423000
0.615000
1.000000
0.769000
nan
nan
0.133000
0.769000
1.000000
0.577000
0.808000
nan
0.500000
nan
nan
1.000000
0.385000
nan
0.385000
0.423000
nan
nan
nan
0.269000
nan
nan
nan
nan
0.462000
nan
0.962000
0.769000
nan
nan
1.000000
nan
0.692000
0.538000
nan
nan
0.375000
nan
0.575000
nan
0.250000
nan
nan
0.325000
0.150000
nan
nan
0.800000
0.425000
nan
0.750000
0.300000
nan
0.500000
nan
0.725000
0.650000
0.400000
0.450000
nan
nan
nan
0.375000
0.575000
nan
0.350000
0.350000
0.425000
0.500000
nan
0.725000
0.350000
0.500000
nan
nan
0.450000
0.725000
nan
nan
nan
nan
nan
nan
nan
0.900000
0.525000
0.775000
0.150000
0.400000
0.425000
nan
0.200000
nan
0.250000
nan
0.150000
nan
0.475000
1.000000
nan
0.375000
0.150000
0.150000
0.225000
0.400000
nan
1.000000
nan
nan
nan
1.000000
nan
0.975000
nan
nan
nan
nan
nan
nan
nan
0.900000
0.525000
nan
nan
0.550000
nan
0.325000
nan
nan
nan
0.200000
nan
nan
nan
1.000000
nan
nan
nan
nan
0.545000
nan
nan
1.000000
0.565000
0.605000
0.605000
0.565000
nan
0.605000
0.605000
nan
nan
nan
nan
nan
0.343000
0.283000
0.484000
0.404000
0.666000
nan
0.525000
nan
nan
nan
0.605000
0.727000
0.827000
nan
0.666000
nan
0.444000
0.565000
nan
0.605000
1.000000
1.000000
0.343000
nan
nan
0.343000
0.303000
nan
nan
0.908000
nan
nan
nan
0.565000
0.444000
0.444000
nan
nan
0.545000
0.827000
0.424000
nan
0.343000
0.464000
0.484000
nan
nan
nan
nan
nan
nan
0.238000
nan
0.238000
nan
0.238000
0.444000
0.505000
nan
0.565000
0.525000
nan
0.747000
0.464000
nan
0.666000
0.989000
nan
nan
0.363000
nan
0.686000
0.727000
nan
0.590000
nan
0.406000
nan
0.443000
nan
0.406000
0.332000
nan
nan
0.923000
0.849000
nan
nan
0.812000
nan
0.127000
nan
nan
1.000000
0.923000
nan
0.590000
nan
nan
nan
nan
0.369000
nan
0.590000
0.443000
0.959000
nan
1.000000
0.701000
nan
nan
0.627000
nan
0.295000
0.590000
0.959000
nan
nan
nan
nan
0.258000
0.221000
0.443000
0.627000
1.000000
nan
0.332000
nan
0.443000
0.886000
nan
nan
0.185000
nan
0.185000
nan
0.369000
nan
0.295000
0.590000
nan
nan
nan
0.480000
0.295000
nan
0.221000
0.295000
0.590000
nan
nan
nan
nan
0.664000
nan
nan
0.221000
0.099000
0.221000
0.332000
nan
0.406000
0.517000
nan
0.443000
0.517000
0.099000
0.738000
0.701000
0.074000
nan
0.185000
nan
nan
nan
0.054000
