Coverage(RPKM): 2147.272727
0.131000
nan
nan
0.157000
0.210000
nan
0.184000
0.210000
nan
nan
nan
nan
0.157000
nan
0.315000
0.315000
nan
0.262000
nan
nan
0.184000
nan
nan
nan
nan
0.184000
nan
nan
nan
0.787000
nan
0.656000
0.341000
0.131000
0.446000
nan
0.367000
nan
0.210000
0.262000
0.735000
0.315000
0.525000
nan
nan
0.551000
nan
0.814000
0.709000
nan
nan
0.315000
nan
0.131000
0.420000
nan
nan
0.315000
nan
nan
0.472000
0.525000
nan
1.000000
0.971000
nan
0.630000
nan
0.525000
0.787000
0.682000
nan
0.236000
0.210000
0.131000
0.394000
1.000000
0.814000
0.604000
nan
nan
nan
0.577000
0.735000
0.525000
nan
nan
nan
0.866000
1.000000
nan
nan
nan
0.840000
nan
nan
nan
0.467000
nan
nan
nan
0.791000
0.665000
0.557000
nan
0.305000
0.449000
0.305000
0.539000
0.593000
0.449000
0.863000
1.000000
nan
nan
nan
nan
nan
0.188000
0.252000
nan
0.431000
nan
nan
nan
nan
nan
nan
nan
nan
nan
0.719000
0.647000
nan
0.593000
0.647000
0.970000
0.719000
1.000000
nan
0.377000
nan
0.449000
0.413000
nan
nan
nan
nan
0.413000
nan
0.216000
nan
0.575000
nan
nan
nan
1.000000
0.952000
nan
nan
nan
nan
0.665000
0.539000
0.539000
nan
nan
nan
nan
nan
0.188000
nan
0.395000
0.557000
0.198000
nan
0.719000
nan
0.701000
0.521000
0.503000
0.485000
nan
nan
0.611000
nan
0.431000
nan
0.431000
0.683000
nan
nan
0.359000
0.188000
0.270000
0.683000
nan
0.276000
nan
nan
nan
nan
nan
0.222000
0.446000
nan
nan
nan
nan
0.403000
nan
0.552000
nan
0.382000
1.000000
0.658000
nan
0.764000
nan
nan
0.849000
0.616000
0.616000
nan
nan
nan
nan
0.807000
nan
nan
nan
0.382000
nan
0.786000
nan
nan
0.594000
0.870000
0.701000
0.786000
nan
nan
nan
nan
0.222000
nan
0.977000
0.446000
0.701000
0.892000
nan
0.786000
0.488000
0.722000
0.340000
0.977000
0.701000
0.870000
0.658000
0.552000
0.234000
0.764000
nan
nan
nan
0.382000
nan
nan
0.318000
nan
0.743000
0.467000
nan
nan
1.000000
0.849000
0.679000
nan
nan
0.403000
nan
nan
1.000000
nan
nan
0.222000
0.531000
nan
nan
0.913000
nan
0.361000
0.637000
0.318000
nan
nan
nan
0.892000
0.736000
nan
0.580000
nan
0.535000
0.491000
0.357000
nan
0.268000
0.134000
nan
nan
nan
0.491000
0.513000
nan
0.312000
0.602000
nan
nan
nan
nan
nan
1.000000
nan
nan
nan
0.134000
nan
0.357000
nan
0.491000
1.000000
nan
nan
0.669000
nan
nan
nan
nan
nan
nan
nan
nan
nan
nan
0.268000
0.312000
0.223000
nan
0.334000
0.914000
0.847000
0.691000
0.713000
nan
nan
nan
0.602000
0.312000
1.000000
nan
nan
nan
nan
0.647000
nan
nan
nan
0.156000
0.669000
nan
nan
0.580000
nan
0.468000
0.201000
nan
nan
nan
0.446000
nan
nan
nan
nan
nan
nan
0.379000
nan
nan
nan
0.424000
nan
nan
nan
nan
nan
nan
nan
0.669000
nan
0.223000
nan
nan
nan
nan
nan
nan
0.713000
nan
0.803000
nan
nan
0.111000
nan
0.111000
0.111000
0.178000
nan
0.111000
0.223000
0.223000
nan
nan
nan
nan
0.178000
0.062000
0.250000
nan
nan
0.688000
nan
0.406000
nan
0.250000
nan
0.312000
0.531000
nan
nan
nan
nan
nan
nan
nan
1.000000
0.344000
nan
0.188000
0.125000
nan
0.375000
nan
0.125000
0.406000
nan
nan
0.062000
nan
0.281000
1.000000
0.219000
nan
nan
nan
nan
0.094000
0.719000
nan
nan
0.375000
nan
0.438000
nan
nan
nan
nan
nan
nan
0.312000
0.188000
0.438000
nan
nan
nan
nan
0.062000
nan
nan
0.312000
nan
0.156000
0.125000
0.125000
nan
0.500000
nan
0.469000
1.000000
nan
nan
nan
nan
0.062000
nan
0.188000
nan
nan
0.125000
0.062000
nan
0.438000
0.719000
0.562000
nan
nan
nan
0.781000
nan
nan
nan
nan
nan
1.000000
nan
nan
nan
0.469000
0.406000
0.312000
nan
0.125000
0.812000
0.719000
nan
nan
0.562000
0.750000
nan
0.382000
nan
0.873000
0.600000
0.355000
0.164000
0.327000
0.628000
nan
nan
nan
nan
1.000000
0.382000
0.437000
0.819000
nan
0.464000
nan
nan
nan
0.246000
0.119000
nan
nan
0.536000
nan
nan
0.977000
nan
0.417000
nan
nan
nan
1.000000
1.000000
nan
nan
nan
nan
nan
0.656000
0.447000
0.209000
0.089000
0.179000
nan
0.149000
nan
nan
nan
nan
nan
nan
0.447000
0.066000
nan
0.041000
nan
nan
0.238000
nan
nan
nan
0.149000
nan
nan
nan
nan
0.507000
0.507000
0.268000
nan
nan
nan
0.656000
0.566000
nan
0.447000
0.536000
0.775000
0.328000
nan
0.149000
0.209000
0.209000
nan
nan
0.119000
0.066000
nan
0.179000
0.179000
nan
0.119000
nan
nan
0.209000
0.358000
0.238000
nan
nan
nan
nan
nan
nan
0.065000
0.226000
0.323000
0.162000
0.517000
nan
nan
0.162000
0.129000
0.258000
0.226000
0.065000
0.032000
nan
0.015000
0.015000
