Coverage(RPKM): 33286.000000
0.106000
nan
nan
nan
0.106000
nan
nan
nan
nan
nan
0.195000
0.272000
0.281000
0.137000
0.142000
nan
nan
nan
nan
nan
nan
nan
nan
0.165000
0.320000
nan
nan
nan
0.186000
nan
nan
nan
nan
0.485000
0.492000
nan
nan
nan
nan
0.190000
0.355000
nan
nan
nan
0.418000
nan
nan
0.302000
nan
nan
nan
0.327000
nan
nan
nan
nan
0.269000
nan
0.106000
nan
nan
0.123000
0.532000
nan
nan
nan
nan
nan
nan
nan
0.111000
nan
0.365000
0.506000
nan
0.151000
0.330000
0.467000
nan
nan
0.402000
nan
nan
0.469000
0.232000
0.225000
0.167000
nan
nan
nan
1.000000
0.729000
0.221000
0.511000
0.309000
0.583000
0.253000
nan
0.455000
nan
nan
nan
nan
nan
nan
nan
nan
nan
1.000000
nan
0.896000
nan
0.181000
nan
nan
0.395000
0.358000
nan
0.929000
0.934000
nan
nan
1.000000
0.581000
0.913000
0.080000
0.156000
nan
nan
nan
0.179000
nan
nan
nan
nan
nan
0.083000
0.080000
nan
nan
nan
nan
nan
0.080000
0.119000
nan
0.274000
0.188000
0.137000
0.252000
0.129000
0.164000
0.936000
nan
nan
1.000000
0.210000
0.332000
nan
nan
0.162000
0.150000
0.112000
0.162000
nan
nan
0.279000
nan
nan
nan
1.000000
nan
nan
nan
0.465000
nan
0.381000
0.176000
0.235000
nan
nan
0.190000
nan
0.242000
0.416000
1.000000
nan
0.146000
nan
nan
nan
0.149000
0.319000
0.440000
nan
0.317000
0.268000
nan
0.126000
0.676000
0.242000
0.221000
nan
nan
nan
nan
nan
0.197000
0.128000
0.397000
nan
nan
0.251000
0.171000
0.276000
nan
nan
nan
0.454000
0.339000
nan
0.258000
nan
0.257000
1.000000
0.247000
0.228000
0.353000
nan
0.299000
nan
0.322000
nan
0.304000
1.000000
nan
0.501000
nan
nan
0.898000
nan
0.298000
0.335000
0.415000
0.424000
1.000000
nan
0.119000
nan
0.700000
nan
nan
0.568000
nan
nan
nan
nan
nan
0.226000
nan
nan
nan
nan
nan
nan
0.111000
nan
0.159000
0.321000
0.198000
0.266000
0.255000
nan
0.213000
0.241000
nan
nan
0.148000
nan
0.151000
nan
nan
nan
nan
nan
0.322000
0.371000
nan
nan
0.094000
0.372000
nan
0.209000
nan
nan
nan
nan
nan
0.371000
0.212000
0.306000
nan
nan
nan
nan
0.221000
0.235000
0.266000
nan
nan
nan
0.094000
nan
nan
nan
nan
0.121000
0.097000
nan
nan
nan
0.231000
nan
0.282000
0.209000
0.131000
0.131000
0.094000
0.140000
nan
0.265000
0.235000
0.477000
nan
0.437000
0.547000
nan
0.463000
nan
0.508000
0.602000
nan
0.612000
0.641000
nan
0.622000
0.656000
nan
0.521000
nan
0.448000
nan
nan
nan
nan
nan
nan
nan
nan
1.000000
0.133000
0.174000
0.976000
0.386000
0.244000
0.214000
nan
0.130000
1.000000
nan
nan
nan
0.537000
nan
0.334000
nan
nan
nan
nan
nan
nan
0.435000
nan
0.263000
nan
nan
nan
0.318000
0.299000
nan
0.196000
0.126000
0.357000
nan
nan
nan
0.315000
nan
0.450000
0.148000
0.382000
nan
nan
0.354000
0.408000
0.607000
0.255000
0.126000
0.339000
0.278000
1.000000
nan
nan
nan
nan
nan
nan
0.320000
0.346000
nan
nan
nan
nan
nan
0.333000
nan
0.437000
0.126000
nan
nan
0.120000
1.000000
nan
nan
nan
nan
nan
nan
nan
nan
nan
0.321000
0.342000
0.346000
nan
0.259000
0.210000
nan
0.509000
0.525000
nan
0.429000
nan
nan
nan
nan
nan
nan
nan
nan
0.154000
1.000000
0.120000
0.297000
0.362000
nan
nan
nan
nan
0.263000
0.151000
nan
0.793000
0.882000
0.368000
0.425000
nan
0.564000
nan
0.456000
0.470000
0.482000
nan
nan
nan
nan
nan
0.572000
0.320000
nan
0.314000
0.346000
nan
0.370000
nan
nan
0.623000
0.404000
nan
0.507000
0.931000
nan
0.453000
nan
nan
0.296000
0.608000
0.659000
0.486000
nan
0.585000
0.316000
nan
0.272000
nan
0.536000
nan
0.125000
nan
nan
nan
0.116000
1.000000
0.979000
0.688000
0.554000
0.888000
nan
0.329000
0.254000
0.584000
nan
nan
nan
nan
0.573000
0.071000
nan
0.181000
nan
nan
0.458000
nan
0.929000
0.933000
nan
nan
0.301000
nan
1.000000
0.765000
nan
nan
0.463000
nan
nan
0.547000
nan
nan
0.372000
0.321000
nan
0.217000
nan
nan
0.589000
nan
nan
nan
nan
nan
0.146000
nan
0.388000
0.500000
0.988000
0.709000
0.360000
0.661000
nan
nan
0.429000
nan
0.087000
0.390000
nan
0.207000
nan
nan
nan
nan
nan
nan
nan
nan
0.634000
0.511000
nan
0.071000
0.071000
