Coverage(RPKM): 547.979798
0.000000
nan
nan
0.000000
0.500000
0.000000
nan
nan
nan
0.250000
nan
nan
nan
0.500000
nan
nan
0.250000
nan
0.000000
nan
0.000000
nan
0.500000
nan
0.750000
nan
1.000000
nan
0.250000
nan
0.000000
nan
0.000000
nan
nan
nan
0.500000
0.000000
nan
0.500000
1.000000
0.500000
0.250000
0.125000
nan
0.000000
nan
0.000000
0.250000
0.250000
nan
nan
nan
0.000000
nan
0.500000
nan
0.500000
0.125000
0.250000
0.500000
0.250000
nan
nan
0.875000
0.500000
nan
nan
nan
1.000000
0.000000
1.000000
0.125000
nan
0.125000
nan
nan
nan
nan
nan
0.125000
0.500000
nan
nan
nan
nan
0.250000
nan
0.000000
nan
0.000000
nan
nan
nan
nan
0.125000
0.000000
0.625000
0.250000
0.750000
0.000000
0.500000
1.000000
0.500000
nan
nan
0.625000
nan
nan
nan
nan
nan
0.250000
0.500000
nan
0.500000
0.250000
nan
0.875000
nan
0.000000
nan
0.500000
0.000000
0.000000
0.250000
nan
nan
0.500000
nan
0.500000
nan
0.250000
0.375000
1.000000
0.500000
0.000000
nan
0.250000
nan
nan
nan
0.250000
nan
0.250000
0.000000
nan
0.250000
0.000000
nan
nan
nan
nan
nan
0.750000
nan
0.250000
0.000000
nan
0.750000
nan
nan
nan
nan
0.250000
0.625000
0.250000
nan
nan
1.000000
0.000000
0.125000
0.250000
nan
nan
0.625000
nan
1.000000
0.375000
nan
nan
1.000000
0.750000
1.000000
0.250000
nan
nan
0.000000
nan
1.000000
0.750000
0.500000
0.167000
nan
nan
0.250000
0.000000
nan
0.167000
0.333000
0.333000
0.333000
0.500000
nan
0.167000
nan
0.500000
nan
0.333000
nan
nan
0.000000
nan
0.000000
0.167000
0.167000
nan
0.500000
0.500000
0.833000
0.417000
0.833000
0.417000
0.417000
1.000000
0.417000
0.167000
0.500000
nan
0.167000
0.667000
0.417000
0.667000
0.000000
nan
nan
0.333000
nan
0.667000
nan
nan
0.583000
nan
0.000000
0.167000
0.250000
nan
nan
nan
nan
0.167000
nan
nan
0.833000
nan
0.167000
1.000000
nan
0.667000
nan
nan
0.417000
nan
nan
nan
0.667000
nan
0.167000
nan
0.000000
1.000000
1.000000
0.000000
nan
0.000000
nan
nan
nan
nan
nan
nan
nan
nan
0.250000
nan
0.500000
0.250000
0.000000
0.500000
0.000000
nan
0.375000
nan
0.250000
1.000000
nan
0.500000
0.750000
nan
0.250000
nan
0.125000
nan
nan
nan
nan
0.375000
nan
nan
nan
0.625000
0.000000
nan
0.000000
0.500000
0.750000
0.625000
nan
0.375000
nan
0.000000
0.250000
0.500000
nan
0.375000
1.000000
nan
1.000000
0.000000
0.250000
0.500000
0.000000
nan
0.500000
0.500000
0.750000
0.000000
0.125000
0.625000
0.125000
nan
nan
0.000000
0.750000
nan
nan
nan
0.250000
0.875000
1.000000
nan
0.250000
nan
0.250000
1.000000
nan
nan
1.000000
0.500000
nan
0.250000
0.125000
0.478000
0.159000
0.478000
nan
0.159000
0.319000
0.319000
nan
0.159000
nan
nan
0.319000
nan
nan
nan
0.637000
0.319000
0.159000
nan
0.956000
0.398000
nan
nan
nan
nan
nan
0.159000
nan
nan
0.159000
nan
0.159000
0.000000
1.000000
nan
0.000000
0.319000
0.398000
0.159000
nan
nan
nan
nan
0.239000
0.000000
0.319000
0.398000
0.478000
0.239000
0.159000
nan
nan
nan
0.637000
0.159000
0.478000
0.797000
nan
0.239000
nan
0.000000
0.478000
0.239000
nan
nan
0.637000
0.159000
0.637000
0.478000
0.637000
0.159000
0.478000
nan
nan
nan
1.000000
1.000000
0.558000
0.159000
nan
0.159000
0.478000
nan
nan
0.099000
nan
nan
0.000000
nan
0.594000
nan
0.198000
0.198000
nan
nan
0.594000
0.000000
nan
0.000000
nan
nan
0.099000
nan
nan
nan
0.000000
nan
0.000000
nan
1.000000
nan
nan
0.594000
nan
0.198000
nan
1.000000
0.000000
nan
0.198000
nan
nan
0.000000
nan
0.198000
nan
nan
nan
0.099000
nan
nan
0.099000
nan
nan
1.000000
nan
nan
0.198000
nan
0.396000
0.396000
nan
0.495000
0.297000
nan
nan
0.693000
nan
nan
0.198000
nan
0.297000
nan
nan
0.198000
nan
0.297000
0.396000
nan
0.000000
0.396000
nan
0.198000
0.891000
nan
nan
0.000000
nan
0.198000
0.792000
nan
nan
0.198000
nan
0.000000
0.495000
nan
nan
0.000000
nan
nan
0.792000
nan
0.198000
0.792000
nan
nan
nan
nan
0.198000
0.396000
0.198000
0.530000
0.265000
nan
nan
nan
nan
nan
0.000000
0.927000
0.265000
nan
0.530000
0.132000
nan
0.000000
nan
0.000000
0.000000
0.000000
0.530000
0.265000
nan
0.265000
1.000000
nan
nan
0.265000
0.000000
0.662000
nan
nan
nan
0.000000
nan
nan
nan
nan
0.132000
0.265000
0.795000
nan
0.265000
0.397000
0.000000
0.000000
0.000000
0.000000
1.000000
0.265000
0.000000
0.265000
nan
nan
nan
nan
0.265000
0.662000
0.662000
0.397000
0.397000
0.662000
0.397000
nan
0.000000
0.132000
nan
1.000000
0.530000
0.662000
0.795000
nan
0.265000
nan
nan
0.132000
nan
0.662000
nan
0.662000
0.530000
0.338000
0.254000
nan
0.169000
0.254000
0.550000
nan
nan
0.127000
0.085000
0.085000
0.254000
nan
0.000000
0.254000
0.127000
nan
nan
nan
0.254000
0.423000
nan
nan
nan
nan
nan
nan
nan
nan
0.000000
0.000000
nan
nan
nan
nan
nan
nan
nan
0.211000
0.169000
0.085000
0.381000
nan
0.381000
0.000000
0.211000
0.169000
nan
0.550000
0.296000
0.423000
0.423000
nan
nan
0.803000
0.592000
0.761000
nan
0.042000
0.211000
nan
0.888000
1.000000
0.254000
0.507000
0.592000
nan
0.381000
nan
nan
nan
nan
0.169000
nan
nan
0.846000
nan
0.507000
nan
nan
0.381000
nan
nan
nan
0.338000
nan
0.296000
nan
0.930000
0.211000
nan
0.381000
1.000000
1.000000
0.524000
nan
0.190000
nan
nan
0.190000
nan
nan
0.476000
nan
0.619000
0.286000
nan
nan
0.667000
0.429000
0.164000
0.476000
nan
nan
0.714000
nan
nan
nan
nan
nan
0.286000
0.381000
nan
0.524000
nan
nan
nan
nan
nan
0.164000
nan
0.810000
0.190000
0.714000
0.524000
0.571000
nan
nan
0.571000
nan
nan
nan
nan
nan
nan
0.524000
0.429000
0.286000
0.619000
0.381000
1.000000
0.190000
nan
0.619000
0.762000
nan
nan
nan
1.000000
0.333000
0.571000
0.333000
0.857000
nan
nan
nan
nan
1.000000
nan
nan
nan
0.429000
0.164000
0.190000
0.476000
0.333000
nan
nan
nan
nan
0.476000
0.238000
0.476000
0.524000
1.000000
0.333000
0.476000
0.190000
nan
nan
0.238000
nan
0.389000
nan
nan
0.500000
nan
0.833000
nan
nan
nan
nan
nan
0.944000
nan
0.833000
0.722000
0.500000
0.556000
0.056000
0.111000
0.333000
nan
1.000000
nan
nan
0.167000
0.500000
nan
nan
nan
nan
nan
0.278000
nan
nan
nan
nan
0.278000
nan
nan
nan
0.778000
0.889000
nan
nan
0.889000
0.611000
nan
nan
0.000000
nan
0.000000
0.389000
0.167000
0.222000
nan
nan
0.111000
0.111000
nan
0.222000
nan
nan
nan
0.333000
nan
nan
0.556000
nan
nan
nan
0.556000
nan
nan
0.000000
0.667000
nan
nan
nan
nan
nan
0.611000
0.389000
1.000000
nan
0.333000
nan
nan
0.444000
0.444000
0.722000
0.000000
nan
nan
0.222000
0.333000
0.667000
0.889000
1.000000
nan
0.333000
nan
nan
nan
nan
nan
nan
nan
nan
0.389000
1.000000
nan
0.444000
nan
nan
0.071000
nan
0.284000
0.355000
nan
nan
nan
0.284000
nan
0.426000
nan
0.426000
nan
nan
nan
nan
nan
0.284000
0.284000
nan
0.355000
nan
nan
0.426000
nan
0.355000
nan
nan
nan
nan
nan
nan
0.142000
nan
nan
nan
0.922000
1.000000
1.000000
1.000000
0.213000
0.213000
nan
nan
0.071000
0.426000
0.142000
0.284000
nan
nan
0.780000
0.213000
0.284000
0.851000
nan
0.426000
nan
nan
nan
nan
0.284000
nan
nan
0.284000
0.142000
0.000000
nan
nan
nan
0.496000
0.142000
nan
nan
nan
0.284000
nan
nan
nan
nan
0.284000
nan
0.426000
nan
0.567000
nan
nan
0.426000
nan
0.142000
0.213000
0.000000
nan
nan
0.000000
nan
0.284000
nan
nan
0.567000
0.284000
0.426000
nan
nan
0.142000
nan
0.000000
0.142000
nan
nan
nan
nan
0.284000
0.571000
nan
0.571000
nan
nan
0.429000
0.286000
nan
nan
nan
nan
1.000000
1.000000
0.000000
0.000000
0.000000
1.000000
0.000000
0.143000
0.429000
0.714000
nan
0.714000
0.714000
nan
nan
nan
0.286000
1.000000
0.000000
nan
0.571000
nan
nan
0.429000
nan
0.714000
0.286000
nan
0.286000
nan
0.286000
nan
nan
0.000000
nan
nan
nan
0.000000
nan
0.171000
0.000000
0.857000
0.686000
nan
nan
0.686000
0.343000
nan
0.343000
1.000000
nan
0.171000
0.000000
nan
nan
0.000000
nan
0.000000
0.686000
nan
0.171000
0.343000
nan
0.514000
nan
nan
nan
0.686000
0.000000
0.857000
nan
nan
0.343000
nan
nan
0.686000
nan
nan
0.171000
nan
0.343000
0.400000
nan
nan
nan
1.000000
0.400000
nan
0.800000
nan
0.200000
nan
nan
0.400000
nan
0.400000
0.800000
0.400000
nan
0.000000
0.000000
nan
0.000000
nan
0.000000
0.000000
0.000000
nan
0.000000
0.400000
nan
0.000000
0.400000
nan
0.000000
0.000000
0.000000
nan
0.000000
0.000000
0.400000
nan
nan
0.000000
nan
