Coverage(RPKM): 798.601399
0.000000
nan
nan
0.000000
nan
nan
nan
0.130000
0.348000
0.043000
nan
0.000000
nan
nan
nan
nan
0.130000
0.174000
nan
nan
nan
nan
nan
0.261000
0.261000
0.087000
0.130000
nan
0.130000
nan
nan
0.261000
nan
0.261000
0.304000
0.304000
0.478000
nan
nan
nan
0.174000
nan
0.261000
0.087000
nan
nan
nan
nan
0.826000
nan
0.174000
0.739000
0.174000
0.478000
0.348000
0.043000
nan
nan
nan
0.609000
nan
nan
0.348000
nan
nan
0.478000
0.391000
0.174000
nan
nan
0.087000
nan
nan
0.087000
nan
nan
nan
0.174000
nan
0.087000
0.261000
0.870000
0.478000
nan
1.000000
nan
nan
0.348000
nan
1.000000
nan
1.000000
nan
nan
0.000000
0.217000
1.000000
1.000000
nan
nan
nan
0.348000
nan
0.174000
0.485000
nan
0.216000
0.216000
nan
0.000000
nan
0.377000
nan
1.000000
nan
nan
nan
0.647000
nan
0.108000
0.323000
0.108000
1.000000
nan
0.701000
nan
0.108000
0.647000
0.701000
nan
nan
0.863000
nan
1.000000
0.216000
nan
0.270000
0.323000
nan
0.162000
0.000000
0.216000
0.755000
0.108000
0.270000
nan
nan
0.593000
0.323000
nan
nan
nan
nan
nan
0.000000
0.431000
nan
0.108000
nan
0.485000
nan
nan
nan
0.647000
0.431000
nan
0.054000
nan
0.000000
0.162000
0.755000
0.970000
nan
nan
nan
0.377000
nan
nan
0.539000
0.485000
0.162000
0.216000
nan
0.377000
nan
nan
nan
nan
0.054000
nan
0.323000
nan
0.216000
nan
nan
nan
nan
nan
0.108000
0.270000
nan
0.346000
nan
0.433000
0.606000
nan
1.000000
0.346000
0.173000
0.173000
nan
0.173000
0.519000
0.173000
nan
0.173000
0.693000
0.606000
nan
nan
0.519000
0.779000
nan
nan
0.173000
nan
0.260000
nan
nan
nan
nan
0.260000
1.000000
nan
0.126000
nan
nan
nan
nan
nan
nan
0.866000
nan
nan
0.952000
nan
0.346000
nan
nan
0.519000
nan
0.346000
nan
nan
0.779000
0.693000
nan
0.173000
0.173000
0.866000
nan
0.346000
0.346000
0.346000
0.779000
0.866000
nan
1.000000
nan
nan
nan
0.173000
0.126000
0.173000
0.433000
nan
0.346000
nan
nan
nan
nan
nan
nan
0.346000
nan
0.779000
0.866000
nan
nan
nan
0.126000
0.693000
0.433000
nan
0.606000
0.173000
0.519000
0.284000
0.190000
nan
nan
0.569000
nan
nan
nan
0.758000
0.474000
0.474000
0.474000
0.284000
nan
0.261000
0.174000
0.782000
0.174000
1.000000
nan
nan
0.935000
0.869000
nan
nan
nan
nan
nan
nan
0.782000
0.174000
0.782000
1.000000
0.261000
nan
nan
0.261000
nan
nan
nan
0.261000
nan
0.348000
nan
nan
nan
0.021000
0.021000
0.174000
nan
0.608000
0.695000
nan
0.695000
nan
0.174000
nan
nan
nan
nan
0.608000
nan
0.348000
0.608000
nan
nan
0.522000
nan
0.174000
0.174000
0.261000
0.695000
0.261000
0.174000
0.522000
nan
nan
nan
nan
nan
0.608000
0.261000
nan
0.087000
0.174000
nan
0.695000
nan
nan
nan
nan
nan
nan
0.695000
nan
nan
nan
nan
0.087000
nan
nan
0.021000
nan
nan
nan
0.261000
nan
1.000000
nan
nan
nan
nan
nan
nan
nan
nan
nan
nan
nan
0.474000
nan
nan
nan
0.316000
nan
nan
0.316000
0.316000
0.474000
nan
0.000000
0.000000
