Coverage(RPKM): 710.043668
0.026000
nan
nan
0.570000
0.627000
0.057000
nan
0.114000
0.399000
0.342000
nan
0.342000
nan
0.114000
nan
nan
0.026000
nan
0.399000
nan
0.513000
0.171000
0.342000
0.114000
nan
nan
nan
nan
nan
0.741000
nan
nan
nan
0.969000
0.228000
0.570000
0.342000
0.057000
0.342000
nan
0.057000
nan
0.399000
nan
nan
nan
0.342000
0.228000
0.114000
0.114000
nan
nan
nan
0.057000
nan
nan
nan
nan
nan
0.456000
0.684000
0.570000
nan
0.684000
0.456000
0.684000
1.000000
0.627000
0.228000
0.285000
0.026000
nan
nan
0.570000
0.114000
0.114000
nan
nan
0.342000
nan
0.171000
nan
nan
nan
0.855000
nan
1.000000
0.684000
nan
1.000000
nan
0.855000
nan
0.111000
nan
nan
nan
0.909000
0.136000
0.727000
1.000000
nan
nan
0.273000
0.409000
0.636000
nan
0.273000
nan
nan
nan
nan
0.227000
0.682000
nan
nan
0.545000
0.545000
nan
0.864000
0.273000
0.409000
0.636000
nan
0.364000
1.000000
0.818000
0.727000
1.000000
0.682000
0.455000
0.636000
nan
0.111000
0.182000
nan
0.182000
1.000000
nan
nan
nan
0.318000
0.500000
nan
0.227000
nan
0.818000
0.591000
nan
0.818000
0.591000
0.111000
nan
0.500000
nan
nan
0.455000
0.273000
nan
nan
0.227000
0.682000
nan
0.955000
nan
nan
0.682000
nan
1.000000
nan
nan
0.682000
nan
nan
0.409000
nan
0.227000
nan
0.136000
nan
0.273000
0.747000
0.320000
0.071000
0.676000
0.747000
0.961000
nan
0.356000
nan
0.214000
nan
nan
0.320000
nan
nan
0.712000
1.000000
0.071000
0.463000
0.107000
0.071000
0.320000
0.071000
nan
nan
nan
1.000000
0.641000
0.391000
0.356000
0.498000
nan
nan
nan
nan
nan
nan
nan
nan
0.285000
0.641000
1.000000
nan
0.249000
0.142000
0.214000
nan
0.142000
0.178000
0.534000
nan
0.819000
nan
0.142000
nan
nan
nan
nan
nan
nan
nan
nan
0.142000
nan
nan
0.142000
nan
nan
nan
nan
0.178000
0.391000
0.427000
0.641000
nan
nan
nan
nan
0.356000
nan
0.285000
0.427000
nan
nan
nan
0.071000
0.356000
0.498000
0.285000
0.427000
0.285000
nan
0.320000
nan
nan
nan
0.285000
1.000000
nan
nan
0.751000
0.469000
0.751000
nan
0.282000
0.188000
0.188000
0.000000
nan
0.000000
nan
nan
0.282000
0.188000
0.751000
0.469000
nan
0.376000
nan
nan
nan
nan
0.845000
0.376000
nan
0.376000
nan
nan
0.563000
1.000000
1.000000
0.751000
0.000000
0.188000
0.188000
0.000000
0.094000
0.376000
0.000000
nan
nan
0.000000
0.188000
nan
0.282000
nan
nan
nan
nan
nan
0.000000
nan
nan
0.000000
0.000000
nan
0.000000
0.376000
0.376000
nan
nan
nan
0.376000
nan
0.657000
nan
nan
0.188000
nan
nan
nan
0.188000
0.376000
0.000000
0.751000
0.563000
nan
0.094000
nan
0.469000
0.751000
0.469000
0.376000
0.333000
nan
0.333000
0.333000
0.333000
0.333000
nan
0.833000
0.167000
nan
1.000000
nan
nan
nan
0.000000
nan
0.833000
0.500000
nan
0.333000
nan
nan
1.000000
0.500000
0.833000
nan
0.000000
nan
nan
0.500000
0.667000
0.333000
nan
0.000000
nan
nan
nan
0.000000
nan
nan
nan
0.333000
0.667000
0.333000
nan
0.000000
nan
nan
nan
0.000000
nan
0.000000
nan
nan
0.000000
nan
0.333000
0.000000
0.000000
0.333000
nan
0.333000
nan
0.333000
nan
nan
nan
0.000000
1.000000
0.000000
nan
0.000000
0.000000
0.000000
1.000000
nan
nan
0.333000
0.667000
0.000000
0.833000
0.667000
0.833000
0.667000
0.000000
nan
0.833000
nan
0.000000
0.000000
1.000000
nan
nan
nan
nan
0.333000
1.000000
0.667000
nan
0.000000
0.667000
0.333000
0.000000
nan
nan
0.333000
0.333000
0.333000
0.333000
nan
0.000000
1.000000
nan
nan
0.333000
0.000000
1.000000
0.000000
0.000000
1.000000
0.000000
0.667000
0.500000
nan
0.167000
nan
0.500000
0.667000
1.000000
nan
0.167000
nan
0.000000
nan
nan
0.667000
nan
0.333000
0.000000
0.333000
nan
0.000000
nan
0.000000
nan
nan
1.000000
0.000000
nan
nan
0.000000
nan
nan
nan
nan
nan
0.000000
0.167000
0.333000
0.000000
0.667000
nan
1.000000
0.000000
0.000000
nan
0.000000
0.000000
nan
nan
nan
0.667000
nan
0.333000
0.000000
nan
nan
0.667000
1.000000
0.500000
nan
0.000000
0.000000
nan
nan
nan
0.167000
nan
nan
0.333000
0.167000
1.000000
0.333000
0.667000
0.000000
nan
nan
0.000000
0.333000
0.000000
0.000000
0.000000
0.333000
nan
0.000000
0.000000
0.333000
nan
nan
nan
nan
nan
nan
0.167000
nan
0.500000
0.667000
nan
0.000000
nan
0.000000
0.333000
0.167000
0.500000
0.333000
0.167000
nan
0.000000
nan
nan
nan
1.000000
0.333000
nan
0.000000
0.000000
nan
1.000000
nan
nan
nan
0.000000
0.333000
0.333000
nan
nan
0.667000
0.500000
0.500000
0.000000
0.000000
0.500000
0.333000
0.159000
0.478000
nan
nan
0.239000
nan
0.000000
nan
nan
nan
0.000000
nan
nan
0.159000
nan
nan
nan
0.239000
nan
0.558000
nan
nan
nan
0.239000
0.159000
0.956000
0.319000
nan
nan
0.239000
0.319000
nan
nan
nan
0.797000
nan
nan
nan
0.159000
nan
nan
nan
nan
nan
nan
nan
0.000000
0.159000
0.159000
nan
nan
0.319000
nan
0.159000
nan
nan
0.159000
0.717000
nan
0.159000
nan
0.956000
0.159000
0.159000
0.319000
0.956000
1.000000
0.876000
1.000000
0.398000
0.478000
0.239000
nan
1.000000
nan
nan
0.876000
0.956000
0.956000
nan
nan
nan
nan
0.478000
0.797000
nan
nan
nan
0.159000
nan
0.637000
nan
0.159000
nan
nan
0.000000
0.398000
nan
0.000000
0.797000
0.000000
0.000000
0.889000
nan
nan
0.222000
0.444000
1.000000
nan
nan
0.444000
0.333000
nan
0.444000
nan
nan
nan
nan
0.667000
0.556000
nan
1.000000
1.000000
nan
0.778000
nan
1.000000
1.000000
0.556000
0.444000
nan
nan
1.000000
1.000000
0.778000
0.444000
0.444000
0.222000
0.333000
0.222000
0.000000
nan
0.333000
0.667000
1.000000
0.556000
0.222000
0.444000
0.444000
0.778000
0.222000
nan
nan
nan
nan
0.556000
nan
nan
0.889000
nan
0.667000
nan
nan
0.000000
nan
0.444000
0.111000
nan
0.000000
nan
nan
0.444000
0.667000
nan
0.000000
nan
nan
0.222000
nan
nan
0.000000
0.222000
nan
0.000000
0.222000
nan
0.000000
0.235000
nan
0.118000
nan
nan
0.471000
0.882000
1.000000
0.294000
0.118000
0.235000
0.294000
0.176000
0.294000
nan
nan
0.294000
0.412000
0.000000
0.118000
0.294000
nan
0.235000
nan
nan
0.000000
0.000000
nan
0.471000
nan
0.706000
nan
0.176000
nan
nan
0.000000
0.647000
0.176000
0.529000
0.353000
nan
nan
0.118000
nan
nan
0.000000
nan
nan
0.529000
0.471000
nan
0.706000
0.588000
0.176000
nan
0.882000
0.588000
0.412000
0.765000
0.000000
nan
nan
0.059000
nan
nan
nan
nan
0.588000
1.000000
0.471000
1.000000
1.000000
nan
0.647000
nan
nan
nan
0.353000
nan
0.824000
nan
nan
0.118000
nan
nan
0.294000
nan
0.246000
0.246000
0.369000
nan
0.492000
nan
0.184000
nan
nan
nan
nan
nan
nan
0.676000
nan
0.092000
0.061000
nan
0.028000
0.028000
nan
0.123000
0.399000
0.276000
0.553000
0.430000
0.399000
0.768000
nan
nan
nan
nan
nan
nan
nan
0.215000
0.645000
0.860000
nan
0.983000
nan
nan
0.829000
nan
nan
0.184000
0.028000
0.430000
0.399000
0.061000
0.123000
nan
0.768000
0.492000
0.061000
0.092000
nan
0.522000
nan
1.000000
1.000000
nan
nan
nan
0.676000
nan
0.799000
1.000000
0.707000
0.307000
0.614000
0.369000
nan
0.184000
nan
nan
nan
nan
0.860000
0.338000
nan
nan
0.522000
0.184000
0.399000
0.737000
0.829000
nan
nan
nan
0.071000
0.144000
nan
nan
1.000000
0.664000
0.895000
0.231000
nan
nan
1.000000
0.808000
0.606000
0.144000
0.071000
0.433000
nan
nan
nan
nan
0.722000
0.664000
nan
nan
nan
nan
0.519000
0.750000
0.491000
nan
0.750000
0.519000
0.404000
0.491000
0.693000
0.952000
nan
nan
0.144000
nan
nan
0.346000
0.087000
nan
nan
0.231000
0.375000
0.346000
0.115000
0.087000
nan
nan
0.635000
0.433000
0.548000
nan
nan
nan
0.606000
0.952000
0.231000
0.635000
nan
0.779000
nan
nan
1.000000
0.289000
nan
0.433000
0.433000
0.519000
0.375000
0.231000
0.664000
nan
nan
nan
nan
0.173000
0.071000
nan
nan
nan
nan
0.317000
nan
nan
nan
nan
nan
nan
0.412000
1.000000
0.962000
0.619000
0.275000
1.000000
0.550000
0.687000
nan
0.069000
0.481000
0.481000
nan
0.206000
nan
nan
nan
0.893000
nan
0.619000
0.344000
0.137000
0.206000
0.550000
1.000000
nan
0.412000
0.687000
0.412000
0.687000
0.550000
nan
0.481000
nan
0.275000
0.412000
0.206000
nan
0.412000
nan
0.275000
0.893000
0.962000
nan
0.069000
0.687000
0.069000
0.344000
0.344000
nan
0.412000
nan
0.275000
0.619000
0.825000
0.275000
0.825000
nan
0.137000
0.275000
nan
nan
0.275000
nan
0.069000
0.412000
0.275000
0.619000
nan
0.214000
nan
nan
nan
0.000000
0.071000
1.000000
nan
0.143000
nan
0.143000
nan
0.143000
0.929000
1.000000
nan
0.714000
0.286000
0.143000
1.000000
0.500000
0.286000
1.000000
nan
0.000000
nan
0.286000
nan
0.286000
0.929000
nan
nan
0.357000
nan
0.214000
0.000000
0.500000
0.357000
0.357000
nan
nan
0.286000
0.286000
0.429000
0.429000
0.571000
0.500000
nan
0.357000
nan
0.000000
0.000000
nan
0.357000
0.357000
nan
0.286000
0.000000
0.571000
0.429000
nan
0.143000
0.286000
nan
nan
0.143000
0.357000
0.214000
0.214000
0.357000
0.071000
0.571000
nan
nan
nan
nan
0.198000
1.000000
0.792000
nan
nan
0.198000
0.000000
0.297000
0.198000
0.495000
0.495000
nan
nan
0.396000
0.198000
nan
0.594000
nan
nan
0.396000
nan
nan
nan
nan
nan
0.693000
nan
0.891000
nan
nan
0.198000
0.099000
nan
1.000000
0.297000
0.693000
0.396000
nan
nan
1.000000
nan
nan
nan
0.726000
nan
nan
0.847000
0.242000
0.896000
nan
nan
0.363000
0.484000
0.363000
0.847000
nan
nan
0.000000
0.242000
nan
0.726000
0.484000
nan
0.242000
0.242000
nan
nan
0.242000
nan
nan
nan
0.242000
0.363000
nan
nan
0.605000
nan
nan
0.484000
nan
nan
nan
0.363000
nan
0.605000
nan
nan
nan
nan
nan
nan
0.484000
nan
nan
nan
nan
nan
0.363000
nan
0.363000
0.000000
nan
nan
0.242000
0.121000
nan
0.000000
nan
0.714000
nan
nan
nan
1.000000
nan
0.000000
0.286000
nan
nan
0.000000
nan
nan
0.286000
nan
nan
nan
0.857000
nan
0.714000
nan
0.000000
nan
nan
0.000000
0.286000
0.143000
nan
nan
nan
nan
0.571000
nan
0.000000
0.571000
0.857000
nan
nan
0.000000
0.286000
0.857000
0.571000
0.571000
nan
nan
nan
0.000000
nan
