Coverage(RPKM): 51835.955056
0.082000
nan
nan
nan
nan
nan
0.113000
0.131000
nan
nan
nan
nan
0.227000
0.099000
nan
0.082000
0.082000
nan
nan
0.182000
0.313000
nan
nan
0.316000
nan
nan
nan
0.236000
0.263000
nan
0.333000
nan
nan
0.186000
0.386000
0.324000
0.521000
0.477000
0.330000
0.419000
0.489000
1.000000
nan
0.304000
nan
0.402000
0.343000
0.262000
0.197000
0.314000
1.000000
nan
nan
nan
nan
nan
nan
0.799000
0.665000
0.682000
0.238000
nan
0.456000
nan
nan
nan
nan
nan
nan
0.569000
nan
nan
0.327000
nan
nan
nan
0.378000
nan
nan
nan
0.317000
0.363000
0.832000
nan
nan
nan
nan
1.000000
0.985000
0.548000
0.454000
0.596000
nan
0.369000
0.387000
nan
0.446000
0.347000
0.438000
nan
nan
nan
nan
0.186000
0.195000
nan
0.890000
nan
nan
nan
nan
nan
nan
nan
nan
0.443000
1.000000
0.212000
0.186000
0.215000
nan
0.362000
1.000000
nan
0.632000
nan
0.602000
0.580000
nan
0.552000
0.545000
nan
0.723000
nan
0.621000
nan
0.193000
nan
0.978000
0.451000
0.446000
0.605000
0.527000
0.397000
nan
nan
nan
nan
1.000000
nan
nan
0.218000
0.186000
0.412000
0.591000
nan
nan
0.418000
0.857000
0.453000
0.435000
nan
0.438000
nan
0.496000
0.397000
nan
0.377000
0.947000
0.638000
0.516000
0.780000
0.410000
nan
0.781000
0.318000
nan
nan
nan
nan
0.444000
0.362000
0.709000
nan
nan
nan
0.506000
nan
0.614000
0.634000
nan
nan
0.428000
nan
0.352000
nan
0.340000
nan
nan
nan
nan
0.457000
0.519000
nan
0.864000
0.515000
nan
nan
nan
0.567000
nan
0.646000
0.819000
0.535000
nan
0.594000
0.420000
nan
0.787000
nan
nan
nan
0.720000
0.471000
nan
0.238000
0.296000
0.080000
nan
nan
nan
nan
nan
0.991000
0.729000
0.610000
0.340000
0.257000
0.100000
0.053000
nan
nan
nan
nan
0.094000
nan
nan
0.559000
nan
0.607000
0.589000
nan
nan
0.316000
nan
0.659000
0.293000
nan
nan
0.214000
nan
nan
0.603000
nan
nan
0.053000
0.053000
