Coverage(RPKM): 4230.147059
0.168000
nan
nan
nan
nan
nan
nan
nan
0.349000
0.645000
nan
nan
0.385000
0.779000
nan
0.546000
0.403000
0.555000
nan
0.493000
nan
0.555000
nan
nan
nan
nan
0.564000
nan
nan
0.681000
0.618000
0.609000
nan
nan
0.681000
nan
0.842000
0.860000
nan
0.672000
0.690000
0.493000
0.681000
0.833000
nan
0.761000
0.564000
nan
0.287000
nan
nan
nan
0.367000
0.188000
nan
nan
0.663000
nan
0.985000
nan
1.000000
0.636000
0.743000
0.708000
nan
nan
nan
0.269000
0.168000
0.168000
nan
0.188000
nan
nan
0.842000
nan
nan
0.412000
0.752000
nan
0.573000
0.770000
nan
nan
nan
nan
0.340000
nan
0.636000
nan
nan
0.797000
0.788000
nan
nan
0.887000
1.000000
1.000000
nan
nan
0.591000
0.847000
1.000000
0.802000
nan
0.813000
0.903000
nan
nan
0.869000
nan
nan
0.680000
nan
0.490000
0.468000
nan
0.435000
0.357000
0.535000
1.000000
0.969000
nan
1.000000
nan
nan
nan
0.312000
nan
nan
nan
nan
0.669000
0.869000
0.880000
nan
0.490000
nan
0.591000
nan
nan
0.290000
nan
0.435000
nan
0.513000
nan
nan
0.277000
nan
0.769000
0.435000
0.680000
0.468000
0.501000
0.524000
0.524000
nan
0.591000
0.446000
nan
0.735000
nan
0.468000
nan
nan
nan
0.277000
0.277000
0.546000
0.401000
0.568000
0.847000
0.379000
0.513000
0.591000
nan
nan
nan
nan
nan
0.468000
nan
0.657000
0.669000
nan
0.446000
nan
0.323000
0.766000
0.830000
0.745000
nan
nan
nan
nan
nan
0.745000
0.723000
0.851000
nan
nan
0.957000
0.830000
1.000000
0.809000
nan
0.468000
0.660000
0.617000
0.979000
nan
0.532000
0.255000
0.660000
nan
nan
nan
nan
nan
nan
nan
0.404000
0.511000
0.426000
nan
0.936000
0.532000
nan
1.000000
nan
nan
nan
nan
0.468000
nan
0.681000
0.201000
0.574000
0.553000
nan
nan
0.404000
nan
0.468000
nan
nan
nan
nan
nan
nan
1.000000
nan
0.894000
nan
nan
nan
nan
nan
0.340000
0.340000
nan
0.383000
0.660000
nan
0.809000
nan
nan
0.404000
nan
nan
0.617000
nan
0.468000
0.660000
0.340000
nan
0.511000
nan
nan
nan
0.201000
nan
nan
0.319000
nan
1.000000
nan
0.872000
nan
0.745000
nan
0.213000
0.201000
nan
0.951000
1.000000
nan
nan
nan
nan
0.464000
nan
0.348000
0.487000
nan
nan
nan
nan
1.000000
0.778000
nan
0.678000
0.502000
nan
nan
nan
nan
0.427000
nan
0.452000
nan
nan
1.000000
nan
nan
nan
0.276000
0.477000
0.226000
0.452000
0.502000
nan
nan
0.402000
0.091000
0.577000
nan
nan
0.376000
0.226000
nan
nan
nan
0.376000
nan
nan
nan
0.427000
0.301000
nan
0.125000
0.351000
nan
nan
nan
nan
0.527000
0.987000
nan
0.106000
0.276000
0.125000
nan
nan
0.351000
nan
0.427000
0.376000
nan
0.477000
nan
nan
0.106000
nan
nan
0.552000
nan
nan
nan
0.251000
0.301000
0.351000
0.678000
nan
0.577000
0.351000
0.326000
0.502000
nan
nan
0.301000
nan
nan
0.276000
nan
nan
0.226000
nan
nan
0.251000
0.540000
nan
0.567000
0.432000
nan
0.078000
0.078000
