Coverage(RPKM): 392.753623
0.000000
nan
nan
0.429000
nan
0.000000
nan
0.000000
0.857000
nan
0.000000
nan
0.000000
0.000000
nan
0.000000
0.000000
nan
nan
0.286000
0.286000
0.286000
nan
nan
0.000000
0.286000
nan
1.000000
0.000000
0.000000
0.857000
nan
0.143000
0.000000
nan
nan
nan
nan
nan
0.429000
nan
nan
0.000000
0.000000
0.000000
0.286000
nan
nan
nan
0.000000
0.000000
0.857000
nan
0.286000
nan
nan
nan
nan
0.571000
nan
nan
nan
nan
nan
0.571000
nan
nan
0.286000
0.000000
nan
0.571000
0.000000
nan
nan
1.000000
0.714000
0.000000
0.000000
0.286000
nan
nan
0.857000
nan
nan
1.000000
0.286000
1.000000
0.571000
nan
nan
0.286000
nan
nan
0.571000
nan
nan
0.857000
nan
0.857000
nan
0.000000
0.500000
0.600000
nan
nan
nan
0.800000
0.200000
0.400000
nan
0.400000
0.400000
0.100000
0.800000
nan
nan
0.000000
0.400000
nan
0.600000
0.300000
0.500000
0.700000
nan
0.000000
0.000000
nan
nan
0.500000
0.100000
0.100000
0.200000
0.300000
nan
0.100000
0.600000
nan
0.600000
nan
nan
nan
0.400000
0.600000
0.200000
0.800000
0.600000
0.100000
0.500000
0.200000
nan
nan
0.600000
0.000000
0.800000
0.700000
nan
0.000000
nan
nan
0.000000
1.000000
1.000000
0.200000
0.200000
nan
nan
nan
nan
nan
1.000000
0.700000
1.000000
0.000000
0.200000
0.400000
nan
nan
1.000000
1.000000
nan
nan
0.357000
0.143000
nan
0.143000
0.286000
0.000000
nan
nan
nan
1.000000
0.571000
nan
0.429000
nan
nan
nan
0.571000
0.214000
0.857000
nan
nan
0.000000
nan
nan
0.714000
0.714000
nan
0.500000
0.429000
nan
0.143000
0.286000
nan
1.000000
nan
nan
0.286000
0.500000
0.143000
nan
0.357000
nan
nan
nan
0.000000
0.000000
nan
nan
nan
0.643000
0.571000
nan
0.143000
0.357000
0.571000
1.000000
nan
nan
nan
0.214000
nan
0.571000
nan
nan
0.071000
nan
nan
0.286000
nan
nan
nan
nan
nan
nan
nan
nan
nan
nan
0.286000
0.357000
0.143000
nan
nan
nan
0.286000
0.571000
0.357000
nan
nan
nan
0.214000
0.786000
0.571000
0.571000
nan
nan
0.143000
0.429000
0.286000
nan
0.153000
nan
0.916000
nan
nan
nan
nan
nan
nan
0.458000
nan
nan
nan
0.763000
0.763000
nan
0.305000
0.305000
nan
0.611000
nan
0.305000
nan
0.916000
nan
nan
nan
0.153000
0.000000
nan
nan
0.000000
nan
0.000000
0.000000
nan
nan
0.000000
0.611000
0.916000
1.000000
0.305000
0.611000
nan
0.305000
0.458000
nan
nan
0.458000
nan
0.611000
1.000000
0.611000
0.611000
0.000000
nan
0.458000
0.916000
0.153000
0.458000
nan
0.458000
nan
0.153000
0.000000
nan
nan
nan
0.305000
0.000000
nan
0.000000
0.611000
nan
1.000000
0.611000
0.611000
0.000000
nan
nan
0.305000
0.000000
0.000000
0.611000
0.458000
0.305000
nan
0.305000
0.916000
0.000000
nan
0.305000
0.611000
nan
0.000000
0.305000
0.000000
nan
nan
nan
0.000000
0.611000
0.916000
nan
0.305000
0.305000
0.305000
nan
0.305000
0.000000
nan
nan
nan
0.000000
nan
0.611000
nan
0.000000
nan
0.305000
0.000000
0.305000
0.000000
0.153000
1.000000
0.000000
1.000000
0.000000
0.458000
nan
nan
0.000000
nan
