Coverage(RPKM): 629.861111
0.000000
nan
nan
nan
0.000000
0.100000
nan
nan
0.200000
nan
nan
0.300000
0.000000
0.200000
0.000000
nan
nan
0.000000
0.200000
1.000000
0.400000
nan
0.300000
0.400000
nan
nan
0.200000
nan
nan
0.600000
0.000000
nan
1.000000
0.400000
0.400000
0.000000
nan
0.400000
0.000000
1.000000
0.200000
nan
0.400000
0.400000
0.000000
0.200000
0.200000
nan
0.200000
0.200000
0.100000
0.600000
0.600000
0.500000
0.400000
0.400000
nan
0.400000
0.400000
0.300000
0.800000
nan
nan
0.400000
0.400000
nan
nan
nan
nan
nan
0.200000
nan
0.600000
0.400000
nan
1.000000
0.400000
nan
0.600000
0.129000
0.129000
nan
0.386000
0.257000
0.193000
nan
nan
0.643000
0.193000
0.900000
0.000000
0.836000
0.193000
0.386000
nan
nan
nan
0.257000
nan
nan
0.193000
0.965000
0.900000
nan
0.450000
0.000000
0.000000
0.257000
0.386000
0.579000
0.514000
0.257000
nan
0.386000
1.000000
nan
0.450000
0.836000
0.900000
nan
nan
0.772000
0.193000
0.257000
nan
0.257000
nan
nan
0.579000
nan
1.000000
nan
nan
nan
0.257000
0.965000
nan
0.514000
0.322000
0.129000
nan
0.514000
0.900000
0.643000
0.707000
0.836000
nan
0.514000
1.000000
nan
nan
0.257000
nan
0.129000
0.000000
nan
1.000000
0.778000
nan
0.444000
nan
nan
0.111000
1.000000
nan
nan
0.556000
nan
0.444000
0.333000
0.389000
0.111000
0.222000
0.556000
0.333000
nan
nan
nan
nan
0.278000
0.278000
0.111000
0.556000
nan
0.444000
0.222000
1.000000
0.444000
0.667000
0.500000
0.278000
nan
nan
0.111000
nan
0.111000
0.333000
nan
0.222000
0.222000
nan
0.333000
0.222000
0.500000
nan
0.500000
0.500000
0.333000
0.222000
nan
0.278000
0.667000
0.667000
nan
nan
nan
0.222000
0.278000
0.222000
nan
0.444000
nan
1.000000
0.556000
1.000000
0.111000
0.667000
0.167000
0.722000
0.611000
0.444000
0.333000
0.500000
nan
nan
0.111000
nan
0.167000
0.111000
0.833000
0.556000
0.111000
nan
0.222000
1.000000
1.000000
nan
0.389000
0.889000
nan
0.111000
nan
0.889000
nan
nan
nan
0.333000
nan
0.222000
nan
0.556000
nan
0.444000
0.667000
nan
0.667000
0.222000
nan
0.333000
0.833000
0.500000
0.778000
0.333000
1.000000
0.944000
nan
0.556000
nan
0.389000
0.778000
nan
nan
nan
nan
nan
0.111000
nan
0.333000
1.000000
nan
0.111000
nan
0.333000
0.222000
0.333000
0.444000
nan
nan
nan
0.111000
nan
nan
0.389000
0.722000
nan
0.333000
0.556000
0.444000
nan
nan
0.278000
nan
nan
nan
0.556000
nan
nan
nan
0.590000
0.738000
0.074000
nan
nan
nan
nan
0.148000
0.443000
nan
nan
nan
1.000000
0.221000
0.221000
0.443000
0.295000
0.074000
0.443000
nan
1.000000
nan
nan
0.959000
0.590000
0.590000
0.443000
nan
nan
nan
0.295000
0.000000
0.443000
0.295000
0.074000
0.295000
nan
0.000000
nan
nan
nan
nan
nan
0.295000
0.443000
0.295000
nan
nan
nan
nan
0.886000
nan
0.517000
nan
nan
nan
nan
0.000000
nan
0.148000
nan
0.148000
nan
nan
nan
nan
0.738000
0.369000
0.000000
nan
nan
nan
nan
nan
0.148000
nan
0.590000
0.517000
nan
nan
0.664000
nan
nan
0.148000
1.000000
0.664000
0.443000
0.886000
0.590000
0.295000
nan
nan
nan
0.886000
0.886000
0.738000
0.443000
0.322000
0.386000
nan
nan
nan
nan
0.707000
0.579000
nan
nan
0.836000
nan
nan
0.193000
nan
nan
0.450000
nan
0.129000
nan
nan
0.643000
nan
nan
0.386000
0.386000
nan
nan
0.386000
0.386000
0.129000
nan
0.386000
0.064000
nan
nan
0.322000
0.257000
nan
0.386000
nan
nan
0.643000
nan
0.257000
0.064000
0.322000
1.000000
0.450000
0.900000
0.900000
nan
nan
0.514000
0.900000
0.900000
nan
0.643000
nan
nan
nan
0.064000
0.129000
0.386000
nan
0.965000
0.386000
0.965000
0.836000
0.064000
nan
nan
1.000000
nan
nan
0.836000
nan
nan
nan
0.643000
nan
nan
nan
0.257000
nan
nan
nan
0.193000
0.129000
nan
0.514000
1.000000
0.322000
0.129000
0.772000
0.721000
1.000000
nan
0.721000
nan
0.240000
0.841000
0.601000
nan
nan
nan
nan
nan
1.000000
0.420000
0.120000
nan
nan
0.120000
0.000000
0.360000
nan
0.120000
nan
0.360000
nan
nan
0.000000
1.000000
nan
nan
0.601000
0.841000
0.721000
nan
0.721000
nan
0.901000
nan
nan
nan
nan
nan
0.120000
0.000000
0.180000
nan
0.661000
0.480000
0.541000
nan
nan
nan
nan
0.781000
nan
0.360000
0.060000
0.300000
nan
0.300000
0.240000
0.601000
0.180000
0.541000
0.480000
nan
nan
nan
0.300000
0.781000
0.420000
nan
0.601000
nan
0.240000
0.120000
0.240000
0.300000
0.120000
0.180000
nan
nan
nan
nan
nan
nan
0.000000
0.180000
nan
0.841000
0.323000
0.323000
0.485000
0.270000
0.216000
0.216000
0.970000
nan
nan
nan
nan
0.108000
nan
0.323000
0.593000
0.108000
0.270000
nan
nan
0.485000
0.216000
0.216000
nan
0.647000
0.593000
nan
0.323000
0.647000
0.701000
nan
nan
nan
nan
0.916000
nan
0.539000
nan
0.593000
nan
0.431000
nan
nan
nan
nan
0.593000
0.539000
nan
0.539000
nan
0.108000
0.323000
nan
0.539000
0.108000
nan
nan
nan
nan
0.323000
0.755000
1.000000
nan
0.377000
nan
nan
nan
nan
0.270000
0.755000
nan
nan
0.593000
nan
0.647000
nan
nan
0.216000
nan
0.323000
0.108000
0.431000
0.539000
nan
0.216000
nan
nan
nan
1.000000
nan
0.323000
0.755000
1.000000
0.431000
0.800000
0.600000
0.667000
1.000000
0.533000
nan
nan
nan
nan
0.867000
0.600000
0.800000
0.333000
0.200000
0.867000
nan
nan
nan
nan
nan
0.400000
0.933000
0.133000
nan
nan
nan
nan
0.267000
0.267000
nan
nan
1.000000
nan
0.400000
0.733000
nan
0.133000
nan
0.600000
0.333000
nan
nan
nan
nan
0.800000
0.800000
nan
nan
0.400000
0.200000
nan
nan
nan
nan
nan
0.097000
nan
0.933000
nan
0.733000
0.333000
nan
nan
nan
0.133000
0.667000
nan
nan
1.000000
nan
nan
nan
nan
nan
nan
0.048000
0.500000
0.500000
0.867000
nan
nan
0.048000
nan
nan
nan
nan
0.333000
0.333000
nan
0.583000
nan
0.167000
0.500000
nan
nan
nan
0.833000
0.167000
0.833000
nan
0.833000
0.250000
0.333000
nan
nan
1.000000
0.800000
1.000000
nan
nan
nan
0.000000
nan
0.200000
0.600000
nan
0.800000
nan
nan
0.200000
nan
0.400000
0.600000
0.200000
nan
nan
nan
0.300000
0.200000
nan
nan
nan
0.500000
0.800000
0.300000
nan
0.400000
nan
nan
nan
nan
0.600000
0.500000
0.200000
0.300000
0.800000
0.400000
0.000000
nan
nan
nan
0.000000
1.000000
0.200000
0.100000
0.300000
nan
nan
0.600000
nan
nan
nan
0.200000
nan
0.000000
0.700000
nan
nan
0.000000
nan
