Coverage(RPKM): 76773.138298
0.094000
nan
nan
nan
0.218000
nan
nan
0.190000
nan
nan
0.370000
nan
nan
nan
nan
nan
0.277000
nan
nan
0.194000
nan
nan
nan
nan
nan
nan
nan
0.375000
nan
nan
nan
0.414000
nan
0.373000
0.469000
0.370000
nan
nan
nan
nan
0.282000
nan
nan
nan
nan
0.306000
nan
nan
nan
nan
nan
0.717000
1.000000
1.000000
nan
0.098000
0.094000
nan
nan
nan
nan
nan
nan
nan
0.165000
0.094000
nan
nan
nan
nan
0.549000
0.645000
nan
0.810000
1.000000
nan
0.302000
nan
0.451000
0.334000
nan
0.610000
nan
nan
nan
0.506000
nan
nan
nan
0.316000
nan
nan
0.455000
0.551000
0.362000
0.601000
nan
0.537000
nan
0.504000
nan
0.400000
nan
nan
0.679000
nan
nan
nan
0.886000
nan
0.246000
0.316000
0.274000
0.333000
0.478000
nan
0.417000
0.672000
0.250000
0.212000
0.261000
0.724000
1.000000
nan
nan
nan
0.591000
nan
0.315000
0.868000
nan
nan
nan
nan
0.301000
nan
nan
nan
0.523000
nan
nan
nan
nan
nan
0.507000
0.770000
0.946000
0.662000
1.000000
0.913000
nan
0.707000
0.350000
nan
0.221000
0.276000
nan
0.384000
0.501000
nan
nan
nan
nan
nan
nan
nan
0.541000
nan
nan
0.550000
1.000000
nan
0.406000
nan
0.537000
0.648000
0.698000
nan
0.444000
0.288000
0.546000
0.563000
nan
0.880000
nan
0.628000
nan
nan
nan
0.296000
nan
0.259000
nan
nan
nan
0.994000
0.657000
nan
nan
nan
0.582000
0.617000
nan
nan
nan
0.406000
0.222000
0.221000
0.300000
0.426000
0.564000
nan
nan
nan
0.476000
0.499000
0.545000
0.436000
0.741000
nan
nan
nan
0.514000
nan
nan
nan
nan
0.221000
0.573000
0.623000
0.263000
0.451000
0.385000
0.497000
nan
nan
nan
nan
0.413000
0.286000
nan
0.720000
nan
0.493000
nan
nan
nan
0.882000
0.802000
0.645000
0.836000
nan
0.537000
nan
0.583000
nan
nan
nan
0.647000
0.648000
nan
0.457000
0.490000
nan
0.493000
0.655000
0.302000
nan
nan
0.545000
nan
0.864000
0.956000
0.782000
0.858000
1.000000
nan
0.614000
0.472000
nan
nan
nan
0.768000
nan
0.405000
nan
nan
nan
nan
0.540000
0.264000
0.465000
0.263000
0.263000
nan
0.278000
0.324000
nan
0.388000
0.331000
0.527000
1.000000
1.000000
0.958000
0.740000
nan
nan
nan
nan
0.318000
nan
nan
nan
nan
nan
0.693000
0.594000
nan
nan
0.591000
0.384000
nan
0.267000
nan
0.267000
0.267000
0.353000
0.417000
nan
nan
0.400000
0.490000
0.598000
0.544000
0.495000
nan
0.497000
0.441000
0.668000
nan
0.267000
0.370000
0.332000
0.295000
0.336000
0.518000
nan
0.551000
nan
0.789000
0.434000
0.646000
0.811000
nan
0.707000
nan
nan
0.743000
0.459000
nan
0.327000
0.399000
0.456000
0.636000
nan
nan
0.890000
nan
nan
nan
nan
nan
nan
0.561000
0.807000
0.715000
1.000000
nan
nan
nan
0.702000
0.749000
0.984000
1.000000
nan
nan
nan
0.638000
0.543000
0.564000
nan
0.887000
0.681000
nan
nan
0.611000
nan
0.835000
1.000000
nan
nan
nan
nan
0.496000
0.184000
0.345000
nan
0.335000
0.725000
0.541000
1.000000
nan
0.279000
0.172000
nan
nan
nan
nan
nan
nan
nan
0.237000
0.219000
nan
nan
nan
nan
0.336000
0.313000
nan
0.449000
nan
nan
0.216000
0.164000
nan
nan
nan
0.322000
nan
0.609000
0.646000
0.801000
nan
0.285000
0.205000
nan
nan
nan
nan
0.337000
nan
nan
nan
nan
nan
nan
nan
nan
nan
0.423000
nan
nan
1.000000
0.181000
nan
nan
nan
nan
0.862000
nan
nan
nan
nan
nan
nan
nan
0.577000
0.730000
nan
0.533000
0.446000
0.961000
nan
nan
0.462000
nan
nan
nan
0.528000
0.573000
0.611000
0.646000
nan
nan
nan
0.755000
0.903000
nan
0.419000
nan
nan
nan
nan
nan
nan
0.659000
nan
0.198000
nan
0.173000
nan
0.208000
0.283000
0.164000
nan
0.642000
0.726000
1.000000
nan
0.164000
0.141000
0.251000
nan
nan
nan
nan
nan
1.000000
nan
0.973000
1.000000
nan
0.256000
nan
0.292000
nan
nan
nan
nan
nan
0.139000
0.467000
nan
nan
nan
0.191000
nan
0.205000
nan
0.174000
nan
nan
nan
nan
0.454000
0.373000
nan
nan
0.629000
0.345000
nan
0.726000
0.839000
nan
nan
nan
0.604000
nan
nan
0.431000
0.402000
nan
0.296000
nan
0.489000
nan
nan
nan
0.331000
nan
nan
nan
0.528000
0.313000
0.531000
nan
nan
nan
nan
nan
nan
1.000000
0.144000
nan
0.139000
nan
nan
nan
0.139000
nan
0.464000
0.139000
0.660000
0.815000
0.411000
0.754000
0.886000
nan
nan
0.285000
nan
nan
0.167000
0.207000
0.167000
nan
0.176000
nan
0.242000
0.353000
0.394000
nan
nan
nan
nan
0.203000
0.152000
nan
nan
nan
0.350000
0.327000
0.613000
nan
0.376000
0.485000
0.489000
nan
nan
1.000000
0.813000
0.653000
0.631000
0.799000
0.721000
nan
0.798000
nan
nan
nan
nan
0.830000
0.975000
nan
nan
0.994000
nan
0.438000
0.376000
nan
nan
nan
nan
0.825000
0.740000
nan
nan
0.376000
nan
0.400000
0.409000
0.460000
0.444000
0.606000
nan
1.000000
0.936000
0.888000
nan
nan
0.870000
1.000000
0.491000
0.510000
0.583000
0.486000
nan
0.485000
nan
nan
0.449000
nan
0.509000
0.623000
0.593000
nan
0.475000
nan
nan
0.503000
nan
nan
0.525000
0.761000
0.890000
nan
nan
nan
0.723000
0.801000
0.600000
0.788000
0.939000
nan
0.884000
0.613000
nan
0.584000
0.628000
nan
0.456000
0.455000
0.563000
nan
nan
0.335000
0.624000
0.776000
nan
0.348000
nan
nan
nan
nan
0.447000
0.453000
0.513000
nan
nan
0.364000
0.580000
nan
0.358000
0.664000
0.708000
nan
0.555000
nan
nan
nan
nan
nan
0.528000
0.689000
0.556000
nan
0.863000
1.000000
0.344000
nan
0.285000
nan
nan
0.196000
1.000000
nan
0.262000
nan
0.238000
0.196000
0.256000
0.271000
0.377000
nan
0.334000
0.295000
nan
0.847000
nan
nan
nan
nan
nan
nan
0.992000
0.477000
0.471000
nan
0.714000
0.196000
nan
nan
0.201000
nan
nan
nan
nan
nan
nan
nan
nan
nan
nan
nan
nan
nan
nan
0.358000
0.231000
nan
0.230000
nan
nan
1.000000
0.216000
nan
nan
nan
0.590000
nan
nan
nan
0.456000
0.443000
0.433000
0.996000
0.621000
0.871000
1.000000
nan
0.742000
0.862000
nan
nan
0.808000
0.810000
1.000000
0.882000
0.639000
nan
0.368000
0.189000
0.438000
nan
0.338000
0.817000
nan
nan
0.483000
0.567000
nan
nan
nan
nan
nan
0.494000
nan
nan
nan
0.381000
nan
0.321000
nan
nan
nan
0.242000
0.326000
nan
nan
0.379000
0.784000
nan
nan
0.474000
0.634000
nan
nan
1.000000
nan
0.346000
0.378000
nan
nan
nan
0.450000
0.320000
0.189000
0.290000
nan
0.253000
nan
nan
nan
0.606000
nan
nan
nan
0.546000
0.328000
nan
nan
nan
nan
nan
nan
0.641000
0.217000
0.189000
0.626000
0.621000
0.961000
0.948000
nan
nan
nan
nan
0.459000
0.405000
0.490000
0.510000
nan
nan
nan
0.320000
nan
nan
nan
0.204000
0.204000
nan
0.567000
0.431000
0.534000
nan
0.508000
0.415000
nan
nan
0.461000
0.526000
0.530000
0.505000
0.640000
nan
nan
0.520000
0.428000
0.484000
nan
0.309000
0.400000
0.479000
0.321000
nan
0.536000
nan
nan
nan
nan
nan
0.290000
nan
0.834000
0.892000
0.584000
nan
0.364000
nan
nan
0.423000
0.740000
1.000000
nan
nan
0.552000
0.377000
nan
nan
nan
0.531000
0.549000
0.588000
nan
0.723000
nan
0.499000
0.456000
nan
nan
nan
0.390000
nan
0.823000
0.507000
nan
0.225000
0.204000
0.344000
nan
0.541000
0.618000
0.519000
nan
0.617000
0.598000
1.000000
nan
nan
1.000000
1.000000
nan
0.394000
1.000000
nan
nan
0.235000
nan
nan
nan
0.437000
nan
nan
nan
nan
nan
nan
nan
nan
nan
0.517000
nan
0.764000
nan
0.448000
nan
nan
nan
nan
0.355000
nan
nan
0.479000
nan
nan
nan
nan
0.682000
0.574000
nan
0.485000
0.578000
0.310000
nan
nan
0.493000
0.586000
0.559000
0.742000
0.742000
0.473000
0.800000
0.694000
nan
nan
nan
nan
nan
0.988000
nan
0.972000
nan
0.916000
0.641000
0.321000
0.470000
0.608000
1.000000
0.645000
0.559000
nan
0.462000
0.320000
nan
0.540000
0.892000
nan
0.403000
0.754000
nan
0.389000
0.293000
0.445000
nan
nan
nan
nan
nan
0.422000
0.201000
0.313000
nan
0.262000
nan
0.602000
nan
0.235000
nan
nan
nan
0.224000
0.375000
0.519000
0.303000
0.253000
0.292000
0.310000
0.482000
nan
nan
nan
nan
nan
nan
0.618000
nan
0.174000
0.174000
