Coverage(RPKM): 525.159915
0.000000
nan
nan
nan
nan
nan
0.000000
nan
0.000000
0.282000
0.563000
nan
0.000000
0.282000
nan
0.282000
0.000000
0.423000
0.563000
nan
nan
0.000000
0.000000
nan
0.423000
nan
0.282000
0.282000
nan
0.282000
nan
nan
nan
0.423000
0.141000
0.845000
0.563000
nan
0.563000
nan
0.282000
nan
0.563000
0.000000
0.282000
0.704000
1.000000
nan
1.000000
0.845000
nan
nan
0.282000
0.000000
nan
0.000000
nan
0.563000
0.563000
0.704000
nan
nan
nan
0.282000
nan
0.282000
0.563000
nan
nan
0.423000
nan
nan
nan
nan
nan
nan
nan
nan
0.845000
0.282000
0.845000
0.282000
0.000000
0.282000
0.282000
0.563000
nan
0.000000
1.000000
0.474000
nan
nan
0.190000
nan
nan
nan
nan
nan
0.569000
nan
0.379000
0.569000
nan
0.000000
0.379000
0.190000
0.284000
1.000000
nan
nan
nan
0.569000
nan
nan
0.095000
0.284000
0.095000
0.000000
0.948000
0.853000
nan
0.379000
nan
nan
nan
nan
0.474000
nan
0.284000
0.948000
1.000000
0.758000
0.948000
nan
0.379000
nan
0.190000
nan
0.190000
0.853000
0.474000
nan
nan
nan
0.379000
nan
0.664000
nan
0.190000
0.000000
0.000000
nan
nan
0.190000
nan
0.000000
0.190000
0.284000
nan
nan
nan
nan
nan
nan
1.000000
0.474000
0.284000
nan
nan
0.000000
nan
nan
nan
0.190000
nan
nan
0.000000
nan
nan
nan
nan
nan
nan
nan
0.000000
0.190000
nan
nan
nan
0.569000
nan
0.379000
nan
0.095000
0.000000
nan
nan
nan
nan
0.659000
nan
nan
nan
nan
nan
nan
nan
0.220000
nan
nan
nan
nan
nan
nan
0.000000
0.220000
0.440000
nan
nan
nan
nan
0.110000
0.220000
0.220000
0.330000
nan
0.659000
0.330000
nan
nan
nan
0.330000
0.440000
0.549000
nan
nan
nan
nan
0.000000
nan
nan
0.000000
nan
0.220000
0.110000
0.549000
nan
0.000000
nan
nan
0.330000
nan
0.330000
nan
1.000000
nan
0.000000
nan
0.220000
nan
nan
nan
0.220000
0.659000
nan
nan
nan
nan
0.220000
nan
nan
nan
nan
nan
0.879000
0.220000
nan
nan
nan
nan
nan
nan
0.330000
nan
nan
nan
nan
0.220000
nan
nan
0.000000
nan
nan
nan
nan
0.659000
0.220000
nan
nan
nan
0.110000
0.220000
0.659000
nan
0.220000
nan
nan
nan
nan
nan
nan
nan
nan
nan
nan
1.000000
nan
nan
nan
nan
0.000000
0.330000
0.000000
nan
nan
0.000000
nan
nan
0.110000
0.220000
nan
0.000000
nan
nan
0.549000
1.000000
nan
nan
nan
0.440000
nan
nan
nan
0.000000
0.000000
nan
nan
nan
nan
0.000000
nan
nan
0.136000
0.407000
nan
nan
nan
nan
nan
nan
0.407000
0.610000
0.814000
0.136000
nan
nan
0.203000
0.136000
nan
nan
nan
0.542000
nan
nan
nan
nan
nan
nan
0.407000
0.000000
nan
nan
nan
nan
nan
0.271000
0.339000
nan
nan
nan
nan
0.407000
0.271000
nan
0.339000
0.407000
nan
nan
nan
0.136000
0.271000
nan
0.271000
nan
nan
nan
nan
1.000000
1.000000
nan
0.814000
0.814000
nan
nan
nan
0.136000
0.136000
nan
0.271000
0.136000
nan
0.000000
nan
nan
1.000000
0.814000
nan
0.203000
nan
nan
0.203000
nan
nan
0.000000
0.814000
nan
0.136000
0.678000
0.271000
0.746000
0.068000
nan
nan
nan
nan
nan
nan
nan
nan
0.407000
nan
0.678000
nan
nan
0.475000
0.610000
nan
nan
nan
nan
nan
nan
nan
0.136000
0.000000
nan
0.542000
nan
nan
0.707000
0.514000
1.000000
0.514000
1.000000
0.836000
nan
0.193000
0.386000
0.707000
0.643000
nan
nan
nan
nan
nan
0.514000
nan
nan
nan
nan
0.129000
0.386000
nan
nan
nan
nan
nan
nan
nan
0.129000
nan
nan
nan
nan
nan
0.386000
0.386000
nan
nan
nan
nan
0.965000
0.965000
nan
0.029000
0.129000
0.514000
nan
0.129000
nan
nan
nan
nan
0.579000
nan
0.643000
nan
0.450000
0.707000
nan
nan
nan
0.772000
0.772000
nan
0.064000
nan
0.643000
0.257000
nan
0.129000
nan
0.900000
0.257000
0.257000
nan
nan
nan
nan
nan
0.029000
0.257000
nan
nan
0.386000
nan
0.386000
nan
1.000000
0.193000
0.029000
nan
nan
nan
0.900000
0.064000
0.129000
nan
0.257000
0.836000
0.450000
0.193000
nan
0.450000
nan
nan
0.375000
nan
nan
nan
nan
nan
nan
0.250000
0.312000
nan
nan
nan
1.000000
nan
0.375000
nan
nan
0.312000
0.000000
0.062000
0.000000
nan
nan
nan
0.188000
0.125000
0.250000
0.312000
0.625000
0.875000
nan
0.375000
0.312000
nan
0.000000
1.000000
nan
1.000000
0.062000
0.625000
0.375000
0.375000
0.250000
nan
0.375000
0.500000
nan
0.188000
0.000000
nan
nan
0.875000
nan
0.000000
nan
nan
nan
nan
0.500000
0.125000
nan
0.562000
0.438000
1.000000
nan
0.125000
nan
0.312000
nan
nan
nan
0.250000
0.625000
0.188000
0.625000
nan
nan
nan
0.875000
0.750000
0.688000
0.438000
nan
0.062000
0.000000
0.875000
0.188000
nan
1.000000
0.074000
0.074000
0.886000
nan
nan
0.148000
nan
nan
0.959000
0.812000
1.000000
0.738000
0.590000
nan
0.959000
nan
0.886000
nan
0.074000
nan
nan
nan
nan
0.590000
nan
nan
0.664000
nan
nan
nan
nan
nan
0.148000
nan
nan
0.738000
nan
nan
0.369000
0.517000
nan
nan
nan
0.812000
1.000000
0.221000
nan
0.590000
0.148000
0.517000
nan
0.443000
nan
0.369000
0.295000
0.517000
0.369000
0.443000
0.886000
0.959000
0.738000
0.812000
nan
0.074000
0.074000
0.738000
nan
nan
0.664000
nan
nan
0.295000
0.295000
nan
0.590000
0.221000
nan
0.812000
nan
0.738000
nan
nan
0.148000
0.148000
0.148000
nan
0.295000
nan
nan
0.074000
0.265000
nan
nan
nan
nan
1.000000
nan
nan
0.397000
nan
0.662000
1.000000
nan
nan
0.397000
nan
nan
0.265000
0.132000
nan
0.132000
0.927000
nan
0.132000
0.464000
0.132000
0.265000
0.265000
0.397000
nan
nan
0.199000
0.199000
0.464000
1.000000
0.265000
0.530000
0.331000
0.265000
0.464000
0.000000
nan
0.265000
nan
0.066000
0.132000
nan
0.132000
0.265000
0.132000
nan
0.000000
0.000000
nan
0.662000
0.132000
nan
0.132000
nan
nan
0.132000
0.265000
nan
nan
nan
0.132000
nan
0.265000
nan
nan
nan
nan
nan
nan
0.000000
0.464000
0.066000
nan
0.000000
0.662000
nan
nan
0.265000
nan
nan
nan
0.199000
nan
nan
0.199000
nan
nan
0.795000
nan
nan
0.901000
nan
nan
0.541000
nan
nan
0.541000
nan
nan
0.360000
nan
nan
0.000000
nan
nan
nan
nan
nan
0.360000
0.721000
nan
nan
0.721000
0.000000
nan
nan
nan
nan
nan
0.000000
nan
0.541000
nan
nan
nan
nan
0.360000
nan
nan
nan
0.180000
nan
0.000000
nan
nan
nan
nan
nan
1.000000
nan
1.000000
nan
0.000000
nan
0.000000
0.360000
nan
1.000000
nan
nan
0.000000
0.360000
nan
0.541000
nan
nan
0.541000
nan
nan
0.360000
nan
nan
0.000000
0.360000
nan
nan
0.000000
0.360000
nan
0.000000
nan
0.180000
nan
0.360000
0.000000
0.000000
0.180000
0.000000
nan
0.000000
nan
0.000000
0.360000
0.180000
0.360000
0.180000
nan
0.360000
0.721000
nan
0.000000
0.000000
nan
0.000000
0.721000
0.360000
nan
0.360000
nan
0.105000
nan
nan
0.105000
0.000000
0.314000
0.209000
0.209000
0.209000
nan
0.838000
nan
0.419000
nan
0.000000
nan
0.419000
nan
nan
nan
nan
nan
0.000000
0.000000
nan
0.209000
1.000000
nan
0.419000
0.000000
nan
0.209000
nan
nan
nan
0.209000
nan
0.419000
1.000000
nan
0.000000
0.000000
0.209000
0.209000
nan
0.000000
nan
nan
nan
nan
0.209000
0.628000
nan
0.209000
nan
nan
0.419000
nan
nan
nan
nan
nan
0.000000
nan
nan
0.209000
nan
1.000000
nan
0.942000
nan
0.628000
nan
0.838000
0.733000
nan
nan
0.524000
0.209000
nan
0.524000
0.000000
nan
0.209000
0.000000
0.000000
nan
nan
0.733000
0.105000
0.209000
0.000000
0.419000
0.628000
0.693000
0.952000
nan
nan
0.000000
0.000000
nan
nan
nan
0.693000
nan
nan
nan
0.346000
nan
nan
0.346000
nan
nan
0.693000
nan
0.000000
0.087000
nan
0.779000
0.000000
0.000000
0.260000
nan
0.779000
nan
nan
0.173000
0.087000
1.000000
nan
0.173000
nan
nan
0.433000
nan
nan
nan
nan
nan
nan
0.346000
nan
nan
nan
nan
0.779000
nan
0.519000
nan
0.173000
0.519000
0.260000
nan
nan
nan
nan
nan
nan
0.346000
nan
0.693000
nan
0.087000
0.000000
nan
nan
nan
nan
nan
0.260000
0.173000
nan
nan
nan
0.260000
0.087000
0.087000
1.000000
0.866000
0.346000
nan
0.433000
0.952000
0.173000
0.260000
0.000000
0.000000
0.693000
nan
0.606000
0.693000
0.260000
nan
1.000000
nan
nan
0.346000
nan
0.438000
0.125000
0.500000
nan
nan
nan
0.188000
nan
0.375000
nan
nan
0.250000
nan
nan
nan
0.000000
nan
0.500000
0.375000
0.125000
0.625000
nan
0.500000
0.125000
0.125000
0.750000
nan
nan
nan
0.000000
nan
1.000000
0.250000
nan
0.312000
0.000000
0.125000
nan
nan
nan
nan
nan
0.875000
nan
nan
nan
0.750000
0.562000
nan
nan
0.375000
0.188000
nan
0.188000
0.188000
0.812000
0.312000
nan
nan
0.062000
nan
1.000000
0.625000
0.125000
0.750000
1.000000
nan
nan
0.375000
nan
nan
0.250000
nan
0.625000
0.688000
0.688000
0.500000
0.000000
0.250000
1.000000
0.625000
nan
nan
0.062000
nan
nan
nan
nan
nan
0.188000
nan
0.125000
nan
0.562000
nan
0.923000
0.308000
0.846000
1.000000
nan
nan
nan
nan
nan
0.308000
nan
nan
nan
0.846000
nan
0.308000
0.308000
0.462000
0.154000
0.308000
1.000000
0.769000
0.231000
nan
nan
0.000000
nan
1.000000
0.538000
nan
nan
nan
nan
0.308000
nan
nan
nan
1.000000
0.077000
0.000000
0.231000
0.769000
0.154000
0.923000
nan
nan
nan
nan
0.462000
nan
nan
nan
nan
0.000000
nan
nan
0.077000
0.154000
nan
0.154000
nan
0.692000
nan
nan
0.769000
0.086000
0.000000
0.343000
0.000000
0.601000
0.601000
nan
0.000000
0.429000
nan
0.172000
nan
nan
0.429000
nan
0.429000
0.859000
0.086000
0.343000
0.343000
nan
nan
0.515000
nan
nan
nan
nan
nan
nan
nan
0.343000
0.515000
0.284000
nan
nan
0.379000
0.379000
nan
nan
0.000000
0.000000
nan
0.190000
0.190000
0.379000
nan
nan
0.379000
0.284000
1.000000
0.948000
nan
0.664000
0.569000
nan
nan
0.474000
1.000000
nan
1.000000
nan
nan
0.379000
0.379000
0.379000
nan
nan
0.569000
0.190000
0.000000
0.379000
0.000000
nan
0.569000
0.284000
nan
nan
nan
0.569000
nan
0.948000
nan
nan
nan
nan
0.095000
nan
nan
0.000000
0.000000
