Coverage(RPKM): 54463.281250
0.160000
nan
nan
nan
0.202000
nan
0.249000
0.287000
nan
0.191000
0.416000
0.292000
nan
0.366000
nan
0.322000
nan
0.502000
nan
0.222000
0.167000
nan
nan
nan
nan
0.350000
0.454000
nan
0.337000
nan
nan
0.664000
0.417000
0.302000
nan
0.621000
0.631000
nan
0.290000
0.203000
0.290000
nan
nan
0.199000
0.160000
1.000000
nan
0.978000
0.728000
0.905000
nan
nan
0.160000
nan
nan
0.584000
nan
nan
nan
0.271000
1.000000
0.474000
nan
nan
0.690000
nan
0.571000
0.616000
0.716000
nan
0.708000
0.475000
nan
0.628000
nan
nan
0.302000
0.582000
1.000000
nan
nan
0.374000
nan
nan
nan
nan
nan
nan
nan
nan
nan
nan
0.627000
nan
0.509000
nan
nan
0.233000
nan
0.200000
0.162000
0.642000
nan
nan
1.000000
nan
0.471000
0.472000
0.904000
1.000000
nan
nan
0.450000
0.769000
nan
nan
nan
1.000000
nan
0.300000
nan
0.211000
nan
0.544000
0.642000
0.492000
nan
0.674000
nan
nan
nan
nan
0.302000
nan
0.240000
0.427000
0.799000
nan
nan
0.140000
nan
nan
nan
nan
0.247000
0.149000
0.724000
0.990000
nan
0.350000
0.702000
nan
0.766000
0.713000
nan
0.519000
nan
0.400000
0.516000
nan
0.402000
nan
nan
0.368000
0.362000
nan
nan
0.198000
nan
nan
nan
nan
nan
nan
nan
nan
nan
0.332000
nan
nan
nan
nan
nan
nan
0.143000
0.140000
0.710000
0.690000
nan
0.618000
0.723000
nan
nan
nan
nan
0.140000
0.368000
0.503000
nan
0.314000
0.451000
nan
nan
nan
0.242000
0.269000
nan
0.165000
nan
nan
nan
0.227000
0.234000
nan
0.227000
nan
nan
nan
nan
nan
0.733000
0.318000
0.478000
nan
0.299000
nan
nan
nan
0.356000
0.424000
nan
nan
nan
nan
nan
0.234000
nan
nan
nan
nan
0.365000
0.840000
0.981000
nan
nan
nan
nan
0.357000
0.302000
0.872000
1.000000
nan
nan
nan
0.654000
0.576000
0.691000
0.323000
0.705000
0.759000
nan
nan
0.917000
0.651000
0.924000
0.878000
nan
nan
nan
0.652000
0.424000
0.500000
0.443000
nan
nan
nan
nan
1.000000
nan
nan
0.535000
0.334000
nan
nan
nan
0.380000
0.284000
0.527000
0.736000
nan
nan
0.884000
0.876000
0.537000
nan
nan
nan
0.891000
0.389000
0.370000
0.257000
0.350000
1.000000
nan
0.455000
0.359000
0.599000
0.651000
nan
0.867000
nan
nan
nan
nan
nan
0.809000
nan
0.909000
0.887000
0.674000
nan
0.711000
0.987000
nan
nan
nan
0.609000
0.709000
0.637000
0.545000
nan
nan
nan
nan
0.335000
0.423000
0.493000
0.641000
nan
nan
0.431000
0.229000
0.810000
nan
1.000000
0.671000
0.826000
nan
nan
0.282000
nan
nan
nan
nan
0.580000
nan
0.122000
0.155000
0.353000
0.373000
0.582000
nan
0.622000
0.466000
0.541000
nan
nan
nan
nan
nan
nan
nan
0.167000
0.218000
0.342000
nan
nan
nan
nan
0.172000
0.198000
nan
0.122000
0.122000
