Coverage(RPKM): 229.761905
0.000000
nan
nan
0.265000
0.000000
0.000000
0.265000
0.265000
nan
nan
nan
nan
nan
nan
nan
0.530000
0.530000
0.000000
nan
0.000000
nan
nan
nan
nan
nan
nan
nan
0.265000
nan
nan
0.530000
nan
nan
0.265000
nan
nan
nan
nan
nan
nan
nan
0.265000
0.530000
nan
0.530000
nan
nan
nan
nan
nan
nan
nan
0.000000
nan
nan
0.265000
nan
nan
0.265000
nan
nan
0.000000
0.265000
nan
nan
nan
0.530000
0.530000
0.397000
0.265000
0.795000
0.530000
0.397000
0.530000
nan
0.530000
0.530000
0.530000
1.000000
0.265000
nan
nan
nan
nan
1.000000
0.795000
nan
nan
0.265000
1.000000
0.927000
nan
0.530000
nan
nan
0.265000
nan
nan
0.265000
nan
0.265000
nan
nan
0.000000
0.265000
0.265000
0.265000
0.000000
0.132000
nan
0.927000
0.530000
0.132000
nan
0.265000
0.397000
0.662000
nan
nan
nan
0.000000
nan
nan
nan
nan
0.795000
0.927000
0.662000
nan
nan
0.000000
nan
0.000000
0.530000
1.000000
nan
0.000000
nan
nan
0.795000
nan
nan
0.000000
nan
nan
0.662000
nan
0.000000
nan
nan
nan
0.000000
nan
nan
nan
nan
0.265000
0.265000
nan
nan
nan
0.795000
0.662000
0.265000
0.000000
0.000000
nan
0.000000
nan
0.000000
0.000000
1.000000
0.000000
0.265000
nan
nan
nan
0.795000
nan
nan
nan
0.000000
0.530000
nan
0.000000
nan
nan
0.530000
nan
nan
0.795000
nan
0.265000
0.265000
0.530000
nan
nan
0.000000
nan
nan
0.132000
nan
nan
nan
nan
nan
0.265000
nan
nan
nan
0.000000
1.000000
nan
nan
0.530000
nan
nan
0.000000
0.000000
0.265000
0.000000
nan
nan
1.000000
nan
nan
nan
nan
nan
nan
nan
0.360000
nan
nan
0.180000
0.721000
nan
1.000000
0.721000
0.000000
0.721000
0.360000
0.000000
nan
nan
0.721000
0.541000
nan
nan
0.360000
nan
nan
0.000000
0.360000
0.360000
nan
nan
nan
nan
0.000000
0.901000
nan
nan
0.360000
nan
nan
nan
nan
0.360000
0.360000
nan
nan
nan
nan
0.721000
0.000000
0.000000
0.000000
0.000000
nan
0.360000
nan
nan
nan
nan
nan
nan
nan
nan
0.000000
nan
nan
nan
0.000000
0.721000
0.000000
nan
1.000000
nan
0.360000
nan
0.000000
nan
0.000000
nan
0.180000
0.901000
nan
0.360000
0.000000
nan
nan
0.901000
nan
nan
nan
0.000000
0.360000
0.721000
0.000000
0.360000
nan
0.000000
nan
0.000000
nan
nan
0.541000
0.000000
nan
nan
nan
1.000000
nan
1.000000
0.000000
0.000000
0.000000
nan
nan
nan
0.000000
nan
0.000000
1.000000
0.000000
nan
1.000000
nan
nan
nan
1.000000
0.000000
nan
0.000000
0.000000
1.000000
nan
0.000000
nan
nan
nan
1.000000
nan
1.000000
1.000000
nan
1.000000
nan
nan
1.000000
nan
0.000000
nan
nan
nan
1.000000
0.000000
nan
0.000000
nan
nan
nan
nan
nan
nan
0.000000
0.000000
0.000000
nan
nan
1.000000
nan
nan
1.000000
nan
nan
nan
nan
0.000000
0.000000
0.000000
nan
nan
0.000000
nan
0.000000
0.000000
0.000000
1.000000
nan
nan
nan
nan
nan
nan
nan
0.000000
0.000000
0.000000
nan
nan
1.000000
0.000000
nan
0.000000
nan
nan
nan
0.000000
0.000000
nan
0.000000
0.500000
nan
0.000000
1.000000
0.250000
nan
0.250000
0.000000
nan
0.500000
nan
nan
nan
0.000000
0.000000
0.000000
nan
0.000000
0.000000
0.000000
nan
nan
nan
0.500000
nan
nan
nan
0.000000
nan
0.000000
nan
0.500000
nan
0.000000
0.000000
0.000000
0.500000
0.750000
0.000000
nan
0.500000
nan
nan
nan
0.250000
nan
nan
0.500000
nan
0.000000
0.000000
nan
0.000000
nan
0.500000
nan
nan
0.000000
0.750000
0.500000
0.000000
nan
1.000000
0.000000
nan
nan
nan
0.500000
0.000000
0.250000
1.000000
nan
1.000000
nan
nan
0.750000
0.000000
0.000000
0.500000
nan
0.000000
0.500000
nan
nan
1.000000
0.250000
0.750000
nan
nan
0.500000
0.000000
0.000000
nan
0.585000
0.117000
nan
0.234000
0.234000
nan
nan
0.234000
0.234000
nan
0.000000
0.000000
0.585000
nan
nan
0.819000
nan
nan
0.702000
0.000000
0.468000
0.468000
nan
nan
0.234000
nan
nan
nan
nan
0.819000
nan
nan
0.702000
0.585000
nan
0.000000
nan
0.702000
0.702000
nan
nan
nan
0.000000
nan
0.234000
1.000000
nan
0.936000
nan
nan
1.000000
0.468000
nan
nan
0.000000
nan
0.000000
0.000000
0.234000
nan
0.585000
0.468000
1.000000
0.468000
0.936000
0.468000
0.468000
nan
nan
nan
0.468000
0.234000
nan
nan
nan
0.936000
0.936000
0.234000
0.234000
0.468000
nan
0.351000
nan
nan
nan
0.702000
0.234000
0.468000
0.702000
0.845000
0.563000
0.563000
nan
nan
0.704000
0.000000
1.000000
nan
1.000000
0.845000
nan
0.141000
nan
nan
nan
0.141000
nan
0.563000
0.282000
0.000000
nan
0.563000
nan
nan
0.282000
nan
0.141000
nan
0.000000
0.000000
nan
0.423000
0.282000
0.282000
nan
0.704000
nan
0.282000
0.563000
0.141000
0.845000
0.845000
nan
0.282000
nan
nan
nan
0.000000
0.704000
0.563000
nan
0.000000
nan
0.704000
nan
0.282000
nan
nan
nan
nan
0.000000
1.000000
0.282000
nan
0.845000
0.563000
0.563000
0.563000
nan
0.000000
0.000000
0.282000
nan
0.563000
nan
nan
nan
nan
nan
nan
nan
0.000000
0.423000
nan
nan
nan
nan
0.282000
0.000000
0.141000
0.143000
0.286000
0.571000
0.000000
nan
0.143000
0.286000
nan
0.286000
nan
0.000000
nan
nan
nan
nan
nan
nan
nan
0.286000
nan
nan
nan
nan
0.286000
0.000000
nan
0.000000
nan
nan
0.000000
nan
nan
nan
0.143000
nan
nan
nan
nan
0.857000
0.286000
nan
nan
0.571000
0.571000
nan
0.571000
nan
0.000000
0.714000
nan
0.000000
0.000000
0.571000
0.429000
nan
0.857000
nan
nan
nan
nan
0.857000
0.714000
nan
0.286000
nan
0.571000
0.286000
1.000000
0.714000
1.000000
nan
nan
1.000000
nan
nan
0.000000
nan
nan
0.143000
nan
nan
nan
0.000000
nan
0.000000
0.286000
1.000000
nan
0.571000
nan
nan
nan
nan
0.286000
nan
nan
0.286000
1.000000
0.571000
0.286000
0.286000
nan
nan
0.429000
0.000000
nan
nan
nan
1.000000
nan
0.000000
0.234000
nan
0.936000
0.000000
0.702000
0.000000
nan
0.000000
nan
nan
nan
nan
nan
1.000000
nan
nan
0.117000
0.702000
0.468000
nan
0.468000
nan
nan
0.234000
nan
nan
nan
nan
0.468000
0.234000
0.000000
0.117000
0.819000
nan
nan
nan
nan
nan
nan
nan
nan
nan
nan
nan
nan
0.468000
nan
0.702000
nan
nan
0.234000
nan
nan
0.234000
nan
nan
0.351000
0.117000
nan
nan
nan
nan
nan
nan
nan
nan
nan
0.351000
0.000000
1.000000
0.351000
0.234000
0.000000
0.000000
0.000000
0.000000
0.000000
0.000000
0.000000
nan
0.117000
nan
nan
nan
nan
0.000000
nan
0.351000
nan
nan
0.234000
nan
0.000000
0.000000
nan
0.000000
nan
nan
0.000000
0.234000
nan
0.000000
0.234000
nan
0.000000
0.000000
0.500000
0.500000
0.500000
nan
nan
0.500000
0.500000
0.000000
0.500000
0.750000
nan
nan
nan
0.500000
0.000000
1.000000
1.000000
0.500000
nan
0.500000
0.000000
nan
nan
0.000000
0.500000
0.500000
0.500000
0.000000
1.000000
0.000000
1.000000
0.500000
nan
nan
0.000000
nan
0.000000
0.000000
0.500000
0.250000
0.000000
0.000000
0.500000
nan
nan
nan
0.000000
0.500000
0.000000
nan
0.250000
nan
0.000000
nan
0.500000
0.500000
0.500000
nan
0.000000
0.000000
0.500000
0.500000
0.500000
nan
0.000000
0.000000
0.500000
nan
0.000000
1.000000
0.000000
0.500000
nan
1.000000
0.000000
0.500000
nan
nan
0.000000
nan
0.000000
nan
nan
nan
0.000000
