Coverage(RPKM): 1612.851406
0.054000
nan
nan
nan
0.054000
0.259000
nan
0.556000
0.222000
nan
0.148000
0.074000
nan
0.815000
0.333000
nan
0.148000
0.296000
nan
0.444000
0.222000
nan
0.444000
0.296000
nan
0.741000
nan
nan
0.481000
nan
nan
0.444000
0.222000
nan
nan
nan
0.630000
0.667000
0.519000
0.889000
nan
nan
nan
0.370000
nan
nan
0.296000
nan
0.519000
0.593000
nan
nan
0.296000
0.074000
0.148000
nan
0.444000
nan
0.370000
nan
nan
0.630000
0.519000
0.704000
nan
nan
nan
0.370000
0.444000
nan
1.000000
0.444000
nan
nan
0.296000
0.054000
0.370000
0.667000
1.000000
nan
0.704000
nan
1.000000
nan
nan
1.000000
0.630000
0.852000
0.222000
1.000000
0.544000
0.906000
1.000000
0.604000
0.785000
nan
0.725000
0.906000
1.000000
nan
0.121000
0.121000
nan
0.121000
0.363000
nan
nan
nan
0.967000
0.665000
0.363000
0.967000
0.483000
nan
0.483000
nan
nan
nan
0.665000
0.363000
nan
0.423000
0.242000
nan
0.121000
0.121000
0.665000
0.544000
nan
nan
0.725000
nan
nan
0.725000
0.242000
nan
0.363000
0.060000
nan
nan
0.242000
0.423000
0.725000
0.121000
0.483000
0.181000
nan
0.604000
0.121000
0.121000
0.060000
0.027000
0.302000
0.242000
0.027000
0.363000
nan
0.027000
0.363000
nan
0.242000
0.175000
nan
nan
nan
0.105000
nan
nan
0.070000
0.051000
nan
0.051000
nan
nan
nan
nan
0.140000
0.105000
0.490000
nan
nan
0.385000
0.315000
nan
0.140000
nan
nan
nan
nan
0.525000
0.070000
nan
0.175000
nan
nan
nan
0.210000
0.070000
0.051000
0.946000
nan
nan
nan
nan
nan
nan
nan
nan
0.455000
0.350000
0.420000
nan
0.105000
nan
0.420000
nan
nan
0.665000
0.876000
0.595000
0.981000
0.841000
nan
0.350000
0.525000
nan
0.455000
0.315000
0.490000
nan
nan
nan
nan
0.560000
nan
0.210000
0.946000
nan
1.000000
nan
nan
0.490000
0.595000
0.911000
nan
0.771000
nan
nan
nan
nan
0.981000
0.455000
nan
nan
nan
nan
0.175000
nan
nan
1.000000
0.490000
nan
0.806000
0.771000
1.000000
0.490000
0.700000
0.475000
0.350000
nan
nan
nan
0.650000
0.825000
nan
nan
nan
0.500000
1.000000
1.000000
nan
0.575000
nan
nan
nan
0.875000
nan
nan
nan
0.325000
nan
0.600000
0.200000
0.750000
nan
0.275000
0.200000
nan
nan
0.475000
nan
0.825000
nan
nan
0.500000
nan
nan
0.200000
0.325000
0.675000
nan
nan
0.650000
1.000000
0.425000
0.825000
0.775000
nan
0.825000
0.675000
0.225000
0.375000
0.575000
nan
1.000000
0.650000
nan
0.400000
0.675000
nan
nan
0.475000
0.525000
0.625000
nan
nan
0.300000
0.325000
0.375000
0.800000
0.525000
0.425000
nan
0.200000
0.300000
0.300000
0.550000
nan
0.425000
nan
0.648000
nan
1.000000
0.829000
nan
nan
nan
nan
nan
0.311000
nan
0.570000
0.285000
nan
nan
nan
nan
0.466000
nan
1.000000
1.000000
nan
0.492000
nan
0.570000
nan
nan
0.130000
nan
0.285000
nan
nan
nan
nan
nan
nan
0.492000
nan
0.311000
nan
nan
nan
0.389000
0.285000
nan
0.725000
nan
0.544000
nan
0.155000
0.285000
nan
nan
nan
0.674000
nan
nan
nan
nan
nan
nan
nan
0.233000
nan
nan
0.674000
nan
nan
0.751000
0.596000
0.311000
0.337000
nan
0.155000
0.207000
0.207000
0.104000
0.052000
0.052000
0.130000
nan
nan
nan
0.466000
0.233000
nan
nan
0.104000
0.052000
nan
nan
nan
0.181000
nan
nan
0.181000
0.052000
0.181000
nan
nan
0.285000
0.311000
0.389000
nan
nan
0.233000
0.207000
0.155000
0.130000
nan
nan
nan
nan
0.843000
nan
0.754000
nan
0.532000
nan
nan
nan
nan
nan
0.310000
0.355000
nan
nan
nan
0.399000
0.133000
0.665000
0.222000
0.976000
0.133000
0.488000
nan
nan
nan
nan
nan
nan
0.798000
0.488000
0.621000
nan
nan
1.000000
0.621000
nan
0.443000
nan
nan
nan
nan
0.576000
0.133000
0.621000
0.754000
0.754000
0.399000
0.621000
0.665000
nan
nan
0.399000
0.177000
nan
0.621000
nan
0.443000
nan
0.133000
0.488000
0.177000
nan
nan
0.843000
0.532000
0.488000
0.532000
nan
nan
nan
nan
nan
nan
0.798000
nan
nan
0.798000
nan
1.000000
nan
0.355000
0.177000
0.621000
0.576000
1.000000
nan
nan
0.532000
0.177000
0.266000
0.222000
0.532000
nan
0.075000
nan
0.922000
0.430000
0.246000
0.584000
0.184000
nan
0.707000
0.645000
nan
0.276000
0.184000
0.829000
nan
nan
0.676000
nan
nan
nan
nan
nan
nan
0.430000
0.553000
nan
0.075000
0.184000
0.092000
0.154000
nan
0.461000
0.276000
nan
0.737000
0.614000
nan
0.799000
0.768000
nan
nan
nan
nan
nan
0.584000
0.522000
nan
nan
nan
nan
nan
0.768000
0.952000
0.154000
nan
0.584000
0.154000
nan
nan
nan
0.492000
nan
nan
0.584000
0.614000
nan
nan
0.522000
0.707000
nan
0.737000
nan
1.000000
0.829000
0.983000
0.645000
0.676000
nan
nan
nan
nan
0.369000
nan
nan
0.057000
nan
nan
1.000000
0.786000
0.609000
0.609000
0.880000
0.558000
nan
0.240000
0.160000
nan
0.220000
0.260000
0.520000
0.180000
0.320000
0.240000
nan
nan
nan
nan
0.240000
nan
nan
0.180000
0.520000
nan
nan
0.520000
0.360000
0.440000
0.360000
nan
nan
0.038000
nan
1.000000
0.860000
nan
nan
nan
nan
nan
nan
nan
1.000000
nan
nan
0.460000
0.440000
0.500000
nan
0.540000
0.440000
nan
nan
nan
0.480000
nan
nan
nan
nan
0.140000
nan
0.260000
0.800000
nan
0.240000
0.060000
0.460000
0.400000
nan
nan
nan
nan
nan
1.000000
0.060000
nan
nan
nan
0.320000
nan
nan
nan
0.080000
0.300000
nan
nan
nan
0.080000
0.440000
0.260000
nan
nan
nan
nan
0.500000
nan
nan
0.480000
nan
nan
nan
0.038000
