Coverage(RPKM): 3047.967480
0.101000
nan
nan
nan
0.101000
nan
0.227000
0.182000
0.151000
0.101000
0.242000
0.408000
0.439000
0.439000
nan
nan
0.257000
0.287000
0.711000
nan
0.499000
0.363000
0.514000
nan
0.696000
0.575000
0.499000
0.545000
0.227000
1.000000
nan
nan
nan
1.000000
nan
0.424000
0.787000
0.499000
0.877000
0.424000
0.590000
0.424000
nan
nan
1.000000
0.469000
0.620000
0.424000
nan
nan
nan
nan
0.333000
0.983000
nan
nan
nan
nan
0.272000
0.923000
nan
0.530000
nan
0.257000
0.378000
0.484000
0.908000
0.454000
nan
nan
0.666000
0.348000
0.454000
0.499000
0.378000
nan
nan
0.983000
nan
nan
0.740000
nan
nan
0.637000
nan
1.000000
nan
0.781000
0.329000
nan
nan
0.391000
nan
nan
0.370000
0.699000
nan
0.699000
nan
nan
0.288000
0.596000
0.822000
0.966000
nan
nan
0.164000
0.329000
nan
nan
0.904000
0.308000
nan
0.514000
nan
0.699000
nan
1.000000
0.904000
nan
0.596000
nan
nan
0.493000
0.247000
0.555000
nan
nan
0.411000
nan
0.822000
nan
nan
nan
nan
nan
0.432000
0.226000
nan
nan
0.576000
nan
nan
0.329000
0.349000
0.329000
0.719000
nan
nan
0.452000
nan
nan
nan
0.164000
0.267000
0.164000
nan
0.164000
0.164000
0.493000
nan
nan
nan
0.534000
nan
nan
nan
nan
0.719000
0.637000
nan
nan
0.966000
0.658000
nan
1.000000
nan
nan
nan
nan
nan
0.411000
nan
0.637000
nan
0.576000
nan
nan
0.443000
0.363000
0.262000
nan
nan
nan
0.765000
nan
nan
0.806000
nan
0.564000
0.150000
0.282000
nan
nan
nan
0.242000
0.463000
0.262000
0.604000
0.846000
nan
nan
nan
nan
0.181000
nan
nan
nan
nan
0.363000
0.222000
0.161000
nan
0.150000
0.342000
nan
nan
nan
0.645000
0.544000
0.423000
nan
0.725000
nan
0.685000
nan
1.000000
0.564000
0.967000
0.463000
0.826000
1.000000
nan
0.222000
0.242000
nan
nan
0.262000
nan
nan
nan
nan
1.000000
0.685000
nan
0.423000
0.584000
nan
0.463000
0.383000
nan
0.564000
0.685000
nan
0.665000
nan
0.604000
0.423000
nan
0.282000
nan
0.483000
0.150000
nan
nan
nan
0.564000
nan
0.524000
0.926000
nan
1.000000
nan
nan
0.312000
nan
nan
0.078000
nan
0.265000
nan
0.780000
nan
0.624000
0.952000
nan
nan
1.000000
0.577000
0.234000
0.156000
0.203000
0.094000
0.047000
0.078000
0.156000
nan
1.000000
0.983000
0.328000
0.530000
0.421000
nan
nan
nan
nan
nan
nan
nan
nan
0.312000
nan
0.577000
nan
0.359000
0.452000
0.983000
nan
nan
0.094000
0.312000
0.281000
0.281000
0.374000
0.312000
nan
nan
0.702000
0.780000
nan
0.312000
nan
nan
0.421000
nan
nan
0.203000
0.359000
nan
0.515000
0.702000
nan
0.265000
0.468000
nan
0.374000
nan
nan
0.281000
nan
nan
0.359000
0.030000
nan
0.250000
0.343000
nan
0.030000
0.030000
