Coverage(RPKM): 3218.539326
0.035000
nan
nan
0.119000
0.060000
nan
nan
nan
nan
nan
0.164000
nan
0.104000
nan
0.149000
0.194000
0.104000
nan
0.552000
0.268000
0.164000
0.060000
0.119000
nan
nan
nan
nan
0.447000
nan
nan
0.418000
0.224000
nan
0.656000
nan
0.164000
nan
0.119000
0.035000
nan
0.447000
nan
0.224000
nan
0.224000
nan
nan
nan
0.686000
0.239000
0.209000
nan
nan
nan
0.403000
nan
0.035000
nan
0.358000
nan
nan
nan
0.134000
0.104000
0.224000
nan
0.597000
0.194000
nan
1.000000
0.746000
nan
nan
0.268000
nan
1.000000
0.447000
0.268000
nan
nan
nan
nan
nan
nan
nan
nan
nan
0.492000
1.000000
nan
0.254000
0.060000
0.089000
nan
nan
nan
nan
0.328000
0.209000
nan
0.179000
nan
nan
nan
nan
0.209000
nan
nan
nan
nan
nan
nan
0.701000
nan
0.495000
nan
nan
nan
nan
nan
0.709000
0.396000
nan
nan
0.824000
0.561000
nan
1.000000
0.445000
0.610000
0.528000
0.660000
0.544000
1.000000
0.379000
nan
nan
nan
nan
0.742000
0.676000
nan
nan
nan
0.824000
nan
0.561000
nan
0.115000
0.132000
0.923000
nan
0.280000
0.313000
0.495000
1.000000
nan
nan
nan
0.610000
0.643000
nan
nan
0.561000
0.660000
0.676000
0.610000
nan
0.115000
0.115000
nan
nan
nan
nan
0.973000
nan
0.643000
nan
0.247000
0.231000
nan
nan
nan
0.148000
0.478000
0.165000
nan
nan
0.115000
0.495000
nan
nan
nan
0.181000
0.462000
0.692000
nan
0.478000
0.280000
0.577000
nan
0.181000
0.231000
nan
nan
nan
nan
0.313000
nan
0.114000
0.725000
nan
nan
nan
nan
nan
nan
nan
nan
0.902000
nan
nan
nan
0.442000
nan
nan
0.354000
nan
nan
nan
0.601000
0.849000
nan
nan
0.460000
nan
0.230000
0.990000
nan
0.566000
nan
nan
0.195000
nan
nan
0.114000
0.177000
0.283000
0.114000
nan
0.813000
0.601000
0.902000
0.495000
nan
0.973000
0.760000
0.920000
nan
nan
nan
nan
0.973000
0.654000
0.778000
1.000000
0.973000
nan
nan
nan
nan
nan
nan
nan
0.637000
nan
nan
nan
0.141000
nan
0.584000
0.531000
nan
0.354000
nan
0.124000
0.548000
nan
0.424000
0.424000
0.849000
nan
0.760000
0.442000
nan
0.973000
nan
1.000000
nan
0.265000
0.495000
nan
nan
nan
0.265000
0.354000
0.637000
nan
nan
nan
0.336000
nan
nan
nan
1.000000
0.778000
0.525000
nan
0.300000
0.300000
0.645000
1.000000
0.675000
1.000000
0.735000
0.930000
nan
0.345000
0.252000
nan
nan
0.975000
nan
nan
nan
nan
nan
nan
0.795000
nan
1.000000
0.525000
nan
nan
0.252000
0.720000
nan
nan
nan
0.525000
nan
nan
0.870000
nan
nan
nan
nan
0.495000
0.780000
0.465000
nan
nan
0.750000
0.660000
0.555000
0.630000
0.750000
nan
0.330000
nan
nan
nan
0.495000
0.465000
nan
nan
nan
nan
nan
0.765000
0.390000
0.600000
0.420000
nan
0.615000
0.930000
0.390000
nan
nan
nan
nan
0.285000
0.252000
nan
nan
0.765000
nan
0.495000
0.885000
0.615000
0.780000
0.840000
0.375000
0.840000
nan
nan
nan
nan
nan
0.660000
0.720000
nan
nan
nan
0.480000
1.000000
0.513000
nan
0.692000
0.525000
0.727000
0.286000
0.477000
nan
nan
nan
nan
nan
0.632000
0.787000
nan
nan
nan
nan
0.346000
nan
nan
0.429000
nan
0.549000
0.656000
nan
nan
0.811000
0.537000
0.501000
nan
0.417000
0.262000
0.823000
0.847000
0.632000
nan
nan
0.954000
nan
0.513000
0.310000
nan
0.704000
nan
nan
0.513000
0.417000
nan
nan
nan
nan
nan
0.668000
0.859000
nan
0.286000
nan
nan
nan
nan
nan
nan
nan
nan
nan
nan
nan
0.298000
0.224000
0.298000
nan
0.298000
0.453000
0.644000
0.680000
nan
nan
nan
0.775000
0.584000
0.787000
nan
nan
nan
nan
nan
nan
nan
0.224000
1.000000
nan
nan
nan
nan
nan
0.954000
1.000000
0.513000
0.346000
nan
0.250000
nan
0.224000
0.322000
0.489000
0.774000
0.648000
0.363000
0.790000
0.679000
nan
nan
nan
0.251000
0.474000
0.727000
nan
nan
nan
0.616000
0.695000
0.664000
0.269000
0.900000
0.679000
1.000000
nan
nan
0.585000
0.742000
0.695000
1.000000
nan
0.600000
0.774000
0.742000
nan
0.664000
nan
nan
nan
nan
nan
nan
0.251000
0.395000
nan
nan
0.821000
nan
nan
nan
nan
nan
0.474000
nan
nan
0.506000
nan
nan
0.758000
0.332000
0.251000
0.284000
nan
0.348000
nan
0.711000
0.521000
0.284000
nan
nan
0.395000
0.758000
0.821000
0.711000
nan
0.679000
0.395000
nan
nan
0.853000
nan
0.790000
nan
nan
1.000000
nan
nan
0.916000
0.837000
nan
nan
0.395000
nan
nan
0.316000
nan
nan
0.948000
0.488000
nan
0.670000
0.344000
nan
nan
0.430000
0.622000
0.698000
0.186000
0.297000
nan
0.545000
0.354000
0.230000
0.440000
0.660000
nan
nan
nan
nan
nan
nan
0.976000
nan
nan
0.765000
0.383000
0.186000
0.306000
0.210000
0.459000
1.000000
nan
0.890000
0.574000
nan
nan
0.191000
0.373000
nan
nan
nan
nan
nan
0.727000
nan
0.459000
0.220000
1.000000
0.851000
nan
0.937000
nan
1.000000
nan
0.918000
0.947000
nan
nan
nan
0.210000
0.430000
0.363000
0.373000
nan
nan
nan
0.268000
0.631000
0.478000
0.995000
nan
nan
nan
nan
nan
0.574000
nan
nan
nan
nan
nan
0.287000
nan
nan
nan
nan
nan
nan
0.186000
0.220000
0.526000
nan
0.210000
0.191000
0.268000
0.473000
0.543000
nan
nan
nan
0.685000
1.000000
0.626000
0.520000
0.981000
nan
nan
1.000000
nan
0.461000
0.709000
nan
nan
nan
0.839000
nan
nan
nan
nan
nan
0.839000
0.473000
nan
0.390000
0.591000
nan
0.532000
nan
nan
nan
0.295000
0.886000
1.000000
nan
nan
nan
0.532000
0.284000
0.449000
nan
0.602000
nan
0.614000
nan
nan
nan
0.780000
0.768000
nan
nan
0.366000
nan
nan
0.277000
0.277000
0.815000
0.638000
nan
nan
0.496000
0.697000
0.591000
0.532000
nan
nan
nan
0.413000
nan
0.602000
0.307000
0.567000
0.413000
nan
0.331000
0.402000
nan
nan
nan
0.277000
0.449000
0.378000
0.354000
nan
nan
nan
nan
nan
nan
nan
nan
0.567000
nan
0.709000
0.520000
0.685000
nan
0.342000
0.447000
nan
nan
nan
nan
nan
nan
nan
nan
0.210000
nan
0.342000
nan
0.775000
nan
0.907000
0.203000
0.223000
0.203000
0.250000
nan
0.329000
0.342000
0.368000
0.203000
0.762000
1.000000
nan
nan
0.210000
0.473000
nan
nan
0.618000
0.407000
0.526000
0.526000
0.710000
0.959000
nan
1.000000
0.710000
0.986000
nan
nan
nan
0.710000
0.565000
nan
0.526000
0.420000
nan
nan
nan
nan
nan
nan
nan
0.802000
nan
0.604000
0.473000
nan
nan
nan
nan
nan
nan
nan
0.959000
1.000000
0.302000
nan
nan
0.841000
0.946000
nan
nan
nan
0.512000
0.604000
nan
nan
nan
nan
nan
0.368000
0.578000
0.473000
nan
nan
0.972000
nan
nan
0.946000
0.460000
0.499000
0.223000
0.394000
0.659000
0.646000
nan
nan
nan
1.000000
nan
0.488000
0.778000
1.000000
nan
nan
nan
0.593000
0.356000
0.343000
0.435000
nan
nan
nan
0.461000
nan
nan
nan
0.949000
1.000000
nan
0.541000
nan
0.897000
nan
nan
0.606000
nan
nan
nan
nan
0.369000
0.738000
nan
nan
nan
nan
nan
0.765000
0.501000
0.686000
0.382000
0.554000
0.633000
nan
nan
0.264000
0.189000
nan
0.369000
0.870000
nan
0.633000
nan
nan
0.396000
0.817000
nan
0.672000
0.330000
0.330000
nan
nan
nan
nan
0.488000
0.831000
0.646000
nan
nan
0.189000
0.189000
nan
nan
0.567000
0.765000
nan
0.778000
0.791000
nan
0.567000
nan
nan
nan
0.250000
0.712000
0.211000
nan
0.527000
0.672000
nan
0.343000
0.640000
nan
nan
nan
nan
0.624000
0.733000
0.764000
0.484000
0.484000
nan
0.671000
nan
nan
0.468000
0.686000
0.343000
0.359000
0.796000
nan
nan
0.702000
nan
0.281000
nan
nan
nan
0.608000
0.593000
0.764000
0.406000
0.546000
0.593000
nan
0.546000
1.000000
nan
nan
0.421000
nan
1.000000
nan
nan
nan
nan
nan
nan
0.983000
0.842000
nan
nan
nan
nan
0.608000
nan
nan
nan
nan
nan
nan
0.952000
0.406000
0.390000
nan
0.655000
0.749000
0.499000
nan
0.624000
nan
nan
nan
0.983000
nan
0.374000
0.132000
0.187000
0.406000
nan
nan
0.132000
nan
0.132000
0.140000
0.562000
0.390000
0.952000
nan
nan
nan
nan
0.827000
nan
nan
nan
nan
nan
nan
nan
nan
0.827000
0.702000
1.000000
nan
nan
nan
nan
nan
nan
nan
nan
nan
nan
0.655000
nan
nan
nan
nan
nan
1.000000
0.643000
nan
0.608000
0.539000
nan
nan
nan
0.851000
nan
nan
nan
1.000000
nan
0.712000
0.834000
nan
nan
0.643000
nan
nan
nan
nan
nan
0.348000
nan
nan
nan
nan
1.000000
nan
0.817000
0.365000
0.365000
0.295000
0.869000
0.243000
0.182000
nan
0.182000
0.243000
nan
nan
0.521000
nan
nan
nan
0.521000
0.434000
0.400000
nan
nan
nan
0.348000
0.608000
0.660000
nan
0.365000
0.313000
nan
nan
nan
nan
nan
nan
nan
nan
nan
nan
nan
0.261000
0.182000
0.382000
0.313000
nan
0.990000
0.209000
nan
0.313000
0.191000
0.469000
0.417000
nan
0.521000
nan
nan
nan
0.834000
nan
nan
0.521000
nan
nan
nan
0.539000
0.730000
nan
nan
nan
0.956000
nan
nan
0.608000
0.382000
0.504000
0.452000
nan
nan
nan
nan
0.243000
0.280000
0.333000
0.333000
nan
nan
0.420000
0.263000
0.438000
nan
0.718000
0.613000
nan
0.823000
0.543000
0.823000
0.438000
0.508000
0.455000
0.543000
0.560000
nan
nan
nan
0.543000
0.841000
0.578000
nan
0.473000
0.368000
nan
nan
0.243000
0.630000
0.385000
0.823000
nan
0.473000
0.630000
nan
nan
nan
nan
0.473000
nan
nan
nan
0.243000
1.000000
0.243000
0.455000
0.771000
nan
nan
0.350000
0.701000
nan
nan
0.508000
nan
nan
0.788000
nan
0.928000
nan
nan
nan
0.753000
nan
0.858000
nan
0.403000
nan
nan
0.823000
nan
nan
nan
nan
0.525000
1.000000
nan
nan
nan
nan
0.298000
1.000000
nan
nan
nan
nan
nan
nan
nan
nan
nan
nan
nan
nan
0.403000
0.718000
nan
nan
0.315000
nan
nan
0.981000
nan
nan
nan
0.123000
nan
nan
0.225000
nan
nan
0.594000
nan
1.000000
nan
nan
nan
0.409000
nan
nan
0.553000
nan
0.614000
nan
nan
nan
nan
nan
1.000000
0.532000
0.901000
0.655000
0.798000
nan
nan
nan
0.757000
0.860000
nan
0.532000
nan
0.921000
nan
nan
nan
0.901000
nan
0.491000
0.553000
nan
0.450000
0.512000
nan
nan
nan
0.348000
nan
nan
nan
nan
0.676000
0.348000
nan
nan
0.491000
nan
0.819000
1.000000
nan
nan
0.307000
nan
nan
nan
0.266000
0.450000
nan
nan
nan
nan
nan
nan
0.184000
0.100000
nan
0.389000
nan
0.532000
0.328000
0.348000
nan
nan
nan
nan
0.573000
nan
0.430000
nan
nan
nan
nan
nan
0.737000
nan
nan
0.880000
nan
nan
nan
nan
0.164000
0.225000
0.573000
0.100000
0.368000
0.100000
0.123000
0.757000
0.532000
nan
0.655000
nan
nan
0.452000
0.747000
nan
nan
nan
nan
nan
0.498000
nan
nan
0.566000
0.633000
nan
0.588000
0.475000
0.679000
nan
nan
nan
nan
nan
nan
0.679000
0.362000
0.882000
0.257000
0.317000
nan
nan
0.452000
nan
nan
0.475000
nan
nan
0.588000
0.498000
0.928000
0.543000
0.588000
0.837000
nan
nan
1.000000
nan
nan
0.679000
nan
nan
0.611000
0.339000
0.498000
nan
nan
nan
0.430000
0.814000
nan
0.611000
0.792000
nan
0.747000
0.452000
0.611000
0.407000
nan
0.520000
0.520000
nan
nan
nan
0.294000
0.882000
0.724000
nan
0.362000
nan
0.257000
nan
0.566000
0.407000
nan
0.566000
nan
nan
0.257000
0.566000
nan
0.882000
1.000000
nan
nan
nan
nan
nan
nan
nan
0.950000
nan
nan
1.000000
nan
nan
0.155000
nan
nan
nan
nan
nan
0.437000
0.225000
nan
nan
0.310000
nan
nan
nan
nan
0.507000
nan
nan
0.423000
0.507000
0.606000
nan
0.352000
0.606000
nan
nan
nan
0.521000
0.183000
nan
0.155000
0.155000
0.268000
nan
nan
0.451000
0.211000
0.577000
nan
0.282000
0.648000
nan
nan
0.310000
0.732000
0.451000
0.254000
nan
nan
nan
nan
nan
nan
nan
nan
nan
nan
0.563000
nan
nan
nan
0.197000
nan
nan
nan
1.000000
nan
0.268000
nan
nan
nan
0.563000
0.169000
0.211000
0.648000
0.155000
0.408000
nan
0.211000
0.507000
0.704000
0.380000
nan
0.732000
0.676000
1.000000
1.000000
nan
nan
0.394000
nan
nan
0.507000
1.000000
0.366000
nan
0.254000
0.155000
nan
nan
0.563000
nan
nan
0.338000
nan
nan
nan
nan
nan
1.000000
0.973000
0.424000
nan
0.574000
0.648000
nan
nan
0.773000
nan
0.798000
0.773000
nan
nan
nan
0.274000
nan
0.150000
0.100000
0.100000
0.449000
nan
nan
0.923000
0.798000
0.349000
0.599000
0.673000
0.698000
1.000000
nan
nan
0.948000
0.524000
0.973000
nan
nan
nan
0.499000
nan
1.000000
nan
0.673000
nan
nan
nan
nan
nan
0.200000
nan
0.249000
nan
0.274000
nan
0.574000
nan
0.274000
0.549000
0.898000
nan
nan
nan
0.923000
nan
0.798000
0.648000
nan
0.524000
0.424000
0.623000
nan
nan
0.224000
nan
0.299000
nan
nan
nan
0.848000
nan
0.100000
nan
nan
0.773000
0.474000
0.299000
nan
0.449000
nan
0.299000
nan
nan
nan
0.125000
0.100000
0.116000
nan
nan
nan
nan
nan
0.438000
nan
nan
nan
nan
nan
0.717000
0.598000
nan
0.518000
1.000000
0.876000
nan
0.757000
nan
0.116000
nan
0.518000
nan
0.598000
nan
1.000000
nan
nan
nan
nan
0.757000
nan
nan
nan
0.677000
nan
nan
nan
0.478000
0.159000
0.518000
0.478000
0.956000
0.438000
0.279000
nan
nan
nan
0.558000
0.239000
nan
nan
nan
0.677000
0.598000
nan
0.598000
nan
nan
nan
nan
0.398000
0.637000
0.398000
nan
nan
nan
0.956000
0.717000
nan
0.837000
0.558000
nan
0.159000
0.438000
0.398000
nan
nan
nan
1.000000
0.319000
0.757000
0.398000
nan
nan
nan
0.438000
0.239000
nan
0.116000
0.199000
0.677000
0.598000
0.478000
0.757000
nan
nan
nan
nan
nan
0.478000
nan
nan
nan
nan
0.797000
0.819000
nan
nan
0.354000
0.155000
nan
0.155000
nan
nan
nan
0.376000
0.398000
0.332000
0.354000
0.531000
0.155000
0.243000
0.332000
nan
nan
nan
0.420000
nan
0.442000
nan
0.553000
nan
nan
nan
0.442000
nan
nan
nan
0.686000
0.619000
nan
nan
nan
0.376000
0.819000
0.752000
nan
0.597000
nan
nan
0.354000
nan
nan
0.686000
nan
nan
0.597000
0.686000
nan
0.752000
0.863000
nan
0.354000
0.841000
0.221000
nan
nan
1.000000
0.730000
nan
0.420000
nan
nan
nan
0.221000
0.155000
0.155000
0.177000
nan
nan
0.597000
nan
0.332000
0.686000
0.951000
nan
0.509000
nan
0.686000
1.000000
0.487000
0.243000
0.531000
1.000000
nan
nan
nan
nan
0.332000
nan
0.443000
nan
0.500000
nan
0.314000
0.386000
nan
nan
0.514000
0.500000
0.671000
0.871000
nan
nan
0.329000
nan
nan
0.234000
0.234000
0.314000
0.300000
0.257000
nan
nan
0.457000
0.829000
nan
0.300000
nan
nan
nan
0.614000
nan
0.743000
nan
0.843000
nan
1.000000
nan
nan
nan
nan
nan
nan
nan
0.500000
0.543000
0.314000
nan
0.386000
nan
nan
0.700000
0.986000
0.957000
nan
0.514000
nan
0.686000
0.771000
nan
0.643000
0.971000
0.800000
nan
nan
0.414000
0.486000
0.414000
nan
nan
nan
1.000000
nan
0.371000
nan
0.486000
0.614000
nan
nan
nan
nan
nan
nan
nan
0.671000
nan
nan
0.286000
nan
nan
0.234000
0.800000
nan
nan
0.671000
1.000000
0.371000
1.000000
0.471000
nan
nan
nan
nan
0.981000
0.534000
0.895000
nan
nan
nan
nan
0.878000
0.620000
0.499000
0.929000
nan
nan
nan
0.654000
nan
nan
nan
nan
nan
0.310000
0.637000
nan
0.224000
nan
nan
nan
0.361000
0.396000
0.551000
1.000000
0.688000
0.448000
nan
nan
0.430000
1.000000
0.809000
0.465000
nan
nan
0.499000
nan
0.568000
nan
0.465000
nan
0.654000
0.534000
nan
0.224000
nan
nan
nan
0.430000
nan
nan
nan
0.379000
nan
1.000000
nan
nan
nan
0.224000
0.723000
0.551000
nan
0.138000
0.310000
nan
0.138000
nan
nan
nan
nan
0.516000
0.396000
nan
0.620000
0.568000
0.430000
0.344000
0.155000
nan
nan
0.482000
nan
nan
nan
nan
nan
nan
nan
nan
nan
0.138000
0.396000
0.207000
nan
nan
nan
0.275000
nan
0.138000
nan
0.413000
0.918000
0.619000
nan
1.000000
nan
nan
0.180000
nan
nan
0.379000
0.319000
0.459000
nan
nan
nan
0.120000
0.120000
nan
nan
nan
0.259000
0.639000
0.359000
nan
nan
0.299000
0.399000
0.898000
nan
nan
nan
nan
nan
0.379000
nan
nan
nan
nan
0.539000
0.659000
nan
nan
0.379000
0.539000
nan
0.639000
nan
nan
nan
nan
0.259000
nan
0.299000
nan
0.699000
nan
nan
nan
0.140000
nan
0.479000
nan
0.599000
nan
0.699000
0.978000
0.958000
1.000000
nan
nan
0.120000
nan
0.339000
nan
0.579000
0.659000
1.000000
nan
0.180000
nan
0.120000
nan
nan
nan
nan
0.599000
0.719000
nan
0.659000
0.719000
0.359000
nan
nan
0.359000
nan
0.719000
0.539000
0.419000
0.838000
nan
nan
nan
nan
nan
nan
0.240000
0.379000
nan
1.000000
1.000000
nan
0.281000
0.113000
nan
0.774000
nan
nan
nan
0.375000
0.445000
nan
nan
nan
nan
0.633000
nan
0.563000
1.000000
0.445000
0.891000
0.774000
nan
0.750000
0.821000
nan
nan
nan
nan
nan
0.563000
nan
nan
0.281000
nan
0.539000
nan
nan
0.516000
nan
nan
0.422000
0.234000
nan
nan
0.422000
0.492000
0.586000
0.516000
nan
0.516000
nan
0.469000
nan
nan
nan
nan
nan
0.258000
0.586000
0.563000
0.113000
0.445000
0.539000
nan
nan
nan
0.399000
0.539000
nan
nan
0.211000
0.113000
0.610000
0.633000
nan
nan
nan
nan
0.539000
nan
0.164000
0.258000
nan
0.375000
0.891000
0.305000
0.492000
nan
nan
nan
0.211000
0.821000
nan
0.961000
0.727000
nan
0.558000
0.324000
nan
nan
nan
0.198000
nan
0.216000
0.234000
nan
0.558000
0.558000
0.684000
nan
0.288000
nan
nan
nan
nan
nan
nan
nan
nan
nan
nan
0.198000
0.180000
nan
1.000000
0.684000
nan
nan
nan
nan
nan
0.882000
0.648000
0.432000
0.684000
nan
nan
0.126000
nan
0.108000
nan
nan
0.252000
nan
1.000000
nan
nan
nan
0.828000
0.918000
nan
nan
1.000000
nan
0.720000
nan
nan
0.234000
0.180000
0.540000
0.360000
0.360000
0.360000
0.486000
0.990000
0.684000
nan
0.288000
0.504000
nan
nan
nan
0.432000
0.540000
nan
nan
0.486000
nan
0.612000
nan
nan
0.288000
0.144000
0.342000
0.198000
nan
0.180000
0.108000
0.882000
nan
0.108000
0.108000
0.216000
0.276000
0.497000
nan
0.414000
0.718000
1.000000
0.912000
0.497000
nan
0.083000
nan
nan
1.000000
0.580000
nan
0.939000
0.249000
0.387000
0.884000
0.691000
0.746000
0.773000
0.884000
nan
1.000000
0.166000
nan
0.040000
nan
nan
0.359000
0.884000
nan
nan
nan
nan
0.331000
nan
nan
0.304000
0.138000
0.442000
nan
0.304000
nan
0.249000
nan
nan
nan
nan
0.221000
0.166000
0.304000
nan
0.040000
0.138000
nan
0.083000
0.055000
0.442000
0.138000
0.331000
nan
0.110000
0.221000
nan
0.276000
nan
nan
0.138000
0.193000
nan
nan
nan
nan
0.221000
0.359000
nan
0.040000
0.083000
nan
0.331000
0.110000
0.087000
0.000000
0.519000
0.433000
0.519000
0.866000
nan
0.606000
0.606000
nan
0.693000
nan
nan
0.693000
0.779000
nan
0.000000
nan
0.346000
0.173000
0.519000
0.346000
0.346000
nan
0.519000
0.866000
0.606000
0.346000
0.606000
1.000000
0.346000
0.346000
0.779000
nan
0.000000
0.952000
nan
0.173000
0.519000
0.519000
1.000000
0.087000
1.000000
0.519000
nan
0.000000
0.519000
nan
nan
0.000000
nan
0.519000
0.346000
0.606000
nan
nan
0.693000
nan
0.173000
nan
nan
0.000000
0.693000
nan
nan
nan
0.173000
0.173000
nan
nan
0.173000
nan
0.087000
0.173000
nan
nan
nan
nan
nan
0.346000
0.519000
nan
0.087000
0.173000
nan
0.000000
nan
0.260000
nan
nan
nan
0.000000
0.000000
