Coverage(RPKM): 90066.265060
0.161000
nan
nan
nan
nan
nan
nan
nan
0.162000
nan
nan
nan
0.191000
0.224000
0.209000
nan
0.180000
nan
nan
nan
nan
nan
nan
nan
0.304000
0.344000
0.488000
0.612000
0.319000
0.203000
0.321000
0.224000
nan
nan
0.360000
nan
nan
0.335000
nan
nan
0.216000
nan
nan
0.442000
0.252000
nan
0.217000
0.208000
0.330000
nan
0.670000
0.411000
0.652000
nan
0.213000
0.240000
0.211000
0.312000
0.317000
nan
nan
nan
0.627000
0.504000
0.690000
nan
0.366000
0.330000
nan
nan
nan
nan
nan
nan
nan
0.764000
1.000000
0.995000
nan
nan
0.273000
0.161000
0.161000
0.228000
0.271000
nan
0.322000
nan
1.000000
0.704000
nan
0.998000
1.000000
nan
nan
0.269000
nan
nan
nan
nan
0.817000
nan
nan
nan
0.272000
0.644000
0.680000
0.617000
nan
nan
1.000000
0.272000
0.610000
0.647000
nan
nan
nan
nan
nan
nan
nan
nan
nan
0.333000
0.329000
0.272000
0.341000
nan
0.851000
0.674000
0.967000
0.624000
0.780000
1.000000
nan
nan
nan
nan
nan
nan
nan
nan
1.000000
nan
0.888000
0.406000
nan
nan
0.309000
nan
0.460000
0.585000
0.436000
0.506000
0.465000
nan
nan
0.480000
nan
nan
nan
0.535000
0.619000
0.757000
nan
nan
nan
nan
nan
0.625000
0.899000
nan
0.835000
0.826000
nan
nan
0.771000
nan
0.576000
nan
0.679000
0.857000
nan
nan
nan
0.489000
nan
nan
0.445000
nan
nan
nan
0.463000
0.358000
nan
0.586000
0.387000
0.672000
0.597000
0.843000
0.570000
nan
nan
nan
nan
nan
nan
0.648000
0.740000
nan
nan
0.463000
0.957000
0.368000
0.630000
0.531000
nan
nan
0.773000
nan
0.220000
nan
nan
0.679000
0.462000
nan
nan
nan
0.862000
0.630000
nan
nan
0.177000
nan
nan
nan
0.233000
0.455000
nan
0.339000
0.566000
nan
0.310000
0.172000
0.279000
nan
nan
0.172000
0.172000
