Coverage(RPKM): 24250.684932
0.069000
nan
nan
nan
nan
nan
0.134000
0.097000
0.083000
nan
nan
nan
0.134000
0.124000
nan
0.072000
0.069000
0.182000
0.159000
nan
0.178000
nan
nan
nan
nan
nan
nan
0.242000
0.233000
0.089000
nan
0.069000
nan
nan
0.268000
nan
0.409000
nan
0.409000
0.331000
0.308000
nan
0.649000
nan
0.702000
0.543000
nan
nan
nan
nan
0.173000
0.372000
0.461000
0.446000
0.355000
nan
0.438000
0.465000
nan
0.717000
0.483000
0.426000
0.566000
0.355000
0.355000
0.291000
0.316000
nan
nan
nan
nan
nan
nan
0.549000
0.399000
nan
1.000000
0.461000
0.655000
0.593000
0.971000
0.489000
0.865000
0.772000
nan
1.000000
1.000000
0.832000
0.583000
nan
0.473000
0.330000
nan
0.400000
nan
0.868000
nan
nan
nan
nan
nan
nan
nan
nan
nan
1.000000
1.000000
nan
nan
0.178000
0.169000
nan
nan
0.234000
0.452000
0.608000
nan
nan
0.169000
nan
nan
0.228000
nan
0.474000
0.361000
0.800000
nan
nan
0.440000
nan
nan
nan
nan
nan
nan
nan
0.349000
nan
nan
0.252000
nan
0.723000
0.835000
nan
nan
0.277000
0.275000
0.615000
0.561000
nan
nan
nan
nan
0.913000
nan
0.933000
nan
nan
0.207000
nan
nan
nan
nan
0.762000
0.400000
0.178000
0.536000
0.965000
nan
nan
nan
nan
nan
nan
1.000000
nan
0.556000
nan
0.648000
0.428000
nan
0.188000
0.169000
0.463000
0.483000
nan
0.547000
0.634000
0.401000
0.381000
0.188000
nan
0.466000
0.349000
0.461000
nan
0.315000
nan
nan
0.583000
nan
0.943000
nan
0.610000
0.907000
nan
0.820000
0.866000
0.900000
nan
nan
nan
nan
nan
nan
nan
0.537000
nan
0.633000
nan
nan
nan
0.413000
0.569000
0.626000
nan
nan
0.537000
0.624000
nan
0.311000
0.697000
1.000000
nan
0.327000
0.329000
0.292000
nan
nan
nan
0.359000
0.445000
nan
0.653000
0.464000
nan
nan
nan
1.000000
0.710000
0.366000
nan
nan
0.267000
nan
nan
nan
0.267000
nan
nan
nan
0.267000
0.592000
0.772000
0.496000
0.758000
0.864000
nan
0.745000
nan
nan
nan
nan
nan
nan
nan
nan
nan
nan
0.441000
0.340000
0.274000
nan
nan
nan
nan
nan
0.386000
nan
0.651000
1.000000
nan
0.731000
0.302000
0.530000
0.699000
nan
nan
0.445000
nan
nan
0.532000
0.964000
nan
nan
0.487000
nan
nan
nan
0.581000
nan
0.650000
nan
0.396000
1.000000
nan
nan
nan
nan
nan
0.388000
nan
nan
nan
1.000000
nan
0.931000
0.557000
0.723000
nan
nan
nan
nan
0.833000
0.628000
1.000000
nan
0.343000
nan
0.619000
0.699000
nan
nan
nan
nan
nan
0.471000
nan
0.352000
nan
nan
0.466000
0.266000
0.590000
nan
nan
nan
nan
nan
nan
0.959000
nan
0.657000
nan
nan
0.409000
0.780000
0.514000
nan
nan
nan
0.205000
nan
nan
nan
0.685000
0.709000
nan
nan
nan
0.167000
nan
0.328000
nan
nan
nan
nan
nan
nan
0.224000
nan
0.155000
0.128000
nan
nan
nan
nan
nan
nan
nan
0.153000
nan
nan
nan
nan
nan
nan
nan
0.462000
0.319000
0.462000
nan
0.566000
0.243000
0.542000
0.423000
nan
0.233000
0.300000
nan
nan
0.443000
0.366000
0.595000
0.462000
nan
0.866000
0.380000
0.469000
0.287000
nan
0.276000
nan
0.130000
0.229000
nan
0.113000
0.113000
