Coverage(RPKM): 445.945946
0.000000
nan
nan
0.733000
nan
0.419000
0.628000
0.000000
nan
nan
0.000000
nan
0.000000
nan
0.209000
0.000000
0.209000
nan
0.628000
0.000000
0.000000
nan
0.000000
0.942000
nan
0.419000
0.209000
0.524000
nan
nan
0.000000
0.628000
nan
0.419000
0.419000
nan
nan
nan
nan
0.209000
nan
0.838000
1.000000
nan
0.000000
nan
0.209000
0.000000
0.000000
nan
0.000000
1.000000
nan
0.838000
0.209000
0.209000
nan
0.209000
nan
0.419000
0.419000
nan
nan
0.524000
1.000000
nan
0.105000
nan
nan
nan
0.314000
0.314000
0.314000
nan
nan
nan
0.105000
0.105000
0.524000
0.209000
0.524000
0.209000
0.000000
0.500000
nan
0.750000
0.000000
0.750000
0.750000
0.000000
1.000000
nan
nan
0.500000
nan
0.750000
nan
0.250000
1.000000
0.750000
0.500000
nan
0.250000
nan
nan
1.000000
0.750000
0.500000
nan
0.000000
nan
nan
0.500000
nan
0.000000
0.000000
nan
nan
nan
0.500000
0.500000
1.000000
nan
0.000000
0.000000
0.000000
0.500000
nan
0.000000
0.500000
0.500000
nan
0.250000
nan
nan
0.000000
nan
0.000000
0.000000
0.340000
nan
0.000000
0.000000
nan
0.000000
0.000000
nan
nan
0.340000
nan
nan
0.340000
0.000000
0.725000
0.340000
0.000000
nan
0.340000
0.000000
nan
0.340000
nan
0.000000
0.000000
nan
0.180000
0.721000
1.000000
nan
0.901000
0.541000
0.541000
0.180000
nan
nan
0.360000
0.000000
0.541000
nan
1.000000
0.000000
nan
0.000000
0.360000
nan
0.360000
nan
0.180000
nan
nan
nan
nan
0.000000
nan
nan
nan
0.360000
0.541000
0.721000
0.541000
nan
nan
0.000000
0.541000
nan
nan
0.270000
0.180000
nan
0.180000
0.000000
nan
nan
1.000000
nan
0.270000
nan
0.000000
0.360000
nan
nan
0.000000
