Coverage(RPKM): 28655.000000
0.069000
nan
nan
0.069000
0.235000
0.116000
0.071000
0.069000
0.544000
0.123000
0.082000
nan
0.168000
nan
0.134000
nan
0.108000
nan
nan
0.104000
0.138000
0.190000
0.209000
0.190000
nan
nan
nan
0.179000
nan
0.384000
0.246000
0.227000
0.224000
0.306000
0.418000
nan
0.317000
0.354000
nan
nan
nan
nan
0.369000
nan
0.447000
nan
nan
nan
0.287000
0.302000
0.205000
nan
nan
0.216000
0.529000
0.611000
nan
0.418000
0.239000
0.585000
nan
nan
nan
0.638000
nan
0.298000
nan
nan
nan
nan
nan
nan
0.701000
0.660000
0.638000
nan
nan
nan
nan
0.742000
0.652000
1.000000
1.000000
nan
nan
0.235000
1.000000
0.992000
nan
nan
0.507000
0.160000
0.587000
0.582000
0.536000
nan
nan
0.160000
nan
0.269000
0.708000
nan
nan
0.252000
nan
0.350000
nan
0.226000
0.636000
0.712000
nan
0.692000
nan
0.258000
0.162000
nan
nan
nan
0.244000
nan
0.588000
nan
nan
0.760000
nan
0.775000
0.480000
0.358000
0.341000
0.615000
nan
nan
nan
nan
nan
nan
0.652000
0.977000
nan
0.233000
nan
nan
0.399000
nan
nan
0.655000
0.418000
nan
nan
0.585000
1.000000
nan
0.993000
nan
0.886000
nan
nan
nan
nan
nan
0.520000
0.427000
nan
1.000000
0.727000
nan
0.385000
nan
nan
0.160000
nan
nan
nan
0.268000
nan
0.646000
0.643000
0.471000
0.400000
1.000000
nan
0.893000
0.503000
nan
0.722000
0.897000
nan
0.427000
1.000000
nan
nan
nan
0.560000
0.453000
0.550000
0.590000
0.573000
nan
0.442000
0.261000
nan
nan
0.662000
0.574000
0.541000
0.443000
0.430000
0.403000
0.451000
nan
nan
nan
nan
0.230000
0.412000
0.265000
nan
0.653000
0.671000
nan
nan
nan
nan
nan
1.000000
nan
0.402000
1.000000
nan
nan
nan
nan
0.171000
nan
0.492000
nan
nan
0.442000
0.476000
0.499000
nan
0.281000
0.192000
0.341000
nan
0.385000
0.411000
nan
nan
nan
nan
nan
0.407000
nan
0.280000
nan
nan
nan
0.316000
nan
0.243000
nan
0.155000
0.179000
0.279000
nan
0.203000
nan
0.219000
0.151000
nan
0.151000
0.151000
0.213000
nan
0.165000
0.157000
0.214000
nan
0.151000
0.614000
0.361000
0.659000
nan
0.491000
nan
0.286000
nan
0.271000
0.151000
nan
0.346000
0.509000
1.000000
0.644000
0.518000
0.530000
0.647000
nan
0.431000
0.536000
0.292000
0.599000
0.596000
nan
0.458000
nan
nan
nan
0.388000
0.292000
0.256000
0.744000
nan
nan
nan
0.470000
nan
0.434000
0.175000
0.126000
0.175000
0.238000
1.000000
nan
nan
nan
nan
0.066000
nan
0.220000
0.102000
1.000000
nan
0.069000
0.897000
nan
0.816000
nan
nan
0.202000
0.148000
nan
0.151000
0.470000
0.187000
0.169000
nan
0.337000
0.175000
0.388000
nan
0.072000
nan
nan
nan
nan
nan
0.066000
0.066000
