Coverage(RPKM): 27612.295082
0.144000
nan
nan
nan
0.237000
0.533000
0.182000
0.216000
0.144000
0.272000
nan
nan
nan
nan
nan
0.259000
0.319000
nan
nan
nan
0.144000
0.441000
nan
0.515000
0.443000
nan
0.522000
0.427000
nan
0.615000
0.303000
0.282000
nan
0.393000
0.491000
0.454000
nan
0.459000
0.620000
0.509000
0.330000
0.237000
0.145000
0.409000
0.414000
0.493000
nan
nan
nan
0.459000
nan
0.515000
0.449000
0.528000
0.609000
0.425000
0.596000
0.723000
nan
0.588000
0.945000
1.000000
nan
nan
nan
nan
nan
nan
nan
1.000000
1.000000
nan
0.602000
0.361000
0.612000
0.768000
0.860000
0.971000
nan
nan
nan
nan
nan
nan
0.404000
nan
nan
nan
nan
nan
0.442000
nan
nan
nan
0.370000
0.237000
0.390000
0.545000
0.477000
0.554000
0.441000
nan
nan
nan
1.000000
0.626000
0.668000
nan
0.271000
0.414000
nan
nan
nan
1.000000
nan
0.220000
nan
0.220000
0.249000
0.978000
0.457000
nan
0.434000
0.540000
0.224000
0.426000
0.452000
0.729000
nan
nan
nan
nan
nan
nan
nan
nan
0.846000
0.395000
nan
nan
nan
nan
nan
nan
0.278000
nan
0.990000
nan
0.227000
nan
nan
nan
nan
0.576000
0.742000
1.000000
nan
nan
nan
0.693000
nan
0.938000
nan
0.226000
nan
0.662000
0.851000
nan
nan
nan
nan
0.439000
nan
0.225000
0.332000
0.220000
0.801000
0.772000
nan
0.530000
0.296000
0.508000
0.379000
nan
0.591000
0.520000
nan
0.239000
1.000000
0.527000
0.435000
nan
nan
nan
nan
nan
0.578000
0.454000
0.727000
1.000000
nan
0.626000
0.598000
0.476000
0.433000
0.577000
0.597000
0.756000
0.723000
nan
0.793000
0.421000
nan
nan
nan
nan
nan
0.423000
0.282000
0.627000
nan
0.486000
nan
0.220000
nan
nan
0.491000
0.255000
nan
nan
nan
nan
nan
nan
nan
0.290000
0.247000
0.832000
nan
0.498000
nan
nan
nan
nan
0.301000
0.243000
0.422000
0.549000
0.355000
nan
nan
nan
nan
nan
nan
0.538000
0.585000
nan
nan
0.348000
0.302000
0.356000
nan
0.323000
0.345000
nan
nan
1.000000
nan
nan
0.473000
nan
0.315000
nan
0.201000
nan
nan
nan
0.201000
nan
nan
nan
0.201000
nan
0.996000
nan
0.223000
0.327000
nan
0.681000
0.669000
1.000000
0.885000
0.301000
0.654000
0.255000
1.000000
0.684000
nan
nan
nan
nan
1.000000
0.325000
0.347000
nan
0.322000
0.532000
nan
nan
nan
nan
nan
nan
0.641000
0.474000
0.836000
nan
nan
0.301000
0.128000
0.383000
0.313000
0.347000
0.219000
0.204000
0.307000
nan
0.380000
0.468000
nan
0.167000
nan
nan
0.225000
0.225000
0.410000
0.532000
nan
0.210000
0.258000
0.365000
nan
0.182000
nan
nan
0.450000
0.252000
0.274000
0.368000
nan
0.295000
0.356000
nan
nan
0.123000
nan
0.240000
0.316000
nan
0.158000
0.155000
0.222000
nan
0.123000
0.123000
