Coverage(RPKM): 229.427793
0.000000
nan
nan
0.667000
0.000000
nan
1.000000
0.667000
0.000000
0.167000
1.000000
0.333000
nan
nan
1.000000
0.333000
nan
nan
0.000000
0.000000
0.000000
0.667000
nan
0.667000
nan
nan
0.333000
nan
nan
nan
0.000000
0.000000
nan
0.000000
0.000000
0.333000
0.333000
1.000000
nan
nan
nan
0.000000
nan
nan
nan
0.333000
0.000000
nan
0.333000
0.667000
0.333000
nan
nan
nan
0.333000
nan
nan
0.333000
1.000000
1.000000
0.333000
0.000000
0.333000
nan
nan
1.000000
0.000000
nan
0.000000
nan
nan
nan
nan
0.000000
nan
0.333000
0.000000
nan
nan
1.000000
0.500000
nan
0.667000
nan
nan
0.000000
0.833000
0.667000
nan
1.000000
nan
nan
0.500000
nan
0.000000
0.000000
1.000000
nan
0.500000
0.000000
nan
nan
nan
0.000000
nan
nan
0.500000
0.500000
0.500000
0.000000
nan
0.000000
0.000000
1.000000
0.000000
nan
nan
0.500000
0.000000
nan
nan
1.000000
nan
0.000000
1.000000
nan
0.250000
0.000000
0.000000
0.250000
0.500000
1.000000
nan
nan
nan
nan
nan
0.500000
1.000000
0.000000
nan
nan
0.250000
0.000000
nan
0.500000
nan
nan
0.000000
0.000000
0.250000
0.000000
nan
0.000000
nan
nan
0.250000
nan
nan
nan
0.250000
0.250000
0.250000
0.750000
nan
0.500000
0.500000
0.500000
0.750000
nan
nan
0.500000
nan
0.250000
nan
nan
nan
nan
0.500000
0.250000
0.000000
1.000000
nan
nan
0.000000
nan
1.000000
nan
0.000000
0.500000
1.000000
0.000000
nan
0.250000
0.000000
0.750000
nan
0.000000
0.500000
nan
0.000000
0.000000
0.000000
1.000000
nan
0.000000
1.000000
nan
0.000000
nan
nan
0.000000
0.000000
nan
0.000000
0.500000
nan
0.250000
nan
nan
0.000000
nan
nan
nan
nan
0.000000
0.250000
0.000000
0.000000
0.000000
nan
0.000000
0.500000
0.500000
0.000000
0.500000
nan
0.500000
0.000000
0.500000
nan
0.000000
nan
0.000000
0.000000
0.500000
nan
0.500000
1.000000
0.000000
0.000000
0.500000
0.000000
0.000000
0.282000
nan
0.563000
0.000000
0.000000
0.000000
nan
0.000000
0.845000
0.000000
1.000000
nan
0.000000
0.845000
nan
nan
0.000000
nan
nan
nan
nan
nan
nan
0.000000
0.000000
1.000000
0.000000
nan
0.563000
nan
nan
0.000000
0.282000
0.000000
0.000000
0.000000
0.000000
0.000000
0.845000
0.000000
0.563000
0.000000
0.000000
0.000000
0.000000
0.000000
0.000000
0.000000
0.000000
0.000000
0.000000
0.000000
0.000000
0.000000
nan
0.000000
nan
nan
0.000000
nan
nan
0.000000
0.563000
0.563000
nan
0.845000
1.000000
0.000000
0.000000
0.000000
nan
nan
0.000000
0.000000
0.458000
nan
0.305000
nan
nan
nan
0.000000
0.000000
0.000000
0.000000
0.305000
nan
0.305000
nan
0.763000
0.611000
nan
0.000000
0.000000
nan
0.305000
0.153000
nan
0.305000
nan
0.305000
0.000000
0.305000
0.000000
0.000000
nan
0.305000
0.000000
nan
0.000000
0.000000
0.305000
0.305000
0.611000
0.000000
nan
nan
nan
nan
1.000000
0.916000
nan
0.305000
0.000000
0.000000
0.305000
1.000000
nan
0.000000
0.611000
0.000000
0.305000
0.000000
nan
nan
nan
0.305000
nan
0.611000
0.000000
0.305000
1.000000
nan
0.000000
nan
nan
nan
0.305000
0.916000
0.400000
0.000000
nan
0.200000
nan
nan
nan
0.600000
nan
nan
nan
nan
0.300000
1.000000
0.600000
nan
nan
1.000000
nan
nan
0.200000
nan
nan
nan
nan
nan
0.000000
nan
nan
0.400000
nan
0.400000
nan
nan
nan
0.200000
0.000000
0.300000
nan
0.200000
0.900000
nan
nan
0.400000
1.000000
nan
nan
0.000000
0.200000
0.400000
0.200000
nan
nan
nan
nan
0.400000
nan
nan
0.400000
0.600000
nan
nan
0.000000
0.800000
0.600000
nan
0.200000
0.700000
0.600000
0.200000
0.800000
nan
0.400000
nan
0.500000
0.400000
0.700000
nan
1.000000
0.400000
nan
1.000000
0.200000
nan
0.200000
0.100000
nan
0.200000
0.000000
0.800000
nan
nan
nan
nan
0.600000
nan
0.000000
0.000000
nan
nan
nan
0.125000
0.500000
nan
nan
nan
0.500000
0.000000
nan
nan
0.000000
0.500000
0.250000
1.000000
nan
1.000000
0.750000
nan
0.125000
nan
nan
nan
nan
0.000000
0.000000
0.250000
0.625000
0.000000
nan
0.250000
0.000000
nan
0.375000
0.750000
1.000000
nan
nan
0.000000
nan
nan
0.500000
nan
nan
0.000000
0.000000
nan
0.000000
0.000000
0.625000
0.000000
0.750000
nan
nan
0.250000
0.250000
nan
1.000000
0.375000
nan
nan
0.000000
nan
0.250000
0.000000
0.250000
nan
nan
0.250000
nan
0.000000
nan
nan
0.000000
nan
nan
nan
nan
nan
nan
nan
nan
nan
nan
0.750000
nan
nan
nan
0.750000
0.375000
0.000000
0.500000
0.250000
nan
nan
0.125000
nan
0.250000
0.000000
nan
0.286000
0.000000
nan
0.286000
nan
nan
0.286000
nan
nan
0.571000
nan
0.286000
0.000000
nan
0.571000
nan
nan
0.000000
0.857000
0.000000
0.000000
0.429000
0.714000
0.000000
nan
0.571000
0.000000
1.000000
0.286000
nan
0.429000
nan
1.000000
nan
0.000000
nan
0.429000
0.000000
nan
0.000000
nan
nan
nan
1.000000
nan
nan
0.286000
0.714000
0.571000
nan
0.571000
0.286000
nan
nan
0.000000
0.286000
0.143000
0.000000
nan
nan
0.714000
0.286000
0.857000
nan
nan
0.429000
0.286000
nan
0.286000
0.000000
nan
0.286000
0.000000
nan
nan
nan
nan
nan
0.000000
nan
nan
0.286000
nan
0.857000
nan
nan
0.571000
1.000000
0.000000
0.875000
0.000000
nan
0.250000
0.625000
nan
nan
0.250000
0.500000
0.250000
0.750000
0.000000
0.250000
0.250000
nan
0.250000
nan
nan
1.000000
0.625000
0.250000
0.875000
0.250000
nan
nan
nan
0.000000
nan
1.000000
nan
nan
0.750000
0.750000
0.250000
0.250000
0.125000
0.125000
nan
nan
0.250000
0.000000
0.250000
0.750000
0.000000
nan
nan
0.125000
0.750000
0.375000
nan
0.750000
nan
nan
0.875000
1.000000
0.750000
nan
nan
nan
nan
0.250000
0.250000
0.250000
0.250000
nan
nan
0.250000
1.000000
nan
0.375000
nan
nan
nan
nan
nan
0.000000
nan
1.000000
nan
nan
0.250000
nan
1.000000
0.500000
0.375000
1.000000
nan
0.779000
0.866000
nan
nan
nan
1.000000
0.260000
nan
nan
nan
0.000000
nan
nan
nan
0.000000
nan
0.346000
0.866000
0.693000
0.866000
0.173000
nan
0.173000
nan
nan
0.000000
nan
nan
0.173000
0.346000
nan
0.346000
nan
nan
0.000000
0.346000
0.346000
nan
1.000000
nan
0.000000
nan
0.173000
0.000000
0.952000
nan
0.173000
nan
nan
nan
nan
0.519000
nan
0.519000
0.000000
0.693000
0.260000
0.346000
0.779000
0.000000
nan
0.346000
0.173000
0.000000
0.519000
0.260000
nan
0.173000
0.346000
nan
0.346000
nan
0.173000
nan
nan
0.000000
nan
nan
0.346000
0.346000
0.173000
0.087000
0.087000
0.519000
0.500000
nan
0.250000
0.250000
nan
1.000000
nan
1.000000
1.000000
0.250000
nan
0.000000
0.000000
0.750000
0.250000
1.000000
1.000000
nan
nan
0.000000
nan
0.000000
nan
0.500000
0.750000
0.000000
0.000000
nan
0.000000
1.000000
0.500000
nan
0.000000
0.000000
nan
0.000000
0.000000
0.000000
nan
0.250000
nan
0.500000
0.000000
0.000000
0.500000
nan
nan
nan
0.000000
0.000000
0.000000
0.000000
0.500000
0.500000
1.000000
0.250000
0.500000
0.000000
0.000000
nan
nan
nan
0.000000
0.750000
0.000000
nan
0.000000
nan
0.000000
nan
nan
nan
0.500000
0.000000
0.000000
1.000000
0.282000
0.563000
0.845000
0.563000
nan
0.000000
nan
nan
nan
nan
0.282000
0.563000
0.282000
0.563000
nan
nan
nan
nan
0.000000
nan
0.000000
0.563000
0.000000
0.000000
0.000000
nan
nan
0.000000
0.000000
nan
nan
0.000000
nan
1.000000
0.563000
nan
0.000000
nan
0.845000
0.845000
nan
0.000000
nan
0.282000
0.282000
0.000000
nan
nan
1.000000
nan
nan
nan
nan
0.000000
0.000000
nan
nan
nan
0.000000
0.000000
0.000000
nan
nan
0.000000
0.282000
0.845000
0.563000
0.563000
0.000000
0.000000
0.000000
nan
nan
0.000000
0.000000
nan
0.000000
nan
nan
nan
0.000000
0.478000
0.000000
nan
0.478000
0.000000
nan
0.392000
nan
nan
nan
nan
nan
nan
nan
0.000000
0.392000
1.000000
0.000000
0.784000
nan
nan
0.392000
0.000000
0.392000
0.392000
0.784000
0.000000
0.392000
0.000000
nan
nan
0.000000
0.392000
1.000000
0.392000
0.392000
0.196000
nan
0.000000
nan
0.392000
nan
nan
1.000000
0.588000
nan
nan
0.784000
nan
nan
nan
nan
nan
0.588000
0.784000
0.392000
0.392000
nan
0.000000
nan
nan
nan
0.000000
0.000000
0.784000
0.392000
0.000000
nan
0.000000
nan
nan
0.784000
0.000000
0.588000
0.392000
0.392000
nan
0.000000
0.784000
0.784000
nan
nan
0.000000
