Coverage(RPKM): 6079.310345
0.127000
nan
nan
0.159000
0.127000
nan
nan
0.159000
nan
nan
0.202000
0.231000
0.418000
0.127000
0.750000
nan
nan
0.317000
nan
0.375000
0.952000
0.534000
0.361000
0.563000
nan
0.404000
nan
nan
nan
0.231000
0.693000
0.808000
nan
nan
0.693000
0.216000
nan
0.491000
0.361000
0.635000
0.823000
nan
0.317000
nan
0.317000
nan
nan
0.693000
0.924000
0.462000
nan
0.563000
0.462000
0.548000
nan
nan
nan
0.779000
nan
0.880000
1.000000
0.592000
0.606000
nan
nan
0.707000
nan
1.000000
0.577000
0.664000
0.808000
nan
0.664000
0.952000
0.952000
1.000000
0.635000
0.260000
0.216000
0.441000
0.466000
nan
nan
nan
nan
0.641000
0.456000
0.718000
nan
nan
nan
nan
nan
nan
nan
nan
nan
nan
0.660000
0.553000
nan
0.777000
nan
nan
nan
0.738000
1.000000
0.680000
nan
nan
0.612000
nan
0.757000
nan
nan
nan
0.641000
nan
nan
1.000000
nan
0.689000
0.903000
nan
0.621000
nan
nan
0.641000
0.534000
0.563000
nan
nan
nan
nan
0.544000
nan
0.680000
0.441000
nan
nan
0.563000
nan
nan
nan
nan
0.508000
nan
0.553000
0.695000
0.410000
nan
0.446000
nan
nan
0.991000
0.775000
nan
0.588000
1.000000
0.508000
nan
nan
0.802000
0.749000
nan
0.463000
0.731000
0.570000
0.624000
nan
0.606000
nan
nan
0.651000
nan
nan
0.668000
nan
0.570000
0.553000
0.403000
0.579000
0.526000
0.624000
nan
nan
nan
nan
0.593000
0.747000
nan
nan
nan
nan
0.170000
0.576000
nan
nan
nan
nan
0.166000
0.235000
nan
0.195000
nan
nan
nan
nan
nan
nan
nan
0.252000
nan
nan
nan
0.170000
nan
nan
nan
1.000000
1.000000
0.170000
0.211000
0.170000
nan
nan
nan
nan
nan
nan
nan
nan
0.414000
nan
nan
0.398000
nan
0.511000
0.455000
nan
nan
0.333000
nan
nan
nan
0.430000
nan
nan
nan
nan
nan
0.166000
nan
0.341000
0.390000
nan
nan
0.365000
nan
0.166000
nan
