Coverage(RPKM): 94342.000000
0.071000
nan
nan
0.142000
0.071000
nan
nan
0.071000
0.072000
0.144000
nan
0.240000
nan
nan
0.184000
0.474000
0.365000
nan
0.340000
0.388000
nan
0.272000
0.132000
nan
0.282000
nan
0.285000
0.179000
0.265000
nan
0.189000
0.423000
0.537000
0.554000
nan
0.413000
nan
nan
nan
0.350000
0.490000
0.511000
nan
nan
0.160000
nan
0.322000
0.753000
nan
0.170000
0.107000
nan
nan
nan
0.464000
0.624000
0.729000
nan
nan
nan
0.639000
nan
nan
0.456000
nan
0.256000
nan
nan
nan
0.665000
1.000000
nan
0.862000
0.813000
0.758000
1.000000
nan
0.864000
0.986000
1.000000
nan
0.992000
0.791000
0.384000
0.359000
0.194000
0.139000
nan
nan
nan
nan
nan
nan
0.558000
nan
0.279000
nan
nan
nan
0.457000
nan
nan
nan
0.138000
0.138000
nan
nan
nan
nan
nan
nan
0.322000
0.454000
0.486000
0.473000
0.476000
nan
0.299000
0.275000
0.168000
0.181000
0.491000
0.375000
1.000000
nan
0.324000
0.289000
nan
nan
0.267000
0.284000
0.201000
0.516000
nan
nan
nan
0.336000
nan
0.786000
0.979000
0.732000
nan
0.801000
1.000000
0.468000
0.591000
nan
0.160000
0.138000
0.385000
nan
nan
nan
nan
0.298000
nan
nan
nan
0.246000
nan
nan
nan
0.932000
1.000000
nan
nan
nan
nan
nan
nan
nan
0.682000
nan
nan
0.824000
nan
0.781000
nan
0.652000
0.835000
nan
nan
0.178000
0.282000
0.464000
0.484000
0.573000
0.480000
nan
0.557000
0.909000
0.848000
0.563000
0.480000
0.419000
nan
0.282000
nan
0.290000
0.586000
nan
nan
nan
0.244000
nan
nan
nan
1.000000
1.000000
nan
0.466000
0.244000
0.332000
nan
nan
0.244000
nan
nan
nan
0.423000
0.520000
0.309000
nan
nan
nan
nan
0.954000
0.835000
0.314000
0.419000
0.788000
nan
nan
nan
nan
nan
nan
0.379000
1.000000
0.686000
nan
nan
nan
0.789000
nan
0.254000
0.319000
0.277000
0.695000
nan
0.947000
0.847000
nan
0.867000
0.374000
0.715000
0.670000
nan
0.759000
nan
0.824000
nan
0.414000
0.338000
0.353000
0.724000
0.684000
nan
0.484000
0.386000
nan
nan
nan
0.433000
0.702000
0.818000
nan
0.392000
nan
nan
0.520000
nan
nan
0.588000
nan
0.966000
0.938000
nan
nan
1.000000
0.542000
0.925000
0.375000
nan
nan
0.666000
nan
0.802000
0.467000
0.493000
nan
nan
nan
1.000000
nan
nan
nan
1.000000
0.778000
0.874000
0.396000
nan
nan
nan
nan
nan
0.337000
0.566000
nan
0.381000
0.320000
nan
nan
nan
nan
0.655000
0.440000
nan
nan
nan
0.534000
0.699000
nan
0.748000
nan
0.352000
nan
nan
nan
nan
nan
nan
0.799000
0.931000
nan
nan
nan
nan
0.907000
nan
0.869000
0.764000
nan
nan
0.385000
0.356000
0.489000
0.607000
0.472000
nan
nan
nan
nan
0.332000
0.347000
0.644000
nan
nan
nan
0.631000
nan
0.654000
nan
nan
0.592000
0.886000
0.604000
0.534000
nan
0.421000
nan
0.865000
nan
0.483000
nan
nan
1.000000
nan
nan
0.148000
nan
0.744000
0.329000
0.671000
1.000000
nan
nan
nan
nan
nan
0.342000
nan
nan
0.792000
0.581000
nan
0.808000
0.390000
0.708000
0.428000
0.514000
0.734000
nan
0.525000
0.945000
nan
0.775000
nan
0.515000
nan
nan
0.668000
nan
nan
nan
nan
nan
nan
nan
nan
nan
nan
nan
nan
nan
nan
0.568000
0.879000
nan
nan
nan
0.427000
nan
0.290000
nan
0.134000
nan
nan
0.134000
0.134000
