Coverage(RPKM): 1538.372093
0.000000
nan
nan
nan
nan
0.000000
0.071000
nan
nan
nan
nan
nan
nan
nan
0.286000
0.214000
nan
0.179000
nan
nan
nan
0.357000
nan
0.500000
0.143000
nan
0.250000
nan
nan
nan
nan
0.179000
0.321000
nan
nan
0.000000
0.357000
nan
nan
nan
nan
0.500000
nan
nan
0.393000
nan
nan
nan
0.393000
nan
nan
0.464000
0.179000
nan
nan
0.071000
0.179000
nan
nan
nan
nan
0.143000
0.750000
nan
nan
0.500000
0.214000
nan
nan
0.607000
nan
0.214000
nan
0.250000
0.714000
nan
0.107000
0.571000
0.571000
nan
nan
nan
nan
0.000000
nan
nan
0.786000
0.571000
nan
1.000000
0.821000
nan
0.357000
0.893000
nan
nan
nan
nan
0.286000
0.214000
nan
nan
nan
nan
0.536000
0.893000
nan
0.607000
nan
0.250000
1.000000
0.536000
0.857000
nan
nan
1.000000
nan
nan
1.000000
nan
0.844000
0.463000
0.599000
0.354000
0.176000
nan
nan
nan
nan
nan
nan
nan
nan
nan
nan
0.218000
0.626000
nan
nan
1.000000
nan
0.272000
0.571000
0.599000
0.490000
0.490000
nan
0.517000
0.595000
0.255000
0.510000
0.963000
nan
1.000000
1.000000
nan
nan
0.176000
0.340000
0.368000
0.198000
nan
nan
nan
nan
nan
nan
nan
0.198000
0.708000
0.510000
nan
nan
nan
0.510000
nan
nan
nan
nan
0.679000
nan
0.425000
0.198000
nan
nan
0.764000
0.538000
0.226000
nan
0.963000
0.764000
0.566000
nan
nan
0.793000
0.368000
nan
nan
0.651000
nan
nan
0.934000
nan
0.595000
0.311000
0.147000
0.425000
nan
nan
0.340000
0.368000
nan
nan
nan
nan
0.623000
0.453000
nan
0.538000
0.118000
0.471000
nan
0.824000
nan
0.706000
0.412000
nan
nan
nan
nan
nan
0.147000
nan
nan
nan
nan
nan
nan
0.412000
nan
nan
0.118000
0.265000
nan
nan
0.294000
0.324000
nan
0.294000
nan
nan
nan
nan
nan
0.294000
nan
nan
0.118000
