Coverage(RPKM): 29290.654206
0.112000
nan
nan
nan
nan
nan
0.112000
0.140000
0.142000
nan
nan
0.220000
0.144000
0.133000
0.355000
0.309000
0.380000
nan
0.257000
0.127000
0.138000
0.360000
nan
0.573000
0.377000
0.402000
nan
0.240000
0.184000
0.122000
nan
0.559000
0.457000
nan
nan
nan
0.386000
0.824000
nan
nan
nan
nan
0.502000
0.491000
nan
0.528000
0.218000
0.112000
nan
nan
nan
0.737000
nan
nan
0.393000
0.819000
nan
1.000000
0.983000
0.808000
0.666000
0.792000
nan
0.555000
0.988000
0.513000
0.686000
0.772000
0.446000
0.824000
0.546000
nan
nan
nan
nan
1.000000
0.519000
nan
0.337000
1.000000
0.855000
nan
0.360000
0.329000
0.585000
0.743000
0.705000
nan
0.261000
nan
nan
nan
nan
0.733000
0.809000
nan
nan
0.280000
nan
nan
0.203000
0.203000
nan
nan
nan
nan
nan
1.000000
nan
0.618000
nan
0.210000
0.309000
0.304000
nan
nan
nan
0.890000
1.000000
nan
0.814000
nan
0.289000
0.352000
nan
nan
nan
0.912000
nan
nan
0.346000
0.203000
0.249000
nan
nan
0.541000
0.411000
0.328000
0.396000
0.544000
0.518000
nan
0.428000
nan
nan
nan
nan
nan
nan
0.568000
nan
nan
nan
nan
nan
nan
0.371000
0.968000
0.520000
0.666000
0.933000
0.384000
0.783000
0.900000
nan
0.650000
0.396000
nan
nan
nan
nan
nan
nan
0.434000
0.518000
0.597000
0.779000
0.567000
1.000000
nan
0.383000
0.408000
0.475000
nan
0.284000
nan
0.999000
1.000000
nan
0.604000
0.248000
nan
0.339000
0.189000
0.143000
0.762000
0.883000
nan
0.842000
0.684000
nan
nan
nan
nan
nan
nan
nan
nan
nan
nan
0.701000
nan
0.783000
nan
nan
nan
nan
0.739000
0.519000
nan
nan
nan
nan
nan
0.231000
0.464000
0.714000
0.417000
nan
nan
nan
0.806000
1.000000
nan
0.554000
0.435000
nan
0.806000
nan
1.000000
nan
0.240000
0.159000
0.215000
0.171000
0.332000
nan
nan
0.675000
0.485000
0.781000
0.503000
nan
nan
nan
0.377000
0.433000
nan
0.752000
nan
0.792000
nan
nan
nan
0.624000
0.772000
nan
0.489000
0.577000
0.143000
nan
nan
0.123000
nan
0.274000
0.263000
nan
nan
nan
nan
nan
nan
nan
nan
nan
nan
0.431000
0.298000
0.429000
0.443000
nan
0.279000
0.585000
nan
0.354000
0.173000
0.234000
0.198000
0.226000
nan
nan
nan
nan
0.201000
0.309000
0.251000
nan
0.142000
nan
nan
nan
nan
0.122000
0.150000
0.181000
nan
nan
0.145000
nan
nan
0.122000
