Coverage(RPKM): 1121.860465
0.042000
nan
nan
0.042000
nan
0.139000
0.277000
0.462000
nan
0.508000
0.554000
0.600000
nan
0.092000
0.647000
0.554000
0.185000
0.600000
nan
nan
nan
0.554000
0.693000
0.231000
nan
0.508000
nan
nan
0.277000
0.370000
nan
0.693000
0.554000
nan
0.554000
0.277000
nan
0.277000
0.554000
nan
0.370000
nan
0.277000
nan
nan
nan
nan
0.924000
1.000000
0.508000
nan
0.462000
1.000000
nan
nan
0.042000
nan
0.462000
1.000000
0.508000
nan
0.462000
0.647000
0.693000
0.831000
nan
0.508000
0.739000
0.647000
nan
0.462000
0.554000
nan
nan
0.508000
0.785000
nan
nan
nan
0.554000
nan
nan
0.277000
0.878000
0.665000
0.783000
nan
0.391000
0.391000
nan
0.313000
0.391000
nan
0.548000
0.274000
nan
0.548000
0.391000
0.626000
0.587000
nan
0.470000
nan
0.587000
nan
0.626000
nan
nan
0.431000
0.509000
0.900000
nan
0.548000
0.509000
nan
nan
0.391000
0.548000
0.705000
0.861000
nan
0.509000
0.705000
0.861000
nan
1.000000
nan
nan
nan
nan
0.213000
nan
0.900000
0.213000
0.665000
nan
nan
nan
0.626000
0.822000
0.587000
0.235000
0.431000
nan
0.900000
0.822000
nan
0.548000
0.391000
nan
nan
nan
nan
nan
nan
0.352000
0.274000
0.939000
nan
0.213000
nan
nan
0.978000
1.000000
nan
0.822000
1.000000
0.470000
0.799000
0.522000
0.614000
0.768000
nan
0.614000
0.276000
0.369000
0.338000
0.184000
0.338000
nan
0.399000
1.000000
0.399000
0.584000
1.000000
nan
nan
0.184000
nan
0.430000
0.338000
nan
nan
1.000000
nan
0.184000
nan
nan
nan
0.307000
nan
0.399000
nan
0.492000
nan
0.645000
nan
nan
nan
nan
nan
nan
nan
0.768000
0.829000
nan
0.461000
0.676000
nan
nan
nan
0.707000
0.522000
nan
0.553000
nan
0.307000
0.246000
nan
0.399000
nan
0.707000
0.553000
0.338000
0.614000
0.369000
0.737000
nan
0.461000
nan
0.430000
0.707000
0.399000
nan
nan
nan
nan
0.891000
nan
nan
nan
nan
0.430000
nan
nan
0.983000
0.553000
nan
0.891000
0.184000
nan
0.801000
0.291000
0.132000
nan
0.267000
0.291000
0.291000
0.850000
0.316000
nan
0.413000
nan
0.485000
0.534000
nan
nan
0.510000
nan
nan
0.364000
nan
0.340000
0.777000
1.000000
nan
0.316000
nan
nan
nan
nan
nan
0.655000
0.898000
0.461000
0.485000
nan
0.461000
0.413000
nan
0.534000
0.461000
nan
0.607000
0.461000
nan
nan
0.132000
nan
nan
0.631000
nan
0.510000
nan
0.218000
0.243000
1.000000
0.485000
nan
0.291000
0.132000
0.728000
0.922000
nan
nan
nan
nan
0.777000
nan
nan
nan
0.413000
0.777000
nan
0.146000
0.194000
nan
0.898000
0.534000
0.340000
nan
nan
nan
0.146000
0.947000
1.000000
0.607000
nan
0.731000
0.183000
nan
0.261000
0.104000
0.914000
nan
0.470000
0.104000
0.209000
nan
nan
0.313000
nan
1.000000
0.888000
0.392000
0.392000
nan
nan
1.000000
0.574000
nan
0.470000
0.470000
0.836000
nan
nan
0.757000
nan
nan
nan
nan
nan
0.574000
nan
0.679000
nan
nan
nan
0.601000
0.601000
0.601000
nan
nan
nan
0.392000
nan
nan
nan
nan
0.444000
0.731000
0.287000
0.444000
nan
nan
0.418000
nan
1.000000
0.261000
0.261000
0.627000
nan
0.183000
0.627000
0.522000
nan
0.104000
0.157000
0.522000
0.705000
nan
0.574000
nan
nan
nan
0.522000
0.783000
0.862000
nan
nan
nan
nan
nan
nan
nan
nan
0.261000
nan
0.418000
0.104000
nan
nan
0.574000
nan
0.757000
0.215000
0.737000
nan
0.584000
nan
nan
nan
nan
nan
nan
0.829000
1.000000
0.952000
nan
0.614000
1.000000
0.246000
nan
0.399000
0.154000
0.246000
nan
nan
nan
nan
0.522000
0.983000
nan
nan
0.860000
nan
nan
nan
1.000000
0.799000
0.645000
0.461000
0.369000
0.154000
0.154000
0.307000
nan
0.768000
0.215000
nan
0.799000
nan
nan
0.461000
0.645000
nan
nan
nan
0.461000
0.154000
nan
0.553000
0.307000
nan
nan
0.369000
nan
nan
0.829000
0.492000
nan
0.584000
nan
0.614000
nan
0.645000
0.399000
nan
0.246000
0.430000
0.553000
nan
nan
nan
nan
0.707000
nan
0.430000
0.553000
0.768000
nan
0.307000
nan
nan
0.492000
0.676000
nan
0.860000
1.000000
nan
nan
0.159000
nan
nan
0.159000
nan
nan
0.319000
0.159000
0.239000
0.637000
0.319000
nan
nan
nan
nan
nan
0.159000
nan
nan
nan
nan
1.000000
nan
0.717000
0.558000
nan
nan
0.159000
nan
nan
0.398000
0.438000
nan
nan
nan
nan
nan
nan
nan
nan
nan
0.319000
nan
nan
0.359000
nan
0.398000
nan
0.797000
0.876000
0.837000
0.956000
nan
nan
0.558000
nan
nan
0.319000
0.558000
nan
0.279000
nan
0.876000
nan
nan
nan
nan
0.359000
nan
0.717000
0.717000
0.159000
nan
0.637000
0.518000
nan
0.558000
nan
0.279000
1.000000
0.837000
nan
0.797000
0.438000
0.518000
0.797000
0.438000
nan
nan
0.637000
nan
0.916000
nan
0.598000
nan
0.239000
nan
nan
nan
0.637000
nan
nan
0.757000
nan
0.757000
nan
0.359000
0.600000
0.525000
0.225000
0.375000
nan
nan
nan
0.113000
0.225000
1.000000
0.938000
nan
nan
0.563000
0.225000
0.450000
0.113000
nan
nan
nan
nan
nan
nan
0.113000
nan
nan
0.525000
0.450000
nan
nan
nan
nan
nan
0.188000
nan
nan
1.000000
1.000000
0.750000
0.263000
0.413000
0.488000
0.225000
0.413000
0.563000
nan
nan
0.263000
nan
0.113000
0.263000
0.188000
0.300000
0.450000
0.450000
0.413000
0.150000
0.375000
nan
nan
nan
0.150000
0.413000
nan
0.225000
0.188000
0.188000
0.263000
nan
0.225000
nan
nan
nan
nan
nan
0.113000
nan
0.338000
nan
0.375000
0.638000
nan
nan
nan
0.338000
nan
nan
nan
0.338000
nan
nan
0.488000
0.413000
0.517000
0.590000
0.664000
0.590000
nan
nan
0.738000
0.590000
nan
0.221000
0.295000
0.369000
nan
nan
nan
nan
nan
1.000000
nan
nan
nan
nan
0.664000
0.812000
0.443000
nan
nan
0.295000
nan
nan
nan
nan
nan
nan
0.738000
nan
0.738000
0.443000
nan
nan
nan
0.369000
nan
nan
nan
0.664000
0.886000
0.221000
nan
0.886000
nan
nan
nan
nan
nan
nan
nan
1.000000
0.443000
0.148000
0.443000
0.107000
0.590000
0.443000
nan
0.517000
nan
nan
0.886000
nan
0.959000
nan
nan
0.590000
nan
nan
nan
0.443000
0.590000
0.369000
nan
nan
0.107000
0.295000
nan
0.443000
nan
0.295000
0.590000
0.148000
1.000000
0.295000
nan
0.148000
0.107000
0.148000
nan
nan
0.295000
nan
nan
0.517000
0.812000
nan
0.363000
0.725000
0.121000
0.544000
0.000000
0.483000
0.181000
0.544000
nan
0.121000
nan
0.544000
nan
0.363000
0.121000
0.000000
0.665000
0.363000
nan
nan
nan
nan
nan
nan
0.423000
0.846000
0.000000
0.242000
0.604000
nan
0.544000
nan
1.000000
0.725000
0.483000
nan
0.483000
0.604000
0.363000
nan
0.363000
0.906000
nan
nan
0.665000
0.665000
nan
nan
0.121000
0.363000
0.000000
nan
1.000000
nan
nan
nan
0.665000
0.060000
nan
nan
0.302000
0.363000
0.967000
nan
0.302000
0.000000
0.181000
0.242000
nan
nan
0.483000
nan
1.000000
nan
0.302000
0.121000
0.181000
0.121000
nan
nan
nan
0.397000
nan
0.132000
nan
0.353000
0.397000
0.397000
nan
0.442000
0.883000
nan
nan
nan
0.088000
0.397000
0.397000
0.442000
nan
0.353000
nan
0.088000
nan
0.265000
nan
1.000000
0.618000
nan
nan
0.397000
nan
nan
0.442000
1.000000
nan
nan
nan
0.883000
nan
nan
nan
nan
0.177000
0.486000
0.221000
0.442000
1.000000
nan
0.221000
0.132000
nan
nan
nan
0.486000
0.442000
nan
nan
0.177000
nan
0.706000
nan
nan
nan
0.132000
nan
0.265000
0.309000
0.927000
nan
nan
nan
nan
nan
nan
0.132000
0.132000
nan
nan
nan
nan
0.618000
nan
0.839000
0.574000
0.883000
0.530000
nan
0.530000
nan
0.486000
nan
nan
0.442000
0.574000
nan
nan
nan
nan
0.265000
0.088000
0.132000
0.088000
0.167000
nan
nan
nan
nan
0.833000
nan
nan
0.222000
0.667000
0.167000
0.556000
0.722000
nan
nan
nan
nan
0.444000
nan
nan
nan
nan
0.389000
0.611000
0.667000
0.667000
nan
nan
0.778000
nan
1.000000
nan
0.500000
0.136000
0.556000
nan
0.667000
0.222000
0.167000
0.500000
0.500000
nan
nan
nan
nan
nan
nan
nan
nan
0.833000
0.778000
nan
0.136000
0.500000
nan
0.333000
nan
0.167000
nan
nan
1.000000
nan
0.611000
nan
nan
nan
nan
0.278000
nan
0.278000
0.556000
0.556000
1.000000
0.722000
0.136000
0.833000
nan
0.167000
0.556000
nan
0.722000
nan
0.667000
1.000000
nan
nan
0.944000
0.556000
0.222000
0.722000
nan
nan
nan
0.556000
nan
0.389000
0.333000
1.000000
0.520000
0.560000
nan
0.720000
0.880000
0.280000
0.720000
0.480000
nan
nan
nan
nan
nan
nan
nan
nan
nan
0.178000
nan
nan
0.178000
0.320000
nan
0.360000
0.480000
0.720000
0.440000
0.240000
0.320000
0.600000
nan
nan
1.000000
0.480000
nan
1.000000
0.760000
nan
0.720000
nan
nan
nan
nan
nan
nan
0.400000
0.480000
nan
0.800000
nan
0.560000
0.320000
0.360000
0.240000
0.520000
0.360000
0.880000
0.760000
nan
nan
nan
nan
0.760000
0.400000
0.280000
0.178000
0.720000
nan
nan
nan
0.840000
nan
nan
nan
nan
0.640000
0.400000
0.240000
0.320000
nan
nan
nan
nan
nan
0.200000
0.240000
nan
nan
nan
0.280000
0.280000
nan
nan
1.000000
0.840000
nan
nan
nan
0.308000
nan
nan
0.671000
0.448000
nan
0.531000
0.364000
0.811000
0.559000
nan
1.000000
nan
0.140000
0.196000
nan
nan
nan
0.392000
nan
nan
nan
0.392000
0.364000
nan
nan
0.643000
nan
0.559000
nan
0.699000
0.923000
nan
0.112000
0.252000
0.140000
0.196000
nan
nan
nan
0.280000
nan
nan
nan
nan
0.699000
nan
0.615000
nan
1.000000
nan
0.587000
0.727000
0.364000
0.476000
nan
0.140000
0.168000
nan
nan
nan
nan
0.168000
1.000000
nan
nan
nan
nan
0.392000
0.727000
nan
nan
0.252000
nan
nan
nan
nan
0.097000
nan
nan
0.448000
nan
nan
nan
0.097000
nan
nan
nan
0.252000
0.196000
0.097000
0.336000
nan
nan
nan
nan
0.280000
nan
0.280000
0.112000
0.196000
0.112000
nan
nan
0.224000
0.448000
nan
nan
1.000000
nan
nan
nan
0.711000
0.474000
1.000000
0.332000
nan
0.806000
nan
0.521000
nan
nan
nan
nan
nan
nan
nan
0.116000
0.427000
nan
nan
nan
0.474000
nan
0.116000
0.142000
nan
0.142000
0.284000
0.521000
0.569000
nan
nan
nan
nan
nan
nan
nan
nan
0.190000
0.190000
0.190000
0.190000
0.190000
nan
nan
0.474000
0.142000
nan
nan
0.284000
0.332000
0.853000
0.332000
0.379000
0.379000
nan
nan
0.379000
nan
nan
nan
0.284000
nan
0.806000
0.237000
nan
0.521000
0.474000
nan
nan
1.000000
0.427000
nan
nan
nan
0.474000
nan
nan
nan
0.142000
nan
nan
nan
nan
nan
0.664000
0.379000
nan
0.332000
0.116000
0.284000
0.853000
0.521000
nan
nan
nan
nan
nan
nan
nan
nan
0.427000
0.332000
nan
0.948000
0.379000
0.495000
0.360000
0.360000
0.541000
nan
nan
0.676000
0.270000
nan
nan
0.180000
0.766000
nan
nan
nan
nan
0.225000
nan
nan
0.811000
nan
nan
0.450000
nan
nan
0.811000
0.901000
nan
nan
nan
0.180000
nan
nan
0.315000
0.360000
nan
nan
0.225000
nan
nan
0.450000
nan
0.901000
nan
nan
0.676000
0.586000
1.000000
0.811000
nan
nan
0.541000
nan
nan
nan
nan
nan
0.541000
0.541000
nan
0.586000
0.901000
0.405000
0.315000
nan
nan
nan
0.586000
nan
1.000000
nan
0.360000
nan
nan
0.180000
1.000000
0.631000
0.586000
nan
nan
0.225000
0.450000
0.405000
nan
nan
nan
0.541000
0.495000
0.270000
nan
nan
nan
nan
0.180000
nan
0.225000
0.631000
nan
0.495000
0.270000
nan
nan
nan
0.270000
nan
0.180000
0.331000
nan
nan
nan
nan
nan
nan
nan
0.221000
0.608000
nan
nan
0.221000
nan
nan
0.080000
nan
nan
nan
0.718000
1.000000
1.000000
0.331000
0.331000
0.080000
nan
0.110000
nan
0.608000
nan
nan
0.884000
nan
0.773000
0.497000
nan
nan
nan
0.829000
0.552000
nan
0.276000
0.221000
nan
nan
0.221000
nan
nan
0.110000
nan
0.276000
0.773000
nan
0.110000
nan
nan
0.166000
nan
nan
nan
0.110000
nan
nan
0.110000
0.331000
0.718000
0.773000
0.884000
0.718000
0.773000
0.387000
0.884000
0.773000
nan
0.663000
nan
nan
0.221000
0.110000
0.387000
nan
0.080000
0.331000
0.442000
nan
nan
nan
nan
nan
0.221000
0.497000
0.276000
0.939000
0.442000
1.000000
0.687000
nan
0.275000
nan
0.275000
nan
0.412000
nan
nan
0.550000
0.412000
0.344000
nan
nan
nan
0.344000
0.412000
nan
nan
1.000000
0.893000
nan
nan
nan
0.687000
0.619000
0.000000
nan
nan
nan
nan
nan
nan
0.275000
0.000000
0.756000
nan
0.687000
nan
nan
nan
nan
nan
0.137000
0.275000
nan
nan
nan
0.412000
0.137000
0.962000
0.893000
nan
nan
nan
nan
nan
0.481000
0.756000
0.137000
nan
nan
nan
0.137000
nan
nan
nan
nan
0.275000
0.137000
nan
nan
1.000000
0.137000
0.344000
0.137000
0.000000
0.137000
nan
0.412000
0.756000
nan
nan
0.000000
0.481000
nan
nan
0.893000
1.000000
0.137000
0.344000
nan
nan
0.687000
nan
nan
0.344000
0.275000
0.069000
0.206000
0.550000
nan
0.615000
1.000000
0.692000
nan
0.538000
0.154000
nan
1.000000
nan
nan
0.154000
0.462000
0.769000
0.846000
nan
0.308000
0.154000
0.462000
0.538000
nan
nan
0.385000
0.538000
nan
nan
nan
nan
0.615000
0.308000
1.000000
nan
nan
nan
0.154000
0.462000
0.615000
nan
0.154000
nan
nan
0.538000
nan
nan
0.308000
0.385000
nan
0.846000
0.154000
nan
0.615000
0.154000
0.462000
0.538000
0.154000
nan
nan
nan
0.615000
nan
0.231000
0.308000
0.154000
0.231000
nan
nan
0.462000
0.308000
0.538000
nan
nan
0.462000
0.308000
1.000000
nan
0.154000
nan
0.231000
nan
0.846000
0.154000
nan
0.615000
1.000000
1.000000
nan
nan
0.200000
0.800000
0.000000
nan
nan
0.000000
0.000000
0.700000
nan
nan
0.400000
nan
nan
0.700000
1.000000
nan
0.300000
0.000000
0.000000
0.700000
1.000000
nan
0.300000
nan
nan
0.100000
0.500000
0.400000
0.800000
0.600000
nan
0.200000
nan
nan
0.200000
0.200000
0.200000
0.200000
0.200000
0.700000
nan
0.200000
0.300000
0.000000
0.700000
nan
0.200000
0.000000
nan
0.300000
0.200000
0.000000
0.000000
0.000000
0.000000
0.000000
0.000000
nan
0.000000
0.200000
1.000000
0.200000
0.400000
0.400000
0.200000
0.000000
nan
0.132000
nan
nan
0.530000
0.397000
nan
0.132000
0.265000
nan
0.397000
0.265000
nan
0.000000
0.265000
nan
0.397000
0.265000
nan
0.265000
0.000000
nan
0.530000
0.397000
nan
0.000000
0.397000
nan
0.795000
0.397000
nan
0.265000
0.795000
1.000000
0.265000
0.132000
nan
nan
0.265000
nan
0.000000
0.132000
1.000000
0.000000
0.000000
nan
0.000000
0.530000
nan
0.265000
0.265000
nan
0.265000
0.000000
0.662000
1.000000
0.795000
nan
0.662000
0.662000
nan
0.132000
0.397000
nan
0.265000
0.795000
0.927000
0.530000
0.000000
nan
0.530000
nan
nan
0.265000
0.100000
nan
0.500000
0.500000
0.500000
0.000000
nan
nan
0.300000
0.400000
nan
nan
nan
nan
nan
0.500000
nan
nan
nan
0.400000
0.800000
1.000000
0.000000
nan
0.000000
nan
0.200000
0.700000
nan
nan
0.600000
nan
nan
0.400000
1.000000
1.000000
0.400000
nan
0.700000
nan
0.600000
0.400000
nan
0.400000
0.200000
nan
nan
0.400000
0.400000
0.400000
0.200000
nan
0.400000
nan
1.000000
nan
nan
nan
0.000000
0.600000
0.600000
0.600000
0.400000
0.200000
nan
0.300000
0.600000
nan
nan
nan
1.000000
nan
1.000000
0.400000
1.000000
0.200000
0.500000
0.600000
0.400000
0.100000
nan
0.000000
nan
nan
0.200000
0.692000
0.308000
0.462000
0.538000
nan
1.000000
nan
1.000000
0.462000
nan
0.154000
0.154000
0.308000
0.538000
nan
nan
0.846000
0.154000
0.615000
nan
0.769000
nan
0.538000
0.308000
nan
0.923000
0.615000
0.462000
0.077000
0.077000
0.154000
0.308000
nan
nan
0.462000
nan
nan
0.538000
0.385000
0.615000
nan
nan
0.308000
0.231000
0.538000
0.846000
0.308000
0.308000
0.231000
0.538000
1.000000
1.000000
nan
0.231000
0.538000
nan
0.692000
nan
0.308000
0.077000
0.077000
nan
0.385000
nan
0.154000
nan
nan
nan
nan
0.462000
nan
0.538000
0.615000
0.538000
0.649000
nan
nan
0.260000
nan
nan
nan
0.216000
0.216000
0.736000
nan
nan
0.563000
nan
0.606000
0.260000
0.260000
0.476000
0.736000
nan
0.563000
0.606000
0.866000
0.260000
0.433000
0.779000
1.000000
0.433000
0.476000
nan
nan
nan
nan
nan
0.346000
0.823000
nan
0.693000
0.303000
0.390000
nan
0.736000
0.866000
0.303000
nan
0.952000
nan
nan
nan
1.000000
0.823000
0.476000
0.433000
0.303000
0.563000
0.606000
nan
nan
0.216000
nan
0.433000
0.260000
0.693000
0.649000
1.000000
0.519000
nan
0.606000
0.216000
0.823000
nan
nan
nan
nan
nan
0.649000
0.346000
0.736000
0.693000
nan
nan
nan
0.637000
0.425000
nan
nan
nan
0.088000
1.000000
0.516000
0.698000
nan
0.395000
0.212000
nan
0.455000
0.819000
nan
nan
0.243000
nan
nan
0.212000
nan
nan
0.121000
0.516000
1.000000
0.152000
0.395000
0.546000
nan
0.486000
0.088000
1.000000
nan
nan
0.759000
nan
nan
nan
0.425000
nan
0.364000
0.455000
nan
0.546000
0.850000
nan
0.486000
nan
0.212000
0.182000
0.577000
0.121000
nan
nan
0.516000
0.334000
0.182000
0.334000
0.243000
nan
nan
nan
nan
0.698000
0.364000
nan
0.334000
0.273000
nan
0.546000
0.088000
nan
nan
nan
nan
nan
0.364000
0.273000
0.455000
nan
nan
nan
nan
0.121000
nan
nan
nan
0.364000
0.455000
nan
0.212000
0.170000
nan
0.227000
0.737000
nan
nan
nan
0.170000
nan
nan
nan
0.397000
nan
nan
0.170000
nan
nan
0.567000
0.340000
nan
nan
0.227000
0.453000
0.510000
0.510000
0.227000
nan
0.453000
0.453000
0.340000
0.170000
0.567000
0.453000
nan
nan
0.737000
0.567000
nan
nan
0.227000
nan
0.283000
0.453000
nan
0.453000
0.340000
0.850000
nan
nan
0.510000
nan
0.680000
nan
0.283000
0.453000
1.000000
nan
0.623000
0.453000
nan
0.567000
nan
0.227000
0.680000
nan
nan
0.227000
0.227000
0.510000
0.397000
nan
0.340000
nan
nan
0.340000
1.000000
0.283000
0.227000
0.340000
0.907000
nan
nan
1.000000
0.793000
0.348000
nan
nan
0.217000
0.261000
nan
0.217000
nan
nan
nan
nan
nan
nan
nan
0.130000
0.107000
nan
0.913000
nan
nan
0.783000
nan
nan
0.783000
1.000000
1.000000
nan
0.739000
nan
0.609000
0.478000
0.826000
0.478000
0.522000
nan
nan
0.870000
0.348000
nan
nan
nan
nan
0.217000
0.435000
0.107000
0.522000
1.000000
nan
nan
nan
nan
0.478000
nan
nan
0.565000
0.304000
0.609000
nan
nan
nan
nan
nan
nan
0.304000
0.652000
0.435000
nan
nan
1.000000
0.783000
nan
nan
0.870000
nan
0.261000
0.174000
nan
0.130000
0.130000
nan
0.107000
nan
nan
nan
nan
nan
0.783000
0.739000
0.739000
nan
nan
0.130000
0.130000
0.348000
0.130000
nan
0.174000
nan
0.565000
0.957000
nan
1.000000
0.377000
0.514000
nan
nan
nan
0.651000
0.068000
nan
0.103000
nan
nan
0.240000
nan
0.137000
0.051000
nan
1.000000
0.342000
0.514000
1.000000
nan
0.822000
nan
1.000000
nan
nan
0.822000
nan
nan
nan
0.377000
0.068000
0.308000
0.171000
nan
0.137000
nan
nan
0.342000
0.051000
nan
nan
0.103000
0.582000
0.685000
nan
nan
0.582000
0.753000
nan
0.479000
0.548000
0.822000
nan
0.856000
nan
0.685000
nan
0.925000
0.616000
0.274000
0.445000
nan
0.274000
nan
nan
0.377000
nan
nan
0.377000
0.205000
0.274000
nan
nan
0.377000
0.377000
0.342000
nan
nan
0.205000
0.445000
0.582000
nan
nan
nan
nan
0.274000
0.308000
0.342000
nan
0.034000
0.034000
