Coverage(RPKM): 639.788732
0.085000
nan
nan
0.118000
0.118000
nan
0.588000
1.000000
nan
0.235000
0.353000
nan
0.353000
nan
nan
0.235000
0.353000
0.294000
0.118000
0.588000
0.353000
0.118000
0.529000
nan
1.000000
nan
nan
nan
0.085000
0.588000
0.824000
nan
nan
nan
0.353000
nan
nan
nan
nan
0.588000
0.765000
nan
nan
0.353000
0.176000
0.824000
0.412000
0.235000
1.000000
1.000000
nan
0.176000
nan
nan
0.294000
nan
nan
nan
0.353000
nan
0.706000
0.085000
nan
nan
0.235000
0.706000
nan
0.235000
nan
0.235000
0.235000
nan
0.176000
0.118000
nan
0.235000
0.353000
0.529000
nan
nan
nan
0.824000
0.412000
0.824000
1.000000
nan
nan
0.294000
0.316000
nan
0.711000
0.791000
0.237000
nan
0.474000
nan
nan
0.553000
nan
0.237000
nan
0.000000
0.316000
nan
0.119000
nan
0.000000
0.158000
nan
0.593000
nan
0.356000
nan
0.316000
nan
nan
0.395000
1.000000
nan
0.553000
0.593000
0.672000
0.553000
1.000000
0.632000
0.870000
nan
0.079000
nan
nan
0.316000
nan
0.237000
0.000000
nan
nan
0.672000
0.435000
0.316000
nan
nan
0.158000
0.316000
0.000000
nan
0.593000
0.237000
nan
0.435000
0.474000
0.711000
0.474000
0.672000
nan
nan
0.237000
nan
1.000000
0.356000
nan
nan
nan
0.237000
nan
0.079000
0.316000
0.198000
nan
0.395000
0.751000
0.382000
nan
nan
0.687000
nan
nan
1.000000
1.000000
1.000000
nan
0.000000
0.153000
nan
0.687000
nan
nan
0.458000
0.611000
nan
nan
nan
nan
0.458000
nan
nan
nan
0.916000
nan
0.382000
nan
0.382000
0.000000
0.534000
nan
0.000000
0.382000
0.687000
0.305000
0.229000
0.153000
nan
nan
nan
nan
nan
nan
0.305000
nan
0.000000
nan
0.458000
nan
nan
0.305000
nan
0.229000
0.305000
0.305000
0.305000
nan
0.382000
nan
0.458000
0.763000
0.305000
0.229000
0.076000
0.305000
0.382000
nan
0.153000
0.000000
nan
0.305000
0.687000
nan
nan
0.229000
nan
0.000000
0.305000
nan
0.305000
0.153000
nan
0.076000
nan
nan
0.000000
nan
nan
0.382000
nan
0.397000
0.530000
0.132000
nan
0.397000
0.000000
0.265000
nan
0.000000
0.265000
nan
nan
nan
nan
0.000000
0.000000
0.795000
nan
nan
nan
nan
0.000000
nan
nan
0.000000
nan
nan
0.000000
0.132000
0.000000
nan
nan
0.662000
nan
0.530000
0.000000
nan
nan
nan
0.132000
0.265000
0.000000
nan
nan
0.530000
0.000000
0.000000
0.000000
nan
nan
0.000000
nan
0.000000
1.000000
0.530000
nan
0.927000
0.265000
0.265000
0.530000
nan
nan
0.265000
nan
0.265000
0.530000
nan
nan
0.795000
0.000000
nan
nan
nan
0.795000
1.000000
1.000000
0.132000
0.530000
0.397000
0.530000
0.530000
nan
0.000000
0.265000
nan
nan
nan
nan
nan
0.000000
nan
nan
nan
nan
0.000000
0.000000
0.286000
nan
0.000000
0.571000
0.286000
0.429000
0.000000
0.857000
0.571000
nan
nan
0.000000
nan
0.000000
0.429000
0.000000
nan
nan
1.000000
0.571000
1.000000
nan
0.286000
0.714000
nan
0.571000
0.429000
0.571000
nan
0.286000
0.000000
nan
0.571000
0.000000
1.000000
0.571000
0.000000
0.000000
nan
nan
0.286000
nan
0.286000
0.286000
nan
nan
0.286000
nan
nan
0.857000
0.000000
nan
0.571000
nan
0.000000
nan
nan
nan
nan
nan
0.571000
nan
0.571000
nan
nan
0.286000
1.000000
0.857000
0.857000
nan
0.571000
0.571000
0.000000
nan
0.286000
1.000000
0.286000
0.231000
0.692000
0.000000
nan
0.385000
nan
0.231000
nan
nan
0.462000
0.000000
0.692000
nan
0.154000
nan
nan
nan
nan
1.000000
0.692000
nan
0.308000
nan
0.000000
0.154000
0.462000
0.077000
0.000000
0.154000
1.000000
nan
nan
nan
nan
nan
0.000000
nan
nan
0.000000
0.615000
0.154000
0.077000
nan
nan
nan
0.462000
nan
nan
0.385000
0.615000
nan
1.000000
0.308000
nan
0.077000
nan
1.000000
0.231000
0.462000
0.154000
0.077000
0.154000
0.154000
nan
nan
nan
0.000000
nan
nan
nan
0.000000
0.308000
0.385000
0.308000
0.385000
0.308000
nan
0.846000
nan
0.077000
nan
0.462000
0.462000
nan
0.923000
0.000000
0.462000
nan
0.538000
nan
nan
0.692000
0.308000
nan
0.462000
nan
0.308000
0.462000
nan
0.769000
0.154000
nan
0.615000
nan
nan
0.308000
0.615000
1.000000
nan
0.615000
0.385000
0.385000
0.923000
0.538000
0.769000
0.462000
0.308000
1.000000
0.538000
0.385000
nan
0.308000
nan
0.462000
nan
nan
0.385000
nan
0.692000
0.692000
0.308000
nan
0.462000
nan
nan
nan
0.692000
nan
nan
0.692000
0.385000
0.308000
0.538000
0.538000
1.000000
0.154000
0.154000
0.385000
nan
0.308000
nan
nan
0.154000
nan
0.615000
0.154000
0.692000
0.231000
nan
nan
nan
0.769000
1.000000
0.308000
0.216000
0.302000
nan
0.345000
0.129000
nan
nan
nan
0.603000
nan
0.345000
nan
nan
nan
0.388000
0.517000
0.086000
0.474000
nan
nan
nan
nan
0.216000
0.388000
nan
nan
nan
0.129000
0.043000
0.086000
nan
0.043000
0.216000
nan
nan
0.603000
0.474000
0.431000
1.000000
0.259000
nan
nan
0.043000
nan
nan
nan
nan
nan
0.431000
0.302000
0.905000
0.431000
0.776000
nan
0.388000
0.216000
nan
nan
0.690000
nan
0.819000
nan
nan
0.043000
0.043000
nan
0.302000
nan
nan
nan
1.000000
0.560000
0.388000
0.905000
nan
0.560000
0.647000
0.086000
nan
0.345000
nan
nan
nan
nan
nan
nan
nan
nan
0.302000
0.517000
nan
0.690000
nan
0.819000
1.000000
0.431000
nan
0.172000
0.755000
nan
nan
0.108000
nan
nan
nan
0.216000
0.431000
nan
0.323000
0.593000
0.593000
nan
0.755000
0.485000
1.000000
1.000000
nan
0.054000
0.647000
nan
nan
0.539000
nan
0.323000
0.162000
nan
nan
0.539000
1.000000
0.431000
nan
0.809000
nan
0.216000
0.108000
0.323000
0.270000
0.323000
0.970000
0.216000
nan
0.377000
0.108000
0.647000
nan
0.323000
0.162000
0.323000
nan
nan
nan
nan
0.024000
0.323000
0.539000
nan
nan
0.162000
0.323000
0.593000
nan
0.024000
nan
0.216000
0.108000
0.162000
0.216000
0.216000
0.377000
0.593000
nan
nan
0.270000
nan
0.024000
0.108000
nan
0.098000
0.784000
0.294000
0.392000
0.392000
0.196000
nan
nan
0.588000
nan
0.490000
0.196000
0.392000
nan
nan
0.392000
nan
0.686000
0.686000
0.588000
nan
0.196000
nan
0.392000
0.294000
nan
nan
0.098000
0.098000
0.294000
0.686000
1.000000
0.098000
0.000000
0.490000
0.196000
0.000000
0.196000
nan
0.392000
0.490000
0.294000
1.000000
nan
0.000000
nan
nan
nan
0.196000
0.392000
nan
nan
0.000000
0.490000
0.392000
0.392000
nan
0.000000
0.098000
0.294000
nan
nan
nan
nan
0.490000
nan
1.000000
0.000000
nan
0.098000
0.588000
nan
0.000000
nan
nan
nan
0.000000
0.000000
nan
0.000000
0.209000
0.209000
nan
1.000000
0.209000
0.209000
0.000000
0.000000
0.314000
nan
nan
0.419000
1.000000
0.524000
0.733000
nan
nan
0.000000
0.419000
0.209000
nan
nan
nan
nan
nan
0.419000
nan
0.419000
nan
0.209000
nan
0.419000
0.419000
nan
nan
0.000000
nan
0.419000
0.209000
0.314000
nan
0.628000
0.209000
nan
0.628000
0.419000
nan
nan
0.105000
0.733000
0.209000
0.000000
nan
nan
0.628000
0.733000
0.419000
0.000000
nan
0.733000
nan
0.733000
0.000000
0.942000
0.314000
0.628000
0.209000
nan
1.000000
0.628000
0.733000
nan
nan
0.942000
0.419000
0.105000
0.478000
0.119000
nan
0.657000
0.119000
0.597000
nan
0.179000
0.000000
nan
0.358000
nan
nan
nan
0.478000
0.119000
nan
nan
0.119000
nan
nan
0.119000
0.119000
0.418000
nan
0.239000
0.239000
nan
0.299000
nan
nan
nan
0.239000
0.478000
nan
nan
0.537000
1.000000
0.418000
1.000000
0.000000
0.119000
0.119000
0.000000
0.119000
nan
nan
nan
nan
0.657000
0.418000
0.478000
0.836000
nan
0.418000
0.418000
nan
nan
0.000000
0.299000
0.358000
0.358000
nan
nan
0.657000
nan
nan
0.179000
1.000000
0.657000
0.179000
0.478000
0.597000
nan
0.478000
0.119000
0.299000
nan
nan
0.119000
0.657000
0.637000
nan
0.637000
nan
0.637000
nan
nan
nan
0.478000
0.478000
1.000000
0.478000
nan
nan
0.797000
nan
nan
0.478000
nan
1.000000
0.080000
nan
0.558000
0.478000
0.558000
0.956000
0.637000
0.956000
nan
nan
0.319000
0.080000
0.956000
nan
nan
nan
0.080000
0.478000
0.797000
nan
nan
0.717000
0.478000
0.159000
nan
nan
0.956000
0.319000
nan
0.478000
0.319000
0.159000
0.876000
nan
nan
0.637000
0.159000
nan
0.239000
nan
nan
0.080000
nan
0.319000
nan
nan
nan
0.159000
0.956000
nan
nan
nan
0.478000
nan
nan
0.797000
0.637000
nan
0.558000
nan
nan
nan
nan
nan
0.478000
0.159000
nan
0.398000
nan
1.000000
0.398000
0.319000
0.398000
0.900000
nan
0.386000
nan
0.000000
0.129000
0.193000
0.322000
0.322000
0.386000
0.129000
nan
nan
nan
0.193000
nan
nan
nan
nan
0.000000
0.000000
0.129000
0.514000
nan
nan
nan
nan
nan
0.514000
nan
0.129000
nan
0.257000
nan
0.772000
0.386000
nan
0.386000
0.257000
0.707000
0.193000
0.450000
0.772000
0.386000
nan
0.064000
nan
nan
nan
0.257000
0.386000
0.965000
0.772000
0.514000
0.514000
0.129000
nan
1.000000
nan
nan
0.707000
1.000000
nan
0.129000
0.000000
0.514000
nan
0.129000
0.257000
0.514000
0.000000
nan
0.257000
nan
0.000000
1.000000
0.707000
0.514000
nan
nan
nan
0.836000
0.414000
nan
0.322000
0.506000
0.506000
nan
nan
nan
0.276000
0.322000
0.184000
0.092000
0.276000
nan
0.322000
0.460000
nan
0.276000
nan
0.414000
0.598000
0.644000
0.046000
0.138000
0.046000
nan
nan
0.322000
0.184000
nan
nan
nan
nan
nan
0.092000
nan
0.552000
0.414000
nan
nan
0.736000
nan
0.046000
0.460000
nan
0.184000
0.046000
0.184000
nan
nan
nan
0.276000
0.782000
0.276000
0.460000
nan
0.276000
nan
nan
nan
0.138000
nan
nan
0.598000
0.322000
1.000000
0.644000
0.414000
0.230000
nan
1.000000
0.874000
nan
0.276000
nan
nan
nan
nan
0.092000
0.506000
nan
0.322000
nan
0.736000
0.046000
1.000000
nan
nan
0.170000
0.637000
nan
0.042000
nan
0.340000
1.000000
0.425000
nan
0.042000
nan
0.594000
0.085000
nan
0.212000
1.000000
0.425000
0.382000
nan
0.425000
nan
nan
nan
nan
nan
nan
0.170000
nan
nan
0.382000
0.255000
0.127000
nan
nan
nan
1.000000
nan
0.425000
nan
0.722000
nan
nan
0.255000
nan
0.679000
0.085000
0.510000
nan
0.340000
nan
0.510000
0.170000
0.042000
nan
nan
0.764000
0.679000
nan
nan
0.510000
nan
nan
nan
0.467000
0.637000
0.722000
0.212000
0.170000
nan
0.552000
nan
nan
0.085000
0.977000
0.170000
nan
nan
0.467000
nan
0.255000
nan
0.594000
0.255000
0.042000
0.467000
nan
0.212000
0.297000
0.510000
nan
nan
nan
0.524000
nan
0.524000
nan
nan
0.942000
0.942000
0.628000
0.000000
0.838000
0.000000
0.524000
0.419000
0.628000
nan
nan
nan
0.628000
0.105000
0.000000
nan
0.209000
0.419000
0.524000
nan
1.000000
nan
nan
0.000000
nan
nan
nan
nan
0.419000
nan
nan
nan
0.000000
0.000000
0.314000
0.000000
0.209000
0.628000
0.000000
0.419000
0.419000
nan
0.419000
0.419000
nan
1.000000
0.314000
0.733000
0.419000
nan
nan
nan
nan
0.733000
0.942000
nan
nan
nan
nan
0.209000
0.628000
0.419000
0.419000
nan
nan
0.209000
nan
nan
nan
0.000000
0.419000
nan
0.942000
nan
nan
1.000000
0.209000
nan
0.105000
0.628000
0.419000
0.618000
0.353000
0.353000
nan
0.309000
0.397000
nan
0.662000
nan
0.309000
nan
0.132000
nan
0.574000
nan
nan
0.442000
nan
nan
0.088000
nan
0.309000
0.221000
0.265000
0.353000
nan
0.132000
0.177000
nan
nan
0.221000
0.265000
0.177000
0.574000
0.574000
nan
nan
0.088000
nan
0.574000
0.751000
nan
nan
0.927000
nan
nan
0.706000
0.442000
0.530000
nan
nan
0.486000
1.000000
1.000000
0.618000
1.000000
0.618000
0.530000
0.442000
nan
nan
0.618000
0.839000
nan
0.177000
nan
nan
0.265000
nan
0.442000
nan
nan
nan
nan
nan
0.397000
0.442000
nan
0.177000
0.088000
nan
0.088000
0.088000
nan
nan
0.618000
0.927000
nan
0.393000
0.327000
0.524000
nan
nan
0.327000
0.065000
0.917000
nan
nan
nan
nan
0.982000
0.426000
0.687000
1.000000
1.000000
nan
nan
0.524000
0.229000
0.196000
0.753000
0.720000
nan
nan
nan
0.393000
nan
nan
0.131000
0.131000
nan
0.065000
nan
nan
0.164000
nan
nan
0.098000
nan
nan
0.065000
0.360000
0.589000
0.327000
nan
0.426000
0.458000
0.229000
0.458000
0.393000
nan
nan
nan
nan
0.065000
nan
nan
nan
0.327000
0.098000
0.196000
0.295000
0.229000
1.000000
0.164000
0.786000
0.458000
0.818000
nan
0.655000
nan
nan
0.458000
0.327000
0.917000
nan
nan
nan
nan
nan
nan
0.262000
0.065000
0.065000
0.098000
nan
nan
0.399000
0.456000
0.798000
1.000000
nan
nan
0.513000
0.342000
nan
nan
nan
nan
0.342000
0.855000
0.114000
0.513000
nan
nan
nan
0.741000
nan
0.456000
nan
0.114000
0.057000
0.171000
0.228000
nan
0.057000
nan
0.000000
nan
0.171000
0.000000
0.342000
nan
nan
nan
nan
nan
0.171000
1.000000
nan
0.456000
0.684000
nan
nan
nan
nan
0.627000
0.456000
0.798000
0.570000
0.741000
nan
0.684000
0.456000
nan
0.228000
0.513000
0.000000
nan
nan
0.570000
0.399000
0.969000
nan
0.171000
0.114000
0.342000
0.057000
1.000000
nan
0.513000
0.570000
nan
0.000000
nan
0.171000
nan
nan
nan
nan
nan
nan
0.114000
0.627000
nan
nan
0.342000
nan
1.000000
nan
nan
1.000000
nan
nan
nan
0.000000
0.875000
0.625000
nan
0.125000
0.125000
nan
1.000000
0.250000
0.125000
0.625000
nan
nan
nan
0.250000
nan
0.500000
0.500000
nan
0.500000
nan
0.250000
0.000000
0.000000
nan
nan
0.250000
1.000000
0.625000
nan
0.500000
0.375000
0.875000
0.000000
nan
nan
nan
0.000000
nan
0.000000
0.625000
0.500000
nan
0.250000
nan
0.250000
nan
0.125000
0.000000
0.250000
0.750000
nan
nan
nan
0.250000
nan
0.250000
0.000000
nan
1.000000
0.375000
0.000000
0.500000
nan
nan
0.000000
0.250000
nan
0.000000
0.000000
nan
0.000000
nan
nan
0.125000
nan
nan
nan
0.125000
0.250000
nan
0.545000
nan
nan
0.364000
0.182000
0.091000
0.455000
nan
0.000000
nan
0.000000
nan
nan
0.000000
0.000000
nan
0.091000
0.364000
nan
0.091000
0.091000
nan
nan
0.455000
0.545000
1.000000
0.364000
0.545000
nan
nan
0.182000
0.000000
0.364000
0.727000
0.091000
nan
0.182000
0.545000
nan
nan
nan
0.182000
nan
0.091000
nan
nan
0.909000
nan
nan
nan
nan
nan
0.545000
nan
nan
nan
0.000000
nan
0.364000
0.182000
nan
0.364000
0.182000
0.727000
0.545000
nan
0.727000
0.182000
0.182000
nan
nan
0.182000
nan
nan
0.455000
0.909000
0.000000
nan
nan
nan
nan
1.000000
nan
1.000000
nan
nan
nan
nan
0.545000
1.000000
0.818000
nan
0.636000
nan
nan
nan
nan
0.455000
nan
nan
0.000000
0.199000
0.596000
0.397000
0.464000
0.927000
nan
nan
nan
1.000000
nan
nan
0.795000
0.795000
0.662000
1.000000
0.132000
nan
0.265000
nan
nan
0.861000
nan
0.331000
0.530000
nan
0.066000
0.132000
nan
0.132000
nan
nan
0.530000
nan
0.132000
nan
nan
0.199000
nan
nan
nan
nan
0.397000
nan
nan
0.397000
0.662000
nan
0.066000
0.000000
0.132000
nan
0.397000
0.265000
0.530000
nan
0.199000
nan
0.000000
0.000000
0.728000
0.000000
nan
0.662000
0.000000
1.000000
0.265000
0.331000
0.000000
0.132000
nan
0.132000
0.199000
0.199000
0.199000
nan
0.000000
nan
0.464000
0.265000
0.117000
nan
nan
0.585000
0.234000
0.117000
0.292000
nan
0.234000
0.117000
nan
nan
nan
0.234000
0.702000
0.468000
nan
0.526000
nan
0.000000
0.117000
0.234000
nan
0.117000
nan
0.000000
0.409000
nan
nan
0.175000
nan
0.877000
0.409000
0.000000
nan
nan
nan
nan
nan
0.117000
0.409000
0.058000
nan
1.000000
0.351000
nan
nan
nan
0.000000
nan
nan
nan
nan
nan
0.234000
nan
nan
nan
0.117000
nan
nan
nan
0.936000
nan
nan
0.351000
1.000000
0.351000
0.468000
0.468000
0.058000
nan
0.351000
nan
0.175000
nan
0.000000
0.234000
nan
nan
nan
nan
0.351000
nan
nan
1.000000
nan
0.000000
nan
0.000000
nan
0.526000
0.585000
0.468000
nan
nan
nan
0.351000
0.877000
0.234000
0.117000
0.234000
0.468000
nan
0.117000
nan
nan
0.117000
nan
0.000000
nan
0.000000
nan
0.351000
0.702000
nan
0.351000
0.351000
nan
0.234000
0.117000
0.117000
0.468000
nan
0.702000
0.702000
nan
0.643000
0.526000
nan
1.000000
0.175000
0.117000
nan
nan
0.585000
0.585000
0.468000
nan
0.000000
nan
0.234000
nan
nan
nan
nan
0.117000
nan
nan
0.702000
0.760000
1.000000
nan
nan
nan
nan
0.468000
nan
0.351000
0.292000
0.292000
0.000000
0.585000
0.468000
0.234000
0.526000
0.585000
0.936000
0.819000
0.702000
1.000000
nan
nan
nan
nan
nan
0.877000
nan
0.468000
0.351000
0.468000
0.526000
0.667000
0.083000
0.667000
0.667000
nan
1.000000
0.833000
nan
0.750000
0.583000
nan
nan
nan
nan
0.583000
0.333000
1.000000
nan
nan
nan
nan
0.250000
nan
0.250000
0.667000
0.167000
nan
0.500000
nan
nan
nan
0.417000
nan
0.500000
nan
nan
nan
nan
nan
0.417000
0.167000
0.500000
0.583000
0.583000
0.167000
0.500000
0.833000
nan
0.750000
nan
nan
0.038000
nan
nan
nan
nan
nan
nan
0.038000
0.500000
0.333000
nan
nan
0.750000
nan
0.500000
0.833000
0.083000
nan
0.083000
nan
1.000000
0.667000
nan
0.167000
nan
0.750000
0.038000
nan
0.583000
nan
nan
nan
nan
0.917000
nan
0.500000
nan
nan
nan
nan
0.167000
0.750000
0.750000
1.000000
0.417000
nan
0.083000
0.767000
0.614000
nan
0.307000
0.307000
0.716000
0.972000
0.460000
0.614000
0.818000
nan
0.102000
0.512000
1.000000
0.512000
0.307000
nan
0.307000
nan
0.102000
0.102000
0.307000
nan
0.102000
0.921000
0.307000
0.665000
0.818000
nan
nan
0.614000
0.716000
nan
nan
0.818000
0.409000
0.409000
0.102000
0.307000
0.818000
0.614000
nan
nan
0.512000
nan
nan
0.256000
nan
nan
0.153000
nan
0.358000
0.563000
0.409000
nan
0.512000
0.563000
1.000000
nan
nan
nan
nan
0.256000
1.000000
0.716000
nan
0.460000
nan
0.307000
nan
0.307000
nan
0.716000
0.102000
nan
nan
0.818000
nan
0.352000
0.587000
nan
nan
0.391000
0.313000
nan
1.000000
0.509000
0.626000
1.000000
nan
nan
nan
nan
nan
0.274000
0.548000
nan
nan
0.783000
nan
nan
0.470000
nan
0.783000
0.235000
0.196000
nan
nan
0.352000
nan
nan
nan
nan
0.470000
nan
0.431000
0.665000
0.391000
0.900000
1.000000
nan
nan
nan
nan
0.196000
0.470000
0.157000
0.274000
0.391000
0.196000
0.431000
0.352000
0.274000
nan
nan
nan
0.978000
0.235000
0.157000
nan
0.157000
0.000000
0.157000
nan
nan
nan
nan
nan
0.313000
0.000000
nan
0.391000
nan
nan
nan
nan
0.352000
0.744000
nan
0.391000
0.470000
nan
nan
nan
0.352000
nan
nan
nan
0.078000
0.000000
0.000000
0.078000
0.117000
nan
nan
0.778000
nan
0.222000
0.778000
nan
nan
1.000000
nan
0.444000
0.667000
0.333000
nan
0.444000
0.889000
nan
0.000000
nan
nan
nan
nan
nan
0.444000
0.000000
1.000000
0.556000
0.684000
nan
0.000000
0.684000
1.000000
0.912000
nan
0.570000
1.000000
nan
0.228000
0.228000
0.342000
0.228000
0.342000
nan
nan
0.342000
1.000000
nan
0.456000
0.114000
0.228000
0.228000
0.228000
0.228000
nan
nan
nan
0.114000
0.000000
0.570000
0.684000
nan
0.456000
0.456000
0.342000
nan
0.000000
0.000000
0.114000
nan
nan
nan
0.684000
nan
0.228000
0.456000
nan
0.228000
0.342000
nan
nan
nan
0.000000
0.234000
0.000000
nan
nan
0.234000
nan
nan
nan
nan
nan
0.000000
nan
nan
nan
nan
nan
0.000000
nan
0.000000
0.234000
nan
0.117000
nan
0.234000
0.117000
0.000000
0.000000
nan
0.000000
0.000000
