Coverage(RPKM): 80370.491803
0.091000
nan
nan
nan
0.091000
0.096000
0.133000
0.091000
0.274000
0.241000
0.228000
0.379000
0.342000
0.188000
nan
nan
0.245000
0.279000
0.354000
nan
0.457000
0.316000
0.387000
nan
0.344000
0.342000
0.288000
0.511000
0.506000
nan
0.382000
nan
nan
nan
0.293000
0.371000
0.511000
0.644000
nan
0.300000
0.279000
0.921000
nan
nan
nan
0.512000
0.662000
0.686000
nan
nan
0.295000
nan
0.963000
nan
nan
nan
0.369000
nan
0.580000
nan
nan
0.596000
nan
0.883000
0.795000
1.000000
1.000000
0.620000
nan
nan
1.000000
0.669000
0.769000
0.677000
0.518000
nan
nan
nan
nan
nan
0.364000
nan
nan
0.766000
nan
0.422000
0.206000
0.265000
0.220000
0.415000
nan
0.404000
nan
nan
0.261000
0.166000
nan
0.430000
0.454000
nan
0.731000
nan
0.525000
0.372000
nan
nan
0.231000
0.244000
nan
nan
nan
0.762000
nan
0.166000
nan
0.216000
0.168000
0.219000
1.000000
1.000000
0.986000
nan
0.994000
0.862000
0.990000
nan
nan
nan
0.166000
nan
0.338000
0.384000
nan
nan
nan
nan
0.170000
nan
nan
nan
0.533000
nan
nan
nan
0.287000
0.263000
0.353000
nan
nan
nan
nan
nan
nan
0.590000
0.555000
0.563000
nan
0.386000
nan
nan
nan
0.398000
0.560000
0.514000
nan
nan
nan
0.550000
1.000000
0.879000
nan
nan
0.685000
0.641000
nan
0.849000
nan
nan
nan
nan
0.482000
0.286000
0.304000
nan
nan
nan
nan
nan
nan
1.000000
0.370000
nan
nan
nan
nan
nan
nan
nan
nan
0.889000
0.828000
1.000000
1.000000
nan
nan
0.590000
0.413000
0.644000
0.994000
nan
nan
nan
0.343000
nan
0.340000
nan
nan
nan
nan
0.622000
0.661000
nan
nan
0.428000
0.167000
nan
nan
nan
0.527000
0.476000
nan
nan
0.201000
0.153000
nan
nan
nan
0.706000
0.693000
0.765000
0.841000
0.725000
nan
0.279000
0.369000
nan
nan
0.280000
0.154000
nan
nan
nan
0.629000
0.529000
nan
0.490000
0.455000
nan
0.519000
0.493000
0.291000
0.374000
0.312000
0.472000
nan
nan
nan
0.450000
nan
0.270000
nan
0.426000
0.153000
nan
nan
nan
0.677000
nan
0.490000
0.605000
nan
0.636000
nan
nan
nan
nan
nan
0.153000
nan
0.232000
nan
0.476000
1.000000
0.921000
0.720000
0.567000
nan
0.570000
0.556000
0.700000
0.480000
0.831000
0.703000
nan
1.000000
0.691000
nan
1.000000
0.808000
0.926000
nan
0.726000
nan
nan
nan
nan
0.276000
0.098000
nan
nan
0.234000
nan
0.826000
0.975000
0.244000
0.287000
0.739000
nan
nan
0.225000
0.722000
0.302000
nan
0.196000
0.305000
0.490000
nan
0.515000
0.368000
nan
0.437000
0.405000
nan
0.261000
0.288000
nan
0.541000
0.460000
nan
0.415000
0.257000
nan
0.303000
0.290000
nan
0.313000
0.211000
nan
0.330000
0.352000
nan
0.221000
0.139000
nan
0.098000
0.098000
