Coverage(RPKM): 1360.784314
0.000000
nan
nan
nan
0.000000
nan
nan
0.000000
nan
nan
0.286000
nan
nan
0.429000
0.286000
0.357000
0.500000
0.286000
nan
nan
nan
0.000000
0.429000
nan
0.643000
0.786000
nan
nan
nan
0.643000
nan
0.286000
0.000000
0.143000
0.143000
nan
0.429000
nan
nan
nan
nan
0.000000
0.071000
0.143000
nan
nan
nan
nan
0.429000
0.857000
nan
nan
0.643000
nan
nan
0.143000
0.286000
0.571000
0.286000
0.214000
nan
nan
nan
nan
0.714000
0.857000
0.429000
0.857000
nan
nan
nan
1.000000
1.000000
nan
nan
0.286000
0.714000
0.429000
0.857000
1.000000
0.571000
0.571000
0.286000
0.143000
0.857000
0.571000
1.000000
nan
nan
nan
nan
nan
0.286000
nan
0.857000
nan
nan
nan
nan
nan
0.100000
0.100000
0.137000
nan
nan
0.481000
0.825000
0.481000
nan
1.000000
nan
nan
nan
1.000000
0.137000
0.137000
0.206000
0.275000
nan
nan
nan
0.619000
nan
nan
0.756000
0.687000
nan
0.275000
nan
nan
1.000000
0.206000
nan
nan
nan
0.756000
0.687000
0.550000
0.962000
0.100000
0.275000
nan
0.344000
nan
0.893000
0.550000
nan
nan
0.481000
0.412000
0.481000
nan
0.206000
0.206000
nan
nan
nan
0.275000
nan
0.756000
nan
0.275000
nan
0.275000
0.344000
0.344000
nan
0.825000
0.137000
nan
nan
0.962000
0.275000
0.481000
nan
0.344000
0.619000
nan
nan
nan
0.893000
0.619000
0.275000
0.206000
0.687000
nan
nan
0.443000
nan
0.148000
0.812000
0.664000
0.295000
nan
nan
nan
nan
nan
0.812000
nan
0.664000
0.738000
nan
nan
nan
0.369000
nan
nan
0.295000
1.000000
nan
nan
nan
1.000000
nan
nan
0.148000
0.443000
0.886000
0.517000
0.295000
0.443000
nan
1.000000
nan
0.295000
0.148000
0.443000
0.590000
0.664000
nan
nan
nan
nan
0.295000
0.148000
nan
nan
nan
nan
nan
nan
nan
nan
nan
nan
nan
0.295000
0.443000
nan
nan
0.148000
0.295000
nan
nan
nan
0.812000
0.590000
0.369000
0.664000
0.295000
nan
0.443000
nan
nan
nan
0.517000
0.886000
0.590000
nan
0.664000
0.959000
0.590000
nan
0.664000
0.074000
0.074000
nan
nan
nan
0.074000
nan
nan
0.074000
0.738000
0.221000
nan
0.443000
0.167000
0.500000
0.111000
nan
nan
nan
nan
nan
0.222000
0.222000
0.167000
0.278000
0.389000
0.389000
0.667000
0.111000
0.333000
0.111000
0.333000
nan
0.167000
nan
nan
nan
0.333000
nan
0.111000
nan
0.111000
1.000000
0.222000
nan
0.444000
0.500000
1.000000
0.222000
nan
nan
nan
nan
nan
nan
0.389000
0.722000
0.667000
nan
0.556000
0.889000
nan
nan
0.278000
0.389000
0.500000
nan
nan
nan
nan
0.611000
0.111000
0.278000
1.000000
nan
0.333000
0.611000
nan
nan
1.000000
0.500000
0.667000
nan
nan
nan
0.111000
nan
nan
nan
0.111000
0.333000
nan
nan
nan
nan
nan
0.278000
0.444000
0.389000
nan
nan
1.000000
0.444000
0.611000
0.665000
0.525000
0.245000
0.420000
nan
0.771000
nan
nan
0.420000
nan
0.140000
0.315000
0.525000
0.455000
0.210000
nan
nan
nan
0.455000
nan
nan
nan
0.946000
0.121000
0.946000
0.490000
0.280000
0.455000
nan
0.665000
1.000000
0.210000
0.385000
0.455000
0.490000
0.315000
nan
0.525000
nan
nan
0.350000
0.981000
nan
0.736000
0.350000
0.806000
0.385000
0.911000
0.595000
nan
0.981000
nan
1.000000
nan
nan
0.140000
0.121000
0.350000
nan
nan
nan
nan
0.175000
0.140000
0.245000
nan
nan
nan
nan
nan
nan
nan
1.000000
nan
nan
nan
0.121000
nan
nan
nan
0.245000
nan
nan
nan
0.490000
0.210000
0.665000
nan
nan
nan
0.630000
nan
nan
nan
0.420000
nan
nan
nan
0.596000
nan
nan
0.835000
0.507000
nan
nan
nan
0.507000
0.864000
0.686000
0.507000
0.596000
0.477000
0.417000
nan
nan
nan
nan
0.566000
1.000000
1.000000
nan
0.268000
nan
0.626000
0.864000
nan
nan
0.656000
nan
nan
0.954000
0.626000
0.984000
nan
nan
nan
nan
nan
nan
nan
nan
0.328000
0.596000
0.238000
nan
nan
nan
0.268000
nan
0.507000
0.626000
nan
nan
0.566000
nan
nan
nan
nan
1.000000
nan
0.507000
0.447000
nan
nan
nan
nan
nan
nan
0.566000
nan
0.566000
nan
nan
0.358000
0.596000
nan
nan
0.268000
0.447000
nan
0.209000
0.149000
0.447000
0.149000
0.358000
nan
0.358000
0.149000
0.268000
nan
nan
nan
0.745000
nan
0.805000
nan
0.268000
nan
nan
nan
nan
0.596000
nan
nan
nan
nan
nan
nan
nan
nan
nan
0.149000
0.358000
nan
nan
0.301000
nan
nan
nan
0.753000
nan
nan
0.640000
0.490000
0.452000
nan
nan
0.527000
nan
0.527000
0.791000
0.979000
nan
nan
nan
nan
0.791000
0.640000
nan
1.000000
0.075000
nan
nan
nan
nan
nan
nan
nan
0.301000
0.188000
nan
nan
nan
0.377000
0.490000
0.301000
0.226000
0.452000
0.942000
0.829000
nan
0.979000
0.264000
nan
0.075000
0.113000
nan
0.264000
0.753000
0.490000
0.264000
0.188000
1.000000
nan
nan
0.075000
0.829000
0.791000
nan
nan
nan
1.000000
nan
0.301000
nan
nan
0.151000
nan
0.829000
0.151000
0.829000
nan
0.716000
0.527000
nan
nan
nan
nan
0.490000
0.339000
0.075000
nan
0.339000
0.603000
nan
0.452000
0.678000
nan
nan
0.429000
nan
nan
0.268000
0.107000
0.054000
nan
0.697000
nan
nan
nan
1.000000
0.107000
0.107000
0.751000
nan
nan
nan
nan
0.054000
0.107000
0.322000
0.322000
0.375000
0.322000
nan
nan
nan
0.107000
0.161000
0.268000
0.054000
0.322000
1.000000
0.536000
nan
0.536000
0.912000
0.214000
0.161000
0.322000
0.429000
0.375000
0.483000
0.536000
0.322000
nan
0.590000
nan
0.429000
0.804000
0.161000
nan
0.429000
0.054000
0.268000
0.322000
nan
0.322000
0.483000
0.214000
0.322000
1.000000
0.536000
0.214000
0.214000
nan
0.268000
nan
0.054000
0.311000
0.113000
nan
0.272000
0.505000
nan
nan
0.233000
0.388000
0.350000
nan
nan
0.233000
nan
nan
nan
0.427000
0.583000
0.427000
0.544000
0.233000
0.388000
0.388000
0.544000
0.466000
0.583000
0.816000
0.583000
0.583000
0.621000
0.272000
nan
0.544000
0.699000
0.466000
0.113000
nan
0.113000
nan
0.660000
nan
0.155000
0.311000
nan
nan
nan
0.583000
0.621000
nan
0.350000
nan
0.427000
0.466000
nan
nan
nan
0.621000
nan
nan
nan
0.505000
nan
nan
1.000000
0.544000
0.350000
0.816000
nan
nan
0.622000
0.981000
nan
0.146000
nan
nan
nan
0.805000
0.293000
0.842000
1.000000
nan
nan
0.622000
0.619000
nan
0.344000
0.241000
nan
nan
1.000000
nan
0.344000
nan
nan
0.344000
nan
nan
0.447000
nan
nan
0.309000
nan
0.275000
nan
0.481000
0.928000
0.653000
1.000000
nan
0.309000
0.756000
nan
nan
0.172000
nan
0.103000
nan
nan
0.103000
0.378000
nan
0.687000
0.275000
0.378000
0.412000
0.550000
nan
nan
nan
nan
nan
nan
nan
nan
0.172000
0.309000
nan
0.344000
nan
nan
0.722000
0.241000
nan
0.103000
0.447000
0.412000
0.893000
0.893000
0.550000
0.619000
0.275000
nan
0.206000
nan
nan
0.412000
0.447000
nan
0.137000
0.103000
