Coverage(RPKM): 23345.794393
0.138000
nan
nan
nan
nan
nan
0.187000
0.209000
0.267000
nan
nan
nan
0.209000
0.187000
0.341000
0.320000
0.452000
nan
0.243000
0.148000
0.138000
0.274000
nan
0.501000
0.400000
0.449000
nan
0.381000
0.430000
0.141000
nan
0.565000
0.470000
nan
nan
nan
0.532000
0.639000
nan
nan
nan
nan
0.461000
0.547000
nan
0.679000
0.270000
0.138000
nan
nan
nan
0.630000
nan
nan
0.608000
0.873000
nan
0.986000
0.956000
0.950000
0.750000
0.854000
nan
0.581000
1.000000
0.372000
0.860000
0.636000
0.504000
0.750000
0.639000
nan
nan
nan
nan
1.000000
0.695000
nan
0.492000
1.000000
0.704000
nan
0.774000
0.396000
0.590000
0.707000
0.760000
nan
0.230000
nan
nan
nan
nan
0.725000
0.840000
nan
nan
0.244000
nan
nan
0.220000
0.220000
nan
nan
nan
nan
nan
nan
nan
0.878000
0.888000
0.374000
0.487000
0.369000
nan
nan
nan
0.669000
0.868000
nan
1.000000
nan
0.609000
0.526000
nan
nan
nan
1.000000
nan
nan
0.376000
0.220000
0.225000
nan
nan
0.547000
0.401000
0.360000
0.446000
0.619000
0.564000
nan
0.502000
nan
nan
nan
nan
nan
nan
0.628000
nan
nan
nan
nan
nan
nan
0.377000
0.998000
0.520000
0.612000
0.904000
0.424000
0.708000
0.964000
nan
0.652000
0.369000
nan
nan
nan
nan
nan
nan
0.432000
0.568000
0.715000
0.825000
0.707000
1.000000
nan
0.499000
0.314000
0.451000
nan
0.297000
nan
0.813000
0.962000
nan
0.606000
0.496000
nan
0.282000
0.225000
0.199000
0.799000
1.000000
nan
0.755000
0.581000
nan
nan
nan
nan
nan
nan
nan
nan
nan
nan
0.480000
nan
0.645000
nan
nan
nan
nan
0.654000
0.515000
nan
nan
nan
nan
nan
0.238000
0.515000
0.510000
0.472000
nan
nan
nan
0.715000
1.000000
nan
0.426000
0.243000
0.671000
0.939000
nan
1.000000
nan
0.320000
0.202000
0.226000
0.226000
0.397000
nan
nan
nan
0.512000
0.876000
0.414000
nan
nan
nan
0.522000
0.635000
nan
0.782000
nan
0.816000
nan
nan
0.460000
0.411000
0.553000
nan
0.462000
0.621000
0.358000
nan
nan
0.208000
nan
0.399000
0.380000
nan
nan
nan
nan
nan
nan
nan
nan
nan
nan
0.710000
0.371000
0.464000
0.595000
nan
0.227000
0.436000
nan
0.277000
0.211000
0.150000
0.344000
0.480000
nan
nan
nan
nan
0.292000
0.376000
0.825000
nan
0.219000
nan
nan
nan
nan
0.150000
0.269000
0.284000
nan
nan
0.151000
nan
nan
0.150000
