Coverage(RPKM): 721.341463
0.000000
nan
nan
nan
0.000000
0.363000
nan
0.121000
nan
0.000000
0.423000
0.181000
0.242000
0.000000
0.121000
0.242000
nan
0.000000
nan
0.242000
nan
nan
nan
0.181000
0.121000
0.725000
nan
0.363000
0.242000
0.302000
0.302000
nan
0.302000
0.785000
0.242000
nan
0.000000
0.544000
0.121000
nan
0.544000
nan
0.785000
0.181000
nan
0.604000
nan
nan
0.906000
0.785000
nan
nan
0.423000
nan
nan
nan
0.604000
0.785000
0.544000
0.846000
1.000000
0.725000
nan
0.483000
0.665000
0.302000
nan
nan
0.121000
nan
0.544000
1.000000
0.906000
1.000000
0.967000
nan
0.483000
0.242000
nan
nan
nan
0.273000
0.727000
nan
0.273000
0.773000
nan
nan
nan
0.455000
0.864000
1.000000
0.636000
1.000000
0.818000
nan
nan
0.455000
0.132000
nan
nan
nan
0.773000
0.909000
0.409000
nan
0.273000
0.727000
nan
nan
0.545000
0.273000
1.000000
0.318000
0.500000
nan
nan
nan
0.227000
nan
0.364000
0.909000
nan
nan
nan
0.182000
0.364000
0.727000
nan
nan
nan
0.455000
0.727000
0.636000
0.818000
nan
0.455000
0.773000
nan
nan
nan
0.545000
nan
nan
nan
0.545000
nan
nan
1.000000
nan
0.727000
nan
nan
0.591000
0.132000
0.773000
0.591000
0.318000
0.455000
nan
nan
0.132000
nan
0.227000
0.364000
0.455000
0.409000
0.227000
nan
0.500000
0.064000
nan
nan
1.000000
0.429000
0.714000
nan
nan
0.500000
0.929000
nan
nan
nan
0.357000
1.000000
0.571000
1.000000
0.143000
0.429000
0.857000
nan
0.786000
0.286000
nan
nan
nan
nan
nan
0.643000
0.357000
0.643000
nan
0.143000
0.857000
nan
0.643000
nan
nan
0.143000
1.000000
nan
0.064000
0.429000
nan
nan
0.286000
nan
0.857000
0.286000
0.500000
nan
0.357000
0.571000
0.429000
1.000000
nan
nan
nan
0.286000
0.429000
nan
0.714000
nan
nan
nan
nan
0.571000
nan
0.143000
0.429000
0.286000
0.064000
nan
0.786000
0.286000
nan
0.714000
0.643000
0.286000
nan
nan
0.500000
0.714000
nan
nan
nan
nan
0.143000
nan
0.709000
1.000000
0.284000
nan
nan
nan
nan
nan
0.142000
0.567000
0.567000
nan
nan
0.284000
nan
0.567000
nan
nan
0.567000
0.638000
nan
nan
nan
nan
0.142000
0.496000
0.638000
1.000000
nan
0.426000
nan
1.000000
nan
0.142000
nan
nan
0.567000
0.142000
nan
0.284000
0.142000
nan
0.213000
0.851000
0.426000
nan
0.142000
nan
0.142000
0.426000
nan
nan
nan
nan
0.567000
0.426000
0.213000
0.284000
0.284000
0.284000
0.567000
nan
0.922000
0.426000
0.284000
nan
nan
0.426000
nan
0.142000
0.284000
0.142000
0.142000
nan
0.567000
nan
nan
0.284000
0.426000
0.638000
0.213000
0.284000
0.780000
nan
0.355000
0.083000
nan
0.167000
nan
nan
nan
0.417000
0.417000
0.417000
nan
0.417000
nan
0.167000
0.000000
0.417000
0.667000
nan
0.000000
nan
0.250000
nan
nan
0.500000
nan
nan
0.750000
0.333000
nan
nan
1.000000
1.000000
0.000000
0.750000
nan
0.333000
0.667000
0.917000
0.333000
0.500000
nan
nan
0.417000
nan
nan
0.333000
0.000000
nan
nan
nan
nan
0.250000
0.167000
0.250000
nan
0.583000
nan
1.000000
nan
nan
0.167000
0.167000
1.000000
0.167000
0.250000
0.833000
nan
0.500000
0.750000
nan
0.750000
0.417000
0.369000
0.295000
nan
0.000000
0.221000
nan
0.000000
nan
0.664000
nan
nan
0.295000
nan
0.295000
0.129000
0.450000
nan
0.064000
0.900000
nan
nan
0.707000
1.000000
nan
0.386000
nan
0.514000
nan
nan
0.514000
nan
nan
0.707000
0.707000
0.193000
0.643000
0.836000
0.450000
1.000000
0.707000
0.386000
0.707000
0.514000
nan
0.707000
0.836000
nan
0.450000
0.000000
0.322000
1.000000
0.643000
0.129000
0.386000
0.514000
0.129000
0.129000
0.129000
nan
nan
0.000000
nan
nan
0.000000
nan
nan
0.000000
nan
0.000000
0.579000
0.707000
nan
0.965000
0.129000
nan
0.064000
nan
