Coverage(RPKM): 32481.506849
0.056000
nan
nan
nan
nan
nan
0.068000
0.064000
0.064000
nan
nan
nan
0.068000
0.134000
nan
0.056000
0.056000
0.210000
0.117000
nan
0.192000
nan
nan
nan
nan
nan
nan
0.189000
0.267000
0.077000
nan
0.095000
0.534000
nan
0.254000
nan
0.372000
nan
0.368000
0.452000
0.317000
nan
nan
nan
nan
0.419000
nan
nan
nan
nan
0.123000
0.231000
0.276000
0.240000
0.386000
nan
0.602000
0.591000
nan
0.875000
0.520000
0.606000
0.835000
0.397000
0.761000
0.291000
0.417000
nan
nan
nan
nan
nan
nan
0.366000
0.284000
nan
0.983000
0.423000
0.655000
0.868000
0.483000
0.329000
0.577000
0.362000
nan
1.000000
nan
1.000000
1.000000
nan
0.614000
0.423000
nan
0.603000
nan
0.713000
nan
nan
1.000000
nan
nan
nan
nan
nan
nan
0.919000
0.738000
nan
nan
0.196000
0.193000
nan
nan
0.389000
0.822000
1.000000
nan
nan
0.193000
nan
nan
0.294000
nan
0.388000
0.544000
0.917000
nan
nan
0.606000
nan
nan
nan
nan
nan
nan
nan
0.382000
nan
nan
0.423000
nan
0.582000
0.672000
1.000000
nan
0.258000
0.267000
0.553000
0.545000
nan
nan
nan
nan
0.893000
nan
nan
nan
nan
0.193000
nan
nan
nan
nan
0.890000
0.596000
0.792000
0.951000
nan
nan
nan
nan
nan
nan
nan
0.899000
nan
0.572000
nan
0.758000
0.598000
nan
0.322000
0.248000
0.436000
0.541000
nan
0.568000
0.527000
0.422000
0.439000
0.194000
nan
0.539000
0.382000
0.317000
nan
0.222000
nan
nan
0.666000
nan
1.000000
nan
0.511000
1.000000
nan
0.855000
0.753000
0.914000
nan
nan
nan
nan
nan
nan
nan
0.526000
nan
0.660000
nan
nan
nan
0.548000
0.539000
0.663000
nan
nan
0.684000
0.593000
nan
0.496000
0.900000
1.000000
nan
0.276000
0.416000
0.252000
nan
nan
nan
0.362000
0.451000
nan
0.765000
0.337000
nan
nan
nan
nan
0.689000
0.355000
nan
nan
0.223000
nan
nan
nan
0.223000
nan
nan
nan
0.223000
0.631000
0.701000
0.541000
0.720000
0.834000
nan
0.662000
nan
nan
nan
nan
nan
nan
nan
nan
nan
nan
0.538000
0.326000
0.274000
nan
nan
nan
nan
nan
0.277000
nan
0.792000
nan
nan
0.988000
0.587000
0.690000
0.851000
nan
nan
0.312000
0.424000
nan
0.409000
0.246000
nan
nan
0.289000
nan
nan
nan
0.356000
nan
1.000000
nan
0.193000
0.328000
nan
nan
nan
nan
nan
0.391000
nan
nan
nan
1.000000
nan
0.929000
0.656000
0.749000
nan
nan
nan
nan
0.661000
0.475000
nan
nan
0.235000
nan
0.982000
1.000000
nan
nan
nan
nan
nan
0.544000
nan
0.628000
nan
nan
0.366000
0.350000
0.852000
nan
nan
nan
nan
nan
nan
0.940000
nan
0.768000
nan
nan
0.516000
0.699000
0.669000
nan
nan
nan
0.342000
nan
nan
nan
0.478000
0.464000
nan
nan
nan
0.161000
nan
0.377000
nan
nan
nan
nan
nan
nan
0.221000
nan
0.208000
0.127000
nan
nan
nan
nan
nan
nan
nan
0.137000
nan
nan
nan
nan
nan
nan
nan
0.342000
0.393000
nan
nan
0.279000
0.191000
0.314000
0.399000
nan
0.213000
0.164000
nan
nan
0.328000
0.249000
0.322000
0.350000
nan
0.336000
0.128000
0.142000
0.164000
nan
0.189000
nan
0.114000
nan
nan
0.102000
0.102000
