Coverage(RPKM): 1865.432099
0.097000
nan
nan
nan
nan
nan
nan
nan
0.253000
nan
nan
0.309000
0.197000
0.169000
0.097000
0.113000
0.197000
nan
0.253000
0.450000
nan
nan
0.703000
nan
0.281000
0.141000
nan
nan
nan
nan
1.000000
nan
nan
nan
nan
nan
nan
0.534000
nan
nan
0.534000
0.506000
nan
nan
nan
nan
nan
0.675000
nan
nan
nan
nan
nan
0.281000
nan
nan
0.097000
0.169000
0.197000
nan
0.169000
0.394000
nan
nan
nan
nan
nan
1.000000
nan
nan
1.000000
0.816000
nan
0.563000
nan
nan
nan
0.872000
nan
0.197000
nan
nan
0.169000
nan
0.197000
0.141000
0.534000
0.169000
nan
0.985000
nan
0.534000
0.619000
nan
nan
0.478000
0.450000
0.450000
0.478000
nan
nan
nan
0.675000
nan
nan
nan
0.619000
0.591000
0.534000
0.394000
0.225000
nan
0.788000
0.900000
0.605000
0.477000
0.440000
nan
nan
nan
nan
0.605000
nan
nan
0.310000
nan
nan
nan
nan
0.422000
0.477000
0.330000
0.642000
0.495000
nan
0.495000
0.880000
nan
0.568000
nan
0.422000
nan
nan
0.990000
0.310000
0.532000
nan
nan
0.733000
nan
nan
nan
nan
nan
nan
0.403000
0.385000
0.605000
0.550000
0.568000
nan
nan
0.550000
0.568000
0.660000
nan
0.532000
nan
nan
0.770000
0.587000
nan
0.733000
0.550000
0.605000
0.403000
nan
nan
nan
0.403000
0.935000
nan
1.000000
0.752000
nan
nan
nan
0.310000
0.733000
0.532000
nan
nan
1.000000
0.880000
0.422000
nan
0.422000
nan
0.825000
0.605000
0.770000
1.000000
nan
nan
nan
0.495000
0.715000
nan
nan
nan
0.978000
0.900000
0.783000
0.372000
1.000000
0.607000
nan
nan
0.665000
0.705000
0.176000
0.744000
nan
nan
0.528000
nan
1.000000
nan
nan
0.978000
nan
nan
nan
nan
nan
nan
nan
nan
nan
nan
nan
0.665000
0.626000
nan
1.000000
nan
nan
nan
0.391000
0.939000
nan
nan
nan
nan
nan
0.391000
nan
0.294000
0.176000
0.274000
0.215000
0.117000
0.196000
nan
nan
nan
nan
nan
nan
nan
nan
nan
nan
nan
nan
nan
nan
nan
nan
0.157000
0.157000
0.117000
nan
nan
nan
0.294000
0.313000
0.352000
0.313000
0.294000
nan
0.274000
0.196000
0.391000
nan
nan
nan
0.274000
0.509000
0.294000
nan
0.196000
0.235000
0.196000
0.274000
0.176000
0.157000
nan
0.176000
0.157000
0.176000
nan
0.117000
0.117000
nan
0.397000
nan
nan
nan
0.464000
nan
0.132000
0.331000
nan
0.265000
0.066000
0.265000
nan
0.596000
0.530000
0.464000
0.265000
nan
nan
nan
nan
0.331000
nan
nan
nan
0.927000
0.199000
nan
nan
nan
nan
0.265000
0.199000
nan
0.596000
0.662000
0.265000
0.030000
nan
nan
0.265000
nan
nan
0.015000
nan
0.795000
nan
0.265000
nan
nan
0.132000
0.397000
nan
nan
0.397000
1.000000
0.662000
nan
0.464000
0.728000
nan
nan
nan
nan
nan
0.015000
0.464000
0.397000
nan
nan
0.331000
nan
0.397000
0.795000
1.000000
nan
nan
0.464000
nan
nan
nan
0.662000
nan
nan
0.397000
nan
nan
nan
nan
nan
nan
nan
0.662000
0.397000
0.265000
nan
0.397000
nan
nan
nan
0.728000
nan
1.000000
0.927000
nan
nan
nan
nan
nan
nan
0.265000
nan
nan
nan
0.728000
nan
nan
0.132000
nan
nan
nan
0.464000
nan
nan
0.331000
0.861000
nan
nan
nan
nan
nan
nan
nan
nan
nan
nan
nan
nan
nan
0.530000
0.397000
nan
nan
nan
nan
nan
nan
nan
nan
nan
nan
nan
0.265000
0.861000
nan
0.265000
0.530000
0.132000
0.464000
0.199000
nan
nan
0.596000
0.530000
0.331000
0.000000
0.662000
0.199000
nan
0.000000
0.000000
