Coverage(RPKM): 353.333333
0.000000
nan
nan
nan
nan
0.234000
nan
0.234000
nan
0.000000
nan
0.468000
nan
nan
nan
0.234000
nan
0.234000
0.702000
0.000000
0.468000
nan
0.000000
0.000000
nan
0.234000
nan
0.234000
nan
0.234000
nan
0.000000
nan
0.234000
0.468000
0.000000
nan
0.468000
nan
nan
nan
nan
nan
0.000000
0.468000
nan
1.000000
nan
nan
0.000000
nan
0.234000
0.351000
nan
nan
0.234000
nan
nan
0.234000
0.000000
0.468000
0.351000
0.819000
nan
0.234000
nan
nan
nan
nan
0.468000
nan
nan
0.234000
nan
nan
0.936000
1.000000
0.468000
nan
1.000000
0.468000
0.702000
0.702000
0.468000
nan
0.000000
0.234000
nan
0.000000
0.000000
0.351000
0.702000
nan
nan
nan
0.117000
0.845000
nan
0.000000
nan
0.000000
nan
0.845000
nan
1.000000
nan
nan
0.000000
nan
0.423000
0.141000
0.423000
0.000000
1.000000
0.563000
nan
nan
nan
nan
nan
0.000000
0.423000
0.563000
nan
nan
0.563000
nan
0.000000
nan
0.282000
1.000000
nan
nan
0.000000
0.000000
nan
nan
0.000000
nan
0.282000
nan
nan
nan
0.000000
nan
0.282000
nan
nan
0.000000
0.141000
nan
0.282000
nan
nan
0.282000
0.000000
0.282000
0.282000
nan
0.282000
0.000000
nan
0.282000
nan
0.845000
0.563000
nan
nan
nan
0.282000
0.000000
nan
nan
nan
nan
0.000000
0.000000
nan
nan
nan
0.000000
0.000000
0.000000
0.282000
nan
nan
nan
0.282000
0.000000
nan
nan
nan
nan
0.000000
nan
0.282000
nan
nan
0.282000
nan
nan
nan
0.000000
nan
0.000000
nan
nan
0.750000
nan
nan
nan
0.500000
0.000000
0.000000
0.000000
0.000000
nan
0.500000
nan
nan
0.000000
0.000000
0.250000
0.500000
nan
0.500000
nan
0.000000
0.000000
nan
nan
0.500000
0.500000
0.000000
nan
nan
nan
nan
nan
0.000000
0.000000
0.000000
nan
nan
0.500000
0.500000
0.000000
1.000000
nan
nan
0.500000
nan
0.000000
0.250000
nan
0.500000
0.000000
1.000000
nan
nan
0.000000
nan
nan
nan
1.000000
1.000000
0.500000
nan
0.000000
nan
0.000000
nan
0.500000
0.500000
0.500000
0.000000
0.750000
0.500000
nan
nan
nan
nan
1.000000
1.000000
0.000000
0.000000
0.000000
nan
0.250000
nan
0.563000
0.282000
nan
nan
nan
1.000000
0.282000
0.000000
0.563000
0.563000
nan
0.845000
nan
nan
0.141000
nan
nan
0.845000
nan
0.282000
0.423000
nan
0.282000
0.141000
1.000000
nan
nan
0.000000
0.282000
0.282000
0.000000
nan
nan
nan
0.282000
0.000000
0.000000
0.000000
0.000000
0.000000
nan
nan
0.563000
0.282000
nan
0.563000
0.000000
0.423000
nan
nan
1.000000
nan
nan
nan
nan
nan
0.000000
nan
nan
0.000000
0.141000
0.000000
0.845000
nan
0.563000
nan
nan
nan
0.563000
0.282000
0.704000
0.282000
0.282000
0.000000
0.000000
0.282000
0.000000
nan
nan
nan
0.423000
0.282000
0.000000
0.282000
0.500000
nan
nan
nan
nan
0.000000
0.500000
0.500000
0.000000
0.000000
nan
0.000000
1.000000
0.750000
nan
nan
nan
nan
1.000000
nan
0.000000
nan
1.000000
1.000000
0.000000
nan
nan
0.000000
nan
0.000000
0.000000
nan
0.750000
nan
0.500000
0.750000
nan
0.500000
0.000000
nan
0.000000
0.500000
0.000000
0.000000
0.500000
nan
nan
0.500000
nan
nan
0.500000
nan
nan
0.000000
0.000000
0.000000
nan
0.000000
nan
0.500000
0.000000
0.000000
nan
nan
0.000000
0.000000
nan
nan
nan
0.750000
nan
nan
0.500000
nan
nan
0.750000
nan
0.500000
0.000000
nan
0.000000
0.000000
0.000000
nan
0.000000
0.750000
nan
0.500000
0.750000
nan
nan
nan
0.541000
nan
1.000000
0.901000
nan
nan
0.000000
0.000000
0.541000
0.180000
nan
0.360000
nan
0.000000
0.000000
0.360000
nan
0.000000
nan
0.000000
0.000000
0.721000
0.000000
nan
nan
0.000000
0.360000
0.541000
nan
0.541000
0.721000
0.000000
0.180000
1.000000
nan
0.000000
0.721000
nan
0.000000
0.000000
nan
nan
0.000000
nan
0.360000
0.360000
nan
nan
0.721000
0.000000
0.721000
0.721000
nan
nan
0.180000
nan
0.000000
nan
nan
0.721000
nan
nan
nan
nan
0.000000
0.000000
0.360000
0.000000
0.000000
0.721000
nan
nan
1.000000
nan
0.721000
nan
nan
0.000000
nan
0.000000
nan
nan
0.360000
0.360000
0.000000
0.000000
nan
nan
0.095000
nan
nan
0.000000
0.379000
nan
0.474000
0.190000
0.095000
0.474000
0.000000
nan
nan
nan
0.474000
nan
nan
0.190000
0.758000
nan
nan
nan
0.284000
0.758000
nan
0.758000
0.190000
1.000000
nan
nan
nan
0.000000
nan
0.379000
0.190000
nan
nan
nan
0.379000
nan
0.190000
nan
1.000000
nan
0.474000
0.853000
0.758000
0.190000
0.379000
nan
0.569000
0.379000
0.190000
nan
nan
0.190000
0.569000
0.190000
0.758000
nan
nan
0.000000
nan
0.664000
0.474000
1.000000
0.948000
0.379000
0.569000
0.095000
0.379000
nan
0.000000
0.000000
0.474000
nan
0.948000
0.000000
nan
nan
0.090000
nan
0.631000
nan
0.541000
nan
0.270000
nan
0.541000
nan
nan
nan
0.270000
nan
nan
nan
nan
0.270000
nan
0.360000
nan
0.721000
0.360000
0.901000
0.360000
nan
nan
0.000000
0.721000
nan
0.180000
nan
0.901000
0.811000
0.541000
nan
0.631000
0.000000
nan
0.450000
0.270000
nan
0.180000
nan
0.000000
nan
0.180000
0.000000
0.811000
nan
nan
1.000000
nan
nan
nan
nan
nan
0.180000
nan
0.090000
nan
nan
0.811000
0.901000
nan
nan
nan
0.000000
0.000000
0.180000
0.721000
0.450000
1.000000
1.000000
0.360000
nan
0.541000
0.000000
nan
nan
0.000000
0.811000
0.811000
nan
0.270000
nan
0.000000
nan
nan
nan
0.180000
0.180000
nan
0.360000
0.110000
nan
0.330000
0.220000
0.000000
1.000000
0.659000
nan
0.879000
nan
0.220000
1.000000
nan
0.220000
0.110000
nan
0.549000
nan
nan
0.220000
0.440000
nan
0.879000
1.000000
nan
nan
0.000000
0.440000
nan
nan
nan
0.110000
0.000000
nan
0.220000
0.220000
0.000000
0.440000
0.220000
0.659000
0.000000
nan
0.330000
0.330000
nan
nan
0.000000
nan
nan
nan
nan
0.659000
0.440000
0.659000
0.220000
0.769000
nan
nan
nan
0.220000
0.220000
0.879000
nan
nan
0.220000
0.220000
0.220000
0.220000
nan
0.110000
0.440000
nan
0.220000
0.549000
nan
0.659000
nan
0.330000
0.110000
0.549000
nan
0.250000
nan
0.000000
0.625000
0.500000
0.625000
0.375000
0.000000
0.375000
0.250000
0.000000
nan
0.375000
nan
0.500000
0.000000
0.250000
0.875000
0.000000
0.250000
nan
0.125000
0.625000
0.250000
0.000000
0.625000
0.500000
0.375000
0.500000
0.250000
0.875000
0.250000
0.125000
nan
0.250000
nan
0.000000
nan
0.625000
0.375000
nan
1.000000
0.375000
0.375000
0.000000
nan
nan
1.000000
nan
nan
1.000000
0.000000
nan
0.250000
nan
0.625000
nan
0.750000
0.500000
1.000000
nan
0.375000
nan
nan
0.250000
nan
nan
0.000000
0.875000
nan
0.250000
nan
nan
nan
0.125000
nan
nan
0.000000
0.000000
0.750000
nan
nan
0.000000
0.250000
0.000000
0.250000
nan
nan
0.750000
nan
nan
0.500000
0.625000
0.000000
nan
nan
nan
nan
0.000000
nan
nan
0.875000
0.625000
0.750000
nan
0.500000
0.250000
nan
1.000000
0.250000
0.750000
0.250000
nan
0.750000
0.500000
0.625000
0.250000
nan
0.500000
nan
nan
nan
0.875000
0.500000
nan
0.000000
nan
nan
0.250000
nan
0.625000
nan
nan
nan
nan
0.000000
