Coverage(RPKM): 1857.553957
0.032000
nan
nan
nan
nan
nan
0.350000
nan
0.210000
0.140000
0.841000
0.525000
nan
0.350000
nan
nan
0.455000
nan
0.140000
0.876000
0.210000
0.175000
0.350000
0.665000
nan
nan
nan
nan
nan
nan
nan
nan
nan
nan
0.070000
0.070000
nan
nan
0.350000
0.525000
0.490000
nan
nan
nan
0.560000
nan
nan
0.175000
nan
nan
nan
nan
nan
nan
1.000000
nan
1.000000
nan
nan
0.911000
nan
nan
nan
nan
nan
nan
nan
nan
nan
nan
nan
nan
0.315000
nan
0.350000
nan
nan
nan
0.525000
1.000000
nan
nan
nan
nan
nan
nan
nan
nan
0.175000
nan
0.665000
nan
nan
nan
0.175000
0.032000
0.280000
nan
0.701000
nan
nan
nan
nan
0.070000
0.280000
nan
nan
nan
nan
nan
0.736000
0.280000
0.210000
nan
0.032000
nan
nan
nan
nan
nan
nan
nan
nan
nan
nan
0.771000
0.946000
nan
nan
nan
nan
0.630000
nan
nan
0.350000
nan
nan
0.736000
nan
nan
0.981000
0.665000
nan
0.525000
0.490000
nan
0.315000
nan
nan
nan
nan
1.000000
0.546000
0.887000
0.307000
0.205000
0.375000
0.341000
nan
0.307000
0.205000
0.273000
nan
0.205000
nan
1.000000
nan
nan
nan
nan
nan
nan
nan
nan
0.614000
0.341000
0.239000
0.205000
nan
nan
0.186000
0.273000
0.444000
0.444000
0.614000
1.000000
0.273000
0.614000
0.512000
0.186000
nan
nan
0.717000
nan
0.205000
nan
nan
nan
nan
0.819000
0.478000
0.444000
nan
0.410000
nan
nan
nan
nan
nan
0.887000
0.785000
nan
0.478000
nan
nan
nan
nan
nan
nan
nan
0.410000
0.186000
nan
nan
0.648000
nan
nan
0.512000
0.785000
nan
0.410000
0.410000
nan
nan
nan
nan
nan
0.546000
0.307000
0.546000
nan
nan
nan
0.887000
0.205000
0.444000
nan
nan
nan
nan
nan
nan
nan
nan
0.205000
nan
nan
nan
0.648000
nan
0.432000
0.324000
nan
nan
nan
0.605000
0.713000
nan
0.259000
nan
0.454000
nan
0.562000
nan
nan
nan
0.324000
nan
nan
0.367000
nan
0.864000
nan
nan
nan
0.173000
nan
0.151000
nan
nan
nan
nan
nan
nan
nan
1.000000
nan
nan
nan
nan
nan
nan
nan
nan
nan
0.648000
nan
nan
0.130000
0.238000
nan
0.216000
nan
nan
0.929000
0.691000
0.583000
0.259000
nan
nan
nan
nan
nan
nan
0.084000
nan
0.376000
nan
0.042000
0.564000
0.355000
nan
nan
0.313000
0.334000
0.272000
0.501000
nan
0.251000
0.167000
nan
nan
nan
nan
nan
0.251000
0.042000
0.418000
0.689000
nan
0.418000
0.994000
nan
nan
nan
0.564000
nan
0.585000
0.585000
0.188000
0.042000
0.355000
0.773000
nan
0.167000
0.376000
1.000000
nan
0.104000
nan
0.042000
nan
1.000000
0.525000
0.626000
0.424000
nan
0.767000
nan
nan
0.565000
nan
0.383000
nan
0.222000
0.404000
0.242000
nan
nan
0.222000
nan
0.202000
nan
nan
nan
1.000000
nan
nan
nan
0.343000
nan
nan
nan
nan
nan
0.424000
nan
nan
0.222000
0.040000
0.161000
nan
nan
0.262000
nan
0.061000
0.040000
