Coverage(RPKM): 30629.824561
0.190000
nan
nan
nan
0.208000
nan
0.190000
0.222000
0.190000
nan
0.291000
0.200000
0.222000
0.301000
0.457000
nan
nan
0.269000
nan
nan
nan
nan
nan
0.255000
nan
0.259000
nan
0.499000
0.325000
0.543000
0.250000
0.367000
0.504000
0.604000
nan
0.534000
0.594000
nan
0.665000
nan
0.727000
0.516000
nan
nan
nan
0.795000
0.683000
0.563000
nan
nan
0.758000
nan
0.533000
0.318000
0.451000
nan
nan
0.362000
0.835000
0.693000
nan
nan
nan
0.340000
nan
nan
nan
nan
nan
nan
nan
nan
nan
0.490000
nan
nan
0.702000
0.429000
0.727000
0.866000
0.903000
0.667000
0.988000
1.000000
nan
nan
nan
nan
nan
nan
1.000000
nan
0.546000
0.727000
nan
0.665000
0.416000
0.851000
nan
nan
0.487000
0.561000
nan
nan
0.201000
nan
nan
0.923000
0.782000
0.677000
0.692000
0.780000
nan
0.457000
nan
nan
nan
0.353000
nan
nan
0.444000
0.595000
0.584000
nan
nan
nan
nan
nan
0.506000
0.689000
nan
0.663000
nan
0.438000
0.539000
0.426000
0.429000
1.000000
nan
0.287000
nan
0.424000
0.344000
0.236000
nan
0.239000
0.232000
0.301000
nan
nan
nan
nan
nan
nan
nan
0.460000
0.722000
0.400000
0.353000
0.186000
0.306000
0.438000
nan
nan
0.214000
0.374000
nan
0.331000
nan
0.186000
0.186000
