Coverage(RPKM): 27459.183673
0.128000
nan
nan
nan
0.128000
nan
nan
nan
0.226000
nan
nan
nan
nan
nan
0.726000
0.225000
0.252000
0.285000
nan
0.149000
0.128000
0.172000
0.422000
0.487000
nan
nan
nan
nan
0.203000
0.145000
nan
nan
0.359000
0.146000
0.131000
0.175000
0.332000
0.355000
0.285000
0.203000
nan
nan
nan
nan
0.496000
0.883000
nan
nan
nan
nan
nan
nan
nan
nan
0.484000
0.389000
0.422000
0.450000
0.485000
1.000000
0.541000
0.612000
nan
nan
nan
1.000000
nan
0.690000
nan
nan
nan
nan
0.364000
0.269000
0.257000
0.477000
nan
nan
0.561000
0.217000
1.000000
0.567000
nan
nan
nan
nan
nan
nan
0.487000
0.531000
nan
0.455000
nan
nan
nan
nan
0.342000
0.259000
0.591000
0.636000
0.453000
nan
1.000000
nan
nan
1.000000
0.993000
nan
nan
nan
nan
nan
nan
nan
nan
nan
nan
0.564000
nan
nan
0.775000
nan
nan
nan
0.676000
0.525000
nan
0.589000
0.271000
0.424000
0.415000
0.460000
nan
nan
nan
nan
nan
0.223000
nan
nan
nan
0.860000
1.000000
nan
0.740000
0.492000
nan
nan
0.295000
nan
nan
0.437000
nan
nan
nan
nan
nan
0.573000
nan
nan
nan
nan
0.679000
0.612000
0.495000
0.705000
0.671000
nan
0.639000
nan
0.399000
nan
0.201000
nan
nan
nan
nan
nan
0.447000
0.549000
nan
nan
nan
0.519000
0.431000
0.397000
0.436000
0.452000
0.575000
nan
0.522000
0.676000
nan
0.232000
0.456000
nan
nan
nan
nan
0.380000
0.421000
0.570000
nan
0.503000
0.663000
nan
nan
nan
nan
0.801000
0.201000
0.221000
0.201000
0.551000
nan
0.935000
0.719000
nan
nan
0.482000
0.619000
0.309000
0.576000
0.798000
0.654000
0.238000
0.231000
0.231000
0.370000
0.344000
nan
0.262000
0.811000
nan
nan
0.713000
0.532000
0.637000
0.661000
nan
0.418000
nan
0.357000
0.323000
0.231000
0.248000
nan
0.796000
1.000000
nan
nan
nan
nan
nan
0.373000
nan
nan
1.000000
0.427000
0.370000
0.307000
0.272000
nan
nan
0.301000
0.697000
0.427000
0.469000
0.676000
1.000000
nan
0.584000
0.442000
0.785000
nan
nan
0.710000
0.867000
nan
nan
0.388000
nan
nan
nan
nan
0.386000
0.473000
nan
nan
0.436000
0.277000
nan
0.342000
0.377000
0.360000
0.356000
0.475000
0.740000
0.826000
nan
nan
nan
nan
nan
0.684000
nan
0.790000
0.648000
0.914000
0.662000
0.749000
0.774000
nan
nan
0.383000
nan
0.974000
0.880000
nan
0.200000
0.200000
0.214000
0.362000
nan
nan
nan
nan
1.000000
nan
0.990000
nan
0.909000
nan
nan
0.299000
0.200000
nan
nan
nan
nan
0.504000
0.601000
1.000000
nan
0.452000
nan
nan
0.556000
0.568000
0.840000
nan
0.585000
0.863000
nan
0.828000
nan
0.568000
0.958000
nan
0.637000
nan
0.322000
0.935000
0.617000
0.679000
1.000000
0.612000
nan
nan
nan
nan
nan
0.506000
nan
nan
0.605000
nan
0.724000
0.553000
0.444000
0.300000
nan
nan
0.260000
nan
nan
nan
nan
nan
nan
nan
nan
0.812000
0.747000
nan
nan
nan
nan
nan
0.769000
nan
0.585000
nan
nan
nan
0.290000
0.387000
0.363000
0.474000
0.514000
0.357000
0.374000
0.460000
0.360000
0.509000
0.436000
nan
0.290000
0.152000
0.134000
0.449000
0.290000
nan
nan
nan
nan
0.438000
nan
0.428000
0.357000
nan
0.260000
0.281000
nan
0.374000
nan
0.344000
nan
nan
0.134000
0.134000
