Coverage(RPKM): 2235.185185
0.032000
nan
nan
0.127000
0.032000
nan
nan
nan
0.158000
0.285000
nan
nan
0.032000
0.063000
0.254000
nan
nan
nan
nan
0.222000
0.190000
0.475000
nan
0.190000
0.602000
0.380000
nan
0.127000
nan
nan
nan
nan
nan
0.222000
0.285000
0.190000
0.602000
0.571000
nan
nan
nan
0.254000
nan
0.412000
0.602000
nan
nan
0.254000
0.539000
nan
nan
nan
nan
0.697000
nan
nan
nan
0.095000
0.158000
0.032000
nan
0.983000
0.317000
0.856000
nan
nan
0.571000
nan
nan
nan
0.349000
0.127000
nan
nan
nan
0.729000
0.571000
0.349000
nan
nan
nan
1.000000
1.000000
nan
nan
0.634000
nan
nan
nan
nan
nan
nan
nan
0.571000
nan
0.444000
0.666000
nan
1.000000
nan
nan
nan
nan
0.380000
nan
nan
0.666000
nan
nan
0.475000
0.190000
0.412000
nan
nan
0.133000
0.133000
0.398000
0.199000
0.771000
0.224000
0.746000
0.746000
nan
nan
nan
nan
nan
0.323000
nan
nan
0.448000
0.945000
0.498000
nan
0.672000
nan
0.597000
nan
0.522000
0.771000
0.398000
0.174000
nan
nan
nan
nan
nan
0.597000
0.373000
0.622000
nan
0.945000
nan
0.299000
0.498000
0.721000
nan
nan
0.622000
0.846000
0.920000
nan
0.547000
nan
0.647000
nan
nan
0.448000
0.498000
0.522000
nan
nan
0.473000
0.448000
0.249000
0.348000
0.423000
0.448000
nan
nan
nan
nan
nan
nan
nan
nan
nan
nan
nan
0.721000
nan
nan
nan
0.323000
0.423000
nan
nan
nan
nan
0.448000
nan
nan
0.133000
1.000000
nan
0.448000
0.672000
nan
1.000000
1.000000
0.572000
1.000000
nan
0.672000
0.495000
nan
nan
0.389000
nan
0.955000
nan
nan
nan
0.177000
0.212000
nan
0.849000
0.654000
0.920000
nan
nan
nan
nan
nan
0.619000
0.796000
nan
nan
0.177000
0.212000
0.318000
0.336000
nan
nan
nan
nan
nan
0.990000
0.354000
nan
nan
0.460000
nan
0.760000
nan
0.566000
0.654000
nan
nan
0.177000
nan
0.460000
0.796000
0.796000
nan
0.672000
nan
nan
nan
nan
0.460000
0.531000
0.477000
0.990000
0.248000
0.354000
nan
0.619000
0.283000
0.389000
0.566000
1.000000
nan
0.424000
nan
0.460000
0.248000
nan
nan
0.495000
nan
nan
0.248000
0.212000
nan
0.177000
nan
nan
nan
nan
nan
nan
0.831000
1.000000
0.831000
0.778000
nan
0.637000
0.818000
nan
nan
1.000000
nan
nan
nan
nan
0.982000
0.687000
nan
1.000000
0.229000
1.000000
0.786000
nan
0.720000
0.458000
0.426000
nan
0.589000
nan
0.229000
0.327000
0.491000
0.160000
nan
nan
0.753000
0.458000
nan
nan
0.229000
nan
nan
nan
nan
0.556000
nan
0.262000
0.720000
nan
nan
nan
nan
nan
nan
0.556000
nan
nan
nan
nan
nan
0.196000
nan
nan
0.753000
nan
nan
0.556000
0.589000
0.818000
0.589000
0.262000
0.262000
0.687000
0.622000
0.360000
0.426000
0.622000
nan
nan
nan
nan
0.229000
0.327000
nan
nan
0.360000
nan
0.458000
nan
0.556000
0.753000
nan
0.426000
nan
nan
0.295000
0.160000
0.327000
nan
nan
nan
nan
nan
nan
nan
nan
0.160000
nan
0.818000
0.262000
nan
nan
0.262000
0.254000
0.697000
nan
1.000000
0.349000
nan
0.539000
nan
nan
0.539000
0.285000
nan
nan
0.412000
nan
nan
0.571000
nan
0.444000
nan
0.507000
nan
0.412000
0.602000
nan
nan
0.539000
nan
0.729000
nan
nan
nan
0.236000
nan
0.380000
nan
1.000000
0.666000
nan
nan
nan
0.285000
0.761000
nan
0.475000
nan
0.254000
nan
nan
nan
nan
nan
0.349000
nan
nan
nan
nan
nan
0.983000
nan
0.412000
0.507000
0.444000
1.000000
0.349000
0.571000
nan
nan
nan
0.666000
nan
0.856000
nan
0.634000
0.236000
0.380000
0.236000
nan
0.317000
nan
nan
nan
0.761000
0.254000
0.729000
0.919000
nan
nan
0.412000
0.380000
nan
0.983000
0.444000
0.666000
0.571000
0.285000
nan
nan
0.856000
nan
0.367000
nan
nan
nan
0.299000
0.643000
nan
0.666000
0.344000
0.482000
nan
0.643000
0.918000
nan
nan
0.781000
nan
0.253000
nan
0.390000
nan
0.344000
nan
0.253000
0.528000
0.551000
nan
0.299000
0.230000
0.276000
nan
nan
0.505000
0.528000
0.804000
nan
nan
nan
nan
0.689000
0.459000
nan
nan
0.597000
nan
0.758000
nan
nan
0.574000
0.194000
nan
nan
nan
nan
nan
nan
nan
nan
nan
0.758000
nan
0.758000
0.873000
nan
1.000000
0.964000
nan
nan
nan
nan
nan
nan
nan
nan
nan
nan
nan
0.964000
1.000000
0.987000
nan
0.574000
nan
nan
0.666000
nan
nan
nan
nan
nan
nan
nan
nan
0.505000
0.413000
0.781000
nan
nan
nan
nan
nan
1.000000
nan
0.918000
nan
nan
0.148000
nan
0.436000
0.299000
0.459000
0.171000
nan
nan
0.896000
nan
nan
0.459000
0.321000
nan
0.735000
nan
nan
0.092000
0.138000
0.459000
0.276000
0.321000
0.115000
nan
0.390000
nan
0.092000
0.092000
