Coverage(RPKM): 6042.410714
0.098000
nan
nan
0.301000
nan
0.387000
nan
0.224000
0.362000
nan
nan
nan
0.301000
nan
nan
0.310000
nan
nan
0.258000
nan
nan
0.456000
0.413000
nan
nan
nan
0.258000
nan
nan
nan
0.327000
0.517000
0.577000
nan
0.215000
nan
nan
nan
nan
nan
nan
nan
0.250000
0.499000
nan
0.405000
nan
nan
nan
nan
nan
0.456000
0.336000
nan
nan
0.181000
0.098000
nan
nan
nan
nan
nan
nan
nan
0.189000
0.112000
nan
nan
0.904000
nan
1.000000
nan
nan
0.112000
0.098000
0.138000
nan
nan
nan
0.938000
nan
0.379000
0.370000
0.697000
nan
nan
nan
0.430000
nan
nan
0.542000
0.809000
nan
0.189000
0.198000
nan
nan
0.646000
nan
nan
nan
0.422000
0.301000
0.250000
nan
0.172000
nan
1.000000
nan
1.000000
0.758000
nan
0.430000
nan
nan
nan
0.155000
0.189000
nan
nan
nan
0.680000
0.960000
0.946000
0.635000
nan
0.419000
0.260000
nan
0.794000
0.577000
nan
nan
nan
0.693000
nan
nan
0.332000
nan
0.238000
0.354000
nan
1.000000
nan
nan
nan
nan
nan
nan
0.144000
nan
0.111000
0.111000
0.996000
0.613000
nan
nan
nan
nan
nan
nan
0.455000
0.375000
1.000000
nan
nan
0.693000
0.743000
0.505000
0.274000
0.224000
nan
nan
0.339000
nan
0.383000
0.512000
nan
nan
nan
0.484000
0.736000
nan
nan
nan
0.585000
nan
nan
nan
0.606000
0.498000
0.570000
1.000000
nan
nan
nan
0.404000
nan
0.433000
nan
nan
nan
0.599000
0.498000
nan
nan
nan
nan
0.960000
nan
nan
nan
0.664000
nan
0.462000
nan
0.188000
0.123000
0.111000
0.512000
0.556000
0.613000
nan
nan
nan
0.650000
nan
nan
nan
0.310000
0.227000
nan
1.000000
0.863000
nan
nan
0.272000
0.329000
nan
nan
0.420000
0.375000
0.363000
nan
nan
nan
0.164000
0.164000
nan
nan
0.602000
0.715000
1.000000
0.829000
nan
nan
0.397000
0.170000
nan
nan
nan
nan
nan
0.318000
0.397000
0.829000
nan
0.840000
0.670000
0.511000
nan
0.204000
0.602000
0.375000
0.386000
nan
nan
nan
nan
0.772000
nan
0.397000
1.000000
nan
nan
nan
nan
nan
0.409000
0.613000
nan
nan
0.647000
nan
nan
0.477000
0.545000
nan
0.318000
nan
nan
0.170000
nan
0.522000
0.522000
nan
0.397000
0.681000
nan
nan
0.477000
nan
nan
0.556000
0.602000
0.545000
nan
0.431000
nan
nan
0.227000
0.164000
0.465000
nan
nan
0.363000
0.295000
0.222000
0.110000
0.110000
nan
nan
nan
nan
nan
nan
0.296000
nan
0.205000
nan
0.140000
0.181000
0.156000
nan
nan
nan
nan
nan
nan
nan
0.148000
nan
0.148000
nan
nan
nan
nan
0.189000
nan
nan
nan
0.271000
nan
0.329000
nan
nan
0.296000
nan
nan
0.312000
nan
0.657000
0.279000
0.353000
0.353000
0.353000
nan
nan
nan
0.304000
0.559000
nan
0.271000
0.172000
0.148000
0.238000
0.189000
nan
nan
nan
nan
0.238000
nan
nan
nan
nan
nan
nan
0.115000
0.214000
0.189000
0.255000
nan
nan
nan
nan
nan
0.197000
nan
nan
nan
nan
nan
nan
0.205000
0.110000
0.320000
0.197000
0.337000
nan
nan
0.263000
nan
0.411000
nan
nan
nan
nan
nan
nan
nan
nan
nan
nan
nan
0.977000
1.000000
nan
nan
nan
nan
nan
0.427000
0.222000
nan
nan
nan
0.862000
nan
1.000000
nan
nan
nan
nan
0.468000
0.287000
nan
nan
1.000000
0.632000
nan
nan
nan
nan
nan
nan
0.666000
0.557000
nan
0.452000
0.479000
0.648000
nan
0.730000
nan
0.292000
0.260000
nan
0.502000
nan
nan
1.000000
0.466000
nan
0.173000
0.166000
nan
nan
nan
0.338000
0.228000
nan
1.000000
0.516000
0.456000
nan
0.166000
0.166000
0.557000
0.945000
nan
0.794000
nan
nan
nan
0.301000
0.612000
nan
nan
nan
nan
0.192000
0.210000
nan
nan
0.452000
nan
0.356000
0.771000
0.598000
0.292000
nan
nan
0.351000
nan
0.256000
0.397000
0.456000
0.735000
0.529000
0.612000
nan
nan
nan
nan
0.552000
nan
0.411000
0.525000
nan
nan
0.260000
nan
nan
nan
nan
nan
nan
nan
nan
0.593000
nan
0.415000
0.265000
nan
nan
1.000000
0.219000
0.301000
0.219000
0.441000
0.551000
0.417000
0.378000
nan
nan
nan
nan
nan
0.574000
0.810000
0.787000
nan
0.598000
0.724000
0.401000
0.873000
1.000000
nan
0.991000
0.700000
nan
0.622000
0.582000
0.873000
nan
nan
nan
nan
0.669000
0.574000
0.889000
0.425000
nan
nan
0.637000
0.401000
nan
0.590000
nan
nan
nan
nan
0.441000
1.000000
nan
nan
nan
0.456000
0.472000
nan
nan
nan
nan
0.271000
nan
0.685000
nan
0.480000
0.653000
nan
nan
0.409000
nan
nan
0.307000
nan
0.653000
nan
nan
nan
0.755000
0.393000
nan
0.393000
0.511000
0.417000
nan
nan
nan
nan
0.271000
0.393000
0.275000
0.417000
0.622000
nan
1.000000
0.685000
0.614000
0.271000
nan
nan
nan
nan
0.897000
nan
0.802000
nan
0.828000
0.535000
0.336000
0.638000
0.569000
nan
0.845000
0.647000
0.345000
0.362000
0.414000
nan
0.414000
nan
nan
nan
nan
0.308000
0.500000
0.595000
0.621000
0.776000
nan
nan
0.535000
0.690000
0.474000
0.526000
0.397000
0.397000
0.457000
0.388000
nan
0.569000
0.561000
nan
nan
nan
0.371000
nan
0.517000
0.561000
0.845000
nan
nan
nan
nan
nan
0.440000
nan
0.776000
0.526000
nan
0.388000
nan
nan
nan
nan
0.681000
0.802000
1.000000
nan
0.543000
0.845000
nan
0.595000
1.000000
nan
nan
nan
0.664000
nan
0.768000
nan
nan
0.308000
nan
0.957000
1.000000
nan
nan
nan
nan
0.308000
0.647000
nan
nan
0.431000
0.626000
0.714000
nan
nan
nan
1.000000
nan
0.770000
nan
nan
nan
nan
0.353000
0.457000
0.562000
nan
0.335000
0.505000
nan
nan
nan
0.353000
0.618000
0.770000
0.489000
0.513000
0.666000
0.626000
0.907000
nan
nan
nan
nan
nan
nan
nan
0.658000
0.529000
0.722000
nan
0.546000
nan
0.425000
0.401000
0.578000
0.730000
nan
0.746000
0.762000
nan
nan
0.738000
0.650000
nan
nan
nan
0.335000
0.529000
0.353000
0.802000
nan
nan
1.000000
nan
nan
nan
nan
0.634000
1.000000
nan
0.658000
nan
nan
0.425000
nan
0.554000
0.335000
0.899000
nan
nan
0.610000
nan
nan
0.778000
nan
0.834000
0.353000
0.505000
0.385000
0.987000
nan
0.546000
0.979000
0.988000
0.818000
nan
nan
0.903000
0.871000
nan
nan
0.574000
0.499000
0.478000
nan
nan
1.000000
nan
nan
0.606000
0.606000
0.574000
0.829000
0.701000
nan
0.436000
nan
nan
nan
nan
nan
0.542000
0.659000
nan
0.797000
0.542000
0.659000
nan
nan
1.000000
0.776000
0.914000
0.436000
0.712000
0.765000
nan
0.755000
nan
nan
nan
nan
nan
nan
nan
nan
0.946000
0.712000
0.680000
0.195000
nan
nan
nan
nan
0.595000
0.638000
0.510000
0.553000
0.361000
nan
0.648000
nan
nan
nan
nan
0.319000
0.319000
0.893000
nan
nan
nan
nan
nan
0.521000
nan
0.195000
0.195000
0.563000
1.000000
nan
0.659000
nan
0.553000
nan
nan
nan
nan
0.436000
0.521000
0.213000
nan
0.404000
0.332000
0.459000
nan
nan
nan
0.538000
nan
0.601000
0.744000
nan
nan
nan
nan
0.141000
nan
nan
nan
nan
0.475000
nan
0.443000
0.538000
0.269000
nan
nan
nan
nan
nan
nan
0.348000
nan
nan
nan
nan
nan
nan
0.206000
0.348000
0.190000
0.396000
0.538000
nan
0.506000
nan
0.269000
nan
nan
nan
nan
0.285000
0.491000
0.791000
0.506000
nan
0.459000
nan
0.141000
nan
nan
nan
0.475000
nan
0.253000
nan
0.141000
0.348000
nan
nan
nan
nan
0.364000
0.237000
0.206000
0.396000
0.427000
0.269000
0.475000
0.332000
nan
1.000000
0.554000
nan
0.380000
0.332000
1.000000
nan
nan
0.158000
0.649000
0.427000
0.301000
nan
nan
nan
nan
nan
nan
nan
0.965000
nan
nan
nan
nan
nan
nan
nan
0.554000
0.475000
0.570000
1.000000
0.474000
nan
nan
nan
nan
nan
nan
0.434000
0.666000
0.899000
nan
0.353000
nan
0.265000
nan
nan
nan
0.265000
nan
nan
nan
nan
0.273000
nan
0.851000
0.779000
nan
0.538000
0.514000
0.442000
0.281000
nan
0.442000
0.426000
0.731000
0.996000
1.000000
nan
nan
0.626000
0.247000
0.426000
0.522000
0.618000
0.522000
0.247000
0.731000
0.795000
0.707000
0.674000
nan
0.602000
0.707000
0.666000
0.466000
0.739000
nan
nan
nan
nan
0.883000
0.353000
1.000000
1.000000
nan
nan
nan
nan
nan
0.939000
nan
0.996000
nan
nan
nan
0.265000
0.247000
nan
nan
0.466000
nan
nan
nan
0.891000
nan
nan
nan
nan
nan
nan
0.434000
0.923000
0.642000
0.634000
nan
0.634000
0.419000
0.518000
1.000000
0.584000
0.978000
nan
0.288000
0.312000
0.781000
nan
nan
nan
0.551000
nan
nan
0.871000
nan
nan
0.222000
nan
nan
nan
nan
0.764000
0.814000
nan
1.000000
nan
0.312000
0.386000
nan
0.119000
nan
0.247000
nan
1.000000
nan
0.986000
0.304000
0.575000
0.518000
nan
nan
0.148000
nan
0.436000
nan
nan
nan
0.658000
0.411000
nan
nan
nan
0.370000
nan
nan
0.304000
0.132000
0.321000
0.271000
0.296000
0.279000
nan
nan
nan
0.263000
nan
nan
nan
0.189000
nan
nan
0.156000
0.119000
0.411000
0.288000
nan
nan
nan
nan
0.238000
nan
nan
nan
0.263000
nan
nan
nan
nan
0.156000
0.119000
nan
nan
nan
0.202000
nan
nan
nan
0.390000
0.484000
nan
0.323000
0.309000
nan
nan
nan
nan
0.282000
0.877000
nan
nan
0.187000
0.224000
0.149000
0.056000
nan
0.336000
0.504000
nan
0.392000
nan
0.224000
nan
0.429000
nan
0.616000
0.112000
nan
0.504000
nan
nan
nan
nan
nan
0.112000
nan
nan
0.522000
nan
nan
nan
0.448000
nan
0.392000
0.336000
0.485000
nan
0.466000
nan
0.317000
nan
nan
0.634000
0.858000
0.131000
nan
0.522000
nan
0.299000
0.504000
nan
nan
nan
nan
nan
nan
nan
0.504000
0.653000
nan
1.000000
0.187000
nan
0.046000
0.504000
nan
0.560000
0.597000
nan
0.653000
nan
nan
0.224000
nan
nan
1.000000
1.000000
nan
0.243000
nan
nan
0.056000
0.093000
nan
nan
nan
nan
0.046000
0.046000
