Coverage(RPKM): 661.710037
0.000000
nan
nan
nan
0.000000
0.000000
nan
nan
nan
0.379000
0.569000
nan
nan
0.000000
nan
0.000000
0.000000
nan
0.000000
nan
0.284000
0.190000
0.379000
nan
nan
0.474000
nan
0.190000
nan
0.000000
nan
0.758000
0.379000
0.190000
nan
0.190000
nan
0.379000
0.569000
0.190000
nan
0.190000
nan
0.190000
0.569000
nan
0.190000
nan
0.379000
0.284000
nan
0.569000
nan
nan
nan
0.284000
0.000000
nan
1.000000
nan
0.948000
0.948000
nan
0.474000
0.569000
0.190000
nan
nan
nan
0.000000
0.569000
nan
1.000000
0.853000
nan
0.379000
0.000000
nan
0.948000
0.095000
0.000000
0.379000
nan
0.758000
1.000000
nan
nan
0.190000
nan
nan
0.179000
nan
0.536000
1.000000
nan
nan
nan
0.357000
nan
0.625000
nan
nan
0.357000
0.179000
nan
0.714000
1.000000
nan
0.714000
nan
nan
nan
0.179000
0.000000
0.536000
1.000000
nan
nan
0.000000
nan
nan
nan
nan
0.536000
0.000000
0.357000
nan
0.446000
nan
nan
0.357000
nan
nan
0.179000
0.625000
0.000000
0.625000
0.000000
nan
0.714000
0.357000
0.268000
0.268000
0.357000
nan
nan
0.179000
nan
0.000000
0.179000
0.268000
0.357000
nan
nan
0.179000
nan
0.179000
nan
0.268000
nan
0.179000
0.179000
0.089000
0.446000
nan
nan
nan
0.000000
nan
nan
0.000000
0.000000
0.804000
0.089000
nan
0.536000
nan
0.357000
nan
nan
0.000000
0.000000
nan
nan
0.300000
0.200000
0.000000
0.400000
0.000000
nan
nan
0.400000
nan
0.200000
nan
nan
0.600000
nan
nan
0.600000
0.000000
0.300000
0.400000
nan
nan
nan
1.000000
0.000000
0.400000
0.300000
0.400000
0.700000
0.300000
0.400000
nan
0.200000
0.200000
nan
1.000000
nan
nan
0.000000
nan
0.200000
0.200000
nan
nan
0.400000
0.400000
0.200000
0.400000
0.700000
0.600000
nan
0.800000
0.700000
0.200000
0.300000
0.600000
nan
nan
0.300000
1.000000
nan
0.800000
0.600000
nan
0.200000
0.900000
nan
0.400000
0.100000
nan
nan
nan
0.600000
0.400000
nan
0.400000
1.000000
nan
0.462000
0.231000
nan
nan
nan
nan
nan
0.308000
0.308000
0.308000
nan
nan
0.154000
0.154000
nan
nan
0.154000
nan
0.385000
nan
nan
nan
1.000000
nan
0.615000
0.462000
nan
nan
0.077000
nan
0.154000
0.000000
nan
nan
0.231000
nan
nan
1.000000
nan
0.154000
1.000000
0.308000
0.615000
0.846000
nan
0.538000
0.154000
nan
nan
nan
nan
0.154000
0.385000
0.000000
0.538000
0.077000
nan
0.615000
1.000000
nan
nan
0.308000
nan
nan
nan
0.154000
nan
nan
nan
nan
0.538000
nan
0.000000
0.385000
nan
nan
nan
nan
nan
0.692000
nan
nan
0.538000
0.692000
nan
0.000000
nan
nan
nan
nan
nan
0.692000
0.000000
0.385000
0.769000
nan
nan
nan
0.615000
nan
0.154000
nan
nan
nan
nan
nan
nan
nan
0.462000
0.231000
nan
nan
nan
nan
0.462000
0.462000
0.606000
nan
0.519000
0.173000
0.866000
0.693000
0.606000
0.433000
0.000000
0.346000
nan
0.433000
nan
nan
0.866000
nan
0.866000
nan
nan
nan
nan
0.260000
0.346000
0.866000
nan
1.000000
nan
nan
nan
0.087000
0.000000
0.000000
nan
nan
nan
0.606000
nan
nan
nan
nan
nan
0.000000
nan
nan
nan
nan
nan
nan
0.519000
nan
nan
nan
0.519000
nan
0.000000
0.433000
0.346000
nan
0.866000
nan
nan
0.693000
0.346000
nan
0.346000
0.519000
0.693000
nan
nan
nan
nan
nan
0.346000
1.000000
nan
0.346000
0.779000
0.606000
0.779000
nan
nan
0.173000
0.260000
0.519000
0.346000
0.779000
nan
nan
0.866000
nan
nan
nan
nan
0.952000
nan
nan
nan
0.952000
0.779000
0.173000
0.000000
1.000000
0.121000
nan
nan
nan
0.242000
nan
nan
0.483000
nan
nan
nan
nan
0.483000
0.725000
nan
0.121000
0.967000
0.544000
nan
nan
0.483000
nan
nan
nan
nan
0.181000
0.363000
nan
nan
0.302000
nan
nan
0.544000
nan
1.000000
nan
0.027000
0.060000
nan
nan
nan
nan
nan
0.121000
nan
0.181000
0.242000
nan
nan
nan
0.181000
nan
0.181000
0.544000
nan
nan
0.785000
0.423000
nan
0.604000
1.000000
0.302000
0.544000
nan
nan
0.027000
nan
nan
nan
0.363000
0.604000
0.363000
0.242000
0.302000
nan
0.242000
0.242000
nan
nan
nan
nan
0.363000
0.181000
nan
nan
nan
0.665000
0.242000
nan
nan
nan
0.725000
0.027000
0.242000
0.363000
1.000000
nan
nan
nan
0.665000
0.242000
0.121000
0.363000
0.242000
nan
nan
nan
nan
nan
1.000000
nan
0.812000
nan
0.188000
nan
0.375000
0.938000
0.375000
0.438000
nan
0.438000
nan
0.375000
nan
0.500000
0.625000
0.250000
0.688000
nan
nan
0.375000
nan
0.000000
nan
0.438000
nan
nan
nan
0.000000
1.000000
0.500000
0.438000
0.875000
1.000000
0.688000
nan
nan
nan
nan
nan
0.062000
0.375000
nan
0.312000
1.000000
nan
0.375000
nan
0.375000
0.000000
0.438000
0.250000
nan
nan
nan
nan
0.438000
0.250000
0.000000
0.750000
0.312000
0.688000
nan
nan
0.125000
0.500000
nan
nan
nan
nan
0.125000
0.312000
0.625000
0.562000
nan
0.125000
0.688000
0.500000
nan
0.250000
0.562000
0.250000
nan
0.458000
nan
nan
nan
0.611000
1.000000
0.305000
0.305000
0.229000
0.458000
nan
0.763000
0.687000
nan
nan
0.229000
nan
0.458000
0.305000
0.458000
0.305000
nan
0.382000
nan
nan
nan
0.000000
nan
0.229000
nan
0.611000
0.382000
0.300000
0.150000
0.300000
0.075000
nan
nan
0.000000
0.000000
1.000000
0.075000
1.000000
nan
0.676000
nan
0.150000
0.150000
nan
0.375000
0.150000
0.075000
0.751000
nan
nan
0.450000
nan
nan
0.450000
0.601000
0.000000
0.150000
nan
nan
0.826000
nan
nan
0.901000
0.300000
nan
nan
nan
nan
0.225000
0.075000
nan
nan
nan
nan
0.300000
0.601000
nan
0.225000
nan
nan
nan
nan
nan
0.225000
nan
0.375000
nan
nan
nan
nan
nan
0.738000
0.959000
1.000000
0.664000
0.295000
nan
nan
0.664000
nan
0.148000
0.148000
0.369000
0.738000
nan
nan
0.148000
0.295000
nan
nan
nan
nan
nan
nan
nan
0.590000
nan
0.148000
nan
0.000000
nan
nan
0.886000
0.590000
nan
nan
0.369000
nan
0.074000
nan
