Coverage(RPKM): 73419.708029
0.096000
nan
nan
nan
nan
nan
0.108000
nan
0.283000
nan
nan
nan
0.200000
nan
0.096000
0.155000
0.168000
0.134000
0.211000
0.276000
nan
0.211000
0.240000
0.167000
nan
nan
0.239000
0.166000
0.318000
nan
0.265000
nan
nan
nan
0.293000
nan
nan
0.316000
nan
0.488000
0.463000
nan
nan
0.138000
nan
nan
nan
nan
0.384000
nan
nan
nan
0.501000
0.456000
0.689000
nan
nan
nan
0.748000
0.520000
nan
0.373000
nan
0.140000
0.096000
0.240000
0.387000
0.399000
nan
nan
nan
nan
1.000000
0.555000
nan
nan
nan
nan
nan
1.000000
nan
nan
nan
0.769000
0.413000
0.848000
0.662000
0.631000
0.447000
0.499000
0.334000
0.535000
0.619000
0.604000
0.555000
nan
1.000000
nan
0.366000
0.584000
nan
nan
nan
nan
nan
nan
0.584000
nan
nan
0.854000
0.746000
0.632000
nan
0.776000
nan
0.663000
0.639000
1.000000
0.901000
nan
1.000000
nan
0.505000
0.229000
0.286000
0.370000
nan
0.245000
0.298000
0.922000
1.000000
nan
0.986000
nan
0.331000
nan
nan
nan
0.902000
nan
0.608000
0.916000
0.620000
0.737000
0.763000
0.963000
nan
0.621000
nan
nan
nan
0.395000
nan
nan
nan
nan
nan
0.815000
0.553000
0.525000
0.679000
0.518000
0.590000
0.242000
0.287000
0.229000
0.583000
nan
nan
nan
nan
0.756000
nan
nan
0.841000
0.854000
nan
0.832000
nan
0.576000
0.634000
nan
0.229000
0.336000
0.231000
0.202000
0.284000
0.387000
nan
nan
nan
nan
0.147000
0.112000
0.349000
nan
nan
nan
0.368000
nan
0.329000
nan
nan
nan
0.459000
nan
0.101000
nan
0.095000
nan
nan
nan
0.095000
0.234000
0.310000
0.439000
nan
nan
nan
0.257000
0.256000
0.261000
nan
0.784000
0.236000
nan
0.316000
0.332000
nan
0.250000
0.198000
0.095000
nan
0.095000
nan
0.184000
0.226000
0.229000
nan
0.654000
1.000000
0.471000
nan
nan
0.301000
0.158000
0.461000
0.647000
0.431000
nan
0.591000
0.948000
nan
nan
0.108000
0.164000
0.200000
0.555000
nan
1.000000
0.616000
nan
nan
0.115000
nan
0.167000
nan
nan
1.000000
nan
nan
nan
nan
nan
0.903000
0.993000
nan
nan
nan
nan
0.143000
nan
0.225000
nan
nan
nan
0.166000
nan
0.352000
0.412000
0.296000
nan
nan
nan
nan
nan
nan
nan
nan
nan
0.256000
0.245000
0.158000
nan
nan
nan
nan
0.369000
0.177000
0.262000
0.638000
0.372000
0.369000
0.472000
0.305000
0.708000
0.374000
nan
nan
0.296000
nan
nan
0.770000
0.403000
nan
nan
nan
nan
nan
nan
0.964000
0.895000
0.723000
nan
0.341000
nan
nan
nan
nan
nan
nan
nan
nan
nan
nan
0.698000
0.937000
nan
nan
nan
nan
1.000000
0.624000
1.000000
nan
nan
1.000000
nan
0.640000
nan
nan
nan
nan
0.963000
nan
0.555000
0.335000
0.331000
0.224000
nan
nan
nan
nan
0.133000
nan
nan
0.142000
0.306000
0.145000
0.503000
0.533000
0.589000
nan
0.567000
nan
0.360000
0.317000
0.358000
nan
0.336000
0.524000
nan
nan
nan
0.467000
0.355000
0.346000
nan
0.291000
0.462000
0.419000
nan
0.270000
nan
0.277000
nan
nan
nan
nan
0.123000
0.123000
