Coverage(RPKM): 8167.539267
0.175000
nan
nan
nan
0.277000
nan
nan
nan
nan
nan
nan
nan
nan
0.321000
nan
0.303000
nan
nan
nan
nan
nan
nan
nan
nan
nan
nan
nan
nan
nan
0.381000
0.771000
nan
0.676000
nan
0.269000
nan
nan
nan
nan
nan
nan
nan
nan
0.373000
nan
nan
0.503000
0.208000
0.373000
nan
nan
nan
nan
nan
0.286000
nan
nan
nan
nan
nan
0.546000
0.407000
0.355000
0.927000
0.763000
0.329000
0.589000
0.537000
nan
nan
nan
nan
0.589000
0.373000
0.676000
0.494000
nan
0.676000
0.763000
nan
nan
nan
nan
0.719000
nan
nan
nan
nan
nan
nan
nan
nan
nan
nan
0.962000
nan
0.745000
0.624000
nan
nan
0.175000
0.234000
nan
nan
nan
0.858000
0.832000
nan
0.953000
0.390000
0.175000
0.503000
1.000000
0.771000
nan
nan
nan
0.624000
nan
0.737000
0.919000
0.832000
nan
0.589000
nan
nan
nan
nan
1.000000
0.797000
1.000000
nan
0.451000
0.556000
0.556000
nan
0.808000
nan
0.846000
nan
0.663000
nan
nan
nan
nan
0.282000
0.434000
0.724000
1.000000
0.266000
nan
nan
1.000000
0.960000
0.808000
0.450000
0.671000
0.343000
0.617000
0.625000
0.983000
0.694000
nan
nan
nan
0.587000
0.412000
nan
0.266000
0.266000
0.373000
0.480000
0.831000
nan
nan
0.274000
nan
nan
1.000000
0.762000
nan
0.427000
0.526000
0.770000
nan
nan
nan
0.610000
nan
0.709000
nan
nan
nan
nan
nan
0.587000
0.587000
0.465000
0.960000
nan
nan
0.694000
0.968000
nan
nan
nan
nan
0.739000
0.389000
0.861000
0.762000
0.640000
nan
nan
nan
0.602000
nan
0.640000
nan
nan
nan
nan
nan
nan
nan
nan
nan
nan
0.610000
0.762000
nan
0.287000
nan
nan
0.487000
0.481000
0.606000
nan
0.537000
nan
0.362000
nan
nan
0.481000
nan
nan
nan
nan
0.631000
nan
nan
nan
0.256000
0.443000
nan
nan
0.512000
nan
nan
0.774000
nan
nan
nan
0.187000
0.187000
0.256000
0.381000
nan
1.000000
1.000000
nan
nan
nan
0.212000
0.318000
nan
nan
nan
nan
0.231000
nan
0.187000
nan
nan
0.318000
nan
nan
nan
nan
nan
0.343000
nan
nan
0.187000
nan
0.250000
nan
nan
0.206000
nan
nan
0.456000
nan
nan
0.375000
0.256000
0.462000
0.281000
nan
nan
0.955000
0.693000
0.818000
nan
0.787000
nan
nan
nan
nan
0.325000
nan
nan
0.912000
0.662000
nan
0.244000
0.475000
1.000000
nan
nan
nan
nan
0.581000
nan
0.531000
0.706000
nan
nan
0.799000
nan
0.774000
nan
nan
0.462000
nan
nan
nan
0.481000
nan
nan
0.225000
0.452000
0.423000
0.681000
0.652000
nan
nan
nan
0.389000
0.326000
nan
0.949000
0.612000
nan
nan
nan
0.429000
0.560000
nan
nan
0.795000
1.000000
nan
nan
nan
0.275000
0.292000
nan
nan
nan
nan
nan
nan
0.412000
0.560000
nan
nan
0.355000
nan
nan
nan
nan
nan
1.000000
0.938000
0.503000
0.641000
0.492000
nan
0.297000
nan
0.703000
nan
0.978000
nan
nan
0.486000
nan
0.515000
0.440000
0.818000
0.743000
0.635000
0.869000
nan
0.669000
0.475000
nan
nan
nan
nan
0.412000
nan
nan
0.492000
0.309000
nan
0.423000
nan
nan
0.275000
nan
0.275000
nan
1.000000
0.961000
nan
nan
nan
0.275000
nan
nan
0.320000
nan
nan
nan
0.360000
nan
nan
0.383000
nan
nan
0.801000
nan
nan
nan
0.846000
0.480000
nan
0.606000
1.000000
0.625000
0.816000
0.964000
nan
nan
nan
0.169000
nan
0.559000
nan
0.353000
0.713000
0.824000
1.000000
nan
0.942000
0.493000
nan
nan
nan
0.508000
0.559000
nan
nan
nan
0.287000
0.831000
0.706000
0.706000
nan
0.566000
0.449000
0.294000
0.456000
nan
nan
nan
nan
0.559000
1.000000
nan
nan
nan
nan
nan
0.162000
0.316000
nan
nan
nan
nan
nan
nan
0.463000
0.382000
nan
nan
nan
nan
nan
nan
0.530000
nan
nan
0.588000
nan
0.478000
0.419000
0.353000
nan
nan
nan
nan
nan
0.287000
nan
nan
nan
0.250000
nan
0.184000
nan
nan
0.243000
nan
nan
nan
0.581000
0.353000
0.412000
0.154000
nan
nan
nan
nan
nan
0.221000
nan
0.397000
nan
0.140000
0.221000
0.107000
nan
0.463000
nan
0.177000
nan
nan
nan
0.107000
0.107000
