Coverage(RPKM): 236.890244
nan
nan
nan
nan
nan
nan
nan
nan
nan
nan
nan
nan
nan
nan
nan
nan
nan
nan
nan
nan
nan
nan
nan
nan
nan
nan
nan
nan
nan
nan
nan
nan
nan
nan
nan
nan
nan
nan
nan
nan
nan
nan
nan
nan
nan
nan
nan
nan
nan
nan
nan
nan
nan
nan
nan
nan
nan
nan
nan
nan
nan
nan
nan
nan
nan
nan
nan
nan
nan
nan
nan
nan
nan
nan
0.000000
nan
0.000000
nan
nan
1.000000
nan
nan
0.000000
nan
0.000000
nan
0.000000
0.000000
nan
0.000000
nan
nan
nan
1.000000
0.250000
nan
nan
0.000000
0.000000
0.500000
0.000000
nan
nan
nan
nan
nan
nan
nan
0.000000
0.000000
nan
0.000000
nan
nan
0.500000
nan
0.500000
nan
0.000000
nan
nan
0.250000
0.000000
0.000000
0.000000
0.000000
0.250000
nan
nan
nan
1.000000
0.000000
nan
0.000000
0.000000
0.500000
nan
nan
nan
0.000000
0.000000
nan
0.250000
nan
0.000000
nan
nan
0.250000
0.250000
nan
0.500000
0.750000
0.000000
1.000000
0.500000
0.000000
nan
1.000000
0.000000
nan
0.000000
0.500000
0.000000
nan
nan
0.000000
nan
nan
nan
0.000000
nan
0.500000
0.500000
0.000000
0.000000
0.000000
nan
0.333000
0.000000
nan
nan
0.333000
0.000000
nan
nan
nan
0.000000
0.333000
nan
nan
0.333000
nan
0.333000
nan
nan
nan
nan
nan
0.000000
0.667000
nan
nan
0.333000
0.000000
0.333000
nan
0.333000
0.000000
nan
nan
nan
0.500000
nan
0.000000
nan
nan
0.000000
nan
0.667000
nan
0.000000
nan
0.667000
nan
nan
nan
nan
nan
nan
0.167000
nan
nan
0.000000
nan
nan
0.333000
nan
nan
nan
nan
nan
0.500000
0.333000
0.167000
nan
0.500000
0.000000
0.000000
nan
nan
nan
0.333000
nan
nan
nan
nan
0.167000
nan
0.000000
0.333000
0.333000
nan
0.667000
nan
nan
nan
1.000000
nan
nan
nan
nan
nan
nan
nan
nan
1.000000
0.667000
nan
nan
0.667000
nan
nan
0.667000
nan
0.333000
nan
nan
nan
0.500000
1.000000
nan
nan
1.000000
nan
nan
0.667000
0.833000
0.333000
0.667000
0.000000
0.250000
0.250000
0.000000
nan
nan
0.250000
nan
0.500000
nan
nan
nan
nan
0.750000
nan
1.000000
nan
nan
nan
1.000000
0.250000
nan
0.000000
0.250000
0.250000
0.375000
nan
0.000000
0.125000
nan
nan
nan
nan
nan
nan
nan
0.750000
nan
nan
nan
1.000000
0.000000
0.500000
0.250000
0.875000
nan
nan
0.250000
nan
0.250000
0.000000
nan
0.500000
0.500000
nan
0.875000
nan
nan
nan
0.250000
0.000000
0.750000
0.000000
nan
0.250000
0.000000
0.375000
nan
nan
nan
nan
nan
nan
0.250000
1.000000
0.625000
0.875000
0.750000
nan
nan
0.250000
0.250000
0.375000
nan
nan
nan
0.500000
nan
nan
nan
1.000000
nan
nan
nan
0.500000
0.250000
nan
1.000000
0.750000
nan
nan
nan
0.625000
nan
nan
nan
nan
0.625000
0.500000
0.750000
0.000000
0.750000
nan
1.000000
nan
nan
0.000000
0.000000
0.500000
nan
0.000000
0.500000
0.750000
nan
nan
0.500000
0.500000
0.500000
0.500000
0.500000
nan
nan
0.000000
nan
nan
nan
1.000000
0.500000
nan
nan
1.000000
1.000000
0.000000
nan
0.500000
0.750000
nan
0.750000
0.500000
nan
0.750000
nan
nan
nan
nan
nan
nan
nan
nan
nan
0.000000
0.000000
0.500000
0.000000
nan
0.000000
nan
0.000000
nan
0.250000
nan
nan
0.000000
nan
0.000000
0.000000
0.500000
nan
0.000000
1.000000
nan
0.000000
0.500000
0.500000
0.500000
nan
nan
0.000000
nan
nan
nan
1.000000
0.000000
0.000000
0.000000
nan
nan
0.000000
nan
nan
0.000000
nan
nan
nan
nan
nan
0.500000
0.000000
nan
0.500000
0.000000
0.500000
0.000000
0.000000
0.500000
0.000000
0.000000
0.000000
nan
0.000000
0.000000
0.500000
nan
0.000000
nan
nan
0.000000
0.500000
0.000000
0.500000
0.000000
nan
0.000000
0.250000
0.000000
0.000000
nan
nan
nan
0.000000
0.000000
1.000000
0.000000
nan
nan
0.250000
nan
nan
0.000000
nan
nan
0.000000
0.000000
nan
nan
nan
0.000000
0.000000
0.000000
0.000000
0.000000
0.500000
1.000000
nan
0.000000
nan
nan
0.500000
0.000000
0.250000
nan
0.500000
nan
0.000000
1.000000
nan
1.000000
1.000000
nan
0.000000
0.000000
nan
0.000000
0.000000
nan
nan
nan
nan
nan
0.667000
0.667000
nan
0.333000
0.000000
0.333000
nan
nan
1.000000
nan
0.333000
nan
nan
nan
nan
nan
nan
nan
0.000000
0.500000
nan
0.333000
0.667000
0.333000
0.333000
1.000000
nan
nan
0.833000
nan
nan
0.667000
nan
0.333000
nan
nan
0.000000
nan
nan
0.667000
0.333000
nan
nan
0.000000
0.667000
0.667000
nan
0.167000
nan
0.333000
nan
nan
0.667000
nan
0.833000
nan
0.667000
0.000000
nan
0.833000
0.500000
0.667000
1.000000
nan
0.000000
nan
0.000000
nan
nan
nan
nan
nan
0.667000
0.667000
0.667000
nan
0.667000
1.000000
nan
0.667000
0.167000
nan
0.000000
0.833000
nan
0.000000
0.333000
0.000000
0.611000
0.305000
nan
0.305000
0.916000
nan
nan
0.000000
nan
nan
nan
nan
nan
nan
nan
0.611000
nan
0.611000
nan
0.305000
0.305000
1.000000
nan
nan
nan
nan
nan
nan
0.763000
0.000000
nan
nan
0.763000
0.000000
0.000000
0.305000
0.611000
0.305000
nan
0.153000
0.305000
0.000000
nan
nan
nan
nan
nan
nan
nan
nan
0.458000
0.000000
0.458000
0.000000
0.000000
nan
0.611000
nan
nan
nan
0.305000
1.000000
nan
0.000000
0.458000
0.763000
0.305000
0.000000
nan
0.000000
nan
nan
0.305000
0.000000
0.153000
nan
nan
0.305000
0.458000
0.305000
0.153000
nan
nan
nan
nan
nan
1.000000
0.305000
0.916000
nan
0.000000
0.305000
nan
nan
nan
0.305000
nan
0.305000
nan
0.000000
0.784000
0.196000
0.000000
0.588000
0.000000
nan
nan
0.196000
nan
nan
nan
nan
0.784000
0.000000
nan
0.392000
0.000000
0.784000
nan
0.784000
0.784000
nan
nan
0.000000
0.000000
nan
0.196000
0.000000
0.588000
nan
nan
nan
0.196000
0.588000
nan
nan
nan
nan
0.392000
0.392000
nan
nan
nan
0.000000
0.000000
nan
0.392000
0.000000
0.392000
0.392000
0.392000
nan
0.392000
nan
nan
nan
nan
nan
nan
nan
0.000000
nan
nan
nan
0.000000
0.000000
0.000000
0.000000
nan
nan
nan
nan
0.000000
nan
nan
0.588000
nan
nan
nan
0.000000
nan
0.196000
nan
0.000000
0.784000
nan
1.000000
nan
1.000000
nan
nan
0.392000
nan
nan
nan
0.392000
0.000000
nan
0.000000
0.392000
1.000000
0.392000
nan
nan
0.000000
1.000000
nan
0.000000
nan
0.000000
nan
0.333000
0.667000
0.000000
nan
nan
0.333000
0.333000
1.000000
nan
0.667000
0.667000
nan
0.667000
nan
0.167000
nan
nan
0.333000
0.000000
0.500000
0.000000
0.667000
nan
0.000000
nan
nan
nan
nan
nan
nan
0.000000
0.333000
0.000000
1.000000
nan
nan
1.000000
1.000000
nan
1.000000
nan
0.333000
nan
nan
0.833000
nan
nan
0.500000
nan
0.000000
0.000000
nan
nan
nan
0.667000
0.667000
nan
0.667000
1.000000
1.000000
nan
0.833000
0.667000
nan
0.500000
nan
0.333000
nan
0.000000
1.000000
0.167000
nan
0.667000
0.000000
0.333000
nan
0.000000
nan
0.667000
0.333000
nan
nan
nan
0.000000
nan
0.667000
0.833000
nan
0.000000
0.333000
nan
0.333000
0.000000
nan
nan
nan
0.000000
