Coverage(RPKM): 506.956522
nan
nan
nan
nan
nan
nan
nan
nan
nan
nan
nan
nan
nan
nan
nan
nan
nan
nan
nan
0.000000
0.000000
nan
nan
nan
nan
nan
nan
0.500000
0.000000
nan
0.000000
0.000000
nan
0.000000
nan
nan
0.000000
nan
0.000000
0.000000
nan
nan
0.000000
0.750000
nan
0.500000
nan
0.000000
0.750000
1.000000
nan
0.500000
0.000000
nan
nan
0.000000
nan
0.000000
0.000000
0.500000
nan
nan
0.250000
nan
nan
nan
1.000000
nan
0.750000
nan
0.000000
nan
nan
0.000000
0.500000
nan
0.500000
0.000000
1.000000
0.000000
nan
1.000000
0.500000
nan
nan
nan
0.000000
0.000000
0.500000
nan
nan
nan
nan
0.500000
nan
0.000000
0.500000
nan
0.000000
nan
nan
nan
0.500000
0.530000
0.000000
nan
nan
nan
nan
nan
0.530000
0.265000
0.397000
nan
nan
nan
0.530000
nan
0.265000
nan
0.265000
0.795000
0.662000
0.662000
nan
0.927000
0.132000
0.662000
nan
nan
nan
0.530000
0.265000
0.530000
0.795000
0.000000
0.265000
0.000000
nan
nan
1.000000
0.530000
1.000000
nan
0.795000
0.265000
0.000000
0.000000
0.000000
nan
nan
nan
nan
0.927000
nan
nan
nan
nan
0.265000
nan
0.662000
nan
0.530000
nan
nan
0.795000
0.530000
0.530000
0.265000
nan
nan
nan
nan
0.397000
0.927000
nan
0.530000
0.795000
0.795000
0.795000
nan
0.662000
nan
0.265000
1.000000
0.795000
0.000000
0.132000
0.265000
0.028000
nan
nan
nan
nan
0.028000
0.250000
nan
nan
0.688000
nan
nan
nan
nan
0.028000
0.125000
nan
1.000000
1.000000
nan
nan
0.500000
0.688000
nan
0.250000
nan
nan
nan
nan
nan
nan
nan
0.125000
nan
0.312000
nan
nan
nan
0.125000
0.062000
nan
nan
nan
nan
0.625000
0.500000
nan
0.750000
0.750000
nan
0.125000
nan
0.375000
0.688000
0.500000
nan
0.688000
nan
nan
nan
0.312000
nan
0.312000
nan
0.562000
1.000000
0.062000
0.500000
nan
0.500000
nan
nan
0.812000
0.375000
nan
0.625000
nan
0.250000
0.125000
0.125000
nan
nan
nan
nan
nan
0.938000
1.000000
nan
nan
nan
0.625000
0.438000
0.500000
0.625000
nan
0.125000
nan
0.125000
nan
0.125000
nan
0.375000
1.000000
nan
nan
nan
nan
0.125000
0.188000
0.429000
nan
0.071000
nan
0.214000
nan
nan
0.214000
0.429000
nan
nan
0.357000
nan
0.143000
0.143000
nan
nan
nan
nan
0.500000
nan
nan
nan
nan
nan
nan
nan
0.286000
0.000000
nan
nan
0.143000
nan
nan
nan
0.000000
0.429000
0.000000
0.429000
nan
nan
0.000000
nan
0.000000
0.643000
nan
nan
nan
nan
nan
1.000000
nan
nan
nan
nan
0.786000
0.143000
0.143000
nan
1.000000
nan
nan
nan
nan
nan
nan
0.214000
0.286000
0.286000
0.143000
nan
nan
nan
0.857000
0.643000
0.571000
0.571000
0.143000
nan
nan
nan
nan
0.000000
0.286000
0.857000
0.571000
nan
0.571000
0.500000
1.000000
nan
nan
nan
nan
0.500000
0.143000
nan
0.786000
0.357000
0.429000
nan
1.000000
nan
nan
nan
0.000000
0.000000
0.429000
nan
0.857000
nan
nan
nan
1.000000
0.840000
nan
nan
nan
nan
0.763000
nan
nan
nan
nan
nan
0.687000
nan
0.229000
nan
nan
nan
0.076000
0.153000
nan
0.153000
0.382000
0.458000
0.763000
1.000000
0.534000
nan
nan
nan
0.382000
0.458000
nan
0.458000
nan
nan
0.305000
0.305000
nan
nan
nan
0.153000
nan
nan
nan
nan
1.000000
0.000000
0.229000
0.305000
0.611000
nan
nan
0.382000
nan
0.076000
nan
nan
nan
nan
0.458000
nan
0.916000
nan
0.305000
0.229000
0.611000
0.534000
nan
nan
0.305000
0.458000
0.153000
nan
0.000000
0.611000
nan
nan
0.000000
nan
nan
nan
0.153000
nan
nan
nan
0.916000
nan
nan
nan
0.153000
nan
0.153000
0.305000
0.458000
nan
nan
0.916000
0.916000
nan
nan
0.229000
nan
nan
0.153000
nan
nan
nan
0.000000
nan
nan
nan
nan
0.076000
nan
nan
nan
0.500000
nan
1.000000
nan
nan
nan
0.667000
nan
0.417000
nan
nan
0.417000
nan
0.750000
nan
0.083000
nan
nan
nan
0.500000
0.833000
nan
0.750000
0.833000
0.583000
nan
nan
nan
nan
0.000000
0.750000
nan
nan
0.750000
0.917000
0.417000
nan
0.667000
nan
nan
0.333000
nan
0.500000
1.000000
nan
0.333000
nan
nan
0.250000
0.833000
nan
0.667000
nan
1.000000
nan
nan
0.667000
nan
nan
nan
0.917000
0.000000
0.750000
nan
0.750000
0.500000
0.333000
0.417000
nan
nan
nan
nan
0.250000
0.250000
0.417000
1.000000
nan
nan
0.000000
nan
0.667000
nan
0.000000
nan
nan
0.333000
0.167000
0.250000
0.376000
0.752000
0.564000
nan
nan
0.094000
nan
0.958000
0.958000
nan
0.209000
nan
0.419000
0.628000
0.000000
0.524000
0.419000
0.209000
nan
0.628000
nan
0.209000
nan
0.942000
nan
0.628000
0.314000
0.628000
0.942000
nan
0.314000
nan
0.314000
nan
0.314000
0.209000
nan
nan
0.209000
1.000000
nan
0.209000
0.419000
0.628000
nan
0.000000
0.419000
0.419000
0.628000
0.733000
0.000000
0.000000
0.000000
0.000000
nan
nan
0.000000
nan
0.209000
0.419000
nan
0.209000
0.000000
0.000000
0.209000
0.000000
0.209000
0.105000
nan
0.628000
nan
nan
nan
0.000000
