Coverage(RPKM): 24150.000000
0.090000
nan
nan
nan
nan
nan
0.175000
nan
nan
0.165000
0.090000
0.206000
0.120000
0.173000
nan
0.182000
0.229000
0.282000
nan
0.341000
0.351000
0.329000
nan
0.206000
0.151000
0.171000
0.218000
0.208000
0.090000
0.333000
0.414000
nan
nan
0.322000
0.367000
0.504000
0.433000
0.437000
0.269000
nan
0.384000
0.359000
nan
nan
nan
nan
nan
nan
0.161000
0.577000
0.649000
nan
0.781000
0.777000
nan
nan
nan
nan
nan
nan
nan
nan
0.426000
nan
nan
0.571000
nan
0.222000
nan
0.733000
0.555000
nan
0.659000
0.863000
nan
nan
1.000000
nan
nan
nan
0.655000
0.733000
1.000000
0.457000
0.355000
0.771000
1.000000
nan
0.263000
nan
0.640000
0.524000
nan
0.393000
0.601000
0.460000
nan
0.607000
1.000000
nan
0.377000
0.585000
0.623000
nan
nan
nan
0.513000
nan
0.461000
0.471000
0.377000
0.822000
1.000000
nan
0.607000
0.745000
0.504000
nan
nan
nan
nan
0.636000
nan
nan
nan
nan
0.833000
nan
1.000000
0.570000
0.669000
nan
nan
0.484000
nan
nan
nan
nan
0.884000
0.684000
0.596000
nan
0.377000
0.443000
nan
nan
nan
0.664000
0.805000
nan
nan
0.381000
nan
0.824000
0.941000
nan
nan
nan
nan
nan
0.517000
0.883000
nan
nan
nan
0.598000
0.677000
nan
0.660000
0.587000
nan
0.667000
0.803000
0.734000
nan
nan
0.395000
nan
0.482000
0.824000
nan
nan
nan
0.456000
0.686000
0.689000
nan
0.657000
0.723000
nan
0.780000
0.629000
nan
0.938000
nan
nan
0.479000
0.363000
0.330000
0.363000
nan
nan
nan
nan
1.000000
0.921000
nan
nan
0.910000
0.826000
nan
0.558000
0.325000
nan
nan
nan
nan
nan
nan
nan
0.923000
0.569000
nan
0.468000
0.440000
nan
nan
nan
0.486000
nan
0.360000
nan
0.521000
0.336000
nan
0.708000
0.323000
nan
nan
nan
0.275000
0.464000
0.802000
nan
nan
nan
0.212000
0.187000
nan
nan
0.730000
0.252000
0.388000
0.777000
0.807000
0.792000
nan
nan
nan
nan
0.924000
0.332000
0.270000
0.240000
nan
nan
nan
0.364000
1.000000
0.460000
nan
0.708000
0.831000
1.000000
nan
nan
0.230000
0.307000
0.344000
nan
0.782000
0.443000
0.597000
nan
0.743000
0.358000
0.424000
0.539000
0.509000
0.261000
0.520000
nan
0.424000
0.536000
0.369000
0.490000
0.553000
0.393000
nan
0.308000
0.341000
0.316000
nan
0.292000
0.338000
0.369000
0.347000
nan
0.322000
0.264000
nan
0.468000
nan
0.305000
0.270000
nan
0.161000
0.161000
