Coverage(RPKM): 46872.727273
0.046000
nan
nan
nan
0.088000
0.046000
0.046000
0.047000
0.084000
nan
0.081000
nan
0.085000
0.114000
nan
nan
nan
nan
0.066000
0.059000
0.162000
nan
nan
0.176000
nan
nan
nan
nan
0.122000
0.165000
nan
nan
0.546000
nan
0.166000
nan
nan
nan
nan
0.187000
0.191000
0.282000
0.323000
nan
0.338000
0.213000
0.507000
nan
nan
nan
nan
nan
0.129000
nan
nan
0.463000
nan
0.478000
0.777000
0.408000
0.481000
0.683000
0.179000
0.210000
nan
0.221000
0.324000
nan
0.243000
0.465000
nan
0.305000
0.999000
0.682000
1.000000
nan
0.533000
1.000000
nan
0.526000
nan
nan
0.503000
0.522000
0.566000
1.000000
0.643000
nan
0.341000
nan
nan
0.122000
nan
nan
nan
nan
0.414000
0.376000
0.490000
0.281000
nan
0.120000
0.120000
0.167000
0.120000
nan
nan
nan
nan
0.460000
0.672000
0.485000
0.600000
nan
nan
nan
nan
nan
0.267000
nan
nan
0.431000
0.397000
nan
0.353000
0.494000
nan
nan
0.615000
0.467000
nan
1.000000
nan
0.263000
0.513000
0.509000
nan
nan
0.580000
0.557000
0.597000
nan
nan
nan
nan
0.488000
1.000000
nan
0.736000
0.767000
1.000000
nan
0.737000
0.320000
0.333000
nan
nan
0.887000
0.886000
nan
0.474000
nan
nan
nan
nan
nan
0.399000
0.341000
nan
nan
nan
nan
0.544000
0.447000
nan
nan
nan
0.811000
nan
0.441000
nan
0.462000
0.160000
0.460000
nan
0.787000
nan
nan
nan
nan
0.943000
0.687000
nan
0.355000
0.929000
nan
0.835000
nan
nan
0.648000
0.865000
nan
0.381000
nan
nan
nan
nan
0.333000
0.303000
0.138000
0.211000
nan
nan
nan
nan
nan
nan
0.196000
nan
0.467000
0.545000
0.286000
0.283000
0.493000
0.599000
nan
0.501000
nan
nan
nan
nan
nan
nan
nan
nan
nan
nan
0.385000
0.354000
nan
0.313000
0.153000
0.143000
nan
nan
nan
nan
nan
nan
nan
0.262000
nan
nan
0.375000
0.289000
nan
0.346000
0.290000
0.285000
nan
nan
nan
0.138000
0.138000
