Coverage(RPKM): 126.872247
nan
nan
nan
nan
nan
nan
0.000000
0.000000
nan
nan
nan
0.000000
nan
0.000000
nan
nan
0.000000
1.000000
nan
nan
nan
nan
0.000000
nan
0.000000
0.000000
nan
1.000000
nan
nan
0.000000
nan
nan
nan
0.500000
nan
nan
0.500000
0.000000
nan
0.000000
0.000000
nan
0.000000
0.000000
0.000000
0.000000
nan
nan
0.000000
1.000000
nan
nan
nan
0.000000
nan
0.000000
0.000000
0.000000
0.000000
nan
nan
0.000000
nan
0.000000
nan
nan
nan
nan
0.000000
0.000000
1.000000
0.000000
0.000000
nan
nan
0.000000
1.000000
0.000000
0.000000
1.000000
nan
0.000000
nan
0.000000
0.000000
nan
nan
0.000000
nan
0.000000
0.000000
0.000000
nan
0.000000
1.000000
nan
0.000000
0.000000
0.400000
nan
nan
nan
0.200000
0.800000
nan
nan
nan
nan
nan
0.000000
nan
nan
nan
0.400000
0.000000
nan
0.000000
0.400000
nan
0.400000
0.800000
0.000000
nan
0.400000
nan
0.000000
0.000000
nan
nan
nan
nan
nan
0.600000
nan
0.400000
1.000000
0.000000
0.000000
0.000000
nan
0.000000
0.000000
0.000000
nan
nan
0.800000
1.000000
nan
nan
nan
0.000000
nan
nan
1.000000
0.000000
nan
nan
nan
0.400000
0.400000
nan
0.800000
0.400000
0.800000
nan
0.000000
0.000000
1.000000
nan
nan
nan
0.000000
0.000000
0.400000
nan
0.200000
nan
nan
0.000000
0.800000
0.400000
0.000000
0.400000
0.400000
nan
nan
0.000000
0.400000
0.656000
nan
nan
0.656000
0.000000
0.000000
nan
0.164000
0.000000
0.492000
0.328000
0.000000
0.000000
nan
0.000000
0.000000
0.000000
0.328000
nan
0.000000
1.000000
nan
nan
nan
nan
0.000000
0.328000
0.000000
nan
nan
nan
nan
nan
0.328000
nan
nan
nan
0.328000
0.328000
0.000000
0.164000
nan
0.164000
0.164000
nan
nan
0.000000
0.000000
nan
0.000000
0.656000
nan
0.000000
0.000000
nan
0.656000
0.656000
0.492000
0.328000
nan
0.000000
0.328000
nan
0.328000
nan
nan
nan
nan
0.328000
0.820000
nan
nan
nan
nan
0.000000
0.492000
0.820000
0.328000
0.000000
0.820000
0.328000
1.000000
1.000000
nan
0.000000
nan
nan
0.000000
nan
nan
0.250000
nan
nan
nan
nan
0.000000
nan
0.000000
nan
nan
nan
nan
0.125000
nan
nan
nan
nan
0.500000
0.250000
0.250000
0.250000
0.000000
0.250000
0.750000
0.250000
0.000000
0.000000
nan
0.000000
nan
0.125000
0.250000
nan
0.000000
nan
0.250000
0.750000
0.375000
nan
nan
nan
1.000000
0.000000
nan
0.000000
0.625000
nan
0.500000
0.750000
0.625000
nan
nan
0.250000
nan
0.125000
nan
nan
0.250000
0.250000
nan
nan
nan
nan
nan
0.000000
nan
1.000000
0.500000
0.000000
0.000000
0.000000
0.250000
nan
0.125000
0.500000
nan
1.000000
nan
0.500000
0.875000
nan
nan
0.000000
0.000000
0.500000
1.000000
nan
nan
nan
0.667000
0.667000
nan
nan
0.000000
0.000000
0.000000
1.000000
nan
0.333000
0.833000
0.667000
1.000000
nan
1.000000
nan
0.500000
0.000000
0.000000
0.333000
nan
nan
0.333000
nan
nan
0.333000
nan
nan
nan
0.167000
0.333000
1.000000
nan
nan
nan
nan
0.833000
0.000000
0.000000
0.500000
0.000000
nan
0.333000
nan
nan
0.000000
0.000000
0.333000
0.667000
nan
nan
nan
0.000000
0.000000
nan
nan
nan
nan
0.000000
0.000000
nan
1.000000
0.333000
nan
nan
0.500000
nan
0.000000
nan
nan
0.000000
0.000000
0.333000
nan
nan
nan
0.333000
0.000000
0.000000
0.333000
0.667000
0.333000
nan
0.333000
0.000000
nan
nan
0.000000
nan
nan
0.000000
0.000000
0.755000
0.000000
0.755000
0.377000
nan
nan
0.000000
1.000000
1.000000
0.377000
0.000000
0.000000
0.755000
0.000000
nan
0.000000
nan
nan
0.000000
0.000000
0.377000
nan
nan
0.000000
0.000000
nan
1.000000
nan
nan
0.000000
0.755000
0.000000
nan
nan
0.000000
0.377000
nan
0.755000
0.000000
nan
nan
nan
0.000000
0.755000
0.000000
0.000000
0.000000
nan
nan
0.000000
0.000000
0.000000
0.000000
0.755000
0.000000
nan
nan
0.000000
nan
nan
nan
nan
nan
nan
0.000000
nan
nan
0.755000
nan
0.000000
nan
nan
0.000000
nan
0.000000
0.000000
nan
0.000000
0.000000
nan
nan
nan
nan
nan
nan
nan
nan
nan
nan
nan
nan
nan
nan
nan
nan
nan
nan
nan
nan
nan
nan
nan
nan
nan
nan
nan
nan
nan
nan
nan
nan
nan
nan
nan
nan
nan
nan
nan
nan
nan
nan
nan
nan
nan
nan
nan
nan
nan
nan
nan
nan
nan
nan
nan
nan
nan
nan
nan
nan
nan
nan
nan
nan
nan
nan
nan
nan
nan
nan
nan
nan
nan
nan
nan
nan
nan
nan
nan
nan
nan
nan
nan
nan
nan
nan
nan
nan
nan
nan
nan
nan
nan
0.000000
0.000000
nan
0.000000
nan
nan
0.000000
nan
nan
0.000000
nan
0.000000
0.000000
0.000000
nan
nan
nan
0.000000
nan
0.000000
0.000000
nan
0.000000
0.000000
0.000000
0.000000
nan
0.000000
0.000000
nan
nan
nan
1.000000
nan
0.000000
0.000000
nan
1.000000
0.000000
0.000000
0.000000
0.000000
0.000000
0.000000
0.000000
nan
nan
nan
nan
