Coverage(RPKM): 92872.864322
0.118000
nan
nan
nan
0.118000
nan
0.182000
0.235000
0.249000
0.277000
0.210000
0.269000
nan
nan
0.300000
nan
nan
nan
nan
nan
nan
0.355000
nan
nan
nan
0.357000
nan
nan
0.327000
nan
0.529000
0.552000
nan
nan
0.300000
nan
0.268000
0.418000
nan
nan
nan
nan
nan
nan
nan
nan
nan
nan
0.470000
nan
nan
nan
nan
nan
nan
0.134000
0.118000
nan
0.598000
0.301000
0.511000
0.659000
nan
0.531000
nan
nan
nan
0.373000
0.609000
0.871000
1.000000
nan
0.385000
0.341000
0.622000
nan
nan
0.636000
nan
nan
nan
0.612000
0.485000
0.826000
nan
nan
nan
0.214000
0.810000
0.457000
0.869000
0.991000
nan
0.807000
nan
nan
nan
nan
0.710000
nan
nan
nan
nan
nan
0.622000
0.837000
nan
0.521000
nan
0.363000
nan
nan
1.000000
1.000000
nan
0.193000
nan
nan
nan
nan
0.509000
0.564000
0.869000
0.797000
nan
nan
nan
0.271000
nan
nan
nan
nan
nan
0.935000
0.797000
nan
nan
0.542000
nan
nan
0.286000
0.418000
nan
0.530000
0.428000
0.501000
1.000000
0.669000
0.808000
nan
nan
nan
nan
0.452000
0.547000
nan
nan
0.329000
0.234000
0.234000
0.276000
0.512000
nan
0.476000
0.833000
nan
nan
nan
nan
nan
nan
1.000000
nan
0.783000
0.373000
0.488000
nan
nan
0.380000
nan
0.899000
0.872000
nan
nan
0.362000
nan
nan
nan
0.240000
0.538000
0.905000
1.000000
0.489000
0.501000
nan
0.234000
0.528000
0.293000
0.331000
nan
nan
nan
nan
nan
0.366000
0.293000
0.944000
nan
nan
0.451000
0.481000
0.792000
nan
nan
nan
0.459000
0.779000
nan
0.498000
nan
0.555000
nan
0.493000
0.341000
0.551000
nan
0.408000
nan
1.000000
nan
0.805000
0.715000
nan
nan
0.655000
nan
nan
nan
1.000000
0.700000
0.682000
0.782000
nan
nan
0.543000
nan
1.000000
nan
nan
0.678000
nan
nan
nan
nan
nan
0.617000
nan
nan
nan
nan
nan
nan
0.513000
0.787000
0.489000
0.548000
0.397000
0.594000
0.488000
nan
0.392000
0.438000
0.686000
nan
0.294000
0.365000
0.353000
nan
nan
nan
nan
nan
0.936000
0.802000
nan
nan
0.545000
nan
nan
0.294000
0.294000
nan
nan
nan
nan
0.449000
0.410000
0.976000
nan
nan
nan
nan
0.591000
0.582000
0.648000
nan
0.549000
nan
0.302000
nan
nan
0.325000
nan
0.463000
0.310000
nan
nan
nan
0.488000
nan
nan
0.351000
0.556000
0.527000
0.409000
0.275000
nan
0.672000
0.503000
1.000000
nan
0.489000
0.367000
nan
0.431000
0.467000
0.558000
0.499000
0.588000
0.760000
0.941000
nan
0.824000
1.000000
nan
1.000000
nan
0.999000
nan
nan
nan
nan
nan
0.411000
nan
nan
nan
0.670000
0.163000
nan
0.254000
0.328000
0.342000
nan
0.312000
nan
nan
nan
nan
0.849000
nan
0.434000
nan
nan
nan
nan
nan
nan
0.347000
nan
0.939000
nan
nan
nan
0.698000
0.356000
0.660000
0.444000
0.295000
0.408000
nan
nan
nan
0.365000
nan
0.418000
0.163000
0.570000
nan
nan
0.386000
0.513000
0.346000
0.171000
0.163000
0.676000
0.486000
nan
nan
nan
nan
nan
nan
nan
0.423000
0.428000
nan
nan
nan
nan
nan
0.287000
nan
0.272000
0.230000
nan
nan
0.367000
nan
nan
nan
nan
nan
nan
nan
nan
nan
nan
0.417000
0.503000
0.385000
nan
0.419000
0.402000
nan
0.415000
0.452000
nan
0.420000
nan
nan
nan
nan
nan
nan
nan
nan
0.176000
nan
0.176000
0.192000
0.227000
nan
nan
0.620000
nan
0.231000
0.176000
nan
0.564000
0.483000
0.199000
0.272000
nan
0.310000
nan
0.536000
0.460000
0.584000
nan
nan
nan
0.434000
0.722000
nan
0.382000
nan
0.526000
0.540000
nan
0.247000
0.478000
nan
0.545000
0.281000
nan
0.440000
nan
nan
0.575000
0.840000
nan
0.362000
0.478000
0.502000
0.418000
nan
0.260000
0.382000
nan
0.360000
nan
0.324000
nan
0.241000
nan
nan
nan
0.883000
0.886000
0.953000
1.000000
0.243000
0.560000
0.356000
0.322000
0.364000
nan
nan
nan
0.170000
nan
0.236000
0.232000
nan
0.204000
nan
nan
0.580000
nan
nan
0.862000
nan
nan
0.455000
nan
nan
0.622000
nan
nan
0.603000
nan
nan
0.462000
nan
nan
0.987000
0.798000
nan
0.662000
0.483000
nan
0.625000
nan
nan
nan
nan
nan
0.234000
nan
0.564000
0.386000
nan
0.798000
0.930000
1.000000
nan
nan
nan
nan
0.178000
nan
nan
0.519000
nan
nan
nan
0.238000
nan
nan
nan
nan
1.000000
0.770000
nan
0.170000
0.170000
