Coverage(RPKM): 1232.996633
0.000000
nan
nan
nan
nan
0.750000
0.000000
0.500000
0.250000
0.375000
0.125000
nan
0.625000
0.500000
nan
1.000000
0.500000
0.500000
nan
0.125000
nan
0.125000
0.750000
nan
1.000000
0.750000
nan
0.500000
1.000000
nan
nan
nan
0.375000
0.750000
0.125000
nan
1.000000
0.250000
nan
0.125000
0.625000
nan
0.250000
0.625000
0.625000
0.750000
nan
nan
nan
0.250000
0.250000
0.125000
nan
0.000000
nan
0.000000
0.000000
nan
0.500000
0.875000
nan
nan
nan
0.000000
nan
0.000000
nan
nan
nan
0.000000
0.250000
0.750000
nan
1.000000
0.750000
0.250000
0.250000
nan
nan
nan
0.500000
nan
nan
0.750000
nan
0.000000
nan
nan
0.160000
0.278000
nan
nan
0.278000
nan
nan
nan
nan
0.464000
nan
nan
0.186000
nan
nan
0.371000
0.325000
nan
0.232000
nan
0.510000
nan
nan
0.464000
0.789000
nan
nan
nan
nan
nan
0.160000
nan
nan
0.278000
nan
0.650000
nan
0.557000
0.789000
nan
0.186000
0.464000
0.186000
nan
0.464000
0.278000
nan
0.325000
1.000000
nan
0.928000
0.510000
nan
0.278000
nan
nan
nan
0.974000
0.371000
0.603000
nan
0.510000
nan
nan
nan
0.789000
0.418000
0.325000
1.000000
0.835000
0.603000
0.696000
0.278000
0.186000
0.278000
0.418000
nan
nan
0.696000
0.603000
nan
nan
0.650000
nan
0.278000
0.603000
1.000000
0.371000
nan
0.160000
0.928000
0.251000
0.419000
nan
nan
nan
0.103000
nan
nan
nan
nan
0.209000
0.251000
0.103000
0.126000
0.419000
0.524000
0.482000
0.524000
nan
0.103000
0.335000
0.126000
0.147000
0.188000
0.398000
0.607000
0.545000
0.461000
nan
nan
nan
nan
nan
nan
0.565000
0.377000
nan
nan
nan
0.503000
0.377000
0.314000
0.272000
0.775000
nan
nan
0.440000
0.691000
0.440000
0.419000
nan
0.482000
nan
0.168000
0.293000
0.356000
nan
nan
nan
nan
nan
nan
0.607000
nan
0.942000
0.461000
nan
nan
0.775000
0.356000
nan
nan
nan
0.293000
0.209000
nan
nan
nan
nan
nan
nan
nan
nan
nan
nan
nan
nan
nan
1.000000
nan
0.293000
0.314000
nan
nan
nan
nan
nan
nan
1.000000
0.440000
nan
nan
nan
nan
0.335000
1.000000
0.440000
0.652000
nan
0.731000
0.316000
nan
0.197000
0.276000
0.257000
0.494000
0.316000
1.000000
0.415000
0.888000
nan
0.217000
nan
nan
0.967000
1.000000
nan
0.869000
0.948000
nan
0.553000
0.355000
nan
0.197000
0.612000
0.178000
nan
nan
nan
0.178000
0.167000
nan
0.474000
0.415000
nan
nan
0.454000
nan
0.592000
nan
nan
nan
nan
nan
0.809000
0.948000
nan
nan
nan
nan
nan
0.217000
nan
nan
1.000000
nan
nan
nan
0.829000
0.178000
0.167000
0.454000
0.316000
0.257000
nan
0.967000
nan
0.770000
nan
nan
nan
nan
0.849000
0.573000
0.296000
0.336000
0.167000
nan
nan
nan
nan
0.750000
0.197000
0.553000
nan
nan
nan
0.355000
0.276000
nan
0.355000
nan
0.667000
nan
nan
nan
nan
nan
0.375000
0.583000
0.667000
nan
0.542000
0.250000
0.375000
0.792000
nan
nan
nan
nan
1.000000
1.000000
0.625000
0.875000
0.667000
nan
nan
nan
nan
1.000000
nan
nan
0.542000
0.375000
nan
nan
nan
0.583000
0.500000
0.292000
0.292000
0.917000
nan
nan
nan
nan
nan
nan
nan
nan
nan
0.625000
nan
0.417000
nan
0.500000
1.000000
0.458000
nan
0.500000
0.458000
0.292000
0.542000
0.875000
nan
0.417000
0.417000
0.542000
0.375000
nan
nan
0.227000
nan
nan
nan
0.458000
nan
0.833000
0.875000
nan
nan
nan
nan
0.333000
0.227000
0.375000
nan
0.792000
nan
nan
nan
nan
nan
0.292000
0.542000
0.917000
nan
0.708000
nan
nan
nan
nan
0.227000
nan
0.250000
0.542000
0.081000
0.299000
0.266000
nan
nan
nan
0.081000
0.233000
0.133000
0.465000
1.000000
nan
nan
nan
0.266000
0.100000
nan
0.166000
nan
0.565000
0.664000
nan
nan
nan
0.963000
nan
0.897000
0.963000
nan
nan
nan
nan
nan
0.081000
nan
0.299000
nan
nan
nan
0.432000
nan
0.698000
nan
0.532000
0.797000
1.000000
nan
0.299000
0.166000
0.332000
nan
nan
nan
0.664000
nan
0.299000
nan
nan
nan
0.831000
0.631000
0.332000
0.166000
0.365000
0.764000
nan
nan
nan
nan
nan
0.631000
0.498000
0.698000
nan
1.000000
nan
nan
nan
nan
0.598000
0.764000
0.598000
0.698000
0.698000
nan
0.199000
0.266000
nan
nan
nan
nan
0.864000
0.332000
nan
nan
0.133000
0.233000
0.399000
nan
nan
nan
0.846000
0.423000
0.269000
0.154000
0.769000
0.385000
nan
nan
1.000000
1.000000
0.615000
0.615000
0.808000
0.692000
nan
0.654000
nan
0.154000
0.094000
0.154000
nan
0.094000
0.538000
nan
0.385000
0.462000
nan
nan
0.231000
nan
1.000000
0.346000
nan
0.731000
nan
nan
nan
nan
0.615000
0.462000
nan
nan
0.577000
nan
nan
0.615000
0.308000
0.308000
nan
0.094000
0.308000
0.385000
nan
0.808000
0.308000
nan
nan
nan
nan
0.731000
0.346000
0.346000
nan
nan
0.500000
nan
nan
0.577000
0.769000
0.923000
0.731000
nan
1.000000
0.808000
0.346000
0.115000
nan
0.577000
0.615000
1.000000
nan
0.753000
0.445000
nan
0.411000
nan
nan
0.084000
nan
nan
nan
0.308000
0.822000
0.274000
0.342000
0.616000
0.137000
0.582000
nan
nan
0.616000
0.822000
nan
nan
1.000000
0.719000
nan
0.651000
1.000000
nan
0.685000
0.205000
nan
0.411000
0.582000
nan
0.274000
nan
nan
nan
0.308000
0.719000
0.479000
1.000000
0.753000
nan
0.240000
0.137000
0.205000
0.788000
nan
0.342000
0.890000
nan
nan
nan
nan
nan
nan
0.274000
0.582000
nan
nan
nan
0.616000
nan
0.342000
0.719000
0.377000
0.377000
0.084000
nan
nan
nan
nan
nan
0.925000
nan
0.308000
0.616000
nan
0.205000
0.103000
0.084000
nan
0.103000
nan
0.240000
0.411000
nan
0.539000
nan
nan
nan
nan
nan
nan
0.916000
0.485000
0.539000
nan
nan
nan
0.970000
1.000000
nan
0.863000
0.216000
0.916000
0.216000
0.162000
0.539000
nan
nan
nan
0.485000
0.162000
0.108000
0.162000
nan
nan
nan
0.108000
0.485000
0.323000
0.377000
nan
nan
nan
nan
0.539000
0.270000
nan
0.539000
nan
0.431000
0.431000
0.916000
0.485000
1.000000
0.216000
0.916000
0.539000
0.078000
0.108000
nan
nan
0.431000
nan
nan
nan
1.000000
0.323000
nan
0.701000
0.809000
nan
nan
0.809000
0.593000
nan
0.270000
0.078000
0.078000
nan
0.755000
nan
nan
0.431000
nan
nan
nan
0.377000
nan
nan
0.162000
nan
0.970000
nan
nan
nan
0.539000
0.377000
0.330000
0.165000
0.135000
0.522000
0.135000
nan
nan
0.165000
1.000000
1.000000
0.412000
0.385000
nan
nan
0.824000
0.714000
nan
0.385000
0.275000
0.577000
nan
0.220000
nan
0.549000
0.659000
0.742000
0.302000
0.385000
nan
0.275000
nan
nan
nan
0.604000
0.577000
0.495000
0.357000
0.824000
nan
0.549000
0.549000
nan
0.632000
0.549000
0.330000
0.220000
0.135000
nan
0.604000
0.879000
0.769000
nan
1.000000
nan
nan
0.495000
nan
nan
0.522000
0.357000
nan
0.714000
0.412000
0.220000
0.522000
nan
nan
0.385000
nan
nan
0.769000
0.385000
0.604000
0.440000
0.423000
0.572000
0.697000
0.448000
0.672000
0.498000
nan
0.147000
0.299000
0.147000
0.721000
0.473000
0.522000
0.572000
0.398000
nan
nan
nan
0.746000
0.672000
nan
nan
nan
0.721000
0.547000
nan
0.174000
nan
nan
0.796000
0.622000
nan
nan
0.597000
nan
nan
nan
nan
0.672000
nan
0.398000
nan
0.348000
nan
0.697000
nan
nan
nan
nan
nan
nan
0.572000
0.647000
0.846000
nan
nan
0.821000
0.622000
0.672000
0.796000
nan
nan
0.274000
0.147000
1.000000
0.746000
nan
0.945000
1.000000
0.746000
nan
nan
0.498000
0.945000
0.771000
nan
0.498000
0.398000
0.647000
nan
nan
0.672000
1.000000
nan
0.746000
0.721000
0.716000
nan
0.409000
nan
nan
nan
1.000000
0.639000
nan
0.179000
0.358000
0.614000
0.358000
0.358000
nan
0.128000
nan
0.870000
nan
nan
nan
0.435000
0.358000
0.179000
nan
0.870000
1.000000
0.895000
0.486000
nan
0.844000
nan
0.767000
0.972000
nan
0.256000
0.086000
0.086000
nan
0.460000
nan
0.384000
0.716000
1.000000
nan
0.153000
nan
nan
0.179000
0.179000
nan
0.358000
nan
nan
nan
0.128000
0.205000
0.384000
0.435000
nan
nan
nan
nan
nan
0.205000
nan
0.537000
nan
nan
0.435000
0.205000
0.256000
0.460000
0.205000
nan
nan
0.128000
nan
nan
nan
nan
0.358000
nan
0.639000
0.409000
0.435000
nan
nan
nan
nan
nan
0.086000
nan
0.460000
0.299000
nan
1.000000
nan
1.000000
0.746000
0.299000
nan
0.149000
nan
0.000000
0.498000
1.000000
nan
nan
0.945000
nan
0.498000
nan
nan
nan
0.050000
nan
0.348000
0.398000
0.249000
0.199000
nan
nan
0.597000
nan
0.249000
0.597000
0.697000
nan
0.050000
nan
0.697000
0.697000
0.299000
nan
nan
nan
nan
0.348000
0.547000
nan
0.597000
0.249000
0.100000
0.299000
0.100000
nan
0.746000
nan
nan
nan
nan
nan
0.448000
nan
0.199000
0.100000
0.050000
0.199000
0.597000
nan
nan
nan
0.000000
0.299000
0.050000
nan
nan
nan
0.000000
0.398000
0.299000
nan
0.398000
0.050000
nan
nan
nan
nan
nan
0.100000
0.000000
0.000000
nan
nan
nan
0.000000
0.351000
0.234000
0.468000
nan
1.000000
nan
nan
0.234000
nan
nan
0.234000
nan
0.351000
0.234000
nan
0.819000
0.234000
0.000000
0.000000
0.351000
0.351000
0.585000
nan
0.468000
nan
0.936000
0.351000
0.819000
nan
nan
0.702000
0.468000
0.702000
0.351000
0.000000
0.000000
nan
0.585000
0.585000
nan
0.468000
0.234000
0.468000
0.000000
0.819000
nan
0.585000
0.468000
nan
nan
nan
1.000000
0.000000
0.000000
nan
nan
nan
nan
0.468000
nan
1.000000
nan
nan
nan
0.702000
nan
nan
0.468000
0.468000
nan
0.702000
nan
0.585000
nan
0.234000
nan
0.468000
nan
nan
nan
nan
0.234000
nan
nan
0.234000
0.117000
0.234000
0.000000
0.250000
0.417000
nan
nan
nan
0.500000
0.333000
nan
0.417000
0.500000
nan
nan
nan
0.417000
nan
0.333000
0.667000
1.000000
nan
nan
nan
nan
nan
nan
0.333000
0.500000
nan
1.000000
0.583000
0.333000
0.667000
0.000000
nan
0.000000
nan
nan
nan
nan
nan
0.583000
0.667000
nan
0.333000
nan
0.000000
nan
nan
0.333000
nan
nan
0.000000
nan
0.667000
nan
0.167000
nan
nan
nan
nan
nan
nan
nan
0.417000
0.667000
nan
0.000000
nan
0.250000
0.000000
nan
0.167000
0.167000
1.000000
0.333000
0.500000
0.667000
0.167000
0.833000
0.833000
0.167000
1.000000
0.500000
0.250000
0.417000
0.500000
0.167000
0.750000
0.000000
0.037000
0.148000
0.222000
0.333000
nan
0.296000
0.185000
nan
nan
0.148000
nan
0.444000
0.259000
nan
0.185000
0.111000
nan
0.148000
0.259000
nan
0.111000
0.333000
nan
0.000000
0.148000
nan
0.222000
0.074000
nan
0.111000
1.000000
nan
0.148000
nan
nan
0.407000
nan
nan
0.000000
nan
nan
0.926000
1.000000
nan
1.000000
1.000000
nan
0.593000
0.370000
nan
0.000000
0.185000
0.074000
nan
nan
nan
nan
0.296000
0.296000
0.370000
nan
0.000000
nan
0.222000
nan
0.074000
0.000000
nan
nan
0.074000
nan
0.111000
nan
0.333000
0.370000
0.222000
0.111000
0.074000
0.037000
0.222000
0.111000
0.305000
nan
nan
0.305000
0.074000
nan
0.611000
0.305000
nan
nan
nan
nan
nan
0.074000
0.305000
0.204000
0.102000
nan
0.305000
nan
nan
1.000000
nan
nan
0.204000
0.102000
nan
0.356000
nan
nan
nan
0.865000
nan
0.712000
nan
nan
0.407000
0.204000
nan
0.305000
0.611000
nan
nan
0.305000
0.407000
0.204000
nan
0.712000
0.712000
0.356000
0.814000
0.509000
nan
0.916000
0.407000
nan
nan
0.611000
nan
nan
nan
0.074000
0.814000
0.865000
nan
0.509000
0.458000
0.254000
nan
0.305000
0.305000
1.000000
0.356000
0.712000
nan
0.356000
0.509000
0.509000
0.560000
nan
1.000000
0.814000
0.763000
0.712000
1.000000
1.000000
0.970000
0.809000
0.647000
nan
0.593000
nan
nan
0.270000
0.647000
0.485000
nan
nan
nan
nan
0.539000
0.916000
0.970000
0.323000
0.377000
0.323000
0.270000
nan
0.755000
0.431000
0.539000
nan
nan
nan
nan
nan
nan
nan
0.078000
0.377000
nan
nan
nan
nan
0.809000
0.431000
0.216000
0.863000
nan
nan
nan
0.431000
0.647000
nan
0.593000
0.539000
nan
nan
1.000000
nan
nan
0.323000
nan
0.485000
nan
0.485000
0.701000
nan
nan
0.431000
0.108000
0.377000
0.431000
0.863000
nan
nan
nan
0.078000
0.216000
nan
0.431000
nan
nan
nan
0.323000
0.323000
0.647000
nan
0.809000
nan
0.270000
0.431000
0.108000
0.078000
nan
0.333000
0.400000
nan
0.000000
nan
nan
nan
0.133000
nan
nan
0.133000
0.267000
nan
nan
nan
0.200000
nan
nan
nan
nan
0.267000
nan
0.200000
nan
0.267000
nan
nan
0.133000
0.000000
nan
0.000000
nan
nan
0.267000
nan
nan
nan
nan
nan
0.467000
0.267000
nan
0.133000
nan
nan
0.200000
0.000000
nan
nan
nan
nan
0.267000
nan
nan
nan
nan
nan
0.133000
0.600000
nan
0.267000
nan
nan
0.200000
nan
0.400000
0.417000
nan
0.417000
nan
0.655000
0.357000
0.774000
0.298000
0.179000
nan
0.595000
nan
0.595000
nan
nan
nan
0.536000
nan
nan
0.536000
nan
nan
nan
nan
nan
nan
nan
0.357000
0.833000
nan
nan
nan
nan
0.893000
0.945000
nan
0.238000
0.893000
nan
0.238000
nan
nan
nan
0.238000
1.000000
0.052000
nan
0.298000
0.238000
nan
0.238000
0.417000
0.314000
0.524000
0.419000
nan
0.209000
0.262000
1.000000
0.942000
nan
1.000000
0.942000
0.419000
0.524000
nan
0.628000
0.314000
0.262000
0.419000
0.785000
0.419000
0.105000
nan
0.314000
0.366000
0.105000
nan
nan
0.524000
0.105000
nan
nan
nan
0.209000
nan
nan
0.105000
