Coverage(RPKM): 1104.081633
0.117000
nan
nan
nan
nan
0.117000
nan
0.936000
nan
0.117000
0.585000
0.175000
nan
nan
0.468000
0.760000
0.468000
0.819000
0.351000
nan
0.117000
0.117000
0.234000
0.292000
0.351000
nan
0.351000
0.585000
nan
nan
0.409000
nan
0.409000
0.643000
0.526000
0.643000
0.760000
0.936000
0.292000
0.468000
0.526000
0.643000
0.409000
0.643000
0.643000
1.000000
0.936000
0.936000
0.760000
nan
nan
0.175000
nan
nan
0.819000
0.292000
0.468000
nan
0.643000
1.000000
nan
nan
nan
0.702000
0.117000
0.526000
1.000000
0.351000
0.702000
nan
nan
0.468000
nan
0.643000
nan
0.434000
0.376000
nan
nan
nan
nan
0.100000
0.203000
nan
nan
nan
nan
0.174000
nan
nan
0.116000
0.318000
0.376000
nan
nan
nan
0.318000
nan
nan
0.666000
nan
0.463000
nan
0.100000
0.492000
0.724000
nan
nan
nan
nan
0.405000
nan
nan
0.434000
nan
nan
nan
nan
0.289000
nan
nan
0.521000
nan
nan
1.000000
0.550000
nan
nan
0.260000
0.289000
0.405000
0.492000
nan
0.203000
0.550000
0.753000
nan
nan
0.376000
0.100000
0.347000
nan
0.289000
nan
0.753000
0.289000
0.347000
0.145000
nan
nan
nan
nan
nan
nan
0.463000
0.695000
0.781000
0.232000
0.521000
nan
nan
nan
1.000000
nan
nan
nan
1.000000
0.955000
0.492000
0.203000
0.405000
nan
nan
nan
0.781000
0.984000
0.405000
0.260000
0.118000
0.168000
0.216000
0.192000
nan
nan
nan
0.504000
nan
0.192000
0.118000
0.360000
0.336000
nan
0.432000
0.144000
nan
0.432000
0.192000
1.000000
0.720000
nan
nan
0.768000
0.480000
0.552000
nan
nan
nan
0.696000
0.792000
nan
nan
0.792000
0.624000
0.648000
0.216000
0.840000
0.648000
0.768000
1.000000
nan
nan
nan
0.600000
nan
0.360000
0.648000
nan
nan
nan
0.912000
nan
nan
0.672000
0.696000
1.000000
0.624000
0.696000
nan
nan
nan
nan
nan
nan
nan
nan
nan
nan
nan
0.864000
nan
nan
nan
0.192000
0.384000
nan
nan
nan
0.576000
nan
0.504000
nan
0.624000
nan
0.960000
0.720000
nan
0.144000
nan
nan
nan
nan
nan
0.552000
nan
nan
nan
nan
nan
nan
nan
0.456000
0.118000
0.240000
0.522000
0.645000
nan
0.276000
0.860000
nan
nan
nan
nan
0.891000
nan
0.246000
nan
nan
0.922000
0.276000
0.522000
0.737000
nan
0.614000
0.430000
0.307000
0.369000
0.461000
0.645000
1.000000
nan
0.799000
nan
nan
nan
nan
0.369000
0.184000
0.215000
nan
nan
nan
0.154000
nan
0.983000
1.000000
1.000000
0.676000
nan
0.215000
nan
0.338000
nan
nan
nan
0.707000
nan
nan
0.137000
0.614000
nan
nan
nan
nan
0.983000
nan
0.891000
0.399000
0.768000
nan
nan
nan
0.584000
nan
0.461000
0.369000
0.492000
nan
0.707000
nan
nan
0.137000
0.276000
nan
0.137000
nan
0.246000
0.430000
0.369000
nan
0.614000
0.399000
0.492000
0.276000
0.177000
0.266000
0.399000
nan
nan
nan
nan
1.000000
0.710000
0.399000
0.532000
nan
1.000000
1.000000
nan
0.843000
0.355000
0.532000
nan
nan
nan
0.976000
nan
0.310000
0.177000
0.177000
0.488000
nan
nan
nan
nan
0.310000
nan
0.621000
nan
0.310000
0.532000
nan
nan
0.399000
0.488000
nan
0.843000
0.399000
0.310000
0.488000
nan
0.310000
0.266000
nan
nan
0.084000
0.133000
0.399000
0.488000
nan
0.710000
0.488000
0.133000
nan
nan
0.133000
0.399000
0.177000
0.222000
0.084000
nan
nan
nan
nan
nan
0.355000
0.084000
0.488000
0.532000
nan
0.177000
0.355000
nan
nan
0.355000
0.621000
nan
0.133000
0.105000
0.314000
0.000000
0.733000
nan
0.314000
0.105000
0.524000
0.524000
0.314000
0.419000
0.628000
0.000000
nan
nan
0.314000
0.314000
nan
0.314000
0.000000
0.419000
0.209000
0.209000
0.733000
1.000000
nan
nan
0.209000
nan
0.314000
0.209000
nan
0.105000
nan
0.733000
nan
0.105000
nan
0.733000
1.000000
nan
0.000000
0.314000
nan
nan
nan
0.419000
0.209000
nan
nan
nan
0.209000
1.000000
nan
0.000000
nan
0.628000
0.105000
0.209000
nan
nan
nan
0.000000
0.942000
0.838000
nan
nan
nan
0.733000
nan
0.000000
nan
nan
nan
nan
0.942000
0.419000
0.209000
nan
0.838000
nan
0.628000
0.733000
0.000000
0.717000
0.159000
nan
nan
0.319000
nan
0.319000
nan
nan
nan
0.478000
nan
nan
0.398000
nan
nan
nan
1.000000
0.478000
nan
0.239000
0.159000
0.239000
0.637000
nan
0.319000
0.797000
0.876000
nan
nan
0.478000
1.000000
nan
0.956000
nan
nan
0.637000
0.000000
0.239000
nan
nan
nan
nan
nan
nan
nan
nan
nan
nan
nan
nan
nan
nan
0.637000
1.000000
0.398000
0.637000
nan
nan
nan
nan
nan
0.159000
0.319000
0.398000
nan
0.239000
0.558000
0.398000
0.319000
nan
0.717000
0.159000
0.080000
0.319000
0.000000
0.319000
0.000000
0.159000
0.637000
nan
0.637000
0.159000
0.319000
nan
nan
0.180000
0.449000
0.539000
nan
nan
nan
0.180000
0.449000
nan
1.000000
1.000000
nan
0.200000
0.400000
nan
nan
nan
nan
nan
0.200000
0.100000
nan
1.000000
nan
nan
nan
nan
nan
0.200000
0.000000
nan
nan
nan
0.200000
nan
0.200000
0.600000
nan
nan
nan
1.000000
0.600000
nan
nan
nan
nan
0.200000
nan
0.400000
nan
nan
nan
nan
0.200000
0.300000
0.200000
nan
nan
0.400000
nan
nan
nan
0.000000
nan
nan
0.400000
nan
nan
nan
0.400000
0.300000
0.300000
0.800000
nan
nan
0.100000
nan
0.200000
nan
nan
nan
nan
0.400000
0.200000
nan
0.400000
0.700000
nan
nan
nan
0.200000
0.400000
nan
0.400000
0.400000
0.000000
0.400000
0.600000
nan
0.500000
0.000000
0.000000
nan
0.000000
nan
nan
0.000000
0.000000
