Coverage(RPKM): 38868.750000
0.128000
nan
nan
nan
0.133000
0.531000
nan
0.128000
nan
nan
nan
0.140000
0.172000
0.161000
0.128000
0.244000
nan
nan
nan
nan
nan
0.233000
0.370000
0.342000
0.170000
0.223000
nan
nan
nan
nan
nan
nan
nan
0.425000
0.384000
nan
0.435000
0.602000
nan
0.320000
0.365000
0.334000
nan
0.160000
0.209000
nan
0.162000
nan
0.502000
0.481000
nan
nan
0.159000
nan
nan
nan
nan
nan
0.201000
0.142000
0.374000
0.736000
nan
nan
nan
0.627000
0.664000
0.740000
nan
nan
0.240000
0.203000
nan
nan
nan
0.562000
0.758000
nan
nan
nan
nan
nan
nan
nan
0.526000
nan
1.000000
0.468000
0.515000
nan
nan
nan
nan
0.642000
1.000000
nan
nan
nan
nan
nan
0.187000
nan
0.263000
0.141000
0.249000
0.436000
nan
1.000000
0.777000
1.000000
nan
nan
nan
nan
nan
nan
nan
nan
0.195000
0.216000
0.146000
0.146000
0.390000
nan
0.679000
0.204000
0.189000
nan
0.150000
nan
nan
0.946000
0.922000
nan
0.605000
nan
nan
0.553000
0.925000
0.771000
nan
nan
nan
nan
nan
0.844000
0.682000
nan
0.277000
0.237000
0.256000
0.146000
0.899000
nan
nan
0.728000
nan
nan
nan
nan
nan
1.000000
nan
nan
nan
nan
nan
nan
nan
nan
nan
nan
0.513000
0.655000
0.427000
0.670000
1.000000
nan
nan
0.256000
nan
0.214000
0.240000
0.261000
0.461000
0.252000
0.484000
nan
0.211000
nan
0.462000
nan
0.428000
nan
nan
0.777000
nan
0.534000
nan
nan
nan
0.636000
nan
0.548000
nan
nan
nan
0.821000
0.223000
nan
nan
nan
nan
nan
nan
nan
nan
nan
nan
0.642000
0.632000
nan
nan
nan
nan
nan
0.558000
1.000000
0.609000
0.456000
0.780000
nan
nan
nan
nan
0.679000
0.260000
nan
0.194000
0.194000
0.215000
nan
0.203000
0.259000
nan
0.736000
0.662000
0.412000
0.337000
nan
0.205000
nan
0.606000
nan
nan
nan
0.320000
nan
0.445000
0.396000
1.000000
nan
nan
nan
nan
nan
0.685000
nan
nan
nan
nan
0.335000
nan
nan
0.380000
0.426000
0.194000
0.480000
nan
0.354000
0.462000
0.473000
0.336000
0.573000
1.000000
nan
0.402000
nan
nan
nan
0.716000
nan
0.396000
nan
nan
0.613000
0.712000
0.371000
0.340000
0.239000
nan
0.348000
0.232000
0.386000
0.530000
nan
0.399000
0.580000
0.607000
nan
0.473000
0.477000
nan
nan
nan
0.422000
0.409000
nan
0.440000
0.475000
nan
nan
1.000000
nan
nan
nan
0.535000
0.780000
0.297000
nan
nan
0.297000
nan
nan
0.841000
0.360000
nan
0.572000
0.596000
0.909000
nan
0.404000
0.561000
0.694000
0.728000
nan
nan
nan
nan
nan
nan
0.515000
nan
nan
nan
0.419000
nan
nan
0.627000
nan
nan
0.338000
nan
1.000000
nan
1.000000
0.994000
nan
0.531000
0.645000
0.432000
0.474000
nan
0.477000
0.414000
0.651000
0.298000
0.538000
0.533000
0.732000
nan
0.327000
0.767000
0.838000
nan
nan
0.432000
nan
nan
nan
nan
nan
nan
0.374000
0.484000
nan
nan
nan
nan
nan
0.830000
nan
0.515000
nan
nan
nan
0.503000
0.481000
0.666000
nan
0.422000
nan
nan
0.515000
0.838000
0.395000
0.522000
0.357000
0.401000
0.454000
nan
0.218000
nan
nan
0.257000
0.454000
0.296000
nan
nan
nan
0.218000
0.218000
