Coverage(RPKM): 57314.689266
0.134000
nan
nan
0.145000
nan
nan
nan
0.146000
0.134000
0.182000
0.140000
0.139000
0.414000
0.234000
0.297000
nan
0.134000
nan
0.161000
0.182000
0.200000
0.244000
0.293000
nan
nan
nan
nan
nan
0.216000
nan
0.289000
0.236000
0.912000
nan
0.330000
0.387000
nan
0.738000
0.390000
nan
0.257000
0.299000
nan
nan
1.000000
nan
0.347000
nan
nan
0.503000
nan
0.290000
nan
0.586000
0.703000
0.801000
nan
0.599000
1.000000
nan
0.331000
0.223000
0.198000
0.307000
nan
0.744000
0.389000
0.607000
nan
nan
0.194000
nan
nan
1.000000
nan
0.609000
nan
0.486000
0.434000
0.779000
0.855000
0.996000
0.652000
0.365000
0.453000
0.612000
nan
nan
nan
nan
0.362000
nan
nan
nan
0.143000
0.143000
nan
0.348000
nan
0.191000
nan
0.347000
nan
nan
nan
0.457000
0.427000
0.458000
nan
nan
nan
0.375000
0.801000
1.000000
nan
nan
0.982000
nan
nan
nan
0.693000
nan
0.193000
nan
nan
1.000000
0.251000
nan
0.723000
nan
0.221000
nan
nan
nan
nan
0.664000
nan
nan
nan
nan
0.155000
0.252000
nan
0.913000
nan
nan
nan
0.289000
0.301000
nan
0.439000
nan
0.520000
nan
nan
nan
nan
nan
nan
nan
0.582000
0.209000
nan
nan
nan
0.392000
0.512000
nan
0.731000
0.407000
nan
0.182000
nan
0.343000
nan
0.428000
0.289000
nan
0.310000
0.188000
0.302000
0.339000
0.183000
0.594000
0.486000
nan
nan
nan
nan
nan
nan
nan
1.000000
nan
nan
nan
0.143000
nan
nan
nan
nan
0.447000
0.344000
0.971000
nan
nan
0.190000
0.561000
1.000000
nan
nan
nan
0.344000
0.350000
0.336000
nan
nan
nan
nan
nan
nan
nan
0.257000
0.179000
nan
nan
nan
nan
0.651000
nan
0.681000
0.571000
nan
0.569000
nan
nan
0.246000
0.375000
0.321000
nan
nan
0.568000
nan
0.447000
nan
nan
nan
0.776000
1.000000
nan
nan
0.174000
0.302000
nan
nan
nan
0.670000
nan
0.545000
0.298000
0.140000
nan
0.445000
nan
1.000000
0.646000
nan
0.540000
0.433000
nan
nan
nan
nan
nan
0.352000
nan
nan
nan
0.872000
nan
0.401000
0.321000
nan
nan
nan
nan
nan
0.129000
0.344000
0.169000
0.131000
nan
nan
nan
nan
0.545000
0.625000
0.190000
0.555000
0.661000
nan
nan
0.129000
0.129000
0.159000
nan
nan
nan
0.372000
nan
0.969000
0.848000
nan
0.522000
0.362000
nan
nan
nan
nan
0.732000
nan
1.000000
0.843000
nan
nan
0.832000
0.424000
0.356000
1.000000
0.442000
nan
nan
nan
0.365000
0.219000
nan
0.586000
1.000000
nan
0.419000
0.413000
nan
nan
0.410000
0.319000
0.394000
0.342000
nan
0.237000
0.324000
nan
nan
0.399000
0.289000
nan
0.191000
nan
0.547000
0.444000
0.333000
nan
nan
nan
nan
nan
0.181000
0.276000
0.230000
0.451000
nan
0.181000
0.221000
0.328000
0.181000
0.228000
0.547000
0.467000
0.210000
0.444000
0.672000
0.839000
0.346000
0.609000
nan
nan
0.460000
0.239000
0.230000
nan
0.087000
0.087000
0.089000
nan
nan
0.087000
nan
nan
0.441000
0.494000
0.685000
nan
nan
nan
nan
nan
nan
0.251000
0.552000
nan
0.209000
0.315000
0.105000
0.989000
0.469000
0.484000
0.739000
nan
nan
nan
nan
nan
nan
0.396000
nan
0.279000
0.099000
0.546000
1.000000
nan
nan
0.130000
nan
nan
nan
nan
0.659000
nan
nan
nan
0.329000
nan
nan
0.827000
0.599000
0.736000
nan
0.753000
0.700000
0.840000
nan
0.969000
0.966000
nan
0.955000
0.469000
nan
0.716000
0.441000
0.873000
nan
nan
1.000000
nan
nan
nan
0.516000
0.359000
nan
0.434000
0.973000
0.682000
nan
1.000000
0.649000
nan
nan
nan
nan
0.443000
nan
nan
0.386000
nan
nan
0.157000
nan
nan
nan
0.359000
nan
0.946000
nan
nan
nan
nan
0.761000
0.655000
nan
0.478000
0.568000
0.744000
nan
nan
nan
nan
0.448000
0.345000
0.580000
0.532000
nan
0.647000
0.331000
0.837000
0.675000
0.518000
0.644000
0.709000
nan
nan
nan
nan
nan
0.124000
0.177000
0.166000
nan
nan
nan
nan
0.124000
0.124000
