Coverage(RPKM): 22879.518072
0.076000
nan
nan
nan
nan
nan
nan
nan
0.076000
nan
nan
nan
0.095000
0.079000
0.114000
nan
0.076000
nan
nan
nan
0.486000
nan
nan
nan
0.134000
0.102000
0.156000
0.151000
0.174000
0.082000
0.197000
0.128000
nan
nan
0.094000
0.825000
nan
0.112000
nan
nan
0.104000
nan
nan
0.164000
0.204000
nan
0.118000
1.000000
0.145000
nan
0.186000
0.079000
0.174000
nan
0.169000
0.174000
0.186000
0.126000
0.134000
0.978000
nan
nan
0.293000
0.344000
0.237000
nan
0.098000
0.182000
1.000000
nan
nan
1.000000
nan
nan
0.945000
0.369000
0.344000
0.411000
nan
nan
nan
0.254000
0.313000
0.379000
0.361000
nan
0.321000
nan
0.352000
nan
nan
0.337000
0.243000
nan
nan
0.251000
1.000000
nan
1.000000
nan
0.334000
1.000000
nan
nan
nan
0.635000
0.728000
nan
nan
nan
0.225000
0.231000
0.300000
0.225000
nan
nan
nan
nan
nan
nan
nan
nan
nan
0.322000
0.494000
0.406000
0.536000
nan
0.396000
0.613000
0.425000
nan
0.414000
0.421000
0.721000
nan
nan
nan
nan
nan
0.778000
nan
0.660000
0.999000
0.996000
0.721000
0.969000
nan
0.450000
0.307000
0.401000
0.450000
0.273000
0.616000
0.306000
nan
nan
0.275000
0.587000
nan
nan
nan
0.850000
0.654000
0.344000
nan
nan
0.512000
nan
0.566000
0.595000
nan
0.525000
0.396000
nan
nan
0.356000
nan
0.331000
0.531000
0.852000
0.937000
0.493000
0.682000
nan
nan
nan
nan
nan
nan
nan
0.424000
0.650000
0.446000
0.476000
0.516000
0.516000
1.000000
0.893000
0.766000
nan
nan
nan
nan
nan
nan
nan
0.786000
0.863000
nan
nan
0.560000
0.910000
0.605000
0.722000
nan
0.965000
nan
nan
nan
0.295000
nan
nan
0.553000
nan
nan
nan
nan
0.687000
0.694000
0.704000
nan
0.216000
nan
nan
nan
0.223000
0.419000
nan
0.414000
0.426000
nan
0.598000
0.194000
0.223000
nan
nan
0.194000
0.194000
