Coverage(RPKM): 38404.950495
0.095000
nan
nan
nan
0.095000
nan
nan
nan
0.103000
0.144000
0.158000
nan
0.131000
0.095000
nan
nan
nan
nan
0.178000
nan
0.173000
nan
0.259000
nan
0.268000
nan
nan
nan
nan
nan
nan
nan
nan
0.353000
0.433000
0.332000
0.430000
0.616000
nan
nan
nan
nan
0.416000
0.540000
nan
0.527000
0.513000
0.400000
nan
nan
0.214000
0.331000
0.358000
0.252000
0.384000
0.446000
0.447000
0.747000
nan
nan
0.426000
0.103000
nan
0.497000
0.337000
0.675000
nan
0.401000
0.251000
0.174000
0.207000
0.592000
0.523000
0.731000
nan
0.600000
nan
0.323000
nan
0.549000
0.479000
nan
1.000000
0.821000
1.000000
1.000000
nan
0.939000
1.000000
nan
nan
nan
nan
nan
0.264000
nan
nan
0.790000
0.243000
nan
0.922000
0.704000
0.987000
1.000000
0.661000
0.689000
nan
0.384000
0.263000
0.212000
0.187000
0.564000
0.849000
nan
nan
nan
0.273000
nan
nan
1.000000
0.582000
nan
0.271000
nan
0.187000
nan
nan
nan
nan
nan
nan
nan
0.976000
nan
0.858000
nan
0.892000
0.837000
0.851000
nan
0.398000
nan
0.263000
0.304000
nan
nan
nan
nan
nan
nan
nan
0.276000
0.776000
0.535000
0.459000
0.906000
nan
0.804000
nan
nan
0.786000
0.736000
0.805000
nan
0.714000
0.716000
nan
0.711000
nan
nan
nan
0.228000
nan
0.235000
nan
0.723000
nan
nan
nan
nan
0.227000
nan
0.187000
0.404000
nan
0.722000
0.499000
0.525000
0.450000
nan
0.262000
0.327000
nan
nan
nan
nan
0.429000
0.444000
0.672000
0.934000
nan
0.641000
nan
0.479000
nan
0.446000
0.343000
0.956000
nan
0.710000
0.686000
0.859000
nan
nan
nan
0.382000
nan
0.439000
0.343000
0.626000
1.000000
nan
1.000000
1.000000
nan
0.993000
nan
0.949000
nan
nan
nan
nan
nan
nan
nan
0.254000
nan
nan
nan
0.655000
0.501000
0.413000
0.255000
0.708000
nan
0.310000
nan
0.340000
0.295000
0.719000
0.956000
nan
nan
0.218000
nan
0.736000
0.653000
nan
nan
nan
0.574000
nan
0.611000
0.582000
nan
0.538000
0.523000
0.532000
nan
nan
0.679000
0.800000
0.804000
0.936000
0.787000
0.918000
0.870000
nan
0.237000
0.734000
nan
nan
nan
0.262000
nan
nan
0.620000
0.222000
nan
0.295000
nan
0.411000
nan
nan
0.604000
nan
nan
0.483000
0.496000
nan
nan
0.178000
0.178000
