Coverage(RPKM): 75061.256545
0.177000
nan
nan
nan
0.177000
nan
nan
0.207000
nan
0.184000
0.255000
0.445000
0.582000
0.463000
0.377000
nan
0.216000
0.263000
0.501000
0.511000
nan
0.366000
nan
nan
nan
nan
nan
nan
0.227000
nan
0.590000
0.769000
0.883000
nan
0.597000
nan
0.625000
0.462000
0.528000
0.805000
0.817000
nan
nan
0.492000
0.913000
nan
nan
nan
nan
0.440000
0.509000
nan
nan
0.803000
0.775000
0.745000
0.753000
nan
nan
nan
nan
0.309000
nan
0.400000
0.565000
0.791000
nan
0.177000
nan
nan
nan
0.187000
nan
nan
nan
nan
0.842000
1.000000
nan
nan
nan
nan
0.658000
0.346000
0.600000
1.000000
nan
nan
0.997000
nan
nan
0.719000
nan
0.527000
0.407000
0.673000
nan
1.000000
0.686000
nan
nan
nan
0.450000
0.260000
0.392000
nan
0.174000
nan
nan
0.397000
nan
nan
nan
nan
0.567000
nan
0.354000
0.614000
0.673000
nan
nan
nan
nan
0.387000
0.524000
0.664000
nan
nan
0.270000
0.634000
1.000000
nan
nan
0.285000
0.176000
0.481000
nan
0.409000
0.455000
nan
0.770000
nan
0.718000
0.611000
0.671000
nan
0.760000
nan
0.875000
1.000000
nan
nan
nan
nan
0.201000
nan
nan
nan
nan
nan
nan
nan
0.775000
0.973000
nan
0.396000
0.576000
nan
nan
0.174000
nan
nan
nan
nan
nan
0.419000
0.627000
0.601000
nan
nan
nan
nan
nan
nan
nan
nan
0.209000
0.174000
0.327000
nan
nan
0.325000
1.000000
0.712000
0.708000
nan
0.561000
nan
nan
nan
nan
nan
0.221000
nan
nan
nan
nan
nan
nan
0.593000
0.674000
0.674000
0.724000
0.814000
1.000000
nan
nan
nan
nan
0.358000
0.735000
0.481000
0.915000
0.873000
nan
0.697000
0.965000
nan
nan
nan
nan
0.360000
0.515000
0.675000
0.537000
nan
nan
nan
0.733000
1.000000
nan
nan
nan
nan
0.566000
0.321000
0.955000
1.000000
nan
0.487000
0.802000
0.924000
nan
nan
0.295000
0.295000
0.403000
0.509000
nan
0.955000
0.560000
0.487000
nan
nan
0.677000
0.740000
nan
nan
nan
0.471000
0.689000
nan
0.586000
nan
nan
0.558000
nan
nan
nan
nan
0.386000
nan
nan
0.767000
0.560000
0.653000
nan
0.616000
0.828000
nan
0.360000
0.372000
nan
0.311000
nan
nan
nan
0.387000
0.295000
0.836000
0.628000
0.641000
nan
0.480000
0.257000
0.675000
nan
0.278000
nan
0.705000
nan
0.763000
0.789000
0.747000
0.647000
nan
0.353000
nan
0.436000
nan
0.667000
0.899000
0.555000
0.627000
nan
nan
0.305000
0.826000
0.859000
0.476000
0.871000
0.993000
nan
1.000000
nan
1.000000
0.352000
0.332000
0.286000
0.412000
nan
0.369000
nan
0.257000
0.463000
0.950000
nan
0.483000
0.585000
0.616000
0.738000
nan
nan
nan
0.915000
0.595000
nan
nan
0.695000
nan
nan
nan
nan
0.257000
0.832000
nan
nan
0.934000
0.818000
0.981000
0.872000
nan
0.667000
nan
0.511000
nan
nan
nan
nan
0.771000
0.610000
nan
0.323000
0.269000
nan
nan
1.000000
nan
nan
0.357000
nan
nan
0.378000
0.218000
0.297000
0.234000
0.404000
0.230000
nan
nan
0.584000
0.570000
0.528000
nan
0.956000
nan
nan
nan
nan
nan
nan
0.482000
0.419000
nan
0.475000
nan
0.628000
nan
nan
nan
0.528000
nan
0.326000
nan
0.274000
nan
nan
nan
nan
nan
nan
nan
nan
nan
nan
nan
nan
nan
0.722000
0.681000
0.353000
0.340000
0.370000
nan
0.303000
nan
0.236000
0.379000
0.672000
0.487000
0.739000
1.000000
nan
nan
nan
nan
nan
nan
nan
nan
nan
0.359000
nan
0.242000
0.218000
nan
0.250000
1.000000
0.657000
1.000000
nan
nan
0.415000
nan
nan
nan
0.430000
0.261000
0.218000
0.249000
0.242000
0.406000
0.433000
0.486000
nan
0.398000
nan
0.853000
0.598000
nan
0.789000
0.969000
0.387000
0.720000
1.000000
nan
nan
nan
nan
0.530000
0.796000
nan
0.769000
nan
nan
nan
0.565000
0.439000
0.495000
0.634000
nan
0.832000
nan
nan
nan
nan
nan
0.699000
0.691000
0.893000
0.702000
0.549000
0.370000
0.965000
1.000000
nan
nan
nan
0.870000
0.606000
nan
nan
nan
nan
0.423000
0.451000
nan
0.381000
0.287000
0.550000
0.785000
nan
nan
nan
nan
nan
nan
nan
0.751000
nan
0.375000
0.601000
0.650000
nan
nan
0.300000
0.287000
0.526000
0.570000
nan
nan
nan
0.529000
0.487000
0.529000
0.469000
nan
0.398000
0.456000
nan
nan
0.287000
nan
