Coverage(RPKM): 76696.503497
0.080000
nan
nan
nan
0.080000
nan
0.104000
0.103000
0.154000
nan
0.106000
nan
nan
0.176000
nan
0.303000
0.368000
nan
nan
0.081000
nan
0.345000
0.463000
nan
nan
0.112000
0.080000
nan
0.367000
nan
0.600000
0.458000
nan
0.443000
0.466000
0.194000
nan
0.123000
nan
nan
nan
0.243000
nan
nan
nan
0.547000
0.432000
nan
nan
nan
nan
0.581000
0.351000
nan
0.667000
0.842000
nan
nan
nan
nan
0.523000
1.000000
nan
0.636000
0.691000
nan
nan
0.795000
nan
nan
nan
nan
0.225000
0.251000
nan
nan
nan
0.447000
0.469000
nan
0.983000
1.000000
0.859000
nan
nan
0.162000
nan
nan
0.954000
nan
0.484000
0.185000
0.107000
nan
nan
0.142000
0.816000
nan
1.000000
0.839000
nan
0.400000
0.295000
0.189000
0.525000
1.000000
0.672000
nan
0.529000
0.178000
0.178000
nan
nan
nan
0.614000
1.000000
nan
nan
nan
nan
nan
0.341000
nan
1.000000
nan
0.826000
nan
0.448000
nan
0.560000
0.538000
0.705000
0.317000
0.947000
0.982000
nan
0.481000
nan
nan
0.393000
nan
nan
0.300000
0.236000
0.469000
0.602000
nan
nan
0.279000
nan
nan
nan
nan
0.715000
0.584000
0.848000
0.879000
0.905000
nan
nan
0.905000
0.785000
0.395000
0.336000
0.301000
0.495000
nan
0.616000
nan
nan
nan
nan
0.489000
0.298000
nan
0.178000
0.244000
nan
0.462000
0.590000
0.715000
0.910000
nan
nan
nan
0.494000
0.753000
nan
nan
nan
0.416000
nan
0.645000
0.685000
0.515000
0.582000
0.221000
0.392000
0.408000
nan
0.424000
1.000000
0.520000
nan
nan
0.224000
nan
nan
1.000000
0.375000
0.372000
0.638000
0.429000
nan
0.657000
nan
1.000000
nan
nan
0.757000
0.622000
nan
0.621000
0.670000
nan
nan
nan
nan
nan
0.968000
0.554000
nan
0.480000
nan
nan
nan
nan
0.553000
0.538000
0.338000
0.411000
nan
nan
nan
nan
nan
nan
nan
nan
nan
nan
0.338000
0.403000
0.460000
0.654000
nan
nan
nan
nan
0.264000
0.332000
0.502000
nan
nan
0.497000
0.307000
0.340000
nan
0.233000
nan
0.418000
0.459000
0.554000
0.369000
0.320000
0.293000
nan
0.301000
0.258000
0.221000
0.221000
0.229000
0.303000
nan
0.359000
0.483000
0.480000
nan
0.477000
0.976000
nan
nan
0.133000
0.140000
nan
nan
0.133000
0.266000
0.495000
nan
nan
0.305000
0.434000
nan
nan
0.475000
nan
0.311000
0.257000
nan
0.468000
0.483000
nan
nan
nan
nan
0.488000
0.309000
nan
nan
0.333000
nan
nan
nan
0.764000
1.000000
nan
nan
nan
nan
0.321000
0.277000
0.311000
0.869000
0.825000
nan
nan
nan
nan
nan
nan
nan
0.596000
nan
0.388000
0.179000
0.134000
0.526000
0.467000
0.697000
0.698000
nan
nan
nan
0.321000
0.259000
0.332000
0.778000
1.000000
nan
0.711000
1.000000
nan
nan
0.418000
nan
nan
0.684000
0.478000
nan
nan
nan
0.614000
nan
0.629000
nan
nan
nan
0.420000
0.275000
nan
nan
0.514000
nan
nan
1.000000
0.214000
nan
0.747000
0.532000
nan
0.402000
nan
nan
0.360000
nan
nan
nan
nan
nan
0.923000
0.551000
0.572000
nan
nan
nan
0.382000
nan
0.478000
0.507000
0.504000
0.429000
nan
0.505000
0.392000
nan
0.291000
nan
nan
nan
nan
0.402000
0.284000
0.179000
nan
nan
nan
0.135000
0.135000
