Coverage(RPKM): 18142.187500
0.137000
nan
nan
nan
0.137000
nan
0.183000
0.186000
0.258000
nan
nan
nan
0.190000
0.215000
0.842000
nan
nan
nan
nan
0.147000
nan
0.137000
nan
0.469000
nan
0.193000
nan
0.380000
nan
nan
nan
0.240000
nan
nan
nan
nan
0.380000
0.333000
0.387000
nan
nan
nan
0.584000
0.387000
nan
nan
0.236000
nan
0.193000
0.713000
0.412000
0.527000
0.380000
nan
0.390000
0.412000
0.484000
0.792000
1.000000
nan
nan
nan
nan
nan
0.584000
0.387000
0.763000
0.584000
0.512000
0.512000
0.322000
nan
nan
0.974000
0.734000
0.602000
0.444000
nan
0.394000
0.408000
0.781000
0.956000
0.831000
nan
1.000000
0.355000
1.000000
0.401000
0.216000
1.000000
1.000000
0.790000
nan
nan
nan
nan
0.830000
nan
nan
nan
0.535000
nan
nan
0.555000
0.535000
0.538000
0.845000
nan
0.982000
nan
0.914000
nan
nan
0.958000
nan
nan
nan
nan
0.729000
0.501000
0.484000
0.437000
0.496000
0.842000
nan
1.000000
0.896000
nan
0.771000
nan
nan
0.447000
nan
nan
nan
0.334000
0.442000
0.386000
nan
nan
nan
0.442000
0.624000
0.430000
nan
nan
nan
nan
nan
nan
0.258000
0.209000
0.209000
nan
nan
nan
0.589000
0.363000
nan
0.312000
nan
0.511000
0.319000
nan
0.629000
0.457000
nan
nan
0.336000
0.322000
0.285000
0.427000
0.523000
0.971000
nan
nan
nan
0.307000
0.305000
0.246000
nan
0.481000
nan
nan
nan
0.457000
0.470000
0.490000
0.353000
nan
0.201000
nan
