Coverage(RPKM): 721.030043
0.000000
nan
nan
1.000000
nan
nan
nan
nan
nan
nan
nan
nan
nan
0.305000
nan
nan
nan
nan
nan
nan
0.611000
nan
nan
nan
nan
nan
1.000000
0.611000
0.916000
nan
0.000000
0.000000
nan
nan
nan
0.000000
0.305000
0.000000
nan
0.000000
1.000000
nan
0.611000
0.763000
0.916000
nan
0.000000
nan
0.000000
nan
nan
nan
nan
0.916000
0.458000
0.000000
0.000000
0.000000
0.305000
0.000000
0.763000
0.458000
nan
0.305000
0.305000
0.305000
0.305000
nan
nan
nan
0.000000
nan
nan
nan
0.000000
nan
0.611000
0.000000
0.000000
nan
nan
0.000000
0.000000
nan
0.000000
0.458000
nan
0.305000
nan
nan
nan
0.305000
nan
0.000000
nan
nan
nan
0.000000
0.000000
0.305000
nan
0.000000
nan
0.000000
0.153000
0.000000
1.000000
nan
0.500000
nan
0.000000
0.000000
0.000000
0.500000
nan
nan
nan
nan
0.250000
0.000000
0.750000
nan
0.000000
0.000000
0.000000
0.000000
nan
0.000000
nan
0.000000
0.000000
0.000000
0.000000
0.000000
0.000000
0.000000
nan
nan
nan
nan
0.000000
nan
0.000000
0.000000
nan
0.000000
0.500000
0.500000
nan
nan
0.500000
0.000000
0.000000
0.000000
1.000000
0.000000
nan
0.000000
nan
nan
0.000000
1.000000
0.500000
0.500000
nan
0.750000
0.250000
nan
nan
nan
nan
1.000000
0.000000
0.500000
nan
nan
nan
nan
0.000000
0.000000
nan
1.000000
nan
nan
1.000000
nan
0.500000
0.000000
0.462000
nan
nan
nan
0.000000
0.154000
0.615000
nan
0.615000
0.000000
0.000000
0.538000
0.077000
nan
0.538000
nan
nan
nan
0.846000
nan
nan
0.385000
0.385000
nan
0.462000
0.308000
0.154000
0.000000
0.308000
nan
nan
0.615000
0.231000
nan
nan
0.615000
0.000000
0.692000
nan
0.154000
0.462000
0.769000
0.154000
0.077000
0.385000
0.769000
nan
nan
nan
nan
0.769000
0.538000
0.615000
1.000000
1.000000
0.231000
nan
nan
1.000000
0.769000
1.000000
nan
0.000000
nan
0.077000
0.077000
0.538000
0.462000
nan
nan
0.462000
0.769000
nan
nan
0.385000
nan
0.692000
nan
1.000000
nan
0.154000
0.471000
nan
nan
nan
0.706000
nan
1.000000
0.412000
nan
0.824000
0.353000
1.000000
nan
nan
0.000000
0.000000
nan
nan
nan
0.235000
nan
0.294000
0.471000
nan
nan
0.471000
nan
nan
nan
0.235000
0.000000
0.235000
0.353000
0.824000
0.647000
nan
nan
0.588000
0.471000
0.176000
0.412000
nan
nan
nan
0.000000
nan
0.941000
nan
nan
0.529000
nan
0.000000
nan
1.000000
nan
nan
0.118000
0.118000
0.118000
1.000000
nan
nan
nan
nan
0.118000
nan
nan
nan
nan
nan
nan
0.294000
nan
nan
nan
1.000000
0.471000
nan
nan
0.471000
0.529000
0.412000
0.706000
nan
0.647000
0.882000
0.882000
0.647000
0.588000
nan
nan
0.471000
0.294000
nan
0.235000
nan
0.765000
0.176000
0.209000
nan
0.105000
0.838000
nan
nan
nan
nan
0.733000
0.733000
0.628000
1.000000
nan
nan
0.733000
nan
0.419000
nan
0.314000
nan
0.314000
nan
nan
nan
0.105000
nan
nan
nan
nan
nan
0.419000
0.628000
0.209000
0.419000
nan
0.314000
0.628000
nan
0.942000
nan
nan
nan
0.524000
nan
nan
nan
nan
0.419000
nan
nan
nan
nan
nan
0.314000
0.000000
0.209000
1.000000
nan
0.524000
1.000000
0.419000
nan
nan
0.628000
0.105000
nan
nan
0.000000
0.209000
nan
nan
nan
0.209000
0.209000
nan
0.838000
0.000000
nan
0.314000
nan
0.000000
nan
nan
nan
0.105000
nan
0.000000
0.209000
0.524000
nan
nan
0.000000
0.419000
nan
nan
nan
nan
nan
nan
0.209000
nan
nan
0.000000
nan
nan
nan
nan
nan
0.105000
nan
nan
0.419000
0.000000
nan
0.209000
0.167000
nan
0.000000
0.056000
nan
0.167000
0.222000
nan
0.167000
nan
nan
0.056000
0.167000
nan
0.111000
0.000000
0.222000
nan
nan
nan
nan
0.000000
0.111000
0.167000
nan
0.333000
0.000000
0.222000
nan
nan
nan
0.278000
nan
nan
nan
0.556000
nan
nan
0.722000
nan
0.222000
nan
nan
nan
nan
0.500000
nan
nan
nan
nan
0.222000
nan
nan
nan
nan
0.333000
0.111000
nan
nan
0.167000
0.333000
0.222000
0.556000
nan
nan
nan
nan
0.111000
0.278000
0.389000
0.389000
nan
0.444000
1.000000
0.278000
nan
0.000000
0.389000
nan
1.000000
1.000000
0.167000
0.778000
0.389000
nan
0.111000
nan
nan
nan
nan
nan
nan
0.667000
nan
1.000000
0.667000
nan
nan
0.167000
nan
0.389000
0.222000
nan
0.317000
nan
0.127000
nan
0.127000
0.729000
nan
0.792000
0.571000
1.000000
0.761000
0.419000
nan
0.104000
nan
0.193000
nan
nan
nan
nan
nan
0.934000
nan
nan
0.644000
0.387000
nan
nan
0.966000
0.991000
0.354000
0.161000
nan
0.902000
nan
nan
nan
nan
0.354000
nan
0.387000
1.000000
nan
nan
0.322000
nan
0.161000
0.226000
nan
0.322000
0.322000
nan
nan
nan
0.419000
0.548000
0.322000
nan
nan
nan
0.515000
0.580000
nan
0.258000
0.193000
nan
nan
0.805000
0.709000
nan
1.000000
nan
nan
0.773000
0.087000
nan
nan
nan
0.226000
0.451000
0.902000
nan
0.258000
nan
0.087000
nan
nan
nan
nan
nan
0.451000
0.483000
0.483000
0.515000
0.258000
nan
nan
nan
nan
0.709000
0.786000
nan
0.327000
0.295000
nan
0.458000
0.458000
nan
0.360000
0.065000
nan
nan
nan
0.065000
