Coverage(RPKM): 35997.241379
0.089000
nan
nan
nan
0.089000
0.130000
nan
nan
nan
nan
nan
nan
nan
0.089000
0.297000
nan
nan
nan
0.181000
nan
0.143000
nan
0.189000
0.136000
nan
nan
nan
nan
0.162000
0.458000
nan
0.130000
nan
0.189000
0.433000
0.462000
nan
0.184000
nan
nan
nan
0.158000
0.366000
nan
0.588000
0.370000
0.294000
nan
nan
0.243000
nan
nan
0.396000
0.578000
nan
0.207000
nan
nan
0.128000
nan
nan
nan
0.153000
nan
nan
nan
0.319000
0.621000
0.462000
0.377000
nan
0.485000
0.448000
0.331000
0.267000
nan
nan
nan
0.202000
0.297000
1.000000
nan
nan
0.480000
nan
0.386000
0.317000
nan
nan
1.000000
0.545000
0.540000
0.937000
nan
nan
nan
nan
0.554000
0.805000
nan
nan
nan
nan
0.469000
0.347000
1.000000
nan
nan
nan
nan
0.155000
0.323000
0.625000
nan
0.397000
0.230000
0.130000
nan
0.808000
nan
nan
0.390000
nan
nan
nan
nan
0.544000
0.591000
nan
nan
0.837000
0.620000
0.687000
nan
nan
0.325000
0.130000
0.518000
0.335000
0.230000
0.938000
0.834000
0.865000
0.822000
nan
0.626000
1.000000
nan
0.457000
nan
nan
1.000000
0.925000
nan
nan
nan
nan
nan
nan
nan
nan
0.217000
nan
0.723000
0.644000
0.681000
0.687000
nan
0.565000
nan
nan
nan
0.339000
nan
nan
0.292000
0.130000
nan
0.260000
0.692000
nan
nan
nan
nan
0.198000
nan
0.595000
nan
1.000000
0.857000
0.477000
0.265000
0.181000
nan
nan
nan
0.673000
0.568000
0.381000
nan
nan
0.505000
nan
0.970000
1.000000
0.680000
nan
0.325000
0.607000
0.802000
nan
nan
0.875000
nan
nan
nan
nan
nan
nan
nan
nan
nan
0.707000
1.000000
nan
nan
nan
nan
0.785000
0.526000
0.591000
0.466000
0.560000
0.732000
nan
nan
nan
nan
0.620000
0.518000
nan
nan
nan
nan
nan
nan
nan
0.528000
0.281000
0.609000
0.846000
nan
0.593000
nan
0.344000
0.817000
nan
0.825000
nan
nan
nan
nan
nan
0.738000
0.767000
nan
0.516000
0.404000
0.281000
0.721000
nan
0.504000
0.674000
0.340000
0.562000
nan
0.354000
0.342000
0.350000
1.000000
nan
nan
nan
0.800000
nan
nan
0.281000
nan
nan
0.703000
0.524000
nan
nan
nan
nan
0.396000
nan
0.649000
nan
0.388000
0.591000
0.555000
0.522000
0.547000
nan
0.613000
0.745000
0.587000
nan
nan
nan
0.663000
nan
nan
nan
0.761000
0.738000
0.728000
nan
0.479000
nan
nan
nan
nan
nan
0.684000
0.216000
0.630000
0.305000
0.966000
0.719000
nan
0.456000
nan
nan
nan
0.738000
nan
nan
nan
nan
0.338000
nan
0.432000
0.973000
1.000000
nan
0.381000
nan
0.522000
nan
0.157000
0.157000
0.294000
0.251000
0.313000
nan
nan
nan
nan
nan
nan
nan
0.533000
nan
1.000000
1.000000
nan
0.235000
0.345000
nan
0.219000
nan
0.132000
nan
nan
0.771000
0.498000
0.649000
0.538000
0.418000
nan
nan
nan
0.355000
0.402000
0.667000
0.256000
nan
0.284000
nan
0.221000
nan
nan
nan
nan
nan
0.557000
nan
0.329000
nan
nan
0.611000
nan
nan
nan
0.115000
0.098000
nan
0.167000
nan
0.275000
0.418000
0.258000
0.338000
0.207000
nan
nan
nan
nan
nan
0.200000
0.172000
nan
0.132000
0.190000
nan
0.439000
0.103000
nan
0.141000
0.157000
nan
0.057000
0.057000
