Coverage(RPKM): 6195.510204
0.122000
nan
nan
nan
0.122000
0.150000
0.274000
0.200000
nan
nan
0.249000
0.224000
0.224000
0.399000
0.474000
0.122000
nan
0.200000
nan
nan
nan
0.599000
0.299000
nan
0.274000
0.399000
nan
nan
0.374000
0.524000
nan
0.324000
nan
0.399000
0.673000
0.773000
nan
nan
nan
0.449000
0.623000
nan
0.898000
0.723000
nan
0.599000
0.574000
nan
0.449000
0.399000
0.574000
nan
0.249000
nan
0.200000
1.000000
0.623000
0.973000
0.673000
0.748000
0.698000
0.723000
nan
0.923000
0.175000
nan
nan
0.399000
0.299000
nan
0.499000
1.000000
1.000000
0.424000
0.673000
0.673000
nan
nan
nan
0.319000
nan
nan
0.292000
0.212000
nan
1.000000
nan
0.691000
nan
0.319000
nan
0.198000
nan
nan
0.266000
0.744000
0.664000
nan
nan
0.956000
0.797000
0.956000
nan
0.637000
0.452000
nan
0.266000
nan
0.691000
0.611000
0.664000
0.531000
0.930000
nan
nan
0.505000
0.239000
0.664000
0.345000
1.000000
0.664000
nan
0.531000
nan
0.345000
nan
0.505000
nan
nan
0.558000
nan
nan
nan
nan
nan
nan
0.823000
0.292000
0.239000
nan
1.000000
0.425000
0.797000
0.664000
nan
0.903000
0.425000
nan
0.198000
nan
nan
0.823000
0.239000
0.198000
0.398000
0.319000
0.398000
0.505000
nan
nan
0.770000
0.345000
nan
0.185000
0.208000
nan
0.278000
0.147000
0.324000
0.285000
nan
nan
0.162000
nan
nan
0.301000
0.239000
0.332000
nan
0.347000
0.417000
0.224000
0.239000
0.170000
nan
0.262000
0.324000
nan
nan
0.162000
0.447000
0.386000
nan
0.116000
nan
0.386000
0.841000
nan
0.208000
nan
nan
nan
0.409000
nan
nan
0.301000
0.201000
0.532000
0.671000
nan
nan
0.247000
nan
nan
0.540000
nan
nan
nan
nan
nan
0.193000
0.208000
nan
0.902000
0.617000
nan
0.470000
0.332000
nan
nan
0.216000
nan
0.309000
0.147000
nan
0.216000
nan
0.116000
0.255000
0.116000
0.332000
1.000000
1.000000
0.887000
1.000000
nan
nan
nan
nan
nan
nan
0.116000
nan
nan
0.223000
nan
nan
nan
nan
nan
1.000000
0.652000
nan
0.356000
0.417000
nan
0.323000
0.565000
1.000000
nan
nan
nan
nan
0.645000
nan
nan
0.874000
0.867000
0.491000
0.847000
0.914000
nan
0.618000
nan
nan
0.457000
0.625000
0.746000
0.847000
0.249000
nan
0.780000
0.686000
nan
0.585000
0.249000
0.793000
0.666000
nan
0.598000
1.000000
0.881000
nan
nan
nan
nan
0.223000
nan
0.800000
0.558000
0.471000
0.444000
nan
nan
nan
0.827000
nan
0.982000
0.861000
nan
0.430000
nan
nan
nan
0.874000
0.773000
0.746000
0.444000
nan
0.363000
0.336000
nan
0.223000
0.585000
0.787000
0.585000
nan
0.585000
nan
nan
nan
nan
0.571000
0.459000
0.683000
nan
nan
0.577000
nan
nan
0.409000
0.369000
0.381000
0.442000
nan
nan
nan
0.784000
0.442000
0.218000
0.420000
0.711000
nan
nan
0.778000
nan
0.677000
0.246000
nan
nan
nan
nan
nan
0.325000
0.330000
0.330000
nan
0.789000
nan
nan
nan
0.661000
0.856000
nan
nan
nan
nan
0.397000
nan
nan
nan
0.644000
0.325000
0.397000
0.263000
0.845000
nan
0.599000
0.817000
nan
nan
nan
nan
0.756000
nan
nan
0.571000
0.728000
nan
nan
nan
nan
0.577000
0.381000
0.257000
0.392000
0.688000
nan
0.358000
0.204000
nan
0.862000
0.341000
nan
0.246000
nan
1.000000
0.985000
nan
0.991000
nan
nan
0.204000
nan
0.207000
0.204000
1.000000
1.000000
nan
nan
nan
nan
nan
0.090000
nan
0.332000
1.000000
0.655000
0.485000
nan
0.368000
nan
0.458000
nan
nan
nan
nan
nan
0.961000
nan
nan
nan
0.700000
1.000000
nan
0.449000
nan
0.278000
0.350000
0.539000
0.395000
0.458000
0.592000
nan
0.458000
0.422000
0.206000
1.000000
nan
0.566000
nan
nan
nan
0.215000
0.197000
0.242000
nan
nan
nan
nan
0.458000
0.269000
nan
0.296000
0.153000
0.251000
0.206000
nan
nan
0.162000
nan
0.117000
nan
0.135000
0.215000
nan
0.260000
nan
0.583000
0.350000
nan
0.075000
0.135000
0.377000
0.278000
0.242000
nan
nan
nan
nan
nan
nan
0.075000
0.251000
nan
nan
0.162000
nan
nan
nan
nan
0.090000
nan
0.075000
nan
nan
nan
nan
0.162000
0.180000
0.095000
nan
nan
nan
0.095000
0.099000
nan
0.155000
nan
nan
nan
nan
0.148000
nan
nan
0.170000
0.360000
0.290000
nan
0.141000
0.134000
0.141000
nan
0.170000
0.261000
nan
0.170000
0.261000
0.325000
nan
nan
nan
nan
nan
nan
nan
0.184000
0.095000
0.177000
0.417000
0.367000
0.721000
nan
nan
0.622000
0.509000
0.473000
nan
0.777000
0.424000
0.537000
nan
0.431000
nan
0.806000
0.594000
0.961000
0.318000
0.806000
0.488000
nan
nan
nan
nan
nan
nan
nan
nan
nan
0.580000
0.219000
0.636000
nan
nan
0.707000
0.890000
1.000000
nan
nan
nan
nan
nan
0.445000
0.134000
0.375000
0.339000
0.410000
0.286000
0.240000
1.000000
nan
0.913000
nan
nan
nan
nan
nan
nan
nan
nan
nan
nan
nan
nan
nan
nan
nan
0.356000
0.587000
0.536000
0.633000
1.000000
nan
0.624000
0.614000
0.674000
nan
nan
nan
0.503000
0.702000
0.716000
nan
0.744000
0.873000
nan
nan
nan
1.000000
0.457000
nan
0.416000
0.434000
0.383000
0.453000
nan
nan
nan
nan
nan
nan
nan
0.162000
nan
nan
nan
0.162000
nan
nan
nan
0.785000
0.605000
0.383000
0.217000
nan
nan
nan
0.296000
0.351000
nan
0.416000
0.300000
nan
nan
0.185000
0.333000
nan
0.194000
0.499000
0.457000
nan
0.162000
0.286000
0.827000
nan
nan
nan
nan
nan
nan
0.208000
0.143000
nan
nan
0.046000
nan
0.323000
nan
nan
0.106000
0.143000
0.074000
nan
0.046000
0.046000
