Coverage(RPKM): 25755.172414
0.096000
nan
nan
0.305000
0.096000
0.163000
nan
nan
nan
nan
nan
nan
nan
0.181000
0.097000
nan
nan
nan
0.276000
nan
0.305000
nan
0.208000
0.096000
nan
nan
nan
nan
0.229000
nan
nan
0.303000
nan
0.261000
0.495000
0.738000
nan
0.237000
nan
nan
nan
0.192000
0.799000
nan
nan
0.579000
0.332000
nan
nan
0.161000
nan
nan
0.150000
0.192000
nan
0.359000
nan
nan
0.149000
nan
nan
nan
0.234000
nan
nan
nan
0.808000
0.316000
0.268000
0.219000
nan
0.583000
1.000000
0.553000
0.415000
nan
nan
nan
0.152000
0.179000
nan
1.000000
nan
0.811000
nan
0.472000
0.389000
nan
nan
nan
0.712000
0.732000
0.763000
nan
nan
nan
nan
0.615000
0.775000
nan
nan
nan
nan
0.712000
0.497000
1.000000
nan
nan
nan
nan
0.377000
0.608000
0.502000
nan
0.385000
0.346000
0.177000
nan
0.636000
nan
nan
0.261000
nan
nan
nan
nan
0.392000
0.465000
1.000000
nan
0.713000
0.509000
0.511000
nan
nan
0.350000
0.177000
0.423000
0.341000
0.228000
0.802000
0.796000
0.690000
0.640000
nan
0.480000
nan
nan
0.309000
1.000000
nan
0.575000
0.610000
nan
nan
nan
nan
nan
nan
nan
nan
0.223000
nan
0.519000
0.557000
0.314000
0.528000
nan
0.448000
nan
nan
nan
0.269000
nan
nan
0.190000
0.177000
nan
0.228000
nan
nan
nan
nan
nan
0.223000
1.000000
0.284000
nan
0.290000
0.590000
0.210000
0.191000
0.222000
nan
nan
nan
0.359000
0.236000
0.433000
nan
nan
0.459000
nan
0.424000
0.178000
0.609000
1.000000
0.520000
0.485000
0.829000
nan
nan
nan
nan
nan
nan
nan
nan
nan
nan
nan
nan
0.170000
0.379000
1.000000
nan
nan
nan
0.431000
0.300000
0.329000
0.383000
0.274000
0.392000
nan
nan
1.000000
nan
0.849000
0.305000
nan
nan
nan
nan
nan
nan
nan
0.242000
0.157000
0.379000
0.374000
nan
0.566000
nan
0.157000
0.485000
nan
0.470000
nan
nan
nan
nan
nan
nan
0.538000
nan
0.270000
0.279000
0.157000
0.572000
nan
0.533000
0.605000
0.522000
0.538000
nan
0.239000
0.553000
0.353000
0.977000
nan
nan
nan
0.442000
0.725000
nan
0.185000
nan
nan
0.342000
0.215000
nan
nan
nan
nan
0.281000
nan
0.533000
nan
0.429000
0.494000
0.501000
0.385000
0.585000
nan
0.797000
0.835000
0.784000
nan
nan
nan
nan
nan
nan
nan
0.744000
0.759000
0.728000
nan
0.574000
nan
nan
nan
nan
nan
1.000000
0.587000
0.910000
0.976000
nan
0.697000
nan
nan
nan
nan
nan
0.860000
nan
0.345000
nan
nan
0.423000
nan
0.946000
0.959000
0.974000
nan
0.268000
nan
0.610000
nan
0.216000
0.168000
0.294000
0.307000
0.388000
nan
nan
nan
nan
nan
nan
nan
0.555000
nan
1.000000
1.000000
nan
0.352000
0.384000
nan
0.158000
nan
0.184000
nan
nan
0.969000
0.507000
0.723000
0.752000
0.588000
nan
nan
nan
0.455000
0.459000
0.649000
0.226000
nan
0.291000
nan
0.281000
nan
nan
nan
nan
nan
0.468000
nan
0.294000
nan
nan
0.423000
nan
nan
nan
0.146000
0.114000
nan
0.127000
nan
0.284000
0.402000
0.229000
0.355000
0.242000
nan
nan
nan
nan
nan
0.123000
0.226000
nan
0.203000
0.269000
nan
0.100000
0.106000
nan
0.126000
0.130000
nan
0.083000
0.083000
