Coverage(RPKM): 763.186813
0.000000
nan
nan
nan
nan
0.059000
nan
nan
0.471000
nan
0.706000
0.000000
0.353000
nan
0.353000
0.353000
nan
0.471000
0.294000
0.706000
nan
0.706000
0.471000
0.118000
nan
nan
nan
0.471000
0.176000
nan
nan
0.941000
nan
0.235000
nan
0.529000
0.882000
0.529000
nan
nan
nan
nan
nan
0.235000
0.647000
0.941000
nan
0.118000
nan
0.000000
0.235000
nan
nan
nan
nan
nan
nan
nan
1.000000
0.647000
0.882000
1.000000
nan
nan
nan
nan
0.706000
0.706000
0.353000
0.118000
0.176000
nan
nan
0.000000
nan
0.471000
1.000000
1.000000
nan
0.588000
0.471000
0.471000
nan
1.000000
0.824000
nan
0.118000
nan
0.059000
nan
0.471000
0.471000
0.647000
0.738000
nan
nan
0.295000
nan
nan
nan
0.443000
1.000000
nan
nan
nan
nan
0.517000
nan
0.295000
0.738000
0.590000
nan
1.000000
0.738000
nan
nan
nan
nan
0.295000
0.664000
nan
nan
nan
0.959000
nan
nan
nan
0.738000
0.148000
0.074000
0.000000
0.000000
0.000000
nan
nan
nan
nan
1.000000
nan
nan
0.886000
nan
nan
nan
nan
0.148000
nan
nan
nan
nan
nan
0.369000
nan
0.074000
0.148000
nan
0.221000
nan
nan
nan
0.295000
nan
nan
0.000000
nan
nan
0.000000
0.738000
0.074000
nan
nan
nan
0.738000
0.664000
0.443000
0.295000
nan
0.443000
0.148000
0.443000
nan
nan
0.664000
0.221000
nan
0.295000
nan
0.295000
0.295000
nan
nan
nan
0.000000
0.295000
0.148000
nan
0.148000
nan
0.443000
0.295000
0.148000
0.351000
0.175000
nan
0.468000
nan
nan
0.234000
nan
0.468000
0.760000
0.234000
0.585000
0.585000
nan
0.234000
0.117000
0.117000
nan
nan
nan
nan
0.526000
0.936000
nan
nan
0.117000
0.117000
nan
0.643000
nan
nan
nan
0.702000
nan
nan
0.585000
1.000000
nan
0.468000
nan
nan
nan
0.234000
nan
nan
nan
0.585000
0.643000
0.468000
0.085000
0.234000
0.409000
0.585000
nan
nan
1.000000
0.117000
0.585000
1.000000
nan
0.292000
nan
nan
0.643000
nan
nan
nan
0.175000
nan
nan
0.234000
nan
nan
nan
0.085000
0.085000
nan
0.351000
0.117000
0.585000
0.526000
nan
nan
0.175000
nan
nan
0.468000
0.526000
nan
0.409000
0.468000
0.643000
0.468000
nan
0.965000
0.514000
nan
0.772000
nan
nan
0.450000
nan
nan
0.129000
0.386000
0.900000
1.000000
nan
nan
nan
0.386000
0.257000
nan
0.386000
nan
nan
0.579000
0.257000
nan
nan
1.000000
0.772000
nan
nan
nan
1.000000
0.129000
0.093000
nan
0.129000
0.322000
nan
0.450000
0.386000
nan
0.093000
0.129000
nan
nan
0.129000
0.129000
nan
0.193000
nan
nan
nan
0.643000
nan
0.579000
0.643000
0.129000
0.257000
0.386000
nan
0.386000
nan
0.129000
0.514000
0.707000
nan
nan
nan
0.579000
nan
nan
0.193000
0.643000
nan
0.322000
nan
nan
0.257000
nan
nan
0.129000
0.257000
nan
nan
0.129000
nan
0.093000
nan
0.450000
nan
nan
0.257000
0.257000
0.129000
0.379000
nan
nan
0.000000
0.379000
0.758000
0.853000
nan
0.000000
nan
0.569000
nan
0.000000
nan
0.853000
nan
nan
nan
nan
1.000000
0.379000
nan
nan
0.569000
nan
nan
0.379000
0.379000
0.000000
0.379000
nan
nan
nan
0.284000
nan
0.379000
nan
0.379000
nan
0.095000
nan
nan
nan
nan
0.000000
nan
nan
0.379000
0.190000
nan
0.948000
0.853000
nan
0.000000
nan
0.474000
nan
0.000000
0.190000
nan
0.000000
1.000000
nan
0.284000
0.284000
0.569000
0.379000
0.758000
nan
0.948000
nan
0.284000
nan
0.379000
0.379000
0.284000
nan
nan
0.190000
1.000000
nan
nan
nan
0.379000
nan
nan
0.569000
nan
nan
nan
0.379000
0.758000
0.758000
nan
0.758000
0.190000
0.095000
0.379000
0.379000
0.758000
nan
0.379000
0.190000
nan
nan
0.190000
0.474000
0.758000
nan
nan
nan
nan
0.000000
nan
0.190000
nan
0.190000
0.190000
0.284000
nan
0.948000
nan
0.379000
nan
nan
nan
nan
nan
nan
0.379000
nan
0.379000
0.284000
nan
0.000000
nan
0.284000
nan
nan
0.474000
1.000000
0.190000
nan
nan
nan
0.190000
nan
nan
nan
nan
nan
nan
nan
nan
nan
0.000000
nan
