Coverage(RPKM): 27150.781250
0.160000
nan
nan
nan
0.160000
nan
0.219000
0.160000
0.171000
0.287000
0.287000
0.406000
nan
0.160000
0.350000
nan
nan
0.435000
nan
0.449000
0.437000
nan
nan
nan
nan
0.348000
0.275000
nan
0.246000
0.256000
nan
0.543000
0.739000
0.647000
nan
0.529000
0.672000
nan
0.818000
0.383000
0.599000
nan
nan
0.225000
nan
0.930000
nan
0.972000
0.783000
0.722000
nan
nan
0.387000
nan
nan
0.932000
nan
nan
nan
0.651000
0.843000
0.941000
0.608000
nan
0.485000
0.181000
0.500000
0.662000
1.000000
nan
0.681000
0.499000
nan
1.000000
0.937000
0.989000
0.805000
0.826000
1.000000
nan
nan
0.204000
nan
nan
nan
nan
nan
nan
nan
nan
0.334000
nan
0.867000
nan
0.181000
nan
nan
0.195000
nan
0.148000
0.148000
1.000000
nan
nan
1.000000
nan
1.000000
nan
0.979000
0.921000
nan
nan
0.311000
nan
nan
nan
nan
0.374000
nan
0.399000
nan
0.148000
nan
0.261000
0.300000
0.264000
nan
0.176000
0.416000
nan
nan
nan
0.756000
nan
0.688000
0.711000
0.826000
nan
nan
0.249000
0.524000
nan
nan
nan
0.324000
0.239000
0.531000
0.708000
nan
0.406000
0.701000
nan
0.720000
0.490000
nan
0.863000
nan
0.415000
nan
nan
0.423000
nan
nan
0.428000
0.631000
nan
nan
nan
nan
nan
nan
nan
nan
nan
nan
nan
nan
0.331000
nan
nan
nan
nan
nan
nan
0.276000
0.213000
0.526000
0.594000
nan
0.543000
0.638000
nan
nan
nan
nan
0.157000
0.331000
0.469000
nan
0.375000
0.337000
nan
nan
nan
0.219000
0.254000
nan
0.245000
nan
nan
nan
0.127000
0.201000
nan
0.125000
nan
nan
nan
nan
nan
0.652000
0.141000
0.206000
nan
0.224000
nan
nan
nan
0.125000
0.185000
1.000000
nan
nan
nan
nan
0.125000
1.000000
nan
nan
nan
0.363000
0.962000
0.895000
nan
nan
nan
nan
0.243000
0.208000
0.619000
0.685000
nan
nan
nan
nan
0.809000
0.950000
0.287000
0.430000
0.615000
nan
nan
0.983000
0.708000
0.798000
0.990000
nan
nan
nan
0.599000
0.337000
0.414000
0.312000
nan
nan
nan
nan
1.000000
nan
nan
0.433000
0.234000
nan
nan
nan
0.509000
0.407000
0.654000
0.922000
nan
nan
0.685000
0.617000
0.377000
nan
nan
nan
0.875000
0.607000
0.461000
0.377000
0.477000
0.822000
nan
0.558000
0.509000
0.504000
0.707000
nan
0.596000
nan
nan
nan
nan
1.000000
0.677000
nan
nan
0.913000
0.634000
nan
0.458000
0.396000
1.000000
nan
nan
0.651000
0.558000
0.573000
nan
nan
nan
nan
nan
0.504000
0.370000
0.336000
0.364000
nan
nan
0.441000
0.400000
0.683000
nan
0.905000
0.456000
0.566000
1.000000
nan
0.266000
nan
nan
nan
nan
0.421000
nan
0.351000
0.241000
0.234000
0.202000
0.270000
nan
0.392000
0.375000
0.368000
nan
nan
nan
0.417000
nan
nan
nan
0.204000
0.206000
nan
nan
nan
nan
nan
0.192000
0.175000
nan
0.175000
0.175000
