Coverage(RPKM): 8544.789762
0.109000
nan
nan
0.126000
0.189000
nan
nan
0.157000
0.268000
nan
nan
nan
nan
nan
nan
0.315000
nan
0.268000
nan
0.346000
nan
0.142000
0.299000
nan
0.283000
0.205000
0.488000
nan
0.614000
nan
0.535000
0.315000
0.535000
0.598000
0.109000
nan
0.252000
0.109000
nan
0.614000
0.865000
0.629000
nan
0.818000
0.818000
0.268000
0.409000
nan
nan
0.126000
nan
0.692000
nan
0.425000
nan
nan
nan
nan
nan
0.441000
nan
1.000000
0.252000
nan
nan
0.378000
0.220000
nan
1.000000
nan
nan
nan
nan
nan
0.236000
0.378000
nan
0.991000
0.724000
0.897000
0.582000
nan
0.629000
nan
nan
0.818000
nan
0.692000
nan
0.850000
1.000000
0.740000
0.897000
nan
0.224000
nan
nan
0.640000
0.472000
0.560000
0.632000
nan
nan
0.584000
0.736000
0.400000
nan
0.232000
0.128000
0.119000
0.119000
0.208000
1.000000
0.720000
nan
nan
0.119000
nan
nan
nan
1.000000
0.944000
0.872000
nan
0.208000
0.128000
0.192000
nan
nan
nan
nan
nan
nan
nan
nan
nan
nan
0.680000
nan
nan
nan
nan
nan
nan
0.416000
nan
nan
nan
0.408000
0.632000
0.688000
0.624000
nan
nan
1.000000
0.936000
0.544000
0.576000
0.952000
0.536000
0.576000
0.624000
0.888000
0.224000
0.464000
0.320000
0.536000
nan
nan
0.704000
0.624000
nan
nan
nan
0.792000
nan
0.640000
0.760000
0.568000
0.904000
0.896000
0.312000
0.673000
0.727000
0.966000
0.510000
nan
nan
nan
nan
0.923000
nan
nan
0.923000
0.879000
nan
0.912000
0.651000
nan
nan
0.760000
0.532000
0.532000
0.434000
0.261000
0.771000
0.803000
nan
nan
nan
0.597000
0.250000
0.575000
0.966000
0.608000
nan
nan
nan
0.565000
nan
0.966000
0.641000
0.717000
0.673000
nan
0.478000
0.467000
nan
nan
nan
0.434000
nan
0.684000
nan
nan
nan
nan
nan
0.380000
0.163000
0.141000
0.141000
0.141000
nan
1.000000
0.499000
0.988000
nan
nan
nan
nan
nan
0.141000
nan
0.239000
nan
1.000000
0.945000
0.955000
nan
0.532000
nan
0.619000
nan
nan
0.478000
0.651000
1.000000
nan
nan
nan
0.793000
nan
0.869000
nan
nan
nan
0.426000
nan
0.242000
0.433000
nan
nan
nan
0.308000
0.536000
nan
0.844000
0.720000
0.720000
nan
nan
0.595000
0.345000
0.587000
0.580000
nan
nan
0.433000
0.639000
0.565000
nan
nan
0.683000
0.396000
nan
0.617000
nan
nan
nan
0.242000
0.294000
nan
nan
0.984000
0.859000
0.830000
0.653000
nan
0.580000
nan
0.778000
nan
nan
0.323000
0.257000
1.000000
1.000000
0.411000
nan
0.338000
0.242000
0.888000
1.000000
nan
0.242000
0.463000
0.308000
0.426000
0.661000
0.426000
nan
nan
nan
0.272000
nan
0.521000
nan
nan
0.954000
0.485000
nan
0.242000
nan
nan
nan
nan
nan
nan
0.977000
0.286000
0.272000
0.367000
nan
0.701000
0.250000
nan
0.523000
0.384000
nan
nan
nan
nan
nan
nan
0.321000
0.336000
nan
nan
0.936000
0.739000
nan
nan
nan
0.576000
0.864000
nan
nan
0.133000
nan
nan
1.000000
1.000000
nan
nan
0.403000
nan
nan
nan
nan
0.672000
0.432000
0.701000
0.446000
0.369000
0.298000
0.254000
0.595000
0.806000
0.187000
nan
nan
nan
0.133000
0.326000
nan
nan
0.907000
0.979000
0.465000
nan
nan
nan
0.144000
0.307000
nan
nan
nan
nan
nan
nan
nan
0.619000
0.465000
0.648000
0.518000
nan
nan
nan
0.369000
nan
nan
nan
0.533000
nan
0.187000
nan
nan
nan
nan
0.600000
nan
nan
nan
0.456000
0.245000
0.806000
nan
nan
nan
nan
nan
nan
nan
nan
0.432000
nan
nan
nan
1.000000
nan
nan
0.350000
0.154000
0.734000
0.422000
nan
nan
nan
nan
nan
0.446000
0.133000
nan
nan
nan
0.254000
0.193000
nan
0.276000
0.179000
nan
nan
nan
nan
nan
0.189000
nan
nan
0.294000
nan
nan
nan
nan
nan
nan
0.329000
0.237000
0.179000
0.338000
nan
nan
nan
0.539000
nan
nan
nan
nan
nan
0.623000
0.342000
nan
0.710000
nan
0.723000
0.745000
0.947000
0.978000
nan
0.456000
nan
1.000000
0.544000
0.351000
0.465000
0.272000
0.982000
nan
nan
0.802000
nan
nan
nan
nan
0.456000
nan
0.338000
0.193000
0.425000
nan
nan
0.785000
nan
1.000000
nan
nan
nan
0.460000
0.386000
0.179000
0.215000
0.500000
nan
nan
nan
nan
nan
nan
nan
nan
nan
nan
nan
nan
nan
nan
nan
0.206000
nan
0.320000
0.267000
0.342000
0.456000
0.504000
nan
0.995000
nan
0.951000
nan
0.548000
0.574000
nan
nan
nan
nan
0.469000
nan
nan
nan
nan
1.000000
0.754000
1.000000
0.779000
nan
nan
0.732000
1.000000
0.685000
0.774000
0.894000
0.821000
nan
0.931000
0.826000
nan
nan
nan
nan
0.285000
0.293000
0.685000
1.000000
nan
nan
nan
nan
nan
nan
nan
0.638000
0.863000
nan
0.905000
nan
nan
nan
0.293000
0.285000
0.649000
nan
0.439000
0.481000
nan
0.387000
0.560000
nan
0.539000
0.513000
0.513000
nan
0.565000
0.539000
0.288000
nan
nan
nan
nan
nan
0.356000
nan
0.450000
0.408000
nan
nan
nan
nan
nan
nan
nan
nan
nan
0.319000
0.533000
0.403000
0.638000
0.544000
0.628000
0.758000
nan
nan
0.408000
0.434000
0.418000
0.539000
0.408000
0.293000
0.617000
nan
0.285000
0.518000
nan
0.387000
nan
0.704000
nan
nan
nan
1.000000
nan
0.871000
nan
0.757000
nan
nan
nan
nan
0.229000
nan
0.308000
nan
nan
0.334000
0.598000
0.880000
nan
nan
nan
nan
nan
1.000000
nan
nan
nan
0.502000
nan
0.739000
0.378000
nan
0.405000
0.299000
0.678000
nan
nan
nan
0.625000
nan
0.827000
0.950000
nan
0.836000
0.616000
nan
nan
nan
1.000000
nan
0.915000
nan
nan
0.475000
nan
0.757000
nan
0.695000
nan
0.484000
nan
nan
nan
nan
nan
0.299000
0.590000
nan
0.484000
0.282000
nan
0.352000
0.387000
nan
nan
nan
nan
0.985000
0.827000
nan
0.554000
nan
0.326000
nan
nan
0.214000
0.458000
0.598000
nan
nan
0.458000
0.563000
0.317000
nan
nan
nan
nan
nan
0.214000
nan
nan
nan
0.519000
nan
nan
0.440000
0.546000
nan
0.214000
nan
nan
0.827000
nan
0.739000
nan
0.465000
0.291000
nan
nan
nan
nan
1.000000
nan
0.441000
nan
0.268000
nan
nan
nan
nan
nan
nan
nan
nan
nan
0.331000
0.417000
0.441000
0.236000
nan
0.386000
0.409000
0.417000
0.504000
nan
1.000000
0.693000
nan
0.787000
1.000000
0.654000
nan
0.449000
nan
nan
nan
nan
nan
nan
0.748000
nan
0.299000
0.654000
0.236000
0.614000
nan
0.283000
0.693000
nan
0.465000
0.535000
0.236000
nan
nan
0.764000
nan
0.724000
nan
0.709000
0.787000
0.858000
0.425000
0.433000
0.583000
0.236000
nan
nan
nan
0.858000
nan
nan
nan
nan
nan
nan
0.315000
nan
nan
0.457000
0.268000
0.622000
0.787000
nan
nan
nan
nan
0.488000
0.409000
0.709000
0.858000
0.913000
nan
nan
0.504000
nan
nan
nan
nan
0.720000
0.478000
nan
0.693000
0.653000
0.774000
0.646000
nan
0.559000
nan
0.606000
0.431000
nan
0.199000
nan
nan
0.956000
nan
nan
0.343000
0.199000
nan
nan
nan
0.289000
0.363000
nan
nan
1.000000
nan
1.000000
0.740000
0.915000
0.572000
nan
nan
0.229000
0.343000
0.518000
nan
nan
nan
0.559000
0.767000
0.565000
nan
nan
nan
nan
nan
nan
nan
0.511000
nan
0.727000
nan
0.713000
nan
1.000000
0.841000
0.464000
nan
0.781000
nan
0.357000
nan
nan
0.357000
0.199000
nan
0.350000
0.384000
0.720000
0.794000
nan
0.774000
0.653000
nan
0.861000
nan
nan
0.868000
0.855000
nan
0.565000
0.834000
nan
0.727000
nan
0.532000
nan
nan
0.269000
nan
0.387000
0.683000
nan
nan
nan
nan
nan
nan
nan
0.554000
nan
nan
0.664000
nan
nan
nan
0.314000
nan
0.738000
0.507000
0.959000
1.000000
nan
0.498000
nan
0.526000
nan
0.406000
nan
0.258000
nan
nan
nan
nan
nan
0.895000
0.720000
1.000000
0.480000
1.000000
nan
nan
0.609000
0.923000
nan
nan
0.507000
nan
0.295000
0.258000
0.161000
0.161000
0.295000
nan
0.166000
0.161000
nan
0.203000
nan
0.221000
0.692000
0.618000
nan
0.424000
0.415000
0.627000
0.812000
0.563000
nan
0.646000
0.258000
nan
0.424000
0.600000
0.637000
0.526000
nan
0.470000
0.378000
0.360000
nan
nan
0.572000
0.609000
nan
0.397000
nan
nan
nan
nan
0.332000
nan
nan
0.264000
nan
0.801000
0.760000
nan
0.669000
0.547000
0.517000
0.598000
nan
0.436000
0.618000
nan
nan
nan
nan
0.476000
nan
0.760000
nan
nan
0.618000
nan
0.710000
nan
0.258000
0.558000
0.628000
0.274000
0.679000
0.821000
nan
nan
0.507000
nan
0.335000
nan
1.000000
0.922000
nan
0.953000
nan
0.851000
0.385000
nan
0.476000
nan
nan
nan
0.258000
nan
nan
nan
0.588000
0.258000
1.000000
nan
0.649000
0.324000
nan
nan
nan
nan
0.264000
nan
0.405000
nan
nan
0.324000
0.456000
nan
nan
nan
nan
nan
0.902000
1.000000
0.892000
0.811000
0.872000
nan
0.608000
0.659000
0.355000
0.517000
0.892000
0.983000
nan
0.588000
nan
0.456000
0.519000
0.584000
nan
nan
nan
0.656000
0.656000
nan
nan
nan
nan
nan
nan
0.073000
nan
0.159000
0.108000
0.728000
0.649000
nan
0.894000
nan
nan
nan
nan
0.836000
nan
0.786000
0.245000
0.195000
0.180000
nan
nan
nan
0.303000
nan
0.238000
nan
0.368000
0.123000
0.180000
1.000000
0.267000
0.512000
nan
nan
0.634000
nan
nan
nan
nan
nan
nan
0.130000
nan
0.252000
0.101000
nan
nan
0.598000
nan
nan
nan
nan
nan
0.073000
0.144000
nan
0.130000
0.073000
0.353000
nan
0.548000
nan
nan
nan
0.389000
nan
0.209000
nan
0.714000
nan
nan
nan
1.000000
0.649000
0.671000
0.944000
nan
nan
nan
0.324000
nan
0.353000
0.786000
0.743000
nan
nan
0.382000
0.389000
nan
nan
nan
1.000000
nan
0.360000
0.685000
0.977000
0.802000
nan
0.772000
0.720000
nan
0.617000
nan
0.576000
nan
nan
0.412000
0.237000
0.895000
nan
nan
nan
0.926000
0.586000
0.473000
0.484000
nan
nan
nan
0.576000
1.000000
nan
0.700000
nan
nan
0.700000
nan
nan
nan
nan
0.895000
0.895000
1.000000
0.679000
nan
0.772000
0.525000
nan
0.195000
nan
nan
nan
0.576000
nan
0.370000
0.267000
0.504000
nan
nan
nan
nan
0.607000
nan
0.648000
nan
0.257000
1.000000
nan
nan
nan
nan
0.175000
nan
0.617000
0.700000
nan
nan
nan
nan
0.514000
0.175000
nan
nan
0.175000
nan
0.854000
nan
0.412000
nan
0.237000
nan
nan
nan
0.597000
nan
nan
0.257000
0.319000
0.175000
0.247000
nan
0.226000
0.782000
0.422000
0.864000
0.620000
0.533000
0.504000
0.418000
1.000000
1.000000
0.937000
nan
nan
nan
nan
nan
0.893000
nan
nan
nan
nan
1.000000
nan
0.331000
0.778000
0.706000
nan
nan
0.778000
0.937000
nan
0.285000
nan
0.285000
nan
0.821000
nan
0.706000
0.764000
nan
nan
0.432000
nan
0.317000
nan
0.764000
0.720000
nan
0.648000
nan
0.576000
0.836000
nan
0.908000
0.677000
0.562000
0.836000
0.720000
nan
0.793000
nan
nan
0.461000
0.285000
nan
0.519000
0.476000
0.490000
nan
0.749000
0.346000
nan
nan
0.836000
nan
nan
nan
0.591000
0.605000
0.461000
nan
0.648000
0.922000
nan
0.793000
0.620000
0.720000
nan
nan
0.548000
nan
0.476000
nan
0.697000
nan
nan
0.651000
nan
nan
nan
nan
nan
nan
0.170000
nan
nan
nan
0.232000
0.449000
0.099000
0.112000
0.387000
1.000000
0.744000
nan
0.620000
nan
0.496000
0.991000
nan
nan
nan
nan
nan
nan
nan
nan
nan
0.294000
nan
nan
nan
nan
nan
nan
nan
nan
0.434000
nan
nan
nan
nan
nan
nan
nan
0.155000
nan
0.635000
nan
nan
nan
0.139000
0.186000
nan
nan
0.496000
nan
1.000000
nan
nan
nan
nan
nan
nan
nan
0.263000
0.124000
nan
nan
nan
nan
nan
nan
nan
nan
0.099000
0.341000
nan
nan
nan
nan
nan
nan
nan
nan
nan
0.170000
0.155000
nan
nan
0.294000
nan
nan
nan
0.341000
0.325000
0.217000
0.790000
nan
nan
0.651000
0.558000
nan
0.434000
nan
0.155000
nan
0.403000
nan
nan
nan
nan
nan
nan
0.310000
nan
nan
nan
nan
nan
nan
0.604000
0.325000
0.139000
0.496000
nan
1.000000
nan
nan
nan
0.310000
nan
nan
nan
0.217000
0.728000
0.325000
0.682000
0.651000
nan
0.651000
nan
nan
nan
0.083000
