Coverage(RPKM): 490.949227
0.000000
nan
nan
nan
nan
0.167000
nan
nan
0.667000
0.167000
0.000000
nan
0.167000
nan
0.250000
nan
1.000000
nan
0.333000
nan
nan
0.167000
nan
nan
nan
nan
0.000000
nan
0.500000
0.667000
nan
nan
nan
nan
nan
nan
nan
1.000000
nan
0.167000
0.000000
0.000000
0.000000
0.167000
nan
nan
nan
0.667000
nan
nan
nan
nan
nan
0.167000
nan
nan
0.333000
nan
0.250000
0.250000
nan
nan
0.167000
0.000000
1.000000
nan
0.333000
nan
0.167000
nan
0.417000
nan
0.250000
1.000000
nan
nan
nan
0.833000
nan
0.583000
nan
0.167000
0.500000
nan
0.000000
0.500000
0.667000
0.750000
nan
0.500000
0.833000
nan
0.500000
nan
0.500000
nan
nan
nan
nan
nan
nan
0.417000
0.000000
0.833000
nan
nan
0.250000
nan
nan
nan
0.333000
nan
nan
0.417000
0.500000
nan
nan
0.500000
nan
1.000000
0.200000
0.600000
nan
0.300000
0.300000
0.100000
nan
0.400000
nan
nan
0.400000
0.700000
0.700000
0.400000
1.000000
nan
0.600000
nan
0.100000
nan
0.200000
nan
nan
0.200000
nan
nan
0.600000
nan
nan
0.300000
0.500000
nan
0.100000
0.400000
0.500000
nan
0.300000
nan
nan
1.000000
0.800000
0.200000
0.700000
0.300000
0.300000
nan
nan
nan
0.200000
nan
0.200000
0.700000
0.500000
nan
nan
nan
0.200000
nan
0.800000
nan
0.800000
0.500000
0.700000
nan
nan
0.600000
0.200000
0.400000
1.000000
nan
nan
nan
nan
nan
nan
nan
nan
nan
0.500000
nan
nan
nan
nan
0.800000
0.900000
nan
0.100000
nan
0.300000
0.100000
0.000000
0.319000
0.000000
0.398000
0.159000
nan
nan
nan
0.398000
0.080000
0.398000
0.319000
0.956000
0.159000
nan
nan
nan
nan
nan
nan
nan
nan
0.159000
0.239000
0.319000
0.478000
0.398000
nan
nan
nan
0.000000
0.319000
1.000000
0.797000
nan
0.956000
1.000000
nan
0.558000
0.797000
nan
nan
0.637000
0.159000
nan
0.239000
nan
nan
0.797000
nan
nan
0.239000
nan
0.159000
0.717000
nan
0.319000
nan
0.000000
nan
0.398000
0.478000
nan
0.637000
nan
0.558000
0.159000
0.319000
0.398000
0.956000
nan
nan
nan
nan
nan
0.558000
1.000000
nan
nan
0.000000
nan
0.000000
0.637000
nan
nan
nan
nan
0.558000
nan
0.398000
nan
0.398000
nan
nan
0.319000
0.000000
0.297000
0.495000
nan
nan
nan
0.693000
nan
0.000000
nan
0.198000
0.792000
0.396000
nan
1.000000
nan
nan
nan
0.594000
0.297000
nan
nan
0.891000
nan
nan
0.099000
1.000000
nan
nan
0.495000
nan
0.891000
0.891000
nan
0.891000
0.792000
nan
0.198000
nan
nan
nan
nan
0.693000
nan
nan
nan
0.495000
nan
0.099000
0.099000
0.297000
nan
nan
nan
nan
nan
nan
0.297000
0.594000
0.396000
nan
nan
0.198000
0.000000
0.198000
0.198000
nan
nan
0.198000
0.396000
0.198000
nan
0.000000
nan
0.594000
0.198000
nan
nan
nan
nan
nan
nan
0.198000
1.000000
nan
0.891000
0.396000
0.495000
nan
nan
0.000000
0.693000
0.198000
nan
nan
0.396000
nan
0.396000
nan
nan
nan
nan
nan
nan
nan
nan
0.198000
0.297000
nan
0.833000
0.000000
nan
nan
nan
nan
0.167000
nan
0.833000
1.000000
1.000000
0.833000
nan
nan
nan
0.000000
0.167000
0.000000
nan
nan
nan
0.000000
0.667000
1.000000
0.833000
0.167000
1.000000
1.000000
nan
0.000000
nan
0.333000
nan
0.333000
nan
nan
nan
nan
nan
0.500000
nan
0.667000
nan
nan
nan
nan
nan
nan
nan
0.667000
nan
1.000000
0.167000
nan
0.000000
0.000000
0.333000
nan
nan
0.333000
0.000000
0.167000
1.000000
nan
0.667000
0.333000
0.333000
0.000000
nan
0.667000
nan
nan
1.000000
nan
nan
nan
nan
nan
0.000000
nan
1.000000
0.333000
0.000000
0.333000
nan
0.000000
0.667000
nan
nan
0.333000
0.000000
nan
nan
0.000000
0.333000
nan
nan
0.333000
nan
0.000000
nan
0.200000
0.800000
nan
0.200000
nan
0.000000
0.800000
nan
nan
0.800000
0.200000
nan
nan
0.400000
0.000000
0.000000
0.400000
0.000000
0.400000
nan
0.800000
0.000000
nan
nan
nan
nan
nan
nan
0.400000
nan
0.400000
nan
0.800000
0.000000
nan
0.200000
nan
nan
nan
0.400000
0.400000
0.000000
0.600000
0.400000
0.400000
1.000000
1.000000
nan
nan
nan
0.000000
nan
0.000000
0.400000
nan
0.600000
1.000000
nan
nan
nan
nan
nan
nan
0.000000
0.800000
0.000000
0.800000
0.000000
0.200000
nan
0.400000
nan
1.000000
0.800000
0.200000
0.000000
0.000000
0.200000
0.000000
0.400000
nan
nan
0.800000
nan
nan
nan
0.000000
nan
0.330000
0.769000
nan
0.110000
nan
0.110000
nan
nan
nan
0.549000
nan
0.220000
nan
nan
nan
nan
nan
0.879000
0.000000
nan
0.000000
nan
nan
1.000000
0.220000
nan
nan
0.220000
nan
0.000000
nan
nan
nan
0.440000
0.000000
0.220000
0.330000
0.879000
0.659000
0.220000
0.000000
0.220000
nan
nan
nan
nan
0.220000
0.000000
nan
0.440000
nan
nan
nan
0.220000
0.330000
nan
nan
0.220000
0.440000
nan
0.440000
nan
0.440000
1.000000
nan
0.330000
0.330000
nan
nan
0.220000
0.110000
nan
0.549000
0.659000
0.549000
nan
nan
nan
nan
nan
nan
nan
0.000000
0.000000
nan
0.440000
0.220000
0.440000
1.000000
nan
nan
0.659000
0.879000
nan
0.440000
nan
nan
nan
0.220000
nan
0.200000
0.000000
nan
nan
nan
0.800000
nan
0.600000
nan
nan
1.000000
nan
0.200000
nan
nan
nan
0.800000
nan
0.600000
nan
nan
nan
nan
0.200000
0.000000
1.000000
0.000000
0.400000
nan
nan
nan
0.600000
0.300000
nan
0.900000
nan
0.300000
nan
nan
nan
nan
0.000000
0.300000
0.200000
0.500000
0.700000
0.400000
0.700000
nan
nan
0.400000
nan
nan
nan
0.100000
0.400000
0.000000
nan
nan
0.000000
1.000000
nan
0.400000
nan
0.200000
0.300000
nan
0.200000
0.700000
0.800000
0.600000
0.600000
0.400000
0.400000
0.300000
nan
nan
nan
nan
nan
0.400000
1.000000
0.000000
0.600000
nan
0.100000
nan
nan
0.200000
nan
nan
0.000000
nan
0.300000
nan
nan
nan
nan
0.100000
0.069000
1.000000
0.137000
0.481000
nan
nan
0.962000
nan
0.687000
0.756000
0.000000
nan
nan
0.137000
0.412000
nan
nan
nan
0.000000
nan
nan
nan
0.000000
nan
nan
0.069000
nan
nan
nan
0.137000
0.412000
0.344000
nan
nan
nan
nan
0.137000
0.206000
0.000000
nan
0.137000
nan
0.000000
nan
nan
nan
0.344000
0.000000
0.069000
1.000000
nan
0.069000
nan
0.275000
nan
nan
nan
nan
0.481000
0.825000
0.137000
0.137000
nan
0.550000
0.275000
nan
0.206000
0.412000
nan
nan
nan
nan
nan
nan
0.275000
0.344000
0.000000
0.412000
nan
nan
0.000000
nan
0.206000
nan
nan
nan
nan
1.000000
nan
nan
0.069000
0.206000
nan
0.206000
0.137000
nan
0.137000
nan
nan
nan
nan
0.412000
0.412000
nan
nan
nan
nan
0.206000
nan
0.500000
0.500000
nan
nan
nan
nan
0.167000
0.833000
1.000000
nan
0.500000
0.167000
0.583000
0.167000
0.500000
0.167000
nan
nan
0.250000
nan
nan
0.167000
nan
nan
0.333000
0.500000
nan
nan
0.667000
0.667000
0.917000
nan
0.333000
0.083000
nan
nan
nan
nan
nan
0.250000
0.000000
0.750000
0.167000
0.333000
0.167000
nan
nan
0.917000
nan
0.583000
nan
nan
1.000000
0.000000
nan
nan
nan
nan
nan
0.917000
nan
nan
1.000000
1.000000
nan
0.333000
0.333000
0.083000
0.500000
nan
0.750000
0.000000
0.000000
nan
0.167000
0.417000
nan
nan
nan
nan
0.083000
nan
nan
0.167000
0.833000
0.417000
nan
nan
nan
nan
nan
0.000000
0.833000
0.417000
nan
0.250000
0.417000
0.333000
0.583000
0.000000
0.250000
0.083000
nan
0.500000
0.333000
0.667000
nan
0.167000
nan
0.500000
nan
0.333000
0.250000
0.667000
nan
0.333000
nan
0.583000
0.500000
nan
0.833000
1.000000
nan
0.250000
0.500000
nan
nan
0.500000
0.333000
0.917000
nan
0.000000
nan
nan
nan
nan
nan
0.417000
0.000000
1.000000
0.583000
nan
nan
0.250000
0.000000
nan
0.500000
nan
nan
nan
nan
0.333000
0.167000
nan
nan
0.333000
nan
0.000000
nan
0.167000
nan
nan
nan
nan
0.250000
nan
1.000000
0.250000
0.083000
0.167000
nan
nan
nan
0.167000
0.333000
nan
0.167000
0.167000
nan
nan
nan
0.167000
nan
nan
nan
1.000000
0.833000
nan
nan
0.417000
nan
0.000000
0.400000
1.000000
0.300000
0.200000
0.800000
nan
nan
0.100000
1.000000
0.400000
nan
nan
0.300000
nan
0.000000
nan
0.000000
nan
0.200000
nan
0.200000
nan
1.000000
0.700000
nan
1.000000
0.200000
nan
0.400000
nan
0.200000
nan
0.000000
nan
nan
0.300000
nan
0.200000
0.200000
nan
nan
0.400000
nan
nan
0.200000
0.100000
nan
0.000000
nan
nan
0.400000
nan
nan
0.400000
nan
0.000000
0.100000
0.000000
nan
0.400000
nan
nan
nan
nan
0.200000
nan
nan
0.900000
0.100000
0.400000
0.900000
nan
nan
nan
nan
0.200000
nan
0.800000
0.100000
0.900000
0.300000
nan
0.000000
nan
nan
nan
0.000000
0.400000
0.500000
0.100000
0.800000
0.875000
nan
0.000000
nan
0.125000
nan
nan
nan
0.250000
0.500000
nan
0.000000
nan
nan
nan
nan
0.250000
nan
0.500000
0.500000
0.000000
0.000000
0.250000
nan
0.125000
nan
nan
nan
0.500000
nan
0.000000
nan
nan
nan
nan
0.250000
nan
nan
nan
nan
nan
0.250000
0.750000
nan
nan
nan
nan
0.375000
nan
0.250000
nan
nan
0.500000
0.500000
0.125000
nan
nan
1.000000
nan
nan
nan
nan
nan
nan
nan
0.000000
0.500000
nan
0.250000
nan
nan
0.500000
nan
0.375000
nan
nan
nan
nan
0.625000
nan
0.875000
nan
0.125000
0.375000
0.875000
1.000000
0.515000
1.000000
nan
nan
nan
0.000000
nan
nan
0.129000
0.000000
0.000000
nan
1.000000
nan
0.772000
nan
0.257000
nan
0.901000
nan
0.257000
nan
0.129000
0.257000
0.257000
0.129000
0.662000
0.265000
nan
nan
nan
0.000000
0.000000
0.265000
0.265000
0.000000
nan
0.000000
0.000000
0.265000
0.265000
0.795000
0.132000
nan
nan
nan
nan
0.000000
nan
0.397000
0.000000
0.530000
nan
0.132000
nan
0.000000
0.000000
nan
0.530000
0.000000
nan
nan
0.000000
0.000000
nan
0.397000
0.132000
0.000000
nan
0.000000
nan
0.265000
0.000000
0.000000
0.000000
nan
nan
0.000000
0.000000
