Coverage(RPKM): 57227.338129
0.088000
nan
nan
nan
0.110000
0.088000
0.124000
0.109000
0.211000
nan
0.229000
nan
nan
0.114000
nan
0.245000
nan
nan
nan
nan
0.329000
0.181000
0.204000
nan
nan
0.116000
nan
nan
0.120000
nan
0.389000
0.503000
0.528000
nan
nan
nan
0.960000
nan
0.445000
nan
nan
0.534000
nan
nan
0.105000
nan
0.233000
0.230000
nan
nan
nan
nan
nan
0.088000
0.178000
nan
nan
nan
nan
nan
nan
nan
nan
nan
nan
nan
0.200000
nan
0.116000
1.000000
0.995000
nan
0.828000
1.000000
nan
nan
nan
nan
0.115000
0.196000
0.150000
nan
0.226000
0.146000
nan
0.229000
0.548000
nan
nan
nan
0.256000
0.670000
0.913000
nan
nan
nan
nan
0.111000
0.374000
nan
0.403000
nan
1.000000
nan
0.350000
nan
nan
0.431000
nan
0.748000
0.721000
0.839000
nan
nan
0.713000
nan
nan
nan
0.527000
0.188000
0.233000
0.567000
0.473000
0.838000
0.592000
nan
0.504000
0.627000
nan
nan
nan
nan
nan
nan
nan
0.456000
nan
nan
nan
0.431000
0.252000
nan
nan
nan
0.555000
0.554000
1.000000
0.602000
0.708000
0.645000
nan
0.490000
nan
nan
nan
nan
nan
nan
nan
0.480000
0.431000
0.641000
0.578000
nan
nan
0.516000
0.740000
0.563000
nan
0.498000
0.188000
0.603000
nan
0.501000
0.721000
1.000000
0.576000
nan
nan
nan
nan
nan
nan
0.188000
0.348000
0.427000
nan
nan
nan
nan
nan
1.000000
nan
nan
0.939000
0.838000
0.269000
nan
0.336000
0.204000
0.992000
nan
nan
nan
0.372000
0.335000
0.236000
nan
nan
nan
nan
0.750000
nan
0.499000
nan
0.907000
1.000000
0.622000
0.804000
0.701000
nan
0.717000
nan
nan
nan
nan
0.742000
nan
0.890000
nan
0.803000
0.822000
0.890000
nan
nan
0.548000
nan
0.634000
0.611000
0.499000
nan
nan
nan
nan
0.591000
nan
1.000000
0.960000
nan
0.612000
0.696000
nan
nan
nan
nan
nan
0.248000
nan
nan
0.470000
nan
nan
1.000000
nan
nan
0.308000
nan
nan
nan
0.166000
nan
nan
0.290000
nan
0.739000
0.446000
0.385000
0.455000
nan
nan
nan
nan
nan
0.166000
nan
nan
0.282000
nan
nan
0.170000
0.633000
nan
0.626000
nan
nan
nan
nan
nan
0.270000
nan
0.497000
0.641000
nan
0.601000
0.998000
nan
0.584000
nan
nan
nan
0.172000
nan
0.166000
0.238000
0.409000
0.738000
nan
nan
nan
0.541000
0.475000
0.540000
nan
0.454000
0.664000
nan
nan
nan
0.723000
nan
nan
0.454000
nan
nan
nan
nan
1.000000
0.744000
nan
nan
0.820000
0.613000
nan
nan
nan
nan
0.618000
0.568000
0.656000
nan
0.456000
nan
nan
0.221000
0.307000
0.687000
0.340000
nan
nan
nan
0.385000
nan
nan
nan
nan
nan
nan
nan
0.250000
0.216000
nan
0.288000
0.242000
0.266000
nan
0.124000
0.116000
0.133000
0.136000
0.143000
nan
0.069000
nan
0.074000
nan
0.116000
0.102000
0.126000
0.081000
nan
nan
nan
0.040000
0.067000
0.040000
nan
0.031000
0.052000
nan
nan
0.008000
nan
nan
nan
nan
nan
0.012000
nan
0.017000
0.026000
nan
nan
0.010000
nan
nan
0.008000
0.008000
