Coverage(RPKM): 683.333333
0.000000
nan
nan
nan
nan
nan
0.000000
0.623000
nan
nan
0.000000
0.397000
nan
0.113000
nan
0.113000
0.000000
0.000000
nan
nan
nan
0.057000
nan
0.227000
nan
nan
0.283000
nan
nan
1.000000
0.227000
1.000000
0.567000
nan
nan
nan
nan
0.000000
nan
nan
0.453000
nan
0.227000
0.000000
nan
nan
nan
0.510000
nan
nan
nan
nan
0.623000
0.737000
0.113000
nan
nan
0.000000
nan
nan
nan
nan
0.227000
nan
nan
0.170000
nan
nan
nan
0.567000
nan
0.283000
0.065000
nan
0.195000
nan
0.195000
0.000000
nan
0.260000
nan
nan
nan
nan
nan
0.130000
0.455000
nan
0.925000
1.000000
0.953000
nan
nan
0.065000
0.260000
0.195000
0.260000
nan
nan
nan
nan
nan
0.195000
nan
nan
0.130000
0.130000
0.520000
0.260000
0.260000
0.390000
nan
nan
nan
0.293000
0.147000
nan
0.220000
0.220000
nan
nan
nan
0.440000
0.733000
0.586000
0.513000
nan
0.659000
nan
0.147000
nan
0.147000
0.220000
nan
0.293000
0.879000
0.293000
nan
0.586000
0.293000
nan
0.147000
nan
0.147000
nan
nan
nan
nan
0.366000
0.000000
nan
0.293000
nan
0.147000
nan
0.220000
0.000000
0.366000
0.147000
nan
0.073000
0.000000
