Coverage(RPKM): 20630.708661
0.061000
nan
nan
nan
0.061000
nan
nan
nan
nan
0.154000
0.204000
0.325000
nan
0.161000
0.245000
nan
0.266000
0.275000
0.225000
0.384000
nan
nan
0.257000
nan
0.252000
0.409000
0.388000
nan
nan
0.400000
0.261000
nan
0.241000
nan
nan
1.000000
0.182000
0.288000
0.134000
nan
nan
nan
0.443000
0.329000
0.250000
nan
nan
0.284000
nan
1.000000
0.268000
0.338000
0.397000
0.161000
nan
0.125000
nan
nan
nan
0.064000
0.132000
nan
0.066000
nan
0.229000
0.107000
nan
0.788000
nan
1.000000
nan
0.345000
nan
0.184000
0.061000
nan
nan
nan
nan
0.157000
0.111000
nan
0.102000
nan
nan
nan
nan
nan
nan
nan
nan
0.102000
nan
0.465000
0.568000
nan
nan
0.749000
nan
nan
nan
nan
nan
nan
0.136000
0.199000
nan
0.291000
nan
0.608000
nan
nan
nan
nan
0.735000
0.807000
0.643000
0.535000
0.406000
0.603000
0.638000
1.000000
1.000000
nan
0.218000
0.686000
1.000000
nan
nan
nan
nan
nan
nan
0.352000
0.692000
0.939000
nan
nan
nan
nan
nan
0.724000
0.799000
0.904000
nan
nan
0.328000
nan
nan
0.347000
nan
0.533000
0.239000
0.326000
0.283000
nan
0.449000
0.417000
0.966000
nan
0.595000
nan
nan
nan
nan
nan
nan
nan
0.291000
0.452000
0.285000
0.390000
nan
0.673000
0.457000
0.347000
nan
nan
nan
nan
nan
nan
nan
0.234000
0.468000
nan
0.283000
nan
nan
0.272000
0.390000
0.412000
nan
nan
0.199000
0.199000
0.379000
0.425000
0.387000
0.242000
nan
nan
nan
0.243000
0.293000
nan
nan
nan
nan
nan
nan
nan
nan
0.774000
nan
0.589000
nan
0.208000
nan
nan
0.712000
0.539000
nan
0.400000
nan
0.327000
nan
0.535000
0.589000
nan
nan
0.258000
nan
0.223000
nan
0.885000
0.266000
nan
nan
nan
0.554000
nan
0.331000
0.408000
0.289000
nan
nan
0.296000
nan
nan
0.208000
nan
nan
1.000000
nan
nan
nan
nan
nan
nan
nan
nan
nan
nan
nan
nan
nan
nan
nan
0.643000
0.770000
nan
0.539000
0.412000
0.408000
nan
0.497000
0.820000
nan
0.293000
0.423000
0.208000
0.323000
0.366000
0.224000
nan
nan
nan
0.770000
nan
nan
0.802000
nan
nan
nan
0.404000
nan
0.822000
0.811000
nan
nan
0.902000
nan
0.675000
0.483000
0.631000
0.562000
0.388000
0.603000
0.637000
0.521000
0.587000
nan
nan
0.608000
1.000000
0.842000
0.871000
nan
0.541000
0.169000
nan
nan
nan
nan
1.000000
nan
nan
0.662000
0.190000
0.805000
0.965000
0.431000
0.933000
0.849000
nan
0.788000
nan
nan
nan
nan
0.448000
nan
0.669000
nan
0.394000
1.000000
0.807000
nan
nan
nan
nan
0.477000
nan
nan
0.450000
0.359000
nan
0.399000
0.231000
nan
nan
nan
0.381000
nan
nan
nan
nan
nan
nan
nan
nan
0.445000
0.433000
0.381000
nan
0.620000
0.674000
nan
0.169000
0.169000
