Coverage(RPKM): 2251.351351
0.000000
nan
nan
nan
0.198000
nan
0.198000
0.000000
nan
0.099000
0.000000
0.000000
nan
nan
0.198000
0.000000
0.198000
nan
0.396000
0.000000
nan
nan
0.000000
nan
nan
0.000000
0.198000
nan
nan
0.000000
nan
0.198000
0.000000
0.000000
nan
0.099000
0.396000
0.198000
0.396000
nan
1.000000
nan
nan
nan
0.297000
0.198000
nan
nan
0.792000
nan
0.297000
nan
0.198000
0.693000
0.000000
0.099000
nan
0.297000
1.000000
nan
nan
0.198000
0.594000
nan
0.198000
nan
nan
0.297000
nan
nan
0.396000
nan
0.198000
0.000000
0.198000
nan
nan
0.594000
nan
0.792000
nan
0.396000
0.693000
0.693000
nan
nan
nan
0.891000
nan
1.000000
nan
0.297000
nan
0.322000
0.064000
nan
0.386000
nan
nan
nan
0.772000
0.193000
0.257000
nan
0.129000
nan
nan
0.064000
nan
nan
0.322000
nan
0.257000
0.129000
0.064000
0.579000
0.257000
nan
nan
nan
nan
0.579000
0.322000
0.900000
0.450000
nan
nan
0.257000
0.322000
0.514000
0.965000
nan
nan
nan
0.064000
0.064000
0.257000
0.579000
nan
0.064000
nan
nan
0.514000
0.322000
0.450000
nan
nan
nan
0.450000
0.772000
0.129000
0.064000
0.064000
nan
nan
0.386000
nan
nan
nan
0.257000
0.450000
nan
0.193000
nan
1.000000
0.772000
0.386000
nan
nan
0.322000
nan
0.386000
nan
nan
1.000000
nan
nan
nan
0.772000
nan
nan
nan
nan
0.386000
0.322000
nan
1.000000
nan
nan
0.129000
0.514000
0.772000
0.643000
0.129000
nan
0.129000
nan
0.450000
0.129000
0.193000
nan
0.322000
nan
nan
0.707000
0.129000
0.257000
0.900000
0.129000
0.029000
nan
nan
nan
nan
0.064000
0.029000
0.064000
nan
nan
nan
nan
0.029000
