Coverage(RPKM): 58932.972973
0.150000
nan
nan
nan
0.150000
nan
0.298000
nan
0.350000
nan
0.255000
0.382000
nan
nan
nan
nan
0.546000
nan
0.399000
0.500000
nan
nan
0.410000
0.368000
0.560000
0.616000
nan
0.479000
0.725000
0.377000
0.204000
0.185000
nan
nan
0.664000
nan
0.377000
0.539000
0.472000
nan
0.276000
0.533000
nan
0.417000
nan
nan
0.602000
nan
nan
0.244000
nan
1.000000
nan
nan
nan
nan
nan
nan
0.204000
0.408000
nan
0.899000
0.736000
nan
nan
nan
1.000000
nan
nan
nan
nan
nan
nan
0.404000
nan
nan
nan
1.000000
0.985000
0.867000
nan
0.296000
0.228000
0.150000
0.220000
0.172000
0.213000
0.473000
nan
0.750000
nan
0.539000
0.209000
0.266000
0.206000
nan
nan
0.266000
nan
1.000000
0.898000
0.475000
nan
0.217000
nan
0.599000
nan
nan
0.486000
0.501000
0.641000
nan
nan
nan
nan
nan
nan
nan
0.995000
0.940000
nan
nan
nan
1.000000
0.381000
0.342000
0.439000
0.504000
nan
nan
0.657000
nan
0.633000
0.474000
0.661000
0.475000
0.769000
0.582000
nan
0.641000
0.235000
nan
nan
nan
nan
0.786000
0.841000
0.552000
0.414000
0.291000
nan
nan
nan
nan
nan
nan
nan
1.000000
0.882000
0.214000
0.374000
0.223000
0.226000
0.413000
0.532000
0.663000
nan
0.349000
nan
0.212000
nan
0.723000
nan
nan
0.236000
0.212000
nan
nan
nan
0.589000
0.638000
nan
0.253000
0.212000
nan
0.288000
nan
nan
nan
0.645000
0.546000
0.998000
nan
0.188000
nan
nan
0.188000
0.788000
0.716000
nan
0.901000
nan
nan
nan
0.677000
nan
0.609000
0.911000
0.752000
nan
nan
0.364000
nan
0.375000
0.964000
1.000000
nan
nan
nan
0.843000
0.840000
nan
nan
0.681000
0.857000
nan
nan
nan
nan
nan
nan
nan
nan
0.463000
0.603000
0.321000
0.188000
0.587000
0.716000
nan
nan
0.300000
nan
1.000000
nan
0.857000
nan
nan
nan
0.418000
0.236000
0.719000
nan
0.772000
nan
0.813000
0.690000
nan
nan
0.189000
nan
nan
nan
nan
0.437000
0.565000
nan
nan
nan
0.409000
nan
nan
nan
0.373000
0.944000
0.817000
nan
nan
nan
nan
nan
nan
nan
nan
nan
0.686000
1.000000
0.546000
0.426000
0.545000
0.465000
nan
0.275000
0.280000
nan
0.541000
nan
nan
0.419000
0.401000
0.907000
0.876000
1.000000
nan
0.425000
nan
nan
0.681000
0.465000
nan
0.193000
nan
0.860000
0.922000
1.000000
nan
nan
nan
nan
nan
nan
nan
0.485000
nan
nan
0.621000
nan
0.518000
0.353000
nan
0.373000
0.349000
1.000000
nan
nan
nan
nan
0.405000
0.800000
nan
nan
nan
nan
0.735000
nan
0.820000
0.781000
nan
0.493000
nan
0.248000
0.173000
0.328000
0.553000
nan
nan
nan
0.572000
0.426000
0.319000
0.288000
0.604000
0.403000
nan
0.173000
nan
0.252000
0.173000
0.575000
0.391000
0.476000
nan
0.243000
0.644000
0.596000
0.659000
nan
0.488000
0.733000
nan
0.347000
0.515000
nan
0.198000
0.179000
0.232000
nan
nan
0.584000
0.569000
0.470000
nan
0.455000
nan
0.347000
nan
0.642000
0.802000
0.914000
nan
nan
nan
0.519000
nan
0.592000
0.582000
nan
0.200000
0.490000
0.482000
0.410000
0.404000
0.941000
nan
nan
0.452000
0.375000
nan
0.545000
0.442000
nan
0.200000
nan
nan
0.200000
nan
0.807000
0.414000
0.979000
nan
0.427000
0.709000
0.559000
0.959000
0.552000
0.604000
nan
nan
nan
0.497000
0.679000
nan
nan
1.000000
nan
nan
nan
nan
nan
0.680000
0.525000
0.582000
nan
nan
0.820000
0.705000
0.842000
1.000000
nan
nan
0.587000
1.000000
nan
0.987000
0.334000
nan
0.204000
nan
nan
nan
0.276000
nan
0.805000
0.570000
0.855000
0.982000
nan
nan
0.149000
nan
nan
0.229000
nan
nan
0.949000
0.485000
0.832000
0.445000
nan
0.304000
0.372000
nan
nan
nan
0.492000
nan
nan
nan
0.827000
nan
0.801000
nan
nan
nan
0.384000
0.427000
nan
nan
0.233000
nan
0.749000
nan
0.414000
0.368000
0.660000
1.000000
0.799000
nan
0.189000
nan
nan
nan
0.302000
nan
0.245000
0.222000
nan
0.620000
nan
0.355000
0.382000
nan
0.238000
0.249000
0.436000
0.447000
0.360000
0.316000
0.467000
nan
0.117000
nan
nan
0.443000
nan
nan
nan
0.275000
nan
nan
0.174000
nan
nan
0.117000
0.117000
