Coverage(RPKM): 502.325581
nan
nan
nan
nan
0.000000
nan
nan
0.313000
0.000000
0.625000
0.000000
nan
0.000000
0.625000
nan
0.000000
nan
nan
0.000000
0.000000
nan
nan
nan
nan
0.000000
0.000000
nan
nan
nan
nan
0.000000
0.000000
nan
0.625000
0.000000
nan
0.625000
nan
0.000000
nan
0.000000
0.000000
0.000000
0.000000
0.000000
0.000000
0.000000
0.000000
0.000000
1.000000
nan
nan
0.000000
0.000000
0.000000
nan
0.000000
nan
nan
0.625000
0.000000
nan
nan
nan
nan
0.313000
nan
0.000000
nan
nan
0.000000
nan
1.000000
nan
0.000000
0.625000
0.625000
nan
0.000000
0.625000
0.000000
0.000000
nan
0.625000
nan
1.000000
0.625000
0.625000
0.080000
nan
nan
nan
nan
0.000000
0.159000
nan
0.558000
nan
0.159000
0.159000
0.080000
nan
nan
nan
nan
0.239000
nan
0.080000
0.319000
0.000000
0.080000
nan
0.478000
nan
0.637000
0.159000
0.000000
0.159000
nan
0.319000
0.239000
0.000000
nan
0.000000
0.239000
0.478000
nan
nan
1.000000
1.000000
0.319000
0.637000
nan
nan
0.000000
0.159000
0.797000
0.159000
nan
0.000000
0.956000
nan
0.000000
0.876000
nan
0.159000
nan
nan
nan
nan
nan
0.159000
nan
nan
0.558000
0.876000
nan
nan
nan
nan
0.080000
0.000000
nan
nan
nan
0.000000
nan
0.445000
0.635000
nan
0.064000
nan
nan
0.832000
nan
0.000000
0.191000
0.318000
nan
nan
0.254000
nan
nan
0.190000
nan
0.190000
1.000000
nan
nan
nan
1.000000
0.569000
0.427000
0.758000
nan
0.284000
nan
nan
0.427000
nan
nan
0.095000
0.521000
0.284000
0.332000
nan
0.190000
0.474000
nan
nan
1.000000
0.664000
0.948000
nan
0.237000
0.190000
0.664000
nan
nan
nan
0.142000
0.332000
0.427000
0.474000
nan
nan
nan
0.000000
nan
0.332000
nan
0.758000
0.474000
0.569000
nan
0.000000
0.047000
nan
0.190000
0.047000
nan
nan
0.095000
0.095000
nan
0.379000
nan
0.664000
0.190000
nan
0.474000
nan
0.000000
nan
nan
nan
0.047000
nan
