Coverage(RPKM): 350.354610
0.000000
nan
nan
0.190000
nan
0.190000
nan
0.000000
0.190000
nan
nan
0.000000
nan
nan
0.569000
0.190000
1.000000
0.000000
0.379000
0.000000
nan
0.095000
0.379000
0.190000
nan
0.284000
nan
0.000000
nan
0.190000
0.379000
0.000000
nan
nan
nan
nan
nan
nan
0.379000
nan
0.379000
nan
nan
nan
0.569000
0.379000
0.000000
nan
0.284000
0.190000
0.379000
0.190000
1.000000
0.758000
nan
nan
0.474000
0.095000
0.190000
0.190000
nan
0.569000
0.474000
nan
nan
0.379000
nan
1.000000
0.379000
nan
nan
nan
0.948000
0.664000
0.095000
0.190000
nan
0.569000
0.379000
0.000000
0.474000
0.190000
0.569000
0.667000
nan
1.000000
nan
1.000000
0.333000
nan
nan
0.000000
nan
0.667000
0.000000
nan
1.000000
1.000000
nan
nan
0.333000
1.000000
nan
nan
0.667000
nan
nan
0.000000
nan
0.000000
0.000000
nan
0.000000
nan
0.333000
nan
0.667000
nan
0.500000
nan
nan
0.000000
0.000000
0.333000
nan
nan
nan
nan
nan
0.000000
0.333000
0.667000
nan
nan
nan
nan
1.000000
nan
0.167000
nan
nan
nan
0.000000
1.000000
nan
nan
nan
0.000000
0.667000
nan
nan
nan
nan
0.000000
nan
1.000000
nan
nan
nan
1.000000
0.500000
nan
nan
nan
nan
nan
0.333000
0.500000
nan
nan
nan
nan
0.667000
1.000000
nan
nan
nan
0.667000
1.000000
nan
nan
0.000000
nan
nan
nan
nan
nan
nan
nan
nan
0.500000
nan
nan
0.000000
nan
0.000000
nan
0.000000
nan
nan
nan
0.667000
0.000000
0.000000
0.000000
0.125000
nan
0.500000
nan
0.000000
0.000000
0.250000
nan
0.125000
0.375000
nan
nan
0.250000
nan
nan
nan
0.250000
0.250000
nan
nan
nan
nan
0.000000
nan
nan
nan
0.125000
nan
0.250000
nan
nan
0.000000
nan
nan
0.000000
0.000000
nan
nan
nan
0.000000
0.000000
nan
nan
0.000000
nan
nan
1.000000
nan
0.250000
0.000000
nan
nan
0.500000
nan
nan
0.250000
nan
nan
nan
0.250000
0.625000
0.500000
nan
nan
0.250000
nan
nan
nan
0.000000
0.750000
nan
0.500000
0.875000
nan
nan
nan
nan
0.430000
0.538000
0.860000
nan
nan
nan
0.538000
nan
nan
nan
nan
nan
nan
nan
nan
nan
nan
0.645000
0.215000
nan
0.645000
nan
nan
nan
nan
0.950000
nan
0.215000
nan
0.000000
nan
0.000000
nan
0.215000
nan
0.000000
nan
0.000000
nan
nan
nan
nan
nan
nan
1.000000
nan
nan
nan
nan
0.430000
nan
0.215000
nan
nan
nan
0.430000
nan
0.360000
0.721000
0.901000
nan
nan
nan
nan
nan
0.000000
0.901000
0.000000
0.541000
0.450000
nan
nan
nan
nan
nan
nan
nan
0.360000
nan
0.090000
0.811000
nan
nan
0.901000
nan
nan
0.721000
0.360000
1.000000
0.541000
0.541000
nan
0.901000
0.000000
nan
nan
nan
nan
0.360000
nan
0.000000
nan
nan
nan
nan
nan
nan
nan
0.000000
nan
0.270000
0.360000
nan
nan
nan
1.000000
nan
nan
0.360000
0.090000
0.631000
nan
nan
nan
nan
nan
nan
nan
nan
nan
0.000000
0.180000
nan
nan
nan
0.631000
nan
nan
nan
nan
0.000000
