Coverage(RPKM): 10621.925134
0.013000
nan
nan
nan
nan
nan
0.027000
nan
nan
nan
0.026000
nan
0.017000
0.027000
0.020000
0.023000
0.019000
nan
nan
0.014000
0.013000
0.015000
0.020000
nan
0.024000
0.013000
0.014000
0.033000
0.031000
0.050000
0.045000
0.057000
0.793000
0.049000
nan
0.047000
nan
0.047000
0.848000
nan
nan
nan
0.029000
0.076000
nan
0.089000
nan
0.066000
0.054000
0.045000
0.951000
nan
0.142000
nan
0.085000
0.108000
0.077000
0.069000
0.065000
1.000000
nan
0.033000
1.000000
nan
0.049000
nan
0.051000
0.041000
1.000000
nan
nan
0.030000
nan
0.120000
nan
nan
nan
nan
0.078000
0.062000
0.087000
nan
nan
1.000000
nan
nan
nan
nan
nan
0.269000
0.212000
0.125000
0.150000
1.000000
nan
0.227000
nan
0.223000
0.291000
0.211000
0.302000
nan
nan
nan
0.168000
1.000000
nan
0.189000
nan
0.105000
nan
0.122000
nan
nan
0.409000
nan
nan
0.197000
0.475000
nan
nan
0.244000
nan
nan
0.157000
nan
0.162000
0.156000
0.258000
nan
nan
0.183000
0.198000
0.208000
0.194000
0.296000
0.336000
nan
nan
nan
nan
nan
nan
nan
nan
nan
nan
0.237000
0.414000
nan
nan
0.105000
nan
nan
nan
nan
nan
nan
0.214000
nan
nan
nan
nan
0.261000
nan
0.180000
0.246000
nan
0.171000
nan
0.108000
0.204000
0.215000
0.447000
0.241000
nan
0.468000
0.244000
0.220000
0.348000
0.252000
0.105000
nan
nan
nan
nan
nan
0.188000
1.000000
nan
nan
0.032000
nan
0.032000
1.000000
0.079000
nan
0.286000
0.200000
nan
nan
nan
0.063000
nan
0.086000
nan
0.081000
nan
0.090000
nan
nan
nan
nan
0.073000
0.062000
nan
0.080000
0.110000
0.177000
nan
0.192000
0.159000
nan
nan
nan
nan
0.151000
nan
nan
0.054000
0.966000
0.035000
0.117000
0.050000
0.068000
0.098000
nan
0.049000
0.032000
nan
nan
nan
nan
nan
nan
0.038000
nan
nan
nan
nan
nan
nan
nan
nan
nan
0.057000
0.138000
1.000000
nan
nan
nan
0.114000
0.112000
nan
nan
0.083000
0.068000
nan
0.102000
nan
nan
0.052000
0.052000
0.075000
nan
nan
0.109000
nan
0.095000
nan
nan
0.692000
nan
0.129000
0.139000
nan
nan
0.062000
0.071000
0.054000
0.068000
0.082000
0.199000
nan
0.276000
0.365000
0.155000
0.649000
0.509000
nan
nan
nan
nan
nan
0.354000
nan
nan
0.178000
nan
nan
nan
nan
0.352000
nan
0.221000
nan
nan
0.117000
0.282000
0.225000
nan
nan
0.165000
nan
nan
nan
nan
nan
0.291000
0.267000
0.581000
nan
0.337000
nan
0.276000
0.178000
0.428000
0.481000
nan
0.291000
nan
1.000000
nan
nan
nan
0.498000
0.479000
nan
nan
0.115000
nan
nan
nan
1.000000
nan
nan
nan
nan
0.223000
0.246000
nan
nan
nan
0.301000
nan
0.115000
0.399000
0.297000
nan
nan
nan
1.000000
nan
0.134000
nan
0.148000
0.221000
0.216000
nan
nan
0.267000
nan
0.161000
nan
nan
nan
0.117000
0.441000
nan
0.282000
nan
0.115000
nan
0.148000
0.119000
nan
0.322000
0.278000
nan
nan
nan
nan
0.125000
1.000000
0.709000
1.000000
0.736000
1.000000
0.664000
0.527000
nan
nan
nan
nan
0.300000
nan
0.245000
nan
nan
nan
0.827000
nan
0.564000
nan
nan
nan
0.245000
0.445000
0.736000
0.936000
nan
1.000000
0.700000
0.800000
0.527000
nan
0.745000
0.727000
0.755000
nan
0.873000
nan
0.436000
0.282000
nan
0.273000
nan
nan
nan
0.418000
0.536000
nan
0.682000
0.491000
0.355000
0.336000
nan
nan
0.227000
nan
nan
nan
0.737000
nan
nan
nan
nan
nan
0.346000
0.265000
0.909000
0.959000
0.599000
0.357000
0.323000
0.472000
nan
nan
nan
nan
0.622000
0.415000
nan
nan
0.185000
nan
0.206000
0.227000
0.518000
0.855000
nan
0.553000
0.460000
nan
0.279000
nan
nan
nan
nan
0.070000
0.307000
0.321000
0.530000
0.139000
nan
nan
nan
0.488000
nan
0.446000
0.223000
0.404000
nan
nan
nan
0.153000
nan
0.460000
0.349000
0.279000
nan
0.056000
nan
0.042000
nan
0.265000
nan
0.181000
nan
nan
nan
0.181000
nan
0.126000
0.070000
nan
0.070000
0.098000
nan
0.098000
nan
0.028000
nan
0.098000
0.153000
nan
nan
nan
nan
nan
nan
0.056000
0.020000
0.098000
nan
nan
nan
nan
nan
0.020000
0.020000
