Coverage(RPKM): 11687.855530
0.125000
nan
nan
nan
0.139000
0.125000
0.645000
0.509000
nan
0.401000
nan
nan
nan
0.190000
nan
0.224000
0.136000
0.207000
0.869000
0.588000
nan
nan
0.316000
nan
0.302000
0.125000
0.384000
0.462000
nan
0.197000
0.340000
0.638000
0.251000
0.129000
0.312000
nan
0.234000
0.160000
0.486000
0.462000
nan
nan
nan
0.394000
0.452000
nan
0.448000
nan
0.530000
0.642000
nan
nan
nan
nan
nan
0.486000
0.221000
0.255000
nan
nan
0.581000
nan
nan
nan
nan
nan
0.394000
0.503000
nan
nan
nan
nan
nan
0.302000
0.414000
0.431000
nan
nan
1.000000
1.000000
nan
nan
0.442000
0.703000
nan
nan
0.374000
0.567000
0.965000
nan
nan
nan
0.278000
nan
nan
1.000000
1.000000
0.836000
0.783000
nan
nan
nan
nan
0.905000
nan
nan
0.829000
0.821000
nan
nan
nan
nan
nan
nan
nan
0.443000
nan
nan
0.939000
nan
1.000000
0.962000
0.710000
nan
0.664000
0.580000
nan
nan
0.477000
nan
0.554000
nan
nan
nan
nan
nan
0.588000
0.829000
nan
nan
0.680000
nan
nan
nan
nan
nan
0.428000
0.359000
0.844000
0.722000
0.771000
0.393000
nan
nan
nan
nan
0.401000
nan
nan
nan
nan
nan
nan
nan
nan
nan
1.000000
nan
0.447000
0.336000
nan
nan
0.787000
0.611000
nan
0.382000
nan
nan
nan
nan
0.187000
0.187000
0.233000
nan
0.424000
nan
0.172000
0.172000
0.370000
nan
0.275000
nan
nan
0.893000
nan
nan
0.722000
0.538000
nan
nan
0.855000
0.485000
0.607000
nan
0.355000
nan
0.283000
nan
nan
0.745000
nan
nan
0.172000
0.382000
nan
0.211000
0.667000
0.381000
nan
nan
0.266000
0.270000
0.160000
1.000000
1.000000
nan
nan
nan
nan
nan
0.425000
nan
nan
1.000000
0.361000
0.703000
nan
nan
0.814000
nan
nan
nan
nan
nan
nan
0.222000
0.346000
0.687000
0.441000
nan
0.385000
nan
0.457000
nan
nan
0.473000
0.528000
0.222000
nan
nan
nan
0.643000
nan
0.294000
nan
0.270000
nan
nan
0.246000
0.258000
nan
nan
nan
nan
nan
0.167000
nan
0.326000
0.302000
nan
0.429000
0.556000
nan
nan
nan
0.592000
0.160000
0.238000
0.171000
nan
0.246000
nan
0.160000
nan
nan
nan
nan
nan
0.334000
0.179000
0.171000
nan
nan
0.338000
0.421000
nan
0.465000
nan
0.532000
0.318000
nan
0.365000
0.461000
0.624000
nan
0.473000
nan
nan
nan
0.120000
0.096000
nan
nan
nan
nan
nan
0.177000
nan
nan
nan
1.000000
nan
nan
nan
0.905000
nan
0.595000
0.595000
0.137000
nan
0.332000
nan
0.115000
0.195000
0.096000
nan
0.229000
0.096000
nan
0.876000
nan
nan
0.252000
0.246000
nan
0.349000
nan
0.189000
0.321000
nan
nan
0.378000
nan
0.326000
nan
nan
nan
0.573000
nan
0.521000
0.790000
0.825000
nan
0.281000
nan
nan
0.143000
0.653000
nan
nan
0.819000
nan
nan
nan
0.475000
0.475000
0.555000
nan
nan
nan
nan
nan
0.859000
0.922000
0.968000
0.636000
0.721000
0.716000
nan
nan
1.000000
1.000000
nan
nan
nan
0.475000
nan
0.933000
0.298000
0.292000
0.802000
nan
0.773000
nan
nan
nan
nan
nan
0.658000
nan
nan
nan
nan
nan
nan
nan
nan
0.991000
nan
0.767000
0.647000
0.732000
0.884000
nan
0.746000
nan
0.193000
0.581000
nan
nan
nan
0.396000
0.383000
0.224000
0.627000
1.000000
nan
0.429000
0.271000
nan
nan
nan
nan
1.000000
nan
0.792000
nan
0.356000
nan
nan
0.238000
0.917000
nan
nan
nan
nan
0.224000
0.719000
0.600000
nan
nan
nan
nan
nan
nan
nan
nan
0.475000
nan
nan
nan
nan
nan
nan
0.442000
nan
nan
nan
nan
nan
0.673000
0.594000
0.759000
0.422000
0.488000
0.455000
nan
0.350000
nan
nan
0.284000
nan
0.211000
nan
nan
0.726000
0.548000
0.607000
nan
0.383000
0.356000
0.290000
0.193000
1.000000
nan
0.193000
nan
0.554000
0.337000
0.924000
nan
0.765000
nan
0.759000
nan
nan
0.798000
0.554000
nan
0.719000
nan
nan
nan
nan
0.607000
nan
0.350000
0.827000
nan
nan
nan
0.577000
nan
nan
nan
nan
nan
0.482000
nan
nan
nan
nan
0.269000
0.262000
nan
nan
0.789000
0.525000
nan
nan
nan
nan
nan
nan
nan
0.482000
nan
0.262000
0.302000
0.577000
0.614000
0.539000
nan
nan
nan
nan
0.600000
1.000000
0.520000
0.581000
0.539000
0.501000
0.458000
nan
1.000000
nan
nan
nan
nan
0.638000
nan
1.000000
0.865000
nan
nan
nan
0.274000
nan
0.392000
0.262000
0.742000
nan
0.558000
0.709000
0.841000
nan
nan
0.477000
0.354000
0.336000
0.444000
nan
0.350000
0.364000
0.520000
nan
nan
nan
nan
0.510000
0.737000
nan
nan
nan
0.274000
0.279000
nan
0.482000
0.274000
0.605000
nan
0.624000
0.789000
nan
0.969000
0.506000
0.623000
0.579000
nan
0.715000
1.000000
nan
0.876000
0.676000
0.399000
0.525000
nan
0.287000
nan
0.248000
0.404000
nan
nan
nan
0.876000
0.744000
0.496000
0.452000
0.501000
0.268000
nan
nan
0.569000
0.555000
0.224000
0.192000
nan
0.457000
nan
nan
nan
nan
0.851000
0.812000
0.788000
nan
nan
nan
nan
nan
1.000000
0.944000
nan
nan
0.321000
nan
nan
0.297000
nan
1.000000
nan
0.192000
0.192000
0.311000
nan
nan
nan
0.457000
0.623000
nan
nan
nan
nan
nan
nan
0.482000
nan
nan
0.491000
0.608000
0.214000
nan
0.482000
0.632000
0.452000
0.428000
nan
0.331000
0.195000
0.238000
0.379000
nan
nan
0.268000
nan
nan
nan
nan
nan
nan
nan
nan
0.486000
nan
0.375000
0.415000
0.284000
0.568000
0.532000
nan
nan
nan
nan
nan
nan
nan
0.976000
nan
0.597000
0.364000
nan
nan
nan
0.320000
0.437000
0.524000
nan
nan
nan
nan
nan
nan
0.226000
0.284000
0.481000
nan
nan
nan
0.127000
0.197000
0.127000
nan
0.269000
0.262000
nan
0.619000
nan
nan
nan
0.255000
0.670000
0.692000
nan
0.444000
0.488000
0.743000
nan
0.801000
1.000000
nan
0.284000
nan
nan
0.641000
nan
nan
0.794000
nan
nan
nan
nan
0.182000
nan
nan
nan
nan
nan
1.000000
nan
nan
nan
0.692000
0.750000
0.670000
0.699000
nan
nan
nan
nan
0.175000
0.127000
0.845000
nan
nan
nan
nan
0.728000
nan
0.466000
0.437000
0.612000
nan
0.612000
nan
nan
nan
nan
0.808000
nan
0.910000
nan
0.473000
nan
nan
0.350000
nan
0.255000
nan
1.000000
nan
0.762000
nan
0.910000
0.964000
0.811000
0.546000
nan
0.324000
nan
nan
nan
nan
0.178000
0.708000
0.978000
0.600000
nan
nan
nan
0.536000
0.197000
nan
nan
nan
0.796000
nan
nan
0.477000
nan
0.433000
0.865000
0.506000
1.000000
0.747000
nan
0.590000
0.487000
nan
0.251000
0.178000
1.000000
nan
nan
0.742000
nan
nan
0.467000
nan
nan
nan
0.575000
nan
nan
nan
nan
nan
0.178000
nan
0.285000
nan
nan
nan
0.231000
0.413000
nan
0.551000
1.000000
0.787000
nan
nan
nan
0.580000
nan
0.664000
nan
0.649000
0.821000
0.890000
nan
0.580000
nan
0.462000
nan
nan
0.256000
0.275000
nan
nan
nan
nan
0.447000
0.821000
nan
0.447000
0.197000
0.354000
0.403000
0.413000
0.296000
nan
0.504000
0.301000
0.610000
0.682000
0.567000
nan
0.326000
0.296000
0.538000
0.580000
nan
nan
nan
nan
nan
nan
0.330000
0.322000
0.305000
0.305000
nan
nan
nan
nan
nan
0.402000
0.733000
nan
0.783000
0.567000
0.923000
0.606000
nan
0.398000
0.614000
0.398000
nan
nan
nan
nan
0.483000
0.364000
0.593000
nan
0.296000
0.415000
0.529000
0.398000
nan
0.915000
nan
0.970000
1.000000
nan
nan
nan
nan
nan
0.428000
nan
nan
nan
nan
nan
nan
0.614000
0.614000
0.771000
nan
0.720000
0.584000
0.779000
0.610000
nan
0.652000
nan
0.923000
1.000000
0.788000
0.766000
0.661000
0.694000
0.483000
1.000000
nan
nan
nan
nan
nan
nan
0.636000
nan
0.806000
nan
nan
nan
nan
nan
0.306000
nan
nan
nan
nan
nan
0.834000
0.766000
0.639000
0.664000
nan
0.534000
nan
0.911000
0.732000
0.775000
nan
nan
0.343000
0.337000
nan
nan
0.392000
nan
nan
nan
0.556000
0.383000
nan
0.303000
0.214000
0.327000
nan
nan
nan
nan
nan
nan
nan
nan
nan
1.000000
0.856000
1.000000
nan
0.300000
nan
0.250000
0.241000
nan
nan
0.263000
nan
nan
0.365000
0.222000
nan
0.862000
nan
0.754000
0.729000
0.976000
nan
0.408000
0.284000
nan
nan
nan
0.352000
nan
0.541000
nan
0.884000
nan
0.420000
0.967000
nan
nan
0.806000
nan
nan
0.686000
0.868000
nan
nan
0.214000
0.247000
0.214000
nan
nan
1.000000
nan
nan
nan
nan
nan
0.698000
0.349000
nan
nan
0.417000
0.565000
1.000000
0.992000
nan
nan
0.412000
0.249000
0.479000
nan
0.403000
0.225000
0.661000
nan
0.800000
0.532000
nan
0.537000
0.417000
0.858000
0.340000
0.235000
0.417000
0.201000
nan
nan
nan
0.767000
0.355000
0.489000
0.695000
1.000000
nan
0.839000
nan
0.446000
nan
0.609000
0.585000
1.000000
nan
0.316000
0.264000
nan
nan
0.216000
nan
nan
nan
nan
nan
nan
nan
0.570000
0.863000
nan
nan
nan
nan
nan
nan
0.709000
nan
0.431000
0.321000
0.359000
0.278000
nan
0.183000
0.489000
nan
nan
nan
0.484000
0.494000
0.211000
nan
0.268000
0.183000
nan
nan
0.183000
0.268000
0.848000
nan
nan
0.388000
nan
0.513000
0.431000
0.572000
0.593000
0.420000
0.587000
nan
nan
nan
nan
nan
nan
0.808000
0.493000
0.378000
0.378000
0.241000
0.383000
0.624000
nan
0.273000
nan
0.246000
nan
nan
nan
0.535000
0.325000
0.241000
0.650000
nan
nan
nan
nan
nan
0.160000
0.194000
nan
0.745000
nan
nan
0.844000
nan
0.603000
nan
nan
0.781000
nan
0.619000
0.608000
0.724000
nan
nan
nan
0.818000
0.650000
nan
nan
0.160000
0.724000
0.320000
0.267000
0.163000
0.160000
0.383000
nan
0.383000
nan
0.288000
0.393000
nan
0.294000
nan
0.493000
0.399000
nan
0.294000
nan
0.713000
1.000000
nan
0.834000
1.000000
nan
nan
nan
nan
0.189000
nan
1.000000
nan
nan
nan
0.745000
nan
0.393000
nan
nan
nan
nan
0.344000
nan
nan
nan
nan
nan
nan
nan
nan
nan
nan
nan
0.473000
0.344000
0.961000
nan
0.587000
nan
nan
nan
0.671000
0.786000
1.000000
nan
0.503000
nan
nan
nan
nan
nan
0.931000
0.793000
nan
nan
nan
nan
0.671000
0.397000
nan
0.877000
0.862000
nan
1.000000
nan
nan
nan
nan
nan
0.770000
nan
0.587000
0.717000
0.618000
nan
0.450000
0.344000
0.763000
nan
0.526000
1.000000
0.992000
0.839000
nan
0.374000
nan
nan
nan
nan
0.732000
0.709000
0.748000
nan
0.870000
0.679000
nan
0.816000
0.770000
nan
nan
nan
0.656000
nan
0.412000
nan
0.953000
nan
0.694000
0.679000
0.564000
0.686000
nan
nan
nan
nan
0.580000
0.755000
nan
nan
0.770000
0.534000
nan
0.465000
0.542000
0.732000
0.641000
0.813000
0.574000
0.547000
nan
nan
nan
0.212000
nan
0.287000
0.157000
0.119000
0.595000
nan
0.137000
0.123000
0.588000
0.629000
0.417000
0.239000
nan
nan
0.485000
nan
0.629000
0.636000
0.834000
nan
nan
nan
nan
nan
nan
nan
0.540000
nan
nan
0.526000
nan
0.383000
0.410000
nan
nan
nan
nan
nan
0.684000
nan
nan
nan
nan
nan
nan
nan
0.451000
0.301000
nan
nan
nan
nan
0.595000
0.643000
nan
nan
0.643000
0.725000
nan
0.772000
nan
nan
nan
0.226000
nan
nan
nan
1.000000
nan
0.977000
0.485000
0.513000
1.000000
nan
nan
nan
0.848000
nan
nan
nan
nan
0.506000
0.119000
0.417000
nan
nan
0.513000
0.308000
0.820000
nan
nan
0.267000
0.554000
nan
nan
1.000000
0.560000
nan
0.119000
0.144000
0.738000
nan
nan
nan
0.429000
nan
nan
nan
nan
0.404000
1.000000
0.607000
nan
nan
nan
nan
nan
nan
nan
nan
0.461000
0.170000
0.582000
0.396000
0.388000
1.000000
nan
nan
0.251000
nan
nan
nan
0.469000
nan
0.299000
nan
nan
nan
nan
nan
nan
nan
0.938000
nan
0.558000
nan
0.275000
0.332000
0.542000
nan
nan
0.930000
0.873000
1.000000
nan
0.542000
nan
nan
0.687000
0.429000
nan
nan
nan
nan
0.469000
nan
nan
0.356000
nan
nan
nan
0.574000
nan
nan
0.210000
nan
nan
nan
0.485000
0.429000
0.582000
nan
nan
0.469000
nan
nan
nan
nan
nan
nan
0.558000
0.453000
nan
0.170000
0.170000
0.332000
0.291000
nan
0.259000
nan
0.744000
nan
0.170000
0.582000
nan
0.954000
nan
nan
0.663000
nan
nan
0.542000
0.526000
0.194000
0.210000
0.202000
nan
nan
0.987000
1.000000
nan
0.419000
0.222000
0.222000
nan
nan
nan
0.535000
0.508000
0.294000
nan
0.268000
nan
nan
0.473000
0.669000
nan
nan
0.473000
0.651000
nan
nan
0.348000
0.232000
0.660000
nan
nan
nan
0.794000
0.981000
nan
0.482000
0.687000
0.517000
nan
nan
0.749000
0.865000
nan
nan
0.642000
0.642000
0.401000
0.794000
0.526000
nan
nan
nan
nan
0.303000
nan
0.598000
0.339000
0.482000
nan
0.268000
nan
0.705000
0.981000
0.990000
nan
0.366000
nan
nan
0.482000
nan
0.865000
0.910000
nan
nan
0.268000
0.714000
nan
nan
nan
nan
0.669000
0.544000
nan
1.000000
nan
nan
1.000000
0.821000
nan
nan
nan
nan
0.222000
0.312000
nan
0.268000
nan
nan
nan
0.928000
1.000000
0.964000
nan
nan
0.584000
nan
0.428000
nan
0.662000
nan
nan
nan
nan
nan
0.169000
0.195000
0.253000
0.613000
nan
nan
nan
1.000000
nan
nan
nan
nan
0.662000
0.973000
nan
nan
nan
0.730000
nan
nan
0.448000
0.652000
nan
0.623000
nan
nan
0.701000
0.759000
nan
nan
nan
nan
nan
0.399000
nan
nan
nan
nan
nan
1.000000
nan
nan
nan
nan
0.273000
0.169000
nan
nan
nan
nan
nan
0.399000
nan
0.331000
nan
0.905000
0.895000
nan
0.428000
0.623000
nan
nan
0.389000
0.633000
0.526000
0.545000
0.681000
nan
0.691000
0.642000
nan
nan
nan
nan
nan
nan
nan
0.642000
nan
0.477000
nan
0.681000
nan
nan
nan
0.701000
0.506000
nan
nan
nan
nan
nan
0.185000
0.506000
nan
nan
nan
nan
0.195000
0.370000
nan
0.234000
0.169000
nan
0.370000
0.467000
0.321000
0.321000
nan
0.224000
0.369000
0.304000
nan
nan
nan
nan
nan
0.579000
nan
nan
0.318000
nan
0.463000
nan
0.434000
0.289000
0.304000
nan
0.232000
nan
0.463000
nan
nan
0.449000
0.384000
0.478000
nan
nan
nan
nan
nan
nan
0.521000
0.601000
0.550000
nan
0.326000
0.564000
nan
nan
0.212000
nan
0.550000
0.384000
nan
0.376000
nan
nan
0.557000
0.550000
nan
nan
nan
nan
nan
nan
0.304000
nan
nan
nan
0.854000
nan
nan
0.340000
nan
nan
nan
nan
nan
1.000000
0.212000
0.456000
0.724000
0.212000
nan
nan
nan
0.260000
nan
nan
0.275000
0.239000
nan
nan
nan
nan
nan
nan
nan
0.318000
0.260000
nan
0.398000
nan
nan
nan
0.478000
0.369000
0.651000
0.818000
nan
nan
nan
nan
nan
0.948000
nan
0.702000
0.441000
1.000000
1.000000
nan
0.984000
nan
nan
nan
0.847000
nan
nan
0.665000
0.792000
0.451000
0.346000
0.539000
0.268000
nan
nan
nan
nan
1.000000
nan
nan
0.555000
0.335000
0.632000
nan
0.566000
nan
nan
nan
nan
nan
0.429000
nan
0.533000
0.374000
0.522000
0.308000
0.550000
nan
0.319000
nan
0.709000
0.610000
0.808000
0.935000
1.000000
nan
nan
nan
0.764000
nan
0.566000
nan
nan
0.484000
nan
nan
1.000000
0.698000
nan
0.522000
nan
nan
0.407000
0.268000
0.313000
0.511000
nan
0.836000
nan
nan
nan
nan
0.770000
0.830000
nan
0.401000
0.539000
0.396000
nan
0.577000
0.572000
nan
nan
0.825000
nan
nan
nan
nan
0.759000
0.418000
nan
nan
nan
nan
0.929000
nan
nan
0.946000
nan
0.385000
0.268000
0.286000
0.302000
nan
nan
0.441000
nan
nan
nan
nan
nan
nan
nan
nan
nan
nan
nan
nan
nan
0.508000
0.324000
nan
nan
nan
0.719000
0.612000
nan
0.490000
nan
0.382000
0.198000
0.279000
0.270000
nan
0.292000
nan
nan
0.198000
nan
nan
nan
0.549000
0.234000
0.324000
nan
0.193000
0.193000
0.310000
nan
nan
nan
nan
0.967000
nan
0.908000
0.504000
nan
nan
0.193000
nan
nan
0.396000
nan
nan
nan
0.198000
0.315000
nan
0.935000
0.656000
nan
nan
nan
0.796000
0.980000
nan
nan
nan
0.724000
0.558000
nan
nan
0.697000
nan
0.558000
nan
nan
nan
nan
nan
nan
0.418000
0.558000
0.652000
nan
nan
nan
0.445000
0.382000
nan
0.850000
nan
nan
0.504000
nan
nan
nan
0.310000
nan
0.202000
nan
nan
0.477000
nan
1.000000
0.661000
nan
nan
0.351000
nan
0.571000
0.881000
nan
nan
nan
nan
nan
1.000000
1.000000
0.194000
0.198000
0.367000
nan
nan
nan
nan
0.194000
0.194000
nan
1.000000
1.000000
1.000000
0.784000
nan
nan
0.466000
nan
nan
0.194000
nan
0.371000
0.524000
nan
nan
nan
0.574000
nan
nan
nan
nan
nan
nan
0.706000
0.644000
nan
0.611000
nan
0.380000
0.404000
0.289000
0.648000
nan
nan
0.479000
0.582000
0.648000
nan
nan
0.598000
0.598000
nan
nan
nan
0.734000
0.846000
nan
0.767000
0.681000
nan
nan
0.487000
0.458000
nan
nan
0.305000
0.425000
0.466000
0.656000
0.413000
0.590000
0.644000
nan
0.648000
0.557000
0.578000
0.648000
0.706000
nan
nan
nan
nan
0.499000
nan
nan
nan
nan
nan
nan
nan
nan
0.454000
0.375000
0.961000
0.260000
nan
nan
0.396000
nan
0.564000
nan
0.854000
nan
0.796000
0.395000
nan
0.991000
0.844000
nan
nan
nan
nan
nan
nan
nan
nan
0.775000
0.975000
0.617000
0.554000
0.575000
nan
nan
0.501000
0.496000
1.000000
1.000000
nan
0.659000
nan
nan
nan
nan
0.970000
nan
nan
nan
nan
0.569000
0.775000
nan
0.765000
1.000000
nan
nan
nan
0.343000
0.902000
0.981000
0.622000
0.812000
nan
0.480000
nan
nan
nan
nan
0.112000
nan
0.206000
0.195000
0.132000
nan
0.511000
0.886000
nan
nan
0.511000
nan
0.112000
nan
nan
0.112000
0.316000
nan
0.179000
0.200000
0.295000
nan
nan
0.780000
0.896000
0.849000
nan
0.585000
nan
nan
nan
nan
nan
nan
nan
nan
0.127000
0.169000
nan
nan
nan
0.459000
nan
nan
0.749000
nan
0.844000
0.975000
nan
0.123000
nan
nan
nan
0.123000
nan
0.140000
0.275000
0.459000
0.208000
nan
nan
0.449000
nan
0.835000
0.995000
nan
0.565000
0.333000
nan
0.145000
nan
0.753000
nan
nan
0.594000
0.420000
0.546000
0.420000
0.705000
0.531000
nan
0.270000
nan
0.647000
nan
0.246000
0.811000
nan
0.372000
nan
0.328000
0.328000
0.454000
0.372000
0.338000
nan
0.512000
0.473000
nan
0.425000
nan
nan
0.555000
nan
0.705000
0.657000
0.985000
0.174000
nan
0.126000
nan
nan
0.357000
nan
nan
0.123000
0.183000
0.232000
nan
nan
1.000000
nan
0.913000
0.705000
1.000000
nan
0.314000
nan
0.497000
nan
1.000000
nan
0.888000
nan
0.334000
nan
0.192000
nan
1.000000
0.187000
0.250000
nan
nan
nan
0.314000
nan
nan
0.815000
0.179000
nan
0.349000
nan
nan
nan
nan
0.683000
0.860000
0.516000
0.481000
1.000000
0.427000
0.373000
0.192000
nan
1.000000
0.707000
nan
nan
0.555000
nan
0.653000
nan
nan
0.447000
nan
nan
nan
nan
0.462000
nan
nan
0.413000
nan
0.403000
0.368000
0.702000
nan
nan
nan
0.290000
0.761000
0.737000
0.442000
nan
nan
0.491000
nan
nan
nan
nan
nan
0.226000
nan
0.413000
0.639000
nan
0.629000
0.319000
nan
nan
nan
0.594000
nan
0.226000
nan
nan
0.179000
nan
nan
nan
nan
nan
0.486000
nan
0.570000
0.526000
0.314000
nan
nan
0.179000
nan
nan
nan
nan
0.388000
0.393000
0.467000
nan
nan
0.246000
0.216000
nan
0.963000
nan
0.495000
0.579000
nan
nan
nan
0.729000
nan
0.860000
0.832000
nan
nan
nan
nan
nan
nan
nan
nan
nan
0.963000
0.748000
0.738000
0.841000
0.252000
0.209000
0.402000
0.393000
nan
nan
0.209000
1.000000
0.495000
nan
1.000000
nan
nan
nan
nan
nan
nan
0.280000
0.682000
0.224000
0.393000
nan
nan
nan
nan
0.346000
nan
nan
0.533000
nan
0.860000
0.209000
0.542000
0.701000
nan
nan
0.402000
nan
nan
nan
0.458000
0.654000
nan
nan
nan
nan
nan
nan
0.579000
0.402000
nan
0.355000
0.495000
0.561000
nan
1.000000
nan
nan
0.822000
0.682000
nan
nan
0.925000
0.280000
0.224000
nan
nan
0.299000
0.243000
nan
nan
0.327000
nan
nan
nan
nan
nan
1.000000
0.654000
nan
0.832000
0.916000
0.813000
nan
nan
0.329000
nan
0.543000
0.584000
nan
0.502000
0.674000
nan
nan
nan
0.748000
nan
nan
nan
nan
nan
nan
nan
0.946000
nan
nan
0.724000
0.625000
0.732000
nan
0.609000
0.567000
0.863000
nan
0.650000
nan
nan
nan
0.510000
0.806000
0.896000
nan
0.576000
nan
nan
nan
nan
nan
nan
nan
0.411000
nan
nan
0.395000
0.252000
0.252000
0.526000
0.354000
nan
0.938000
0.831000
nan
nan
nan
nan
0.378000
0.321000
0.288000
nan
0.252000
0.411000
nan
nan
0.600000
nan
0.905000
nan
nan
0.740000
1.000000
nan
1.000000
0.666000
0.740000
0.847000
nan
0.905000
0.707000
nan
0.584000
nan
nan
nan
0.732000
0.789000
nan
nan
1.000000
0.526000
0.485000
0.510000
0.288000
0.551000
nan
nan
nan
nan
nan
0.304000
0.435000
0.410000
0.427000
0.435000
0.304000
0.332000
0.349000
nan
nan
nan
0.457000
nan
0.504000
0.304000
0.457000
nan
nan
nan
nan
0.405000
0.371000
nan
0.466000
nan
nan
0.746000
0.487000
nan
nan
0.530000
0.358000
0.435000
0.647000
nan
0.491000
nan
nan
0.776000
0.548000
0.453000
0.647000
nan
0.470000
0.655000
0.474000
nan
0.569000
nan
nan
nan
0.789000
nan
1.000000
0.832000
0.798000
nan
nan
0.604000
0.694000
0.655000
nan
0.802000
0.948000
0.677000
0.604000
nan
nan
0.668000
nan
nan
1.000000
0.737000
nan
0.634000
0.767000
0.979000
0.746000
1.000000
nan
0.927000
nan
nan
nan
0.593000
nan
0.553000
0.549000
nan
nan
nan
nan
0.871000
nan
nan
0.330000
0.249000
0.249000
0.471000
0.561000
nan
nan
nan
nan
nan
nan
1.000000
nan
nan
nan
nan
0.249000
nan
nan
nan
nan
nan
nan
nan
0.545000
nan
nan
nan
nan
nan
nan
nan
nan
0.730000
0.365000
0.271000
nan
nan
0.581000
nan
0.349000
nan
nan
nan
nan
0.439000
nan
nan
0.589000
nan
nan
nan
0.746000
nan
0.600000
0.773000
nan
nan
nan
nan
0.518000
nan
nan
nan
nan
nan
nan
nan
nan
0.502000
nan
nan
nan
nan
1.000000
0.985000
nan
nan
0.337000
0.722000
nan
nan
nan
1.000000
nan
0.541000
0.377000
0.251000
0.565000
nan
nan
0.565000
0.800000
nan
nan
nan
0.255000
0.275000
0.577000
0.816000
0.357000
0.400000
0.514000
nan
0.487000
nan
0.298000
0.781000
0.663000
0.420000
0.604000
0.467000
nan
0.471000
nan
0.443000
0.733000
nan
nan
nan
nan
0.281000
0.438000
1.000000
0.771000
nan
0.905000
nan
0.819000
0.519000
nan
0.248000
0.314000
0.476000
nan
0.486000
0.448000
0.467000
0.381000
nan
nan
nan
nan
nan
0.405000
1.000000
0.814000
0.671000
0.747000
nan
0.586000
nan
nan
0.900000
nan
nan
0.790000
nan
nan
0.376000
nan
nan
0.257000
nan
nan
0.419000
nan
0.428000
nan
0.762000
0.671000
nan
0.743000
nan
0.647000
0.843000
nan
nan
nan
nan
1.000000
0.971000
0.667000
0.357000
0.177000
0.448000
nan
0.177000
0.177000
0.200000
0.205000
0.190000
nan
nan
nan
0.400000
0.519000
0.390000
nan
0.276000
nan
nan
nan
nan
nan
nan
nan
0.243000
nan
0.348000
nan
nan
nan
0.906000
0.606000
nan
0.662000
nan
0.545000
nan
nan
nan
0.634000
0.445000
0.495000
0.456000
0.461000
nan
0.445000
0.812000
0.806000
nan
0.228000
nan
nan
nan
nan
nan
nan
nan
nan
0.979000
nan
nan
0.728000
nan
0.534000
0.556000
0.851000
nan
nan
nan
nan
nan
nan
nan
nan
0.812000
0.973000
0.940000
0.845000
0.812000
nan
nan
0.578000
0.256000
0.645000
0.762000
0.534000
0.595000
0.606000
0.528000
0.473000
nan
0.523000
nan
0.216000
0.361000
0.606000
nan
nan
0.879000
0.267000
nan
nan
nan
0.322000
0.216000
0.256000
nan
0.773000
nan
nan
nan
1.000000
0.656000
1.000000
0.450000
nan
nan
nan
0.356000
0.216000
0.278000
nan
1.000000
nan
nan
0.458000
nan
nan
nan
nan
nan
0.889000
0.990000
0.770000
nan
0.655000
0.477000
0.522000
0.522000
nan
nan
0.522000
0.660000
0.660000
nan
nan
0.825000
nan
nan
nan
0.697000
nan
nan
0.284000
nan
nan
0.486000
nan
nan
1.000000
0.596000
0.577000
0.440000
0.330000
0.408000
nan
nan
nan
0.935000
0.848000
1.000000
0.797000
nan
nan
nan
0.357000
nan
0.289000
nan
0.559000
nan
nan
0.683000
nan
nan
nan
nan
nan
nan
0.802000
nan
0.509000
0.284000
0.504000
1.000000
nan
nan
nan
nan
nan
nan
nan
nan
nan
0.559000
0.293000
0.284000
0.486000
0.463000
0.532000
0.357000
0.550000
nan
0.357000
nan
nan
nan
nan
0.733000
0.655000
0.591000
nan
0.467000
0.486000
nan
nan
nan
0.545000
0.573000
0.399000
nan
0.496000
0.527000
0.403000
nan
nan
nan
0.571000
0.301000
nan
0.881000
0.855000
nan
0.186000
nan
nan
0.487000
0.368000
nan
0.301000
nan
nan
nan
nan
nan
0.447000
0.283000
nan
1.000000
0.492000
0.434000
0.403000
nan
nan
nan
nan
nan
nan
nan
nan
1.000000
nan
0.186000
0.167000
0.487000
nan
nan
nan
nan
nan
nan
nan
nan
0.797000
0.868000
nan
nan
0.167000
0.167000
0.204000
nan
0.438000
nan
nan
0.726000
nan
nan
nan
nan
nan
nan
0.500000
nan
0.310000
0.252000
nan
nan
nan
nan
1.000000
0.226000
nan
0.292000
0.235000
0.359000
nan
nan
0.912000
0.350000
nan
0.580000
0.815000
nan
nan
nan
nan
nan
0.602000
nan
nan
0.487000
nan
0.580000
0.638000
0.673000
0.629000
0.319000
0.469000
nan
0.505000
nan
nan
nan
nan
nan
0.738000
0.738000
nan
0.743000
0.625000
nan
0.994000
1.000000
nan
nan
0.935000
0.599000
0.951000
0.369000
0.257000
0.230000
0.460000
nan
0.401000
0.181000
nan
nan
0.454000
nan
1.000000
0.727000
nan
nan
nan
nan
0.363000
0.620000
1.000000
nan
nan
nan
0.695000
nan
nan
0.684000
nan
0.208000
0.305000
nan
nan
nan
nan
nan
nan
nan
0.524000
nan
0.181000
0.294000
0.583000
nan
0.278000
0.706000
0.337000
nan
0.412000
nan
0.337000
nan
nan
nan
0.433000
0.315000
0.198000
0.203000
0.198000
nan
0.224000
0.331000
0.299000
0.283000
nan
nan
0.294000
nan
0.321000
nan
nan
nan
0.198000
0.187000
0.230000
nan
nan
nan
0.246000
nan
nan
0.181000
0.495000
nan
nan
nan
nan
0.221000
0.533000
0.610000
nan
0.503000
0.381000
0.366000
nan
nan
nan
nan
nan
0.625000
0.510000
nan
nan
nan
nan
nan
nan
0.549000
nan
nan
0.282000
0.366000
nan
nan
nan
nan
nan
nan
0.274000
nan
0.450000
nan
nan
0.747000
nan
0.186000
0.267000
nan
nan
nan
nan
nan
0.861000
0.366000
0.579000
0.670000
nan
nan
0.186000
0.549000
nan
nan
nan
nan
nan
0.206000
0.274000
0.770000
0.861000
nan
0.571000
nan
nan
nan
nan
nan
1.000000
nan
nan
0.389000
0.186000
0.381000
0.358000
0.937000
nan
nan
1.000000
0.800000
nan
0.610000
nan
nan
nan
0.320000
0.221000
0.297000
0.267000
0.328000
nan
0.846000
0.800000
1.000000
nan
0.914000
nan
nan
nan
nan
nan
0.213000
nan
0.290000
0.198000
nan
nan
0.830000
0.473000
0.763000
0.824000
nan
nan
nan
nan
nan
0.466000
nan
0.824000
nan
0.378000
0.722000
nan
nan
nan
nan
nan
nan
nan
0.358000
nan
0.412000
0.199000
0.729000
0.702000
nan
nan
0.628000
nan
0.560000
0.236000
0.554000
0.729000
nan
nan
nan
nan
nan
0.804000
1.000000
nan
nan
0.199000
nan
nan
nan
nan
0.581000
0.385000
0.351000
0.817000
nan
nan
0.858000
0.594000
0.567000
nan
nan
nan
0.243000
0.277000
0.756000
nan
0.716000
0.628000
0.851000
0.540000
0.716000
0.493000
nan
0.277000
0.392000
0.506000
0.628000
nan
nan
0.317000
0.574000
nan
nan
nan
0.199000
1.000000
0.993000
1.000000
nan
nan
0.486000
0.338000
0.446000
0.520000
nan
nan
0.305000
0.342000
0.705000
nan
0.358000
0.489000
0.584000
nan
nan
nan
0.258000
0.663000
nan
0.831000
nan
0.531000
0.379000
nan
nan
nan
0.705000
0.473000
nan
nan
nan
nan
0.214000
nan
nan
nan
0.473000
nan
nan
0.526000
nan
0.516000
nan
0.700000
nan
0.437000
nan
nan
nan
0.542000
0.458000
0.421000
0.568000
nan
nan
0.537000
0.915000
nan
nan
nan
0.321000
0.573000
0.615000
0.579000
nan
nan
nan
nan
nan
nan
nan
nan
nan
0.405000
nan
nan
0.214000
0.452000
0.637000
nan
0.479000
nan
nan
1.000000
nan
nan
nan
0.773000
1.000000
nan
nan
nan
nan
0.421000
0.994000
1.000000
0.621000
0.921000
0.700000
0.831000
nan
nan
0.214000
0.310000
0.963000
nan
0.857000
0.921000
nan
nan
nan
nan
nan
nan
nan
nan
0.384000
0.183000
nan
nan
nan
nan
0.423000
0.915000
nan
0.183000
0.183000
nan
nan
0.507000
nan
0.285000
0.438000
nan
nan
nan
nan
nan
0.778000
0.418000
0.276000
0.600000
0.896000
nan
nan
0.743000
0.674000
0.325000
0.546000
nan
0.645000
nan
nan
0.733000
nan
nan
0.738000
nan
nan
nan
0.389000
nan
0.438000
0.541000
nan
nan
nan
0.758000
0.640000
0.812000
nan
nan
0.522000
0.364000
0.281000
1.000000
0.935000
0.600000
0.714000
nan
nan
0.546000
nan
0.915000
nan
nan
nan
0.522000
0.428000
0.423000
0.477000
0.891000
nan
nan
nan
nan
0.635000
nan
0.310000
1.000000
nan
nan
0.817000
nan
0.335000
nan
nan
1.000000
nan
0.359000
0.197000
0.546000
nan
nan
0.738000
nan
nan
0.314000
nan
nan
nan
nan
nan
nan
nan
0.756000
0.728000
0.807000
nan
nan
nan
0.189000
0.189000
nan
0.568000
nan
0.601000
0.357000
nan
nan
nan
nan
nan
1.000000
0.479000
nan
nan
0.507000
nan
0.413000
nan
0.498000
1.000000
nan
nan
nan
nan
nan
nan
0.394000
0.394000
0.760000
1.000000
nan
0.742000
nan
0.253000
0.338000
nan
nan
0.479000
nan
nan
0.197000
0.615000
nan
0.282000
0.615000
nan
0.385000
0.568000
nan
nan
0.789000
0.972000
0.756000
nan
nan
0.277000
nan
nan
nan
nan
nan
nan
nan
nan
0.347000
0.681000
0.535000
0.854000
0.375000
nan
nan
0.239000
nan
nan
0.272000
0.685000
0.587000
0.493000
0.319000
nan
nan
0.189000
0.605000
0.563000
0.474000
0.667000
nan
0.399000
0.878000
nan
1.000000
0.518000
nan
0.295000
nan
nan
nan
nan
1.000000
nan
nan
nan
nan
0.640000
nan
0.906000
nan
nan
nan
nan
nan
nan
0.583000
nan
nan
0.748000
0.604000
0.885000
1.000000
nan
nan
0.719000
0.345000
0.295000
0.633000
0.640000
0.763000
0.367000
0.388000
nan
0.626000
0.734000
nan
nan
nan
0.655000
nan
nan
nan
0.403000
nan
nan
0.388000
0.504000
nan
nan
0.683000
0.957000
0.410000
0.482000
0.367000
0.295000
0.446000
1.000000
nan
0.755000
nan
0.683000
0.727000
0.604000
0.367000
0.295000
0.367000
nan
nan
nan
nan
0.331000
nan
0.360000
nan
0.381000
0.489000
0.532000
nan
nan
0.712000
nan
nan
nan
nan
0.547000
0.468000
0.597000
0.663000
0.770000
nan
0.598000
0.483000
nan
nan
nan
0.655000
0.540000
nan
nan
0.589000
nan
nan
0.696000
0.941000
nan
nan
nan
nan
nan
0.499000
nan
0.359000
nan
nan
1.000000
0.565000
0.589000
0.573000
nan
nan
nan
nan
0.467000
nan
nan
nan
0.491000
0.540000
nan
nan
0.359000
0.359000
0.377000
0.647000
nan
0.606000
nan
0.458000
nan
nan
nan
1.000000
nan
nan
nan
nan
nan
nan
0.712000
0.819000
0.737000
0.458000
0.442000
0.524000
nan
nan
0.557000
nan
nan
0.704000
nan
nan
0.770000
nan
nan
0.524000
nan
0.418000
0.630000
0.655000
0.434000
0.606000
0.851000
nan
0.434000
0.434000
nan
1.000000
0.647000
nan
0.630000
0.688000
nan
0.614000
0.860000
0.925000
nan
nan
0.368000
0.449000
nan
0.328000
0.409000
0.427000
0.519000
0.372000
nan
nan
nan
nan
nan
0.468000
nan
0.350000
0.471000
nan
0.383000
0.677000
nan
nan
0.250000
0.464000
0.622000
nan
nan
nan
0.309000
0.515000
0.298000
nan
nan
nan
0.954000
0.523000
0.538000
nan
0.390000
0.342000
0.571000
0.619000
nan
nan
nan
0.383000
0.306000
nan
nan
0.700000
nan
nan
0.379000
0.250000
0.328000
0.655000
0.383000
0.515000
nan
nan
nan
nan
0.641000
0.571000
nan
nan
0.722000
nan
nan
0.552000
0.457000
nan
nan
0.560000
0.563000
nan
0.350000
0.250000
nan
0.976000
nan
nan
nan
nan
nan
1.000000
0.762000
1.000000
0.884000
nan
nan
nan
nan
nan
1.000000
nan
0.862000
0.382000
0.438000
0.450000
0.519000
0.583000
0.927000
nan
nan
0.613000
nan
nan
nan
nan
nan
nan
0.230000
nan
nan
nan
0.457000
nan
0.869000
nan
nan
1.000000
nan
nan
0.434000
nan
nan
nan
nan
0.308000
0.263000
nan
nan
nan
nan
nan
nan
nan
0.619000
0.613000
nan
0.616000
0.564000
0.729000
nan
nan
nan
0.379000
0.635000
0.613000
nan
nan
nan
nan
0.178000
0.486000
0.188000
0.532000
0.570000
nan
nan
nan
nan
nan
nan
0.554000
nan
nan
nan
0.606000
0.382000
nan
0.266000
0.230000
0.454000
nan
nan
nan
0.321000
0.528000
0.318000
nan
0.188000
0.227000
0.178000
nan
0.191000
nan
0.178000
1.000000
1.000000
nan
nan
nan
0.645000
nan
0.211000
nan
nan
nan
nan
nan
0.178000
nan
nan
0.353000
0.353000
0.758000
nan
nan
nan
0.697000
nan
nan
0.440000
0.573000
0.768000
0.591000
0.662000
0.742000
0.857000
nan
nan
0.546000
0.382000
0.511000
0.751000
0.604000
0.666000
nan
0.431000
0.560000
0.595000
nan
0.897000
nan
nan
0.688000
0.595000
0.391000
nan
nan
0.688000
0.879000
0.608000
nan
nan
nan
nan
nan
nan
0.724000
0.893000
nan
0.569000
0.640000
0.657000
nan
0.968000
nan
0.475000
nan
0.831000
0.422000
0.370000
0.370000
nan
nan
0.844000
nan
nan
nan
nan
0.791000
0.370000
nan
0.600000
0.933000
nan
nan
0.773000
0.493000
nan
0.511000
0.586000
0.413000
0.591000
nan
nan
nan
nan
0.879000
nan
1.000000
1.000000
1.000000
0.817000
nan
nan
0.486000
0.296000
0.379000
0.581000
nan
0.335000
nan
nan
0.376000
0.716000
0.723000
nan
nan
0.546000
0.663000
nan
nan
0.420000
nan
0.783000
0.303000
0.477000
0.780000
0.969000
0.625000
0.947000
nan
nan
0.379000
nan
0.458000
nan
nan
nan
nan
nan
nan
nan
0.612000
0.615000
nan
0.445000
0.489000
nan
nan
nan
nan
nan
nan
0.653000
0.672000
0.896000
nan
0.817000
0.941000
nan
nan
nan
0.959000
0.691000
1.000000
nan
nan
nan
0.574000
nan
nan
0.792000
0.612000
0.410000
0.581000
nan
0.429000
nan
0.372000
0.331000
1.000000
nan
0.656000
0.808000
nan
0.937000
nan
nan
0.296000
0.518000
0.296000
nan
nan
nan
nan
0.988000
nan
nan
1.000000
0.909000
nan
nan
0.649000
0.951000
nan
nan
nan
nan
0.383000
0.765000
nan
0.494000
0.702000
nan
nan
nan
0.843000
0.920000
nan
nan
0.359000
0.298000
nan
0.914000
0.845000
0.587000
0.869000
1.000000
nan
0.457000
nan
nan
nan
nan
nan
0.346000
0.401000
0.558000
0.675000
0.795000
nan
0.819000
nan
nan
0.364000
0.425000
nan
0.603000
nan
nan
1.000000
0.747000
0.978000
0.566000
nan
nan
0.848000
0.478000
nan
nan
nan
nan
0.369000
nan
nan
nan
0.298000
0.335000
0.316000
nan
0.941000
nan
nan
nan
0.383000
nan
nan
nan
nan
0.651000
0.962000
0.691000
nan
0.425000
0.707000
1.000000
0.298000
0.314000
0.481000
0.335000
nan
nan
0.316000
nan
0.529000
0.577000
nan
1.000000
nan
nan
nan
nan
nan
0.477000
1.000000
nan
0.229000
1.000000
0.984000
nan
0.889000
nan
nan
0.216000
nan
0.268000
nan
0.155000
0.268000
0.467000
0.484000
nan
nan
nan
0.592000
0.745000
0.337000
nan
0.392000
0.301000
nan
nan
nan
nan
nan
nan
nan
nan
nan
0.379000
0.209000
0.516000
0.265000
nan
0.598000
0.791000
nan
nan
nan
0.363000
0.392000
nan
nan
0.611000
0.431000
0.379000
nan
0.216000
0.425000
0.644000
0.330000
0.304000
nan
0.529000
nan
0.376000
0.628000
0.304000
0.317000
nan
0.173000
0.461000
nan
nan
0.317000
nan
0.523000
nan
nan
0.235000
0.333000
0.265000
nan
nan
0.155000
nan
nan
0.271000
0.232000
nan
0.155000
0.392000
nan
nan
nan
nan
0.283000
0.270000
0.898000
1.000000
0.675000
nan
nan
0.910000
0.717000
0.789000
0.946000
nan
0.337000
0.663000
0.675000
nan
nan
nan
0.542000
nan
nan
nan
0.270000
0.482000
nan
0.621000
0.591000
nan
0.506000
nan
0.765000
0.615000
0.500000
0.807000
0.343000
nan
nan
0.356000
0.856000
nan
0.838000
nan
nan
nan
nan
nan
0.494000
0.657000
nan
0.651000
nan
nan
nan
nan
nan
nan
0.970000
nan
nan
nan
nan
nan
0.440000
0.578000
0.651000
0.270000
nan
0.964000
0.446000
0.554000
nan
nan
0.633000
1.000000
0.464000
0.699000
0.753000
0.578000
0.675000
nan
0.524000
nan
0.542000
nan
0.609000
nan
nan
1.000000
0.488000
0.285000
0.453000
nan
nan
0.484000
0.341000
nan
nan
nan
nan
nan
nan
nan
nan
0.464000
nan
0.718000
0.749000
nan
0.739000
0.540000
nan
nan
0.672000
0.703000
nan
1.000000
nan
nan
nan
1.000000
nan
0.127000
nan
nan
nan
nan
0.214000
nan
0.114000
1.000000
nan
nan
0.983000
0.723000
nan
nan
nan
0.114000
0.219000
0.117000
nan
nan
0.114000
0.586000
0.234000
0.331000
0.586000
nan
0.953000
0.438000
0.143000
0.138000
nan
0.876000
nan
0.774000
nan
nan
nan
0.331000
0.132000
nan
nan
nan
nan
nan
0.387000
nan
nan
nan
0.520000
0.270000
0.311000
nan
0.306000
nan
nan
nan
0.983000
nan
nan
0.667000
nan
nan
nan
nan
nan
nan
nan
0.907000
nan
nan
nan
0.565000
0.316000
0.346000
0.805000
0.815000
nan
0.494000
nan
nan
0.652000
0.282000
nan
0.659000
nan
0.442000
0.445000
nan
nan
0.343000
nan
nan
0.211000
0.442000
nan
nan
nan
nan
nan
0.533000
nan
nan
nan
0.238000
0.169000
nan
0.948000
0.557000
nan
0.853000
0.472000
nan
nan
0.350000
0.380000
nan
0.900000
nan
0.248000
0.431000
0.506000
nan
0.829000
nan
nan
nan
nan
nan
nan
0.703000
nan
nan
nan
0.900000
1.000000
0.554000
0.353000
0.401000
0.309000
0.217000
nan
nan
nan
0.594000
nan
0.693000
nan
nan
0.329000
nan
0.169000
nan
0.380000
nan
nan
1.000000
nan
nan
nan
0.890000
nan
1.000000
nan
nan
nan
0.204000
nan
nan
nan
nan
0.251000
nan
0.941000
nan
nan
0.169000
0.173000
nan
nan
nan
0.581000
nan
0.187000
0.251000
nan
nan
nan
nan
0.357000
0.730000
0.503000
0.673000
nan
nan
nan
0.659000
0.596000
0.744000
0.310000
nan
nan
nan
0.709000
1.000000
0.345000
0.901000
0.714000
nan
nan
nan
nan
nan
0.837000
nan
nan
nan
nan
nan
nan
nan
0.655000
nan
nan
nan
nan
nan
0.532000
nan
0.473000
0.758000
0.852000
0.916000
nan
0.621000
nan
nan
0.261000
0.625000
nan
nan
0.561000
0.271000
0.237000
0.414000
0.566000
nan
0.827000
nan
nan
nan
nan
nan
nan
nan
0.660000
nan
nan
0.547000
nan
nan
nan
nan
nan
0.660000
0.621000
nan
0.758000
0.492000
nan
nan
nan
0.483000
0.581000
0.694000
nan
nan
0.877000
0.616000
0.428000
0.414000
1.000000
nan
nan
nan
0.660000
nan
nan
0.827000
nan
0.566000
nan
0.586000
nan
nan
0.345000
0.473000
nan
nan
0.237000
nan
nan
0.237000
nan
nan
0.891000
0.492000
nan
nan
0.547000
1.000000
0.366000
0.228000
nan
0.407000
0.164000
1.000000
nan
0.792000
nan
0.340000
0.194000
0.303000
0.523000
nan
nan
nan
nan
0.168000
0.321000
0.284000
0.176000
0.792000
nan
0.321000
0.228000
0.187000
nan
0.926000
1.000000
nan
1.000000
0.571000
nan
nan
0.908000
0.911000
nan
0.990000
0.803000
nan
nan
nan
nan
nan
0.415000
nan
0.142000
0.176000
0.314000
nan
nan
nan
0.747000
nan
nan
nan
nan
nan
0.325000
nan
nan
0.721000
nan
nan
0.317000
nan
nan
nan
0.187000
0.258000
nan
0.198000
0.183000
nan
nan
0.456000
0.583000
nan
0.642000
0.530000
nan
0.706000
nan
0.276000
nan
nan
nan
nan
0.116000
0.157000
0.116000
0.116000
0.426000
nan
nan
0.116000
0.340000
0.680000
0.538000
0.649000
0.792000
0.934000
nan
1.000000
nan
0.507000
nan
nan
0.223000
0.334000
0.303000
nan
nan
nan
nan
nan
nan
0.371000
nan
nan
nan
0.637000
nan
0.532000
nan
nan
nan
nan
nan
nan
nan
0.229000
nan
0.767000
nan
0.730000
0.841000
nan
nan
nan
0.204000
nan
0.773000
0.421000
0.377000
0.192000
0.829000
nan
nan
0.618000
nan
nan
nan
nan
nan
nan
0.952000
nan
0.464000
nan
nan
nan
nan
0.136000
0.371000
nan
nan
1.000000
nan
nan
nan
nan
0.155000
0.129000
0.129000
0.129000
1.000000
nan
nan
0.346000
nan
0.235000
0.148000
0.526000
0.451000
0.526000
nan
nan
0.656000
0.315000
0.625000
0.649000
nan
nan
0.767000
0.649000
nan
nan
nan
nan
nan
0.754000
0.693000
nan
0.495000
0.307000
0.518000
0.824000
nan
nan
0.457000
0.261000
0.603000
nan
0.256000
nan
nan
0.432000
0.668000
0.739000
nan
0.814000
0.930000
0.452000
nan
nan
0.193000
nan
nan
0.261000
0.193000
nan
0.588000
1.000000
nan
0.337000
nan
0.432000
nan
0.291000
0.221000
0.648000
1.000000
nan
0.302000
nan
1.000000
0.839000
nan
0.799000
nan
nan
nan
0.538000
nan
0.764000
0.598000
0.784000
0.437000
nan
0.714000
1.000000
nan
nan
nan
nan
0.193000
nan
0.291000
nan
0.824000
nan
0.543000
0.628000
0.236000
nan
nan
0.231000
0.302000
nan
0.412000
0.452000
nan
0.432000
0.744000
0.613000
nan
0.663000
nan
0.201000
nan
nan
0.525000
nan
0.479000
0.651000
nan
nan
nan
0.859000
nan
0.547000
nan
nan
0.488000
0.231000
nan
0.403000
nan
nan
0.746000
nan
nan
0.348000
nan
nan
0.240000
0.511000
0.561000
nan
nan
0.267000
0.299000
0.660000
nan
0.565000
0.706000
1.000000
0.995000
nan
0.285000
0.218000
nan
nan
nan
nan
nan
0.357000
0.873000
0.810000
0.810000
0.434000
0.276000
0.597000
0.674000
nan
nan
nan
0.769000
nan
nan
nan
0.285000
nan
nan
0.516000
0.855000
0.764000
nan
nan
0.353000
0.218000
0.801000
0.923000
0.443000
0.737000
1.000000
nan
0.769000
nan
0.493000
0.724000
0.972000
nan
nan
nan
nan
nan
nan
0.218000
nan
0.484000
0.692000
1.000000
nan
nan
0.717000
nan
0.935000
0.338000
0.597000
nan
0.574000
0.877000
0.913000
nan
0.588000
0.632000
nan
nan
nan
nan
0.998000
nan
0.499000
0.583000
nan
nan
0.891000
nan
nan
1.000000
0.699000
0.797000
0.957000
0.659000
nan
0.842000
0.637000
0.908000
nan
nan
0.365000
0.468000
nan
0.472000
nan
nan
1.000000
0.374000
nan
0.308000
0.561000
0.308000
nan
0.900000
nan
1.000000
nan
nan
nan
nan
0.308000
nan
0.949000
nan
0.450000
0.998000
0.606000
0.543000
0.583000
0.623000
0.530000
nan
nan
0.325000
0.566000
0.539000
0.548000
0.775000
nan
nan
nan
0.450000
nan
nan
0.984000
nan
nan
nan
0.597000
0.534000
0.717000
nan
nan
nan
nan
nan
nan
nan
nan
nan
nan
nan
0.580000
nan
nan
nan
nan
nan
0.284000
0.764000
0.771000
0.727000
0.727000
nan
0.388000
0.734000
0.475000
nan
0.703000
0.900000
nan
nan
nan
0.215000
0.444000
nan
0.277000
nan
nan
nan
0.376000
nan
0.617000
0.783000
0.703000
nan
0.660000
nan
0.549000
0.684000
nan
nan
nan
nan
nan
0.215000
nan
nan
0.703000
nan
0.764000
nan
nan
nan
0.801000
0.851000
nan
nan
0.968000
0.684000
0.512000
nan
nan
0.253000
0.253000
0.586000
1.000000
nan
nan
nan
0.986000
nan
nan
1.000000
0.752000
nan
0.752000
0.543000
0.567000
0.703000
nan
nan
nan
nan
0.703000
nan
nan
nan
nan
1.000000
0.518000
0.401000
0.215000
0.401000
nan
0.222000
nan
0.641000
0.345000
nan
0.469000
nan
nan
0.496000
0.304000
nan
nan
nan
nan
nan
0.204000
nan
nan
0.377000
0.684000
nan
nan
0.492000
0.576000
nan
nan
nan
0.273000
nan
nan
0.380000
nan
0.434000
nan
nan
nan
0.300000
0.155000
0.177000
nan
nan
nan
nan
nan
nan
nan
nan
nan
nan
nan
0.461000
nan
0.254000
0.354000
nan
nan
nan
nan
0.338000
0.407000
0.354000
nan
nan
nan
nan
0.492000
0.396000
nan
0.565000
0.238000
0.553000
nan
nan
nan
nan
nan
nan
nan
0.155000
nan
nan
0.304000
nan
nan
nan
0.907000
0.703000
1.000000
nan
0.327000
0.273000
0.338000
nan
nan
nan
nan
1.000000
0.527000
1.000000
0.515000
0.155000
0.161000
nan
nan
0.231000
0.738000
0.892000
nan
0.396000
nan
0.338000
0.523000
nan
0.584000
nan
0.507000
0.400000
nan
0.392000
0.477000
0.446000
nan
nan
nan
nan
nan
0.389000
nan
nan
nan
nan
nan
0.725000
0.783000
0.629000
nan
nan
nan
0.533000
nan
nan
0.341000
0.421000
0.576000
nan
nan
nan
nan
0.671000
0.789000
nan
nan
0.549000
nan
nan
0.341000
1.000000
nan
nan
0.576000
0.991000
nan
0.869000
0.602000
nan
0.794000
0.981000
0.965000
nan
nan
nan
0.338000
nan
nan
nan
nan
0.869000
1.000000
nan
0.682000
nan
0.517000
nan
0.338000
0.338000
nan
0.677000
nan
0.650000
0.949000
0.943000
nan
0.826000
nan
nan
0.682000
nan
1.000000
0.933000
nan
nan
nan
nan
0.906000
0.698000
0.757000
0.911000
nan
nan
0.965000
nan
nan
0.869000
0.863000
nan
nan
nan
nan
nan
nan
nan
0.528000
0.794000
nan
nan
nan
nan
nan
0.458000
nan
0.837000
nan
0.842000
nan
0.821000
nan
0.650000
0.544000
nan
0.632000
0.299000
nan
1.000000
1.000000
nan
0.411000
0.411000
nan
nan
0.373000
0.299000
nan
nan
0.665000
nan
nan
nan
nan
0.378000
nan
nan
nan
nan
nan
nan
nan
0.616000
0.340000
nan
0.902000
nan
nan
0.432000
nan
nan
nan
0.719000
0.783000
nan
0.421000
0.513000
0.540000
nan
0.299000
nan
nan
nan
0.702000
0.578000
nan
nan
nan
nan
0.648000
0.573000
nan
nan
nan
nan
0.913000
nan
nan
0.783000
0.827000
nan
nan
nan
nan
0.843000
0.675000
nan
nan
nan
0.535000
0.810000
nan
nan
nan
nan
nan
nan
0.935000
nan
0.394000
nan
0.524000
1.000000
0.886000
0.821000
0.713000
0.475000
nan
nan
nan
nan
0.729000
nan
0.335000
0.708000
0.389000
0.475000
nan
nan
0.562000
0.810000
0.600000
nan
nan
0.411000
0.719000
nan
nan
nan
nan
nan
nan
0.340000
nan
nan
nan
nan
nan
nan
nan
1.000000
0.854000
nan
nan
0.287000
0.401000
0.217000
nan
0.694000
nan
0.548000
0.465000
0.280000
nan
nan
0.207000
0.401000
nan
0.548000
0.637000
nan
nan
0.758000
1.000000
nan
0.306000
nan
nan
nan
nan
nan
nan
0.299000
nan
0.210000
0.207000
nan
0.248000
0.465000
nan
nan
0.771000
0.790000
nan
nan
nan
0.465000
nan
nan
nan
nan
1.000000
0.255000
0.293000
0.930000
nan
0.758000
0.541000
nan
nan
0.561000
nan
nan
0.650000
0.611000
nan
0.535000
nan
0.631000
0.331000
nan
0.318000
nan
0.293000
nan
0.484000
0.433000
nan
0.930000
0.650000
0.656000
0.637000
nan
0.207000
nan
nan
nan
0.236000
nan
nan
0.726000
0.592000
nan
nan
nan
nan
nan
nan
nan
nan
nan
0.567000
nan
0.229000
nan
0.424000
0.798000
nan
nan
nan
0.492000
0.441000
nan
nan
0.840000
0.967000
0.942000
0.755000
0.552000
0.424000
nan
0.492000
0.670000
nan
0.713000
nan
0.577000
0.806000
nan
0.390000
nan
0.339000
0.789000
1.000000
0.518000
nan
0.238000
0.194000
0.204000
nan
0.569000
nan
nan
nan
nan
0.365000
nan
nan
nan
0.433000
nan
nan
nan
nan
0.399000
0.331000
0.764000
0.645000
nan
nan
nan
nan
0.458000
0.475000
0.602000
1.000000
nan
0.348000
0.450000
nan
0.823000
0.747000
0.874000
nan
0.518000
nan
nan
0.339000
0.933000
0.781000
nan
1.000000
nan
0.238000
0.194000
0.194000
nan
nan
0.755000
0.619000
nan
0.560000
0.560000
nan
0.440000
nan
nan
0.560000
0.660000
0.920000
nan
nan
0.370000
nan
nan
1.000000
0.750000
nan
nan
0.950000
nan
0.420000
0.830000
nan
nan
0.840000
nan
0.520000
nan
0.310000
nan
nan
nan
nan
0.760000
0.380000
0.720000
0.640000
0.750000
0.540000
0.890000
nan
0.770000
nan
0.480000
nan
nan
nan
nan
0.160000
1.000000
0.720000
0.890000
0.800000
nan
0.240000
0.138000
0.360000
0.800000
0.830000
nan
0.760000
0.300000
0.690000
0.800000
nan
0.810000
nan
nan
nan
0.270000
nan
0.720000
nan
0.370000
0.870000
nan
nan
0.800000
1.000000
nan
0.190000
0.138000
0.360000
nan
nan
nan
0.200000
0.138000
nan
0.154000
nan
nan
nan
nan
0.722000
0.916000
0.925000
nan
nan
0.779000
0.706000
0.795000
nan
0.584000
0.608000
1.000000
0.965000
nan
0.324000
nan
nan
0.462000
0.211000
nan
nan
nan
nan
0.738000
0.649000
nan
0.641000
0.738000
nan
0.446000
nan
0.852000
0.730000
nan
0.616000
nan
nan
nan
0.487000
nan
nan
0.373000
nan
nan
0.422000
0.154000
nan
nan
0.105000
0.446000
nan
1.000000
1.000000
0.552000
0.973000
0.706000
nan
nan
0.268000
0.308000
nan
nan
0.357000
nan
nan
nan
nan
nan
nan
nan
nan
nan
0.251000
nan
nan
0.689000
0.835000
nan
0.787000
0.430000
nan
nan
nan
0.195000
nan
nan
nan
nan
nan
nan
nan
nan
0.187000
0.097000
0.097000
nan
nan
nan
nan
0.495000
0.592000
nan
nan
nan
nan
nan
nan
nan
nan
nan
0.333000
nan
0.195000
nan
nan
nan
nan
0.097000
