Coverage(RPKM): 224.468085
0.000000
nan
nan
nan
0.333000
0.333000
nan
nan
nan
nan
nan
0.333000
0.333000
0.000000
nan
nan
nan
0.333000
nan
0.333000
nan
nan
0.333000
nan
0.000000
nan
0.333000
0.667000
0.333000
1.000000
nan
0.000000
nan
nan
nan
nan
0.000000
nan
0.667000
nan
0.333000
0.000000
nan
0.000000
nan
0.333000
nan
0.000000
0.000000
1.000000
nan
nan
0.000000
0.000000
0.333000
0.667000
1.000000
0.000000
nan
nan
0.000000
0.000000
nan
nan
nan
nan
0.333000
0.500000
nan
0.667000
0.000000
0.333000
0.000000
nan
0.167000
0.000000
0.167000
nan
1.000000
nan
1.000000
0.333000
nan
0.500000
0.667000
0.667000
nan
nan
nan
0.333000
0.333000
nan
0.333000
0.440000
nan
1.000000
1.000000
0.659000
nan
0.000000
0.659000
nan
nan
0.000000
0.440000
0.879000
nan
nan
nan
0.879000
nan
nan
nan
nan
nan
0.220000
nan
nan
nan
nan
0.000000
0.000000
0.440000
0.440000
0.000000
0.440000
0.440000
0.000000
nan
nan
0.440000
nan
nan
nan
nan
0.000000
0.440000
0.220000
0.659000
0.000000
0.000000
0.440000
0.000000
0.000000
0.000000
0.000000
nan
nan
nan
nan
nan
nan
nan
0.000000
nan
0.220000
nan
0.440000
0.000000
0.659000
0.659000
nan
nan
1.000000
nan
nan
0.440000
nan
0.440000
nan
0.220000
0.000000
0.000000
0.659000
0.000000
0.000000
nan
nan
0.000000
nan
0.000000
0.000000
0.000000
0.000000
0.000000
1.000000
nan
nan
nan
nan
0.333000
nan
0.333000
0.667000
nan
nan
nan
nan
nan
0.000000
1.000000
0.000000
nan
nan
nan
nan
0.000000
0.000000
nan
0.167000
nan
0.333000
0.333000
nan
nan
nan
nan
0.000000
0.500000
nan
0.000000
0.000000
nan
1.000000
0.000000
0.667000
0.333000
0.333000
nan
0.667000
0.333000
nan
nan
nan
0.500000
0.000000
nan
nan
0.333000
0.667000
0.000000
0.167000
nan
0.167000
nan
nan
1.000000
0.667000
0.333000
nan
0.333000
nan
nan
nan
0.167000
0.000000
nan
nan
nan
0.333000
nan
nan
0.333000
nan
0.167000
0.667000
nan
0.167000
nan
0.000000
0.000000
0.000000
nan
nan
0.000000
0.000000
nan
0.000000
0.000000
1.000000
nan
0.500000
0.000000
0.167000
nan
0.000000
0.667000
0.167000
nan
nan
0.000000
0.833000
nan
0.333000
0.000000
nan
0.000000
nan
0.167000
nan
0.667000
nan
1.000000
0.667000
nan
0.000000
0.333000
nan
0.000000
nan
nan
nan
nan
nan
nan
nan
nan
0.000000
nan
nan
nan
nan
nan
nan
0.000000
0.333000
nan
nan
0.500000
nan
0.000000
0.333000
nan
1.000000
nan
nan
nan
nan
nan
nan
0.333000
nan
0.333000
0.333000
nan
nan
nan
0.333000
nan
nan
0.333000
0.833000
0.667000
nan
0.333000
nan
nan
nan
nan
0.167000
0.333000
nan
nan
nan
nan
nan
nan
nan
0.667000
nan
0.000000
0.000000
0.000000
nan
nan
nan
0.167000
1.000000
nan
0.333000
nan
0.833000
nan
nan
nan
nan
nan
nan
nan
0.333000
1.000000
0.333000
nan
0.000000
nan
nan
0.000000
nan
0.667000
0.600000
nan
0.200000
nan
nan
0.400000
nan
0.400000
0.300000
0.100000
0.800000
0.600000
0.400000
nan
1.000000
nan
0.900000
0.000000
nan
nan
nan
nan
nan
nan
nan
nan
nan
0.700000
0.400000
nan
0.000000
0.400000
0.400000
0.200000
nan
0.400000
0.000000
0.400000
0.900000
0.700000
nan
nan
0.600000
0.000000
nan
nan
0.200000
0.200000
0.000000
0.000000
0.200000
0.600000
0.100000
nan
0.400000
nan
0.200000
0.200000
0.300000
nan
nan
0.500000
0.200000
0.200000
1.000000
nan
1.000000
nan
1.000000
nan
nan
nan
nan
0.200000
0.400000
nan
nan
nan
0.400000
nan
nan
nan
nan
nan
nan
nan
nan
0.000000
0.000000
0.200000
1.000000
nan
0.500000
0.125000
nan
nan
0.500000
nan
nan
0.250000
0.500000
1.000000
nan
0.500000
0.000000
nan
nan
nan
nan
0.250000
0.500000
nan
nan
nan
nan
0.375000
nan
nan
nan
0.000000
0.000000
0.000000
nan
0.250000
nan
nan
nan
nan
0.375000
0.375000
nan
nan
1.000000
0.000000
0.375000
0.000000
nan
0.000000
nan
nan
0.250000
0.000000
0.875000
0.500000
nan
nan
nan
nan
0.000000
0.375000
nan
nan
1.000000
nan
0.000000
nan
0.000000
nan
0.000000
0.500000
0.500000
0.000000
nan
0.875000
nan
0.500000
nan
1.000000
nan
nan
0.375000
nan
0.000000
nan
0.750000
0.250000
0.000000
nan
0.625000
0.500000
0.625000
nan
nan
nan
nan
nan
0.000000
0.125000
nan
nan
0.250000
nan
nan
nan
nan
nan
nan
nan
0.500000
0.000000
0.795000
nan
nan
nan
0.795000
0.000000
nan
0.795000
nan
nan
0.000000
0.795000
0.265000
nan
nan
nan
0.795000
0.397000
0.000000
nan
0.530000
nan
0.662000
0.397000
0.265000
nan
0.000000
nan
0.000000
nan
0.662000
0.265000
nan
0.795000
nan
nan
nan
0.662000
0.000000
nan
0.000000
nan
nan
nan
1.000000
0.795000
0.397000
0.927000
0.265000
0.530000
nan
nan
nan
0.000000
nan
0.000000
0.265000
0.000000
nan
0.132000
0.000000
nan
nan
0.000000
0.397000
1.000000
nan
nan
nan
nan
nan
0.530000
0.265000
0.530000
0.397000
nan
0.132000
nan
0.265000
nan
0.265000
1.000000
nan
0.000000
nan
nan
0.132000
nan
nan
nan
nan
nan
0.000000
nan
nan
0.000000
0.000000
nan
nan
nan
0.220000
1.000000
nan
0.000000
nan
0.220000
0.440000
0.440000
0.000000
0.000000
0.440000
0.879000
0.000000
nan
nan
nan
nan
1.000000
nan
nan
nan
nan
nan
nan
nan
0.000000
0.659000
0.220000
nan
0.220000
nan
0.440000
0.000000
0.000000
0.000000
0.879000
nan
nan
nan
nan
0.220000
0.879000
nan
nan
nan
nan
nan
nan
nan
0.000000
0.440000
0.000000
nan
0.440000
nan
0.220000
0.879000
0.000000
0.220000
0.220000
0.440000
0.440000
nan
nan
0.000000
0.000000
0.440000
nan
0.000000
nan
0.220000
nan
0.000000
1.000000
0.440000
nan
0.440000
nan
nan
0.659000
0.440000
0.000000
0.000000
nan
0.220000
nan
0.000000
0.879000
0.000000
0.250000
0.000000
nan
nan
nan
nan
nan
0.250000
0.250000
nan
nan
0.000000
nan
nan
nan
0.500000
1.000000
0.000000
nan
0.000000
nan
nan
nan
nan
nan
nan
nan
nan
nan
0.500000
0.000000
0.250000
nan
0.500000
0.250000
0.000000
nan
0.000000
nan
0.000000
nan
nan
nan
0.000000
0.000000
nan
0.500000
0.750000
0.000000
0.500000
0.250000
nan
nan
nan
0.250000
0.500000
nan
0.000000
nan
0.000000
nan
0.000000
0.250000
nan
0.500000
nan
0.000000
0.000000
nan
nan
0.500000
nan
1.000000
nan
0.000000
nan
nan
nan
nan
0.500000
0.500000
0.000000
0.500000
nan
0.000000
0.500000
nan
nan
0.500000
0.000000
0.000000
nan
nan
1.000000
nan
nan
nan
nan
0.500000
nan
nan
1.000000
0.000000
nan
0.141000
0.563000
0.563000
nan
0.141000
0.282000
0.141000
nan
nan
nan
nan
0.000000
nan
nan
0.000000
0.000000
nan
0.423000
0.563000
nan
0.000000
nan
nan
nan
0.000000
0.000000
nan
nan
nan
0.000000
nan
nan
nan
0.423000
nan
nan
nan
0.845000
1.000000
0.000000
0.563000
0.000000
nan
0.282000
nan
0.282000
0.563000
nan
nan
1.000000
nan
0.282000
nan
0.282000
0.282000
nan
nan
nan
nan
nan
0.563000
0.000000
0.000000
nan
0.000000
nan
nan
0.563000
0.845000
nan
nan
0.704000
1.000000
nan
0.282000
nan
nan
0.845000
0.282000
nan
nan
nan
nan
nan
0.282000
nan
0.000000
nan
0.000000
0.563000
nan
0.563000
0.000000
nan
nan
nan
0.845000
nan
nan
0.282000
nan
nan
nan
0.282000
0.423000
0.563000
0.000000
0.000000
nan
nan
nan
0.000000
0.833000
0.000000
nan
0.000000
nan
nan
0.333000
0.000000
0.333000
nan
nan
0.000000
nan
0.000000
0.667000
0.333000
nan
nan
nan
0.500000
0.000000
0.000000
1.000000
0.833000
nan
nan
0.000000
nan
1.000000
nan
nan
0.667000
0.333000
nan
nan
nan
nan
0.000000
0.333000
0.000000
nan
nan
nan
0.000000
0.667000
nan
0.333000
0.167000
1.000000
0.667000
0.000000
0.000000
nan
nan
nan
0.667000
nan
0.000000
0.000000
0.000000
0.000000
nan
nan
nan
nan
0.000000
0.833000
1.000000
0.333000
nan
0.500000
nan
nan
nan
0.000000
nan
nan
nan
nan
0.000000
nan
nan
nan
nan
0.000000
nan
0.667000
0.667000
nan
0.333000
nan
0.333000
0.000000
nan
nan
nan
0.000000
nan
0.000000
nan
nan
nan
nan
0.000000
nan
nan
nan
0.234000
0.234000
0.117000
nan
nan
nan
0.468000
0.234000
0.000000
0.351000
nan
nan
nan
nan
nan
nan
0.234000
nan
0.234000
nan
0.000000
0.234000
nan
0.000000
0.000000
nan
0.234000
0.351000
nan
0.117000
0.117000
0.234000
0.117000
nan
nan
0.000000
0.468000
0.117000
nan
0.468000
0.000000
nan
nan
nan
nan
0.585000
0.351000
0.000000
nan
nan
nan
nan
nan
0.000000
0.234000
0.936000
0.234000
0.000000
0.234000
nan
nan
0.000000
0.000000
nan
nan
nan
0.000000
nan
1.000000
0.117000
0.234000
nan
nan
0.351000
nan
nan
nan
nan
0.000000
0.234000
nan
1.000000
nan
nan
nan
nan
0.000000
nan
1.000000
0.234000
1.000000
0.656000
0.328000
nan
nan
0.000000
nan
1.000000
0.656000
nan
nan
0.656000
nan
nan
nan
1.000000
nan
nan
0.820000
nan
nan
nan
nan
nan
nan
nan
0.656000
0.000000
nan
nan
0.000000
nan
nan
0.000000
nan
nan
nan
nan
0.328000
0.656000
nan
0.328000
0.000000
0.492000
nan
nan
0.328000
0.328000
0.328000
nan
nan
nan
nan
0.492000
nan
0.656000
0.820000
nan
0.000000
0.000000
nan
0.656000
nan
nan
nan
nan
nan
nan
0.000000
0.164000
nan
0.164000
0.164000
nan
0.492000
0.492000
0.000000
0.164000
0.656000
0.328000
nan
0.000000
0.328000
nan
nan
0.492000
0.492000
0.000000
0.000000
0.164000
0.000000
0.000000
0.000000
nan
nan
0.000000
nan
0.820000
nan
0.000000
0.000000
nan
0.750000
0.000000
nan
0.250000
1.000000
0.000000
nan
nan
nan
0.500000
1.000000
nan
0.250000
nan
nan
0.250000
1.000000
0.750000
nan
0.000000
0.500000
nan
0.000000
0.000000
0.000000
nan
0.500000
0.500000
0.000000
nan
0.250000
0.750000
0.000000
nan
nan
0.500000
nan
nan
0.000000
0.250000
nan
0.750000
0.250000
nan
0.500000
nan
1.000000
nan
0.250000
nan
nan
0.000000
nan
nan
0.000000
0.000000
0.000000
0.500000
0.500000
nan
0.500000
nan
0.500000
0.000000
nan
nan
0.000000
0.000000
nan
nan
nan
nan
nan
nan
nan
nan
0.250000
0.000000
0.000000
0.000000
0.000000
nan
nan
0.000000
0.000000
nan
nan
0.500000
nan
nan
nan
0.667000
nan
nan
0.333000
1.000000
0.000000
nan
0.000000
0.000000
nan
nan
0.667000
0.000000
0.000000
0.333000
nan
0.000000
0.667000
0.000000
0.000000
0.000000
0.000000
0.000000
nan
nan
nan
nan
nan
nan
nan
nan
0.000000
nan
0.000000
nan
0.000000
nan
0.667000
0.333000
0.000000
nan
nan
1.000000
0.000000
nan
0.667000
0.000000
nan
nan
0.333000
0.000000
0.667000
nan
0.000000
1.000000
nan
nan
nan
0.667000
1.000000
nan
nan
0.000000
0.000000
0.000000
0.000000
0.000000
0.000000
0.000000
0.000000
0.667000
nan
0.000000
0.000000
nan
nan
0.000000
0.000000
nan
nan
nan
0.000000
0.000000
nan
0.000000
nan
0.440000
nan
0.000000
nan
0.440000
nan
nan
0.440000
0.879000
0.879000
0.000000
nan
0.440000
0.879000
nan
nan
nan
nan
0.659000
0.440000
0.000000
nan
0.440000
nan
nan
nan
nan
0.000000
nan
nan
nan
nan
nan
0.440000
nan
0.220000
nan
0.440000
nan
0.000000
nan
nan
nan
nan
nan
1.000000
nan
nan
nan
nan
0.879000
nan
nan
0.440000
nan
nan
nan
0.440000
nan
0.879000
nan
0.440000
nan
0.000000
0.440000
1.000000
nan
0.000000
0.879000
0.000000
nan
0.000000
0.000000
0.440000
nan
0.000000
0.440000
0.440000
0.659000
0.879000
nan
0.000000
nan
0.000000
nan
nan
nan
0.000000
nan
0.440000
0.000000
nan
nan
0.000000
1.000000
nan
nan
0.000000
nan
nan
nan
nan
0.000000
nan
nan
nan
nan
0.000000
0.440000
nan
nan
nan
0.000000
nan
0.000000
0.000000
0.000000
0.250000
nan
0.000000
nan
0.000000
nan
nan
nan
nan
0.000000
nan
0.500000
0.000000
0.000000
nan
nan
nan
0.250000
0.250000
0.500000
0.500000
0.500000
0.250000
0.000000
nan
0.000000
0.000000
0.000000
0.000000
nan
nan
nan
0.000000
1.000000
0.750000
nan
nan
nan
nan
nan
0.000000
1.000000
1.000000
0.000000
nan
nan
0.000000
nan
0.000000
0.750000
0.250000
nan
nan
nan
nan
1.000000
nan
0.500000
nan
nan
nan
0.000000
0.500000
nan
0.750000
nan
0.750000
nan
0.500000
0.500000
0.750000
0.500000
nan
nan
0.250000
nan
nan
0.500000
nan
nan
0.000000
nan
nan
nan
nan
0.500000
0.000000
nan
nan
nan
0.500000
nan
1.000000
0.500000
0.081000
0.162000
0.040000
nan
nan
nan
nan
0.162000
nan
0.081000
0.000000
nan
nan
nan
0.081000
nan
nan
0.121000
0.040000
nan
0.162000
0.081000
nan
nan
nan
nan
nan
nan
nan
0.000000
0.081000
nan
nan
nan
nan
nan
nan
nan
nan
0.000000
nan
0.000000
nan
0.000000
nan
nan
nan
nan
0.162000
0.283000
nan
nan
0.162000
nan
0.444000
nan
0.162000
nan
nan
nan
nan
0.000000
nan
nan
nan
nan
0.000000
0.081000
nan
0.000000
0.000000
0.162000
nan
nan
nan
0.000000
nan
0.000000
nan
0.000000
0.000000
0.040000
0.162000
0.081000
0.000000
nan
nan
nan
nan
0.081000
0.081000
nan
nan
0.081000
nan
nan
nan
nan
0.202000
0.081000
1.000000
nan
nan
nan
0.040000
nan
0.040000
nan
nan
0.202000
1.000000
nan
0.040000
nan
1.000000
nan
nan
0.081000
0.000000
nan
nan
nan
0.889000
0.500000
nan
nan
0.000000
nan
nan
nan
nan
nan
nan
0.500000
0.500000
nan
0.000000
nan
nan
nan
0.500000
0.500000
nan
0.500000
0.000000
0.750000
0.000000
0.500000
0.000000
nan
nan
0.000000
nan
1.000000
nan
nan
nan
0.500000
0.000000
0.250000
nan
0.000000
nan
nan
0.000000
0.500000
0.750000
nan
0.000000
0.000000
0.000000
0.500000
nan
nan
0.500000
nan
0.000000
1.000000
0.500000
nan
nan
0.000000
nan
0.000000
0.000000
0.000000
nan
1.000000
nan
0.250000
nan
nan
nan
nan
nan
nan
nan
nan
nan
nan
nan
0.000000
nan
0.500000
1.000000
nan
nan
nan
0.000000
nan
nan
0.750000
0.500000
1.000000
nan
nan
0.500000
0.000000
nan
nan
0.000000
0.000000
nan
0.000000
nan
0.000000
nan
0.000000
nan
0.500000
nan
nan
0.500000
0.500000
nan
0.250000
0.000000
0.000000
0.000000
nan
0.000000
nan
0.000000
0.000000
nan
0.000000
nan
1.000000
nan
nan
nan
nan
0.000000
0.000000
nan
nan
0.250000
0.500000
nan
nan
0.000000
nan
0.500000
0.000000
0.000000
nan
nan
nan
nan
nan
nan
0.000000
0.000000
nan
0.500000
0.500000
nan
nan
0.000000
nan
nan
0.000000
0.000000
