Coverage(RPKM): 19158.715596
0.067000
nan
nan
0.070000
0.067000
nan
0.122000
0.067000
0.349000
0.244000
0.256000
nan
0.157000
0.274000
0.215000
0.442000
0.306000
0.317000
nan
nan
nan
nan
0.207000
nan
0.428000
0.591000
0.340000
nan
0.166000
nan
nan
0.274000
0.489000
0.585000
0.582000
0.442000
nan
0.343000
0.515000
nan
0.230000
nan
nan
0.547000
1.000000
nan
0.253000
nan
0.597000
nan
nan
nan
0.306000
nan
nan
nan
nan
nan
nan
nan
0.483000
1.000000
nan
0.602000
0.931000
nan
nan
0.343000
1.000000
0.597000
0.736000
nan
0.617000
0.695000
nan
0.730000
0.765000
nan
nan
nan
nan
nan
0.201000
0.355000
0.375000
0.439000
0.387000
0.471000
0.698000
nan
nan
0.199000
0.199000
0.883000
nan
nan
0.679000
0.854000
nan
nan
0.278000
0.199000
0.859000
nan
0.298000
nan
0.322000
nan
0.533000
0.722000
0.650000
1.000000
0.674000
0.936000
nan
0.233000
nan
nan
nan
nan
0.826000
nan
nan
nan
nan
nan
nan
0.374000
nan
0.334000
0.439000
0.727000
nan
0.487000
1.000000
0.238000
0.662000
1.000000
nan
0.732000
0.756000
nan
0.413000
0.353000
0.569000
nan
0.480000
0.386000
nan
0.218000
nan
nan
nan
0.718000
0.727000
nan
nan
0.391000
nan
nan
nan
nan
0.485000
0.492000
0.564000
0.571000
0.521000
nan
nan
0.614000
0.331000
0.276000
nan
0.437000
nan
0.900000
0.970000
nan
nan
1.000000
nan
0.098000
nan
nan
nan
nan
nan
0.193000
1.000000
nan
nan
nan
nan
nan
nan
nan
nan
nan
nan
0.312000
nan
0.284000
nan
0.266000
nan
nan
0.293000
0.325000
0.292000
nan
0.213000
nan
nan
nan
nan
nan
nan
nan
nan
nan
0.167000
nan
1.000000
nan
nan
nan
0.130000
0.984000
0.303000
nan
0.201000
0.200000
nan
nan
nan
0.088000
nan
nan
nan
nan
0.177000
nan
nan
0.621000
0.564000
0.637000
nan
nan
nan
nan
0.619000
0.533000
0.474000
0.647000
nan
nan
0.586000
0.554000
nan
nan
nan
0.454000
nan
0.306000
0.658000
nan
0.431000
0.496000
0.654000
nan
0.255000
0.182000
0.413000
0.390000
nan
0.174000
nan
0.296000
nan
0.168000
0.360000
nan
0.253000
0.494000
nan
nan
0.294000
0.339000
0.349000
0.311000
nan
0.136000
0.348000
0.431000
nan
0.456000
nan
0.421000
nan
0.361000
nan
0.804000
nan
0.652000
0.690000
0.348000
0.256000
nan
0.266000
nan
0.160000
nan
nan
0.317000
nan
nan
0.174000
nan
nan
0.269000
0.564000
nan
0.399000
0.244000
nan
0.160000
0.160000
