Coverage(RPKM): 146.037736
0.000000
nan
nan
nan
0.000000
0.000000
0.000000
nan
0.000000
nan
0.000000
nan
0.000000
nan
0.000000
0.000000
0.000000
1.000000
nan
nan
nan
nan
nan
nan
0.000000
0.000000
1.000000
nan
nan
1.000000
nan
nan
nan
nan
nan
0.000000
nan
0.000000
0.000000
0.000000
nan
nan
nan
nan
nan
nan
nan
0.000000
nan
1.000000
nan
nan
nan
0.000000
0.000000
1.000000
nan
0.000000
0.000000
nan
nan
0.000000
nan
nan
0.000000
nan
nan
0.000000
0.000000
nan
nan
0.000000
0.000000
0.000000
0.000000
nan
nan
nan
nan
nan
0.000000
nan
0.000000
nan
nan
0.000000
nan
nan
nan
nan
1.000000
0.000000
nan
nan
0.000000
0.000000
0.000000
0.500000
0.000000
nan
nan
1.000000
0.000000
nan
0.000000
1.000000
nan
nan
nan
0.000000
nan
nan
nan
0.000000
0.000000
0.000000
nan
nan
1.000000
0.000000
nan
1.000000
0.000000
0.000000
0.000000
0.000000
nan
0.000000
0.000000
nan
1.000000
nan
0.000000
1.000000
nan
nan
0.000000
1.000000
nan
nan
0.000000
nan
1.000000
nan
0.000000
nan
nan
1.000000
1.000000
0.000000
0.000000
nan
nan
1.000000
nan
0.000000
0.000000
1.000000
0.000000
1.000000
0.000000
nan
nan
nan
0.000000
0.000000
nan
nan
nan
nan
nan
0.000000
0.000000
1.000000
1.000000
nan
nan
0.000000
1.000000
0.000000
0.000000
nan
nan
0.000000
0.000000
nan
nan
nan
nan
0.000000
0.000000
0.000000
0.500000
nan
nan
0.000000
0.000000
0.000000
nan
0.000000
nan
0.000000
nan
0.000000
nan
nan
0.323000
nan
nan
nan
0.323000
0.000000
nan
nan
0.000000
0.323000
nan
0.000000
nan
0.000000
0.000000
0.000000
nan
0.000000
nan
nan
nan
nan
nan
nan
nan
0.000000
0.000000
0.645000
0.000000
1.000000
0.000000
nan
nan
nan
0.000000
nan
0.000000
nan
0.000000
nan
0.645000
nan
nan
nan
nan
0.000000
nan
nan
nan
nan
0.000000
0.645000
1.000000
nan
nan
0.645000
nan
nan
0.645000
nan
0.645000
nan
nan
nan
nan
nan
nan
nan
0.000000
nan
nan
0.000000
0.645000
0.000000
0.000000
0.000000
0.000000
nan
nan
nan
nan
nan
nan
0.000000
nan
0.000000
0.000000
1.000000
nan
nan
nan
0.000000
0.645000
0.000000
nan
0.645000
nan
nan
nan
0.000000
0.000000
nan
0.000000
0.000000
0.645000
0.000000
0.000000
nan
0.000000
nan
0.563000
0.563000
0.000000
0.563000
0.563000
0.000000
0.000000
0.563000
nan
nan
0.000000
0.000000
nan
nan
0.000000
nan
0.845000
1.000000
nan
nan
nan
nan
0.000000
0.000000
0.563000
0.000000
nan
nan
nan
0.000000
0.000000
0.000000
0.000000
nan
nan
nan
nan
0.000000
0.000000
0.000000
nan
nan
0.000000
nan
nan
1.000000
nan
0.563000
0.000000
nan
0.563000
nan
0.000000
0.000000
nan
nan
0.000000
0.000000
nan
nan
nan
0.000000
0.000000
nan
0.000000
0.000000
nan
0.000000
0.563000
0.000000
0.000000
0.000000
0.000000
0.000000
0.563000
nan
1.000000
nan
0.000000
nan
0.000000
nan
nan
0.000000
0.000000
nan
0.000000
1.000000
nan
0.000000
0.000000
nan
nan
0.000000
0.000000
0.000000
0.250000
0.000000
nan
nan
0.500000
nan
0.000000
nan
0.000000
0.000000
nan
nan
0.500000
0.000000
0.500000
nan
0.000000
nan
0.250000
nan
nan
0.000000
0.000000
0.000000
nan
nan
nan
0.000000
0.000000
nan
0.000000
nan
nan
nan
1.000000
nan
1.000000
0.000000
0.500000
0.000000
0.000000
0.000000
0.000000
nan
nan
nan
0.500000
0.000000
0.000000
nan
nan
nan
nan
nan
nan
nan
nan
0.000000
nan
0.000000
0.000000
0.000000
nan
0.000000
nan
nan
nan
0.000000
0.250000
0.000000
0.000000
nan
0.000000
nan
nan
nan
0.000000
nan
0.000000
1.000000
0.000000
nan
0.000000
0.563000
nan
0.845000
0.282000
0.000000
nan
nan
nan
nan
0.563000
nan
nan
0.000000
0.000000
nan
0.000000
0.282000
nan
nan
nan
nan
0.563000
0.000000
nan
nan
0.000000
0.000000
nan
0.000000
nan
nan
nan
nan
nan
0.000000
0.000000
nan
0.000000
nan
nan
nan
0.000000
0.000000
nan
0.000000
nan
nan
nan
nan
0.000000
nan
0.563000
0.000000
0.000000
nan
nan
nan
nan
0.000000
0.000000
nan
nan
nan
nan
0.000000
0.000000
nan
0.000000
0.563000
0.000000
0.563000
nan
0.000000
nan
nan
nan
nan
1.000000
nan
nan
0.000000
nan
0.000000
0.563000
0.000000
nan
nan
0.000000
nan
nan
nan
0.563000
0.000000
0.563000
nan
nan
0.563000
nan
0.000000
0.000000
nan
1.000000
nan
nan
nan
0.563000
1.000000
nan
nan
nan
nan
0.000000
1.000000
0.500000
0.000000
0.000000
0.000000
0.000000
nan
nan
nan
1.000000
nan
0.000000
nan
0.000000
nan
0.000000
nan
1.000000
0.000000
nan
0.250000
nan
0.000000
nan
0.000000
0.250000
nan
0.000000
0.000000
nan
0.500000
0.000000
0.000000
nan
0.250000
0.500000
0.000000
nan
0.000000
nan
0.000000
0.500000
1.000000
nan
nan
0.000000
1.000000
nan
nan
0.000000
0.000000
nan
nan
0.000000
nan
nan
0.250000
0.000000
0.000000
0.000000
nan
0.750000
1.000000
nan
nan
0.000000
nan
nan
1.000000
0.000000
0.000000
0.000000
nan
nan
0.500000
nan
nan
nan
0.000000
0.000000
0.000000
0.500000
0.000000
nan
0.750000
1.000000
0.000000
1.000000
1.000000
nan
0.500000
nan
nan
0.000000
0.642000
0.000000
0.000000
0.000000
0.000000
0.000000
0.000000
nan
0.000000
nan
nan
1.000000
nan
0.875000
0.875000
0.642000
0.321000
nan
nan
0.000000
nan
nan
nan
nan
nan
0.000000
nan
0.000000
0.642000
nan
0.000000
0.000000
nan
0.642000
nan
nan
nan
0.642000
0.000000
nan
0.000000
0.000000
0.642000
0.000000
nan
nan
0.000000
0.000000
nan
0.642000
0.000000
nan
nan
nan
nan
0.642000
0.000000
0.000000
0.642000
nan
nan
nan
nan
nan
nan
0.000000
0.000000
nan
nan
0.000000
0.000000
0.000000
nan
nan
0.000000
nan
nan
nan
0.642000
0.000000
0.784000
nan
nan
0.000000
0.000000
0.000000
0.784000
nan
0.000000
0.784000
nan
nan
0.000000
nan
