Coverage(RPKM): 103507.486631
0.231000
nan
nan
nan
nan
nan
0.231000
nan
0.231000
nan
0.530000
nan
0.417000
0.485000
0.478000
0.424000
0.421000
nan
nan
0.427000
0.313000
0.383000
0.347000
nan
0.364000
0.633000
0.358000
0.792000
0.632000
0.814000
0.723000
0.699000
nan
0.587000
nan
0.564000
nan
0.323000
nan
nan
nan
nan
0.829000
0.931000
0.546000
0.586000
nan
0.651000
0.866000
0.740000
nan
nan
1.000000
nan
0.842000
0.934000
0.849000
0.804000
0.981000
nan
nan
0.258000
nan
nan
0.345000
0.305000
0.506000
0.521000
nan
nan
nan
0.299000
nan
1.000000
1.000000
nan
nan
nan
0.365000
0.740000
0.688000
nan
nan
nan
nan
nan
0.791000
nan
nan
0.873000
0.586000
0.384000
0.752000
nan
nan
0.967000
nan
0.941000
0.813000
0.563000
0.729000
nan
nan
nan
0.482000
nan
nan
0.825000
nan
0.322000
nan
0.551000
nan
nan
0.557000
nan
nan
0.616000
0.687000
nan
nan
0.758000
nan
nan
0.623000
nan
0.652000
0.415000
0.668000
nan
nan
0.468000
0.525000
0.522000
0.484000
0.701000
1.000000
nan
nan
nan
nan
nan
nan
0.283000
nan
nan
nan
0.929000
1.000000
nan
nan
0.427000
nan
nan
nan
nan
nan
nan
0.384000
nan
nan
nan
nan
0.962000
nan
0.608000
0.563000
nan
0.521000
nan
0.357000
0.663000
0.798000
1.000000
0.706000
nan
0.769000
0.655000
0.258000
0.868000
0.341000
0.230000
nan
nan
nan
nan
nan
0.511000
nan
nan
nan
0.230000
nan
0.230000
nan
0.287000
nan
1.000000
1.000000
nan
nan
nan
0.175000
nan
0.198000
nan
0.199000
nan
0.488000
nan
nan
nan
nan
0.288000
0.258000
nan
0.202000
0.555000
0.684000
nan
0.925000
0.635000
nan
nan
nan
nan
0.684000
nan
nan
0.258000
nan
0.358000
1.000000
0.205000
0.334000
0.344000
nan
0.286000
0.172000
nan
nan
nan
nan
nan
nan
0.401000
nan
nan
nan
nan
nan
nan
nan
nan
nan
0.553000
0.628000
nan
nan
nan
nan
0.483000
0.370000
nan
nan
0.335000
0.260000
nan
0.451000
nan
nan
0.172000
0.199000
0.402000
nan
0.763000
0.487000
nan
0.204000
nan
nan
nan
nan
0.462000
0.416000
nan
nan
0.214000
0.245000
0.172000
0.263000
0.353000
0.269000
nan
0.369000
0.386000
0.237000
0.727000
0.537000
nan
nan
nan
nan
nan
0.434000
nan
nan
0.342000
nan
nan
nan
nan
1.000000
nan
0.436000
nan
nan
0.169000
0.466000
0.449000
nan
nan
0.328000
nan
nan
nan
nan
nan
0.727000
0.487000
1.000000
nan
0.574000
nan
0.328000
0.264000
0.753000
0.843000
nan
0.720000
nan
nan
nan
nan
nan
0.991000
1.000000
nan
nan
0.165000
nan
nan
nan
nan
nan
nan
nan
nan
0.545000
0.652000
nan
nan
nan
0.528000
nan
0.225000
0.544000
0.320000
nan
nan
nan
nan
nan
0.320000
nan
0.329000
0.569000
0.759000
nan
nan
0.492000
nan
0.330000
nan
nan
nan
0.606000
0.806000
nan
0.448000
nan
0.165000
nan
0.376000
0.361000
0.422000
0.545000
0.474000
nan
nan
nan
nan
0.234000
0.521000
0.243000
0.449000
0.630000
0.594000
0.513000
0.566000
nan
nan
nan
nan
0.222000
nan
0.165000
nan
nan
nan
1.000000
nan
0.585000
nan
nan
nan
0.284000
0.425000
0.469000
0.614000
nan
1.000000
0.650000
0.647000
0.452000
nan
0.378000
0.343000
0.628000
nan
1.000000
nan
0.403000
0.280000
nan
0.523000
nan
nan
nan
0.571000
0.796000
nan
0.710000
0.451000
0.480000
0.313000
nan
nan
0.254000
nan
nan
nan
0.886000
nan
nan
nan
nan
nan
0.229000
0.349000
0.932000
0.971000
0.675000
0.578000
0.649000
0.691000
nan
nan
nan
nan
0.725000
0.700000
nan
nan
0.164000
nan
0.217000
0.317000
0.492000
0.720000
nan
0.356000
0.356000
nan
0.201000
nan
nan
nan
nan
0.179000
0.160000
0.389000
0.344000
0.184000
nan
nan
nan
0.416000
nan
0.321000
0.334000
0.308000
nan
nan
nan
0.107000
nan
0.313000
0.246000
0.346000
nan
0.133000
nan
0.095000
nan
0.283000
nan
0.216000
nan
nan
nan
0.167000
nan
0.190000
0.142000
nan
0.107000
0.074000
nan
0.084000
nan
0.047000
nan
0.104000
0.132000
nan
nan
nan
nan
nan
nan
0.050000
0.051000
0.041000
nan
nan
nan
nan
nan
0.041000
0.041000
