Coverage(RPKM): 69621.296296
0.164000
nan
nan
nan
0.164000
nan
nan
0.289000
0.243000
nan
0.228000
0.164000
0.166000
0.228000
nan
0.374000
nan
0.193000
nan
nan
nan
nan
0.342000
0.360000
nan
nan
0.529000
0.534000
0.512000
0.363000
nan
nan
nan
0.412000
0.412000
nan
0.478000
0.453000
0.386000
nan
nan
0.426000
nan
0.305000
0.196000
nan
0.589000
0.609000
0.409000
0.669000
0.804000
0.699000
nan
0.222000
nan
0.236000
0.809000
0.445000
0.564000
nan
0.405000
nan
0.494000
nan
nan
1.000000
0.868000
1.000000
0.911000
0.775000
0.842000
0.992000
0.908000
0.855000
0.600000
0.991000
1.000000
nan
nan
nan
0.178000
nan
0.211000
nan
nan
nan
nan
0.466000
nan
0.719000
0.876000
0.999000
nan
0.502000
nan
0.772000
nan
0.723000
0.545000
nan
nan
nan
nan
nan
0.821000
nan
0.466000
nan
0.762000
0.496000
nan
0.300000
0.308000
0.768000
0.763000
0.939000
1.000000
nan
0.515000
nan
nan
0.372000
nan
0.442000
0.517000
0.463000
nan
nan
nan
nan
0.666000
1.000000
nan
nan
nan
nan
nan
nan
0.410000
0.468000
nan
0.616000
nan
nan
0.529000
nan
nan
nan
0.445000
0.211000
nan
0.522000
0.628000
nan
nan
0.614000
nan
0.885000
0.891000
0.633000
nan
0.324000
nan
0.235000
0.333000
nan
0.267000
0.335000
0.980000
0.961000
nan
nan
0.955000
0.882000
nan
nan
0.805000
1.000000
nan
nan
nan
nan
nan
nan
0.211000
nan
0.547000
0.540000
nan
0.356000
nan
nan
0.458000
nan
0.217000
nan
nan
nan
0.377000
nan
nan
nan
nan
nan
nan
nan
nan
0.601000
0.697000
nan
nan
nan
nan
0.439000
0.269000
0.217000
0.764000
nan
0.731000
0.830000
0.467000
nan
0.336000
0.503000
0.432000
nan
nan
nan
0.282000
0.319000
0.223000
nan
0.330000
nan
nan
nan
nan
nan
nan
0.374000
nan
nan
nan
0.718000
nan
0.671000
nan
0.481000
0.406000
0.466000
0.298000
0.199000
nan
nan
0.896000
1.000000
nan
1.000000
0.824000
0.714000
1.000000
0.757000
0.796000
nan
nan
nan
nan
0.995000
0.432000
0.922000
nan
0.889000
0.600000
0.954000
0.907000
nan
0.803000
0.993000
0.831000
nan
nan
0.345000
nan
nan
nan
nan
0.439000
nan
nan
0.929000
nan
nan
nan
nan
0.458000
nan
0.436000
0.639000
nan
0.892000
nan
nan
0.259000
nan
nan
nan
nan
0.253000
0.233000
0.986000
0.514000
0.471000
nan
0.514000
0.222000
0.193000
0.223000
0.169000
0.214000
nan
0.984000
nan
0.169000
0.169000
