Coverage(RPKM): 250.793651
nan
nan
nan
nan
nan
nan
nan
nan
nan
nan
nan
nan
nan
nan
nan
nan
nan
nan
nan
nan
0.000000
0.000000
0.000000
0.000000
0.000000
0.250000
nan
0.500000
0.500000
0.000000
0.000000
0.000000
nan
0.500000
0.000000
0.000000
0.000000
0.500000
0.000000
nan
0.000000
0.000000
0.000000
0.250000
nan
nan
1.000000
0.000000
0.000000
0.000000
0.000000
0.500000
nan
0.000000
0.500000
nan
nan
nan
0.000000
nan
1.000000
nan
nan
0.000000
1.000000
nan
0.000000
0.000000
nan
0.000000
0.500000
nan
nan
nan
0.750000
nan
0.500000
nan
nan
0.000000
0.000000
nan
0.667000
0.000000
0.000000
nan
0.000000
0.667000
nan
nan
1.000000
nan
nan
nan
nan
nan
0.000000
0.333000
0.833000
0.667000
nan
nan
nan
0.000000
0.667000
0.333000
nan
nan
nan
0.833000
nan
nan
0.500000
nan
0.000000
nan
nan
nan
0.333000
0.000000
0.000000
nan
0.000000
0.167000
0.000000
0.000000
0.000000
0.667000
0.167000
0.333000
0.667000
0.000000
nan
nan
nan
0.333000
1.000000
nan
nan
nan
nan
0.333000
0.667000
nan
nan
nan
1.000000
0.833000
nan
0.000000
0.000000
0.000000
0.667000
nan
0.000000
0.333000
0.500000
0.500000
1.000000
nan
0.500000
nan
0.833000
nan
nan
nan
0.000000
nan
nan
0.667000
nan
0.333000
nan
0.250000
nan
0.500000
0.000000
1.000000
0.000000
0.000000
nan
0.000000
nan
0.000000
0.000000
nan
0.000000
0.000000
0.250000
nan
nan
nan
nan
0.500000
nan
nan
nan
0.000000
0.000000
nan
nan
nan
nan
nan
0.000000
nan
nan
0.500000
0.000000
nan
nan
0.000000
nan
nan
0.000000
0.500000
nan
nan
0.500000
nan
0.000000
nan
nan
0.500000
nan
0.000000
0.000000
nan
nan
0.000000
nan
nan
nan
0.500000
nan
0.500000
nan
0.500000
nan
nan
0.000000
0.500000
nan
nan
nan
0.000000
0.000000
0.000000
nan
nan
nan
nan
nan
1.000000
nan
nan
nan
nan
0.000000
0.500000
0.500000
nan
0.500000
0.000000
nan
nan
nan
nan
1.000000
nan
0.000000
0.000000
nan
0.000000
nan
nan
nan
0.000000
0.500000
1.000000
0.500000
1.000000
0.105000
0.209000
0.628000
0.209000
0.628000
0.209000
nan
nan
nan
nan
nan
0.105000
nan
nan
nan
nan
nan
nan
0.000000
0.838000
nan
0.000000
0.524000
nan
0.209000
nan
0.000000
nan
nan
nan
0.314000
0.105000
nan
0.419000
0.419000
0.314000
0.733000
0.628000
nan
0.105000
nan
0.209000
nan
0.838000
nan
nan
nan
0.000000
0.942000
0.838000
nan
nan
nan
nan
0.209000
0.209000
0.942000
nan
nan
nan
nan
nan
0.209000
0.000000
nan
0.000000
0.524000
0.314000
nan
0.105000
nan
nan
0.314000
nan
nan
0.419000
nan
0.209000
nan
1.000000
0.209000
nan
0.000000
0.209000
nan
nan
nan
nan
0.000000
nan
0.105000
1.000000
0.628000
nan
0.628000
nan
0.000000
nan
1.000000
nan
0.314000
nan
nan
nan
nan
1.000000
0.209000
nan
0.000000
nan
nan
0.419000
nan
nan
0.733000
nan
0.628000
1.000000
0.209000
0.209000
nan
nan
nan
0.209000
nan
nan
0.209000
nan
nan
nan
nan
0.000000
nan
nan
nan
nan
nan
0.419000
nan
nan
nan
nan
0.419000
nan
0.838000
0.209000
nan
0.419000
0.942000
nan
0.209000
0.209000
0.000000
0.524000
1.000000
nan
nan
0.000000
0.105000
0.209000
0.000000
nan
nan
nan
0.628000
0.628000
0.209000
0.419000
0.000000
0.628000
nan
nan
0.000000
nan
nan
0.248000
0.371000
nan
0.000000
0.000000
0.000000
0.919000
nan
nan
nan
0.495000
0.000000
nan
nan
nan
nan
nan
nan
0.619000
nan
nan
nan
nan
nan
0.000000
nan
0.919000
0.495000
0.248000
nan
0.000000
0.000000
nan
nan
nan
nan
0.248000
nan
nan
0.143000
0.857000
nan
0.143000
nan
nan
nan
nan
0.000000
nan
0.000000
nan
nan
nan
0.286000
0.429000
0.143000
0.571000
nan
nan
nan
0.429000
nan
nan
nan
0.000000
nan
nan
nan
nan
0.286000
0.286000
1.000000
nan
nan
nan
0.000000
0.286000
0.571000
0.571000
nan
nan
nan
0.286000
0.143000
0.571000
0.000000
nan
0.286000
nan
nan
0.429000
nan
1.000000
0.000000
0.571000
0.000000
nan
0.571000
nan
nan
nan
nan
0.000000
nan
0.000000
0.286000
nan
nan
nan
0.000000
