Coverage(RPKM): 37049.618321
0.007000
nan
nan
0.007000
0.007000
nan
0.646000
nan
0.653000
nan
0.007000
nan
nan
0.029000
0.024000
nan
nan
nan
nan
nan
0.015000
nan
0.007000
nan
nan
0.009000
nan
nan
0.009000
nan
nan
nan
nan
0.027000
0.022000
nan
nan
0.021000
0.021000
0.039000
nan
nan
0.037000
0.043000
nan
0.042000
0.038000
0.041000
nan
0.025000
1.000000
nan
0.052000
0.035000
0.045000
0.058000
nan
0.030000
0.033000
0.019000
nan
nan
nan
0.050000
0.029000
1.000000
0.035000
nan
nan
0.025000
0.047000
nan
nan
nan
nan
1.000000
nan
0.031000
nan
nan
nan
0.047000
nan
0.015000
0.021000
0.029000
nan
nan
0.036000
nan
nan
0.053000
0.042000
0.047000
0.050000
nan
nan
nan
nan
0.050000
nan
0.880000
0.041000
nan
0.031000
0.051000
0.055000
nan
nan
nan
nan
nan
nan
0.723000
0.016000
0.026000
0.082000
nan
nan
nan
0.034000
nan
nan
0.013000
0.021000
0.011000
0.010000
0.019000
nan
0.014000
0.036000
nan
nan
nan
nan
nan
0.031000
0.027000
0.025000
nan
nan
nan
nan
0.636000
nan
0.033000
0.026000
nan
nan
0.664000
nan
0.037000
0.024000
nan
0.046000
0.021000
0.022000
nan
nan
nan
0.025000
0.810000
nan
0.021000
0.010000
0.045000
0.028000
0.026000
0.027000
nan
0.014000
nan
0.010000
nan
nan
nan
nan
0.036000
0.032000
nan
0.026000
nan
nan
nan
nan
1.000000
nan
nan
1.000000
0.025000
0.026000
0.036000
1.000000
nan
nan
0.037000
0.058000
0.046000
nan
nan
nan
0.095000
nan
0.040000
nan
nan
nan
0.034000
0.039000
0.032000
0.032000
0.056000
1.000000
nan
nan
nan
nan
nan
nan
nan
nan
nan
0.084000
nan
nan
nan
0.063000
0.045000
0.035000
0.033000
0.057000
0.082000
nan
0.105000
nan
nan
nan
0.060000
0.073000
0.088000
nan
nan
nan
0.060000
0.063000
nan
0.092000
nan
nan
nan
nan
nan
nan
0.048000
0.029000
0.030000
nan
nan
nan
0.065000
0.052000
0.037000
0.051000
0.046000
nan
nan
nan
0.148000
0.083000
1.000000
nan
0.062000
0.029000
0.040000
0.053000
0.053000
nan
nan
1.000000
nan
nan
nan
0.208000
0.056000
0.124000
nan
0.124000
0.083000
0.102000
nan
0.165000
0.280000
0.138000
0.214000
nan
nan
0.130000
nan
nan
nan
nan
0.189000
0.295000
nan
nan
nan
0.209000
nan
nan
nan
nan
nan
0.233000
0.097000
nan
0.210000
0.210000
nan
nan
0.082000
nan
nan
0.115000
nan
nan
nan
nan
0.165000
nan
nan
0.176000
nan
nan
nan
0.205000
0.178000
0.115000
0.168000
nan
nan
0.184000
nan
nan
0.158000
0.222000
nan
0.078000
nan
0.086000
nan
0.105000
0.143000
nan
0.120000
0.091000
0.120000
nan
0.216000
0.097000
0.137000
nan
nan
nan
nan
0.035000
1.000000
nan
nan
nan
0.054000
0.049000
1.000000
0.035000
nan
1.000000
nan
nan
nan
nan
nan
nan
nan
nan
nan
nan
nan
0.615000
nan
0.030000
nan
nan
0.030000
0.030000
