Coverage(RPKM): 35292.045455
0.094000
nan
nan
nan
0.235000
0.130000
0.094000
0.120000
0.111000
nan
0.134000
nan
0.187000
0.340000
nan
nan
nan
0.292000
0.103000
0.105000
0.256000
nan
nan
0.220000
nan
nan
0.449000
nan
0.094000
0.126000
0.462000
nan
nan
nan
0.340000
0.942000
nan
nan
nan
0.157000
0.409000
0.491000
0.586000
nan
0.642000
0.281000
0.474000
1.000000
nan
nan
nan
nan
0.187000
nan
nan
0.382000
nan
0.495000
0.875000
0.571000
0.651000
0.921000
0.365000
0.264000
nan
0.197000
0.304000
nan
0.271000
0.258000
nan
0.472000
0.730000
1.000000
nan
nan
0.470000
nan
nan
0.583000
nan
nan
0.701000
0.556000
0.411000
1.000000
0.297000
nan
0.364000
0.847000
nan
0.156000
nan
nan
nan
nan
0.403000
0.456000
0.619000
0.370000
nan
0.156000
0.175000
0.263000
0.156000
nan
nan
1.000000
nan
0.384000
nan
0.627000
0.619000
nan
nan
nan
nan
nan
0.225000
nan
nan
0.415000
0.458000
nan
0.548000
0.462000
nan
nan
1.000000
0.371000
nan
nan
nan
0.273000
nan
0.592000
nan
1.000000
0.660000
0.607000
0.941000
nan
nan
nan
nan
0.464000
nan
nan
0.211000
0.267000
nan
nan
nan
0.593000
0.465000
0.954000
nan
0.886000
0.892000
nan
0.309000
nan
nan
nan
nan
nan
0.190000
0.329000
nan
nan
nan
nan
0.494000
0.370000
nan
nan
nan
0.819000
nan
0.427000
nan
0.490000
0.236000
0.656000
nan
0.814000
nan
nan
nan
nan
0.659000
0.483000
nan
0.582000
nan
nan
0.507000
nan
nan
0.572000
nan
nan
0.294000
nan
nan
nan
nan
0.237000
0.213000
0.197000
0.228000
nan
nan
nan
nan
nan
nan
0.322000
nan
0.372000
0.671000
0.318000
0.332000
0.576000
0.529000
nan
0.397000
nan
nan
nan
nan
nan
nan
nan
nan
nan
0.926000
0.423000
0.324000
nan
0.185000
0.137000
0.115000
nan
nan
0.530000
nan
nan
nan
nan
0.307000
nan
nan
0.293000
0.318000
nan
0.259000
0.370000
0.368000
nan
nan
nan
0.115000
0.115000
