Coverage(RPKM): 793.150685
0.000000
nan
nan
0.429000
nan
0.143000
0.214000
0.000000
0.000000
nan
0.143000
0.357000
0.357000
0.143000
nan
nan
nan
0.143000
0.000000
nan
nan
nan
nan
nan
0.571000
0.000000
nan
0.286000
0.143000
0.000000
nan
0.643000
nan
0.643000
0.000000
0.429000
0.143000
0.214000
0.143000
0.357000
0.286000
0.286000
nan
0.714000
nan
nan
nan
nan
nan
nan
0.286000
nan
0.786000
0.571000
0.714000
0.000000
0.929000
0.786000
nan
0.500000
1.000000
1.000000
0.286000
nan
nan
0.429000
nan
0.429000
0.786000
nan
nan
0.429000
0.500000
0.143000
0.857000
1.000000
0.571000
nan
nan
nan
1.000000
nan
nan
nan
0.357000
nan
0.779000
nan
0.487000
nan
nan
nan
nan
nan
nan
nan
nan
nan
0.292000
nan
0.584000
nan
nan
nan
0.243000
nan
nan
0.341000
nan
0.681000
nan
nan
nan
nan
1.000000
0.584000
0.195000
nan
0.146000
0.389000
nan
nan
0.195000
0.438000
0.779000
0.449000
nan
0.987000
nan
0.799000
0.898000
nan
0.100000
0.100000
0.549000
nan
nan
0.848000
1.000000
nan
0.549000
1.000000
0.449000
nan
nan
0.200000
0.399000
nan
0.499000
nan
0.549000
0.948000
nan
nan
nan
nan
0.799000
nan
0.599000
nan
nan
nan
0.499000
0.449000
0.499000
nan
nan
nan
0.200000
0.449000
0.200000
0.100000
0.074000
0.250000
nan
0.100000
0.399000
nan
nan
0.150000
nan
0.250000
nan
0.449000
nan
nan
nan
nan
0.499000
nan
0.250000
nan
nan
0.307000
0.307000
nan
nan
0.000000
0.000000
nan
nan
nan
0.409000
0.000000
0.205000
0.102000
0.307000
nan
0.512000
nan
0.102000
0.153000
nan
nan
0.102000
nan
nan
0.000000
0.000000
