Coverage(RPKM): 702.888087
0.000000
nan
nan
0.697000
nan
nan
nan
nan
nan
0.945000
0.348000
0.448000
0.597000
0.000000
0.199000
nan
nan
nan
0.199000
0.149000
nan
nan
0.249000
0.398000
nan
nan
0.249000
0.348000
0.199000
0.498000
nan
0.100000
0.000000
0.498000
0.299000
0.647000
0.100000
0.547000
0.149000
0.498000
0.945000
nan
0.100000
nan
nan
0.697000
nan
0.199000
nan
0.348000
nan
0.100000
nan
0.100000
0.199000
0.348000
0.697000
nan
0.299000
nan
0.000000
nan
nan
nan
1.000000
0.448000
0.249000
0.647000
0.199000
0.597000
0.498000
1.000000
0.299000
nan
nan
1.000000
0.000000
0.249000
nan
0.100000
nan
nan
nan
0.406000
nan
0.487000
0.609000
nan
nan
0.243000
nan
nan
0.325000
0.690000
0.325000
nan
nan
nan
nan
0.162000
0.730000
0.690000
0.446000
0.325000
0.609000
nan
nan
nan
nan
0.365000
nan
nan
nan
nan
0.446000
0.162000
nan
0.933000
0.649000
nan
nan
0.243000
0.162000
nan
nan
nan
nan
0.406000
nan
nan
nan
nan
0.446000
0.487000
nan
0.365000
0.649000
0.527000
nan
1.000000
nan
nan
0.446000
nan
1.000000
0.609000
0.892000
nan
0.203000
0.243000
nan
nan
0.162000
0.406000
nan
nan
0.568000
0.406000
nan
1.000000
0.771000
nan
0.487000
0.243000
nan
0.933000
nan
0.365000
0.811000
nan
nan
0.690000
0.487000
0.243000
0.609000
0.243000
0.446000
nan
nan
0.846000
nan
nan
0.302000
0.725000
0.906000
1.000000
0.363000
0.423000
0.363000
0.604000
0.302000
nan
0.363000
nan
nan
0.665000
nan
nan
0.242000
0.181000
0.604000
nan
nan
0.967000
0.423000
0.363000
0.088000
nan
1.000000
nan
0.423000
nan
nan
nan
nan
nan
nan
0.088000
0.121000
0.363000
nan
nan
0.363000
0.121000
0.785000
0.423000
0.423000
nan
0.665000
0.423000
0.242000
nan
nan
nan
0.604000
0.088000
nan
nan
nan
nan
0.302000
0.181000
0.302000
1.000000
nan
nan
0.363000
0.242000
0.242000
0.604000
nan
nan
0.242000
nan
nan
0.544000
0.423000
0.423000
0.483000
0.302000
0.181000
nan
0.423000
nan
nan
0.331000
0.265000
nan
nan
nan
0.265000
0.331000
0.132000
0.132000
0.662000
0.199000
nan
0.000000
nan
nan
nan
nan
0.331000
0.132000
nan
nan
0.331000
0.728000
nan
0.861000
0.728000
nan
0.464000
0.331000
0.132000
0.464000
0.795000
nan
nan
nan
0.000000
0.132000
0.132000
0.464000
0.199000
0.132000
nan
0.000000
nan
nan
nan
nan
nan
1.000000
nan
0.265000
0.000000
nan
nan
0.265000
nan
1.000000
0.927000
0.066000
0.132000
0.132000
0.331000
0.464000
0.662000
nan
nan
1.000000
0.331000
0.331000
0.331000
0.000000
nan
0.397000
0.132000
nan
0.331000
nan
nan
0.662000
0.132000
0.397000
0.917000
1.000000
nan
nan
0.417000
nan
0.417000
nan
nan
nan
nan
nan
nan
nan
nan
0.167000
nan
nan
nan
0.250000
0.417000
0.417000
nan
0.500000
nan
nan
nan
0.333000
nan
nan
1.000000
0.083000
nan
nan
nan
nan
nan
0.250000
0.167000
0.333000
nan
0.333000
1.000000
nan
nan
nan
0.333000
nan
nan
0.333000
nan
nan
nan
nan
0.038000
nan
0.500000
nan
nan
nan
0.333000
nan
nan
0.500000
nan
0.333000
0.167000
nan
nan
nan
0.917000
0.417000
nan
nan
0.917000
nan
nan
0.500000
nan
0.583000
nan
0.500000
nan
0.583000
0.038000
nan
0.500000
nan
nan
nan
nan
nan
nan
nan
nan
0.750000
0.333000
0.500000
0.167000
nan
nan
0.333000
nan
0.167000
0.038000
nan
nan
0.417000
nan
1.000000
nan
0.333000
nan
0.500000
nan
0.167000
0.500000
nan
0.417000
nan
0.667000
0.500000
1.000000
0.628000
nan
nan
nan
0.209000
nan
0.209000
0.000000
0.209000
0.000000
nan
nan
nan
0.314000
nan
0.000000
0.209000
0.419000
0.209000
nan
nan
0.209000
nan
0.733000
nan
0.942000
0.524000
nan
0.209000
nan
nan
0.419000
0.628000
nan
nan
nan
nan
0.314000
0.628000
1.000000
0.314000
nan
0.314000
nan
nan
0.838000
nan
0.209000
0.314000
0.733000
0.105000
nan
0.524000
nan
0.314000
0.209000
1.000000
nan
0.209000
0.524000
nan
nan
0.209000
0.524000
nan
nan
nan
0.209000
0.628000
nan
nan
0.000000
0.209000
nan
nan
0.942000
0.000000
0.628000
0.314000
nan
nan
0.628000
0.419000
nan
nan
nan
0.314000
0.942000
0.628000
0.800000
nan
0.200000
0.200000
0.200000
0.700000
1.000000
0.000000
0.100000
0.400000
0.200000
0.100000
nan
0.400000
0.400000
nan
nan
nan
0.600000
nan
0.300000
0.900000
0.600000
nan
nan
nan
0.600000
nan
nan
0.400000
0.600000
nan
1.000000
nan
nan
0.200000
0.600000
nan
nan
nan
nan
nan
0.700000
nan
0.200000
0.400000
0.600000
0.200000
0.100000
0.800000
1.000000
nan
nan
nan
0.200000
nan
nan
nan
nan
0.100000
nan
nan
nan
0.000000
0.000000
0.200000
1.000000
nan
nan
0.800000
0.600000
nan
nan
nan
0.000000
0.200000
nan
nan
0.000000
0.500000
0.200000
nan
nan
nan
0.200000
0.900000
0.400000
nan
nan
nan
0.400000
nan
nan
nan
nan
0.100000
nan
0.100000
nan
0.429000
0.000000
nan
0.786000
nan
nan
nan
0.071000
nan
nan
nan
nan
0.429000
0.143000
nan
0.571000
0.786000
nan
nan
nan
1.000000
nan
nan
nan
nan
0.857000
nan
0.143000
0.429000
0.000000
1.000000
nan
nan
nan
0.643000
nan
nan
nan
nan
nan
0.071000
nan
nan
0.786000
0.155000
0.619000
nan
nan
nan
nan
nan
nan
0.232000
nan
nan
nan
0.929000
nan
nan
nan
nan
0.619000
nan
nan
nan
nan
nan
nan
0.232000
nan
nan
nan
0.464000
0.387000
0.310000
nan
nan
nan
1.000000
nan
nan
nan
nan
nan
nan
nan
nan
nan
0.464000
nan
0.000000
0.387000
nan
nan
0.696000
0.619000
1.000000
nan
0.310000
nan
0.542000
nan
nan
0.619000
nan
nan
0.155000
0.232000
nan
0.542000
0.232000
nan
nan
0.155000
nan
0.310000
nan
0.000000
nan
0.464000
nan
nan
0.000000
nan
nan
nan
0.696000
nan
nan
nan
nan
nan
nan
0.232000
nan
0.310000
nan
0.155000
nan
0.774000
nan
nan
1.000000
0.250000
0.833000
nan
nan
nan
nan
nan
nan
0.000000
0.000000
0.667000
0.167000
0.167000
nan
0.333000
0.167000
nan
nan
0.000000
0.167000
nan
0.333000
nan
0.167000
nan
0.583000
nan
0.000000
nan
nan
0.000000
