Coverage(RPKM): 62164.044944
0.146000
nan
nan
nan
nan
nan
0.171000
0.231000
nan
nan
nan
nan
0.269000
0.189000
nan
0.146000
0.146000
nan
nan
0.351000
0.429000
nan
nan
0.339000
nan
nan
nan
0.394000
0.254000
0.994000
0.442000
nan
nan
0.298000
0.546000
0.545000
0.563000
0.731000
0.465000
0.625000
0.658000
nan
nan
0.475000
1.000000
0.315000
0.285000
0.258000
0.432000
0.668000
nan
nan
nan
nan
nan
nan
nan
0.824000
0.502000
0.468000
0.584000
nan
0.721000
nan
nan
nan
nan
nan
nan
0.582000
nan
nan
0.401000
nan
nan
nan
0.673000
nan
nan
nan
0.583000
0.560000
0.909000
nan
nan
nan
nan
1.000000
1.000000
0.678000
0.653000
0.816000
nan
0.519000
0.616000
nan
0.564000
0.601000
0.648000
nan
nan
nan
nan
0.310000
0.231000
nan
0.442000
1.000000
nan
nan
nan
nan
nan
nan
nan
0.633000
nan
0.245000
0.185000
0.217000
nan
0.270000
nan
nan
0.812000
nan
0.276000
0.308000
nan
0.271000
0.348000
1.000000
0.703000
nan
0.912000
nan
0.169000
nan
nan
0.248000
0.174000
0.186000
0.194000
0.169000
nan
nan
nan
nan
nan
nan
nan
0.211000
0.169000
0.323000
0.335000
nan
nan
0.829000
nan
0.467000
0.430000
nan
0.456000
nan
0.430000
0.282000
nan
0.463000
1.000000
0.485000
0.598000
0.725000
0.482000
nan
0.709000
0.509000
nan
nan
nan
nan
0.642000
0.579000
nan
nan
nan
nan
0.432000
nan
0.484000
0.505000
nan
nan
0.654000
nan
0.746000
nan
0.611000
0.454000
nan
nan
nan
0.509000
0.393000
0.641000
0.635000
0.630000
1.000000
nan
nan
nan
nan
0.259000
0.575000
0.393000
nan
0.962000
0.574000
nan
0.696000
nan
nan
0.506000
0.558000
0.439000
nan
0.243000
1.000000
0.130000
nan
nan
nan
nan
nan
0.972000
0.821000
0.661000
0.421000
0.277000
0.134000
0.093000
nan
nan
0.602000
nan
0.190000
nan
nan
0.336000
nan
nan
0.333000
nan
0.557000
0.471000
nan
nan
0.191000
nan
nan
0.213000
nan
nan
0.313000
nan
nan
0.093000
0.093000
