Coverage(RPKM): 1333.522727
0.000000
nan
nan
nan
nan
nan
nan
0.530000
nan
nan
0.728000
nan
0.397000
0.132000
nan
nan
0.265000
0.132000
0.265000
0.000000
0.132000
0.530000
nan
nan
nan
nan
nan
nan
0.397000
nan
nan
nan
nan
0.000000
nan
nan
nan
nan
0.795000
nan
0.000000
0.662000
nan
0.265000
nan
0.132000
0.795000
0.199000
0.927000
0.795000
nan
nan
nan
nan
nan
0.728000
nan
1.000000
nan
1.000000
nan
0.728000
nan
nan
0.265000
0.927000
0.728000
nan
nan
nan
0.199000
0.530000
0.265000
nan
nan
nan
nan
0.464000
0.265000
nan
nan
0.265000
0.464000
nan
0.530000
nan
0.596000
nan
nan
0.199000
0.464000
nan
nan
0.199000
0.530000
0.662000
nan
nan
1.000000
nan
0.596000
nan
0.795000
nan
0.662000
nan
0.662000
nan
0.795000
nan
0.132000
nan
0.034000
0.342000
nan
nan
nan
nan
0.068000
nan
0.034000
nan
nan
nan
0.240000
nan
0.342000
0.240000
0.137000
0.274000
0.274000
nan
nan
0.068000
0.068000
nan
nan
nan
0.274000
nan
nan
0.445000
nan
0.274000
0.445000
nan
nan
0.137000
0.068000
nan
nan
nan
0.034000
nan
nan
nan
nan
0.068000
nan
nan
0.240000
0.445000
0.582000
0.342000
0.103000
0.103000
0.171000
nan
0.240000
nan
nan
nan
0.240000
nan
nan
nan
0.342000
1.000000
nan
nan
0.308000
nan
0.616000
0.548000
nan
nan
nan
0.548000
nan
nan
nan
nan
nan
nan
0.205000
nan
0.548000
nan
nan
0.411000
nan
nan
0.788000
nan
0.719000
0.548000
nan
0.890000
nan
nan
nan
nan
nan
nan
0.822000
0.514000
nan
nan
nan
nan
0.822000
nan
nan
nan
nan
0.445000
1.000000
1.000000
nan
0.925000
nan
nan
nan
0.034000
0.409000
nan
0.191000
0.437000
0.819000
0.955000
nan
nan
0.164000
nan
nan
0.518000
nan
0.109000
0.273000
0.709000
nan
nan
nan
nan
0.109000
0.382000
nan
nan
nan
nan
nan
1.000000
nan
nan
nan
nan
nan
nan
0.218000
0.273000
0.164000
0.573000
nan
nan
0.546000
0.273000
nan
0.409000
0.246000
0.600000
0.682000
nan
nan
nan
0.737000
0.955000
nan
0.518000
nan
nan
0.218000
nan
0.109000
0.136000
nan
nan
0.819000
0.682000
0.327000
0.327000
0.246000
nan
0.109000
nan
0.327000
0.246000
nan
0.655000
0.382000
0.600000
nan
nan
nan
0.709000
1.000000
0.491000
0.846000
nan
nan
0.491000
0.218000
nan
nan
nan
nan
nan
0.655000
1.000000
nan
0.655000
nan
0.355000
0.332000
1.000000
1.000000
nan
nan
nan
nan
nan
0.432000
nan
nan
nan
nan
nan
nan
0.199000
0.299000
nan
0.100000
nan
nan
nan
nan
nan
nan
0.565000
0.432000
nan
0.299000
nan
nan
0.498000
nan
nan
nan
nan
0.864000
nan
nan
nan
nan
0.565000
nan
0.266000
0.066000
nan
0.133000
nan
nan
nan
0.133000
0.066000
nan
0.233000
nan
nan
0.432000
0.166000
0.365000
0.066000
nan
0.066000
nan
nan
0.166000
0.498000
0.266000
0.465000
0.598000
nan
0.365000
nan
0.532000
nan
nan
0.664000
nan
0.532000
nan
0.565000
nan
nan
0.199000
0.199000
nan
0.963000
nan
0.365000
nan
nan
nan
nan
0.199000
0.199000
0.332000
0.399000
0.136000
nan
0.272000
nan
0.204000
nan
0.051000
nan
0.102000
0.408000
nan
nan
0.238000
nan
1.000000
0.243000
nan
nan
0.348000
0.626000
nan
nan
nan
nan
0.800000
0.904000
nan
nan
nan
nan
0.139000
nan
0.417000
nan
nan
0.835000
nan
nan
nan
nan
0.557000
0.348000
nan
0.383000
0.383000
nan
nan
0.209000
nan
0.070000
nan
0.139000
nan
0.626000
0.383000
1.000000
0.243000
0.278000
0.487000
0.070000
0.870000
nan
0.104000
0.070000
nan
nan
nan
nan
0.070000
0.070000
0.452000
0.383000
nan
0.174000
nan
nan
0.016000
nan
nan
0.035000
0.016000
0.104000
nan
nan
nan
0.417000
1.000000
0.904000
nan
0.626000
0.313000
nan
0.278000
nan
nan
nan
nan
nan
0.035000
0.016000
