Coverage(RPKM): 890.402477
0.000000
nan
nan
nan
nan
nan
0.440000
0.000000
nan
0.440000
0.440000
0.000000
nan
nan
nan
0.000000
1.000000
nan
0.000000
0.000000
nan
0.000000
0.000000
nan
0.659000
nan
0.000000
0.000000
0.000000
0.000000
0.000000
nan
0.000000
nan
1.000000
nan
nan
0.000000
nan
0.000000
0.440000
nan
0.000000
0.000000
0.000000
nan
nan
nan
0.220000
nan
0.000000
0.000000
nan
0.440000
nan
0.000000
0.440000
0.000000
0.000000
nan
0.000000
nan
nan
0.000000
nan
nan
0.440000
nan
nan
0.000000
0.440000
0.440000
0.000000
nan
nan
0.879000
nan
0.220000
0.440000
1.000000
nan
nan
nan
0.000000
0.440000
0.879000
0.000000
nan
0.220000
nan
nan
nan
0.000000
0.333000
0.444000
nan
0.111000
0.889000
nan
0.111000
0.111000
0.000000
0.000000
0.000000
0.000000
0.000000
nan
0.000000
1.000000
nan
0.000000
0.889000
0.000000
nan
nan
nan
0.000000
nan
nan
nan
0.000000
nan
nan
0.889000
nan
0.556000
1.000000
nan
0.000000
0.222000
nan
0.222000
nan
0.000000
nan
0.000000
0.889000
0.444000
0.556000
nan
0.000000
nan
0.000000
0.000000
nan
0.000000
nan
0.222000
0.111000
nan
0.000000
0.000000
0.222000
nan
nan
0.000000
1.000000
nan
0.222000
nan
1.000000
nan
0.667000
nan
0.222000
0.333000
nan
nan
0.333000
nan
0.222000
0.778000
0.111000
0.916000
nan
0.000000
nan
nan
nan
nan
0.305000
0.611000
nan
0.000000
0.153000
0.153000
0.000000
0.153000
nan
nan
1.000000
0.305000
0.305000
0.305000
nan
nan
nan
nan
nan
0.000000
0.153000
nan
nan
nan
0.153000
nan
0.458000
1.000000
0.611000
nan
nan
nan
nan
0.611000
0.153000
0.305000
0.305000
nan
nan
0.305000
nan
0.305000
0.305000
nan
0.458000
0.305000
0.458000
nan
nan
0.458000
0.916000
1.000000
nan
0.000000
nan
0.000000
nan
0.153000
0.000000
0.000000
nan
0.000000
0.153000
0.153000
0.000000
0.000000
nan
nan
nan
nan
0.305000
0.611000
nan
nan
nan
nan
nan
nan
nan
nan
nan
nan
nan
nan
nan
0.305000
nan
0.000000
0.305000
0.611000
nan
0.763000
nan
nan
0.305000
nan
0.000000
nan
nan
nan
nan
0.000000
nan
0.167000
0.167000
nan
0.000000
1.000000
nan
nan
nan
nan
0.667000
0.000000
0.000000
nan
0.000000
0.333000
0.833000
0.000000
0.333000
0.333000
nan
0.167000
0.333000
0.000000
nan
nan
nan
0.333000
0.000000
nan
0.333000
nan
nan
0.333000
nan
nan
nan
nan
nan
nan
nan
nan
nan
nan
0.333000
0.000000
0.500000
nan
0.000000
0.333000
1.000000
0.000000
0.000000
nan
nan
0.000000
nan
nan
1.000000
0.000000
0.833000
nan
nan
1.000000
nan
nan
nan
0.000000
nan
nan
0.667000
nan
0.333000
nan
0.333000
nan
0.000000
0.833000
nan
nan
nan
1.000000
0.167000
nan
nan
0.667000
nan
nan
nan
nan
nan
0.833000
nan
0.000000
0.667000
0.000000
0.333000
nan
0.000000
0.000000
0.667000
1.000000
1.000000
0.667000
nan
nan
1.000000
0.000000
0.167000
nan
nan
1.000000
0.000000
0.833000
0.000000
0.667000
nan
nan
0.000000
0.000000
nan
nan
nan
nan
0.333000
nan
nan
nan
nan
0.667000
0.333000
nan
nan
0.500000
0.333000
nan
nan
nan
0.667000
0.000000
nan
nan
nan
nan
0.333000
nan
nan
nan
nan
nan
0.500000
1.000000
0.500000
nan
nan
0.167000
0.833000
0.333000
1.000000
0.500000
0.000000
0.333000
0.333000
0.667000
nan
nan
1.000000
nan
1.000000
0.333000
0.500000
0.000000
nan
0.000000
nan
nan
nan
0.167000
0.500000
1.000000
nan
0.333000
0.333000
nan
0.667000
nan
0.667000
0.167000
0.333000
0.563000
nan
0.282000
nan
0.000000
0.282000
0.000000
nan
nan
0.845000
0.141000
nan
nan
0.000000
0.704000
nan
nan
0.000000
0.000000
nan
0.141000
0.282000
0.423000
nan
nan
0.423000
nan
0.000000
nan
0.282000
nan
0.563000
nan
0.282000
nan
nan
nan
0.563000
nan
nan
0.282000
nan
0.282000
0.282000
nan
nan
nan
nan
nan
0.423000
nan
nan
nan
nan
0.000000
1.000000
nan
0.282000
nan
nan
nan
0.000000
0.282000
0.000000
0.423000
nan
nan
0.423000
0.282000
nan
nan
0.704000
0.423000
0.423000
0.845000
0.282000
0.845000
nan
nan
nan
nan
0.141000
0.845000
1.000000
0.563000
nan
nan
nan
nan
nan
0.423000
nan
0.563000
nan
nan
0.423000
nan
nan
nan
nan
nan
nan
nan
0.000000
1.000000
0.282000
0.845000
0.571000
nan
0.286000
0.286000
1.000000
nan
0.429000
0.571000
1.000000
nan
0.571000
0.714000
nan
nan
0.286000
0.857000
0.714000
0.000000
0.429000
nan
nan
nan
nan
nan
nan
nan
0.286000
0.714000
nan
0.286000
0.000000
nan
0.714000
nan
nan
nan
0.429000
0.857000
nan
0.714000
0.571000
0.286000
0.286000
nan
nan
0.000000
nan
0.000000
0.429000
0.714000
0.571000
0.286000
nan
0.714000
nan
0.286000
nan
0.571000
1.000000
0.143000
0.000000
0.000000
nan
0.000000
nan
1.000000
1.000000
0.429000
0.000000
0.143000
0.714000
nan
nan
nan
nan
0.857000
0.286000
nan
nan
nan
nan
nan
nan
nan
0.571000
0.000000
nan
0.143000
0.054000
nan
nan
nan
0.214000
nan
nan
nan
0.214000
nan
nan
0.268000
nan
0.322000
0.429000
0.322000
nan
0.107000
0.536000
nan
0.054000
0.054000
nan
nan
nan
0.751000
nan
nan
nan
nan
nan
nan
0.214000
nan
0.268000
0.107000
nan
0.107000
0.322000
nan
0.214000
0.107000
nan
0.054000
0.268000
0.643000
0.375000
0.322000
nan
0.912000
nan
nan
0.697000
nan
0.375000
nan
nan
nan
nan
nan
0.107000
nan
nan
nan
1.000000
nan
nan
0.322000
0.161000
nan
1.000000
0.322000
nan
nan
0.054000
nan
0.322000
nan
nan
nan
nan
0.268000
0.214000
0.375000
0.107000
1.000000
nan
nan
0.536000
nan
0.161000
0.214000
nan
nan
nan
0.375000
nan
0.536000
0.643000
0.751000
nan
nan
nan
nan
0.107000
nan
0.161000
0.161000
1.000000
nan
nan
nan
0.569000
0.284000
0.000000
nan
nan
0.948000
nan
0.190000
0.948000
0.569000
nan
nan
0.000000
nan
0.000000
nan
nan
nan
nan
nan
0.569000
nan
0.569000
0.664000
nan
0.569000
nan
nan
nan
nan
nan
0.379000
nan
nan
0.284000
0.379000
nan
nan
1.000000
1.000000
0.758000
nan
0.948000
nan
0.284000
nan
nan
0.284000
0.664000
nan
0.095000
nan
0.095000
0.284000
0.569000
0.190000
nan
nan
nan
0.569000
nan
0.000000
nan
nan
0.474000
0.379000
0.190000
0.664000
nan
nan
0.190000
0.758000
0.190000
nan
0.948000
nan
nan
nan
nan
nan
nan
0.284000
0.474000
nan
nan
nan
nan
0.853000
0.569000
nan
nan
0.284000
0.190000
nan
nan
0.927000
0.635000
0.423000
nan
0.423000
nan
0.635000
0.702000
0.234000
0.468000
0.702000
0.351000
0.234000
0.351000
nan
0.234000
nan
0.234000
1.000000
0.936000
0.000000
nan
0.468000
0.234000
0.234000
0.585000
0.702000
nan
0.117000
0.234000
nan
0.936000
0.234000
nan
0.234000
0.819000
nan
nan
nan
0.468000
1.000000
0.585000
nan
nan
nan
0.000000
nan
0.702000
nan
nan
0.468000
nan
0.468000
nan
nan
0.936000
0.702000
nan
0.000000
nan
0.702000
0.117000
nan
nan
nan
nan
nan
nan
nan
0.351000
0.000000
nan
nan
nan
nan
nan
0.468000
0.234000
0.000000
nan
nan
nan
0.468000
nan
nan
nan
0.234000
nan
nan
0.000000
nan
nan
0.234000
nan
0.117000
nan
