Coverage(RPKM): 36692.452830
0.136000
nan
nan
nan
nan
nan
0.297000
nan
nan
0.136000
0.136000
0.270000
0.335000
0.301000
nan
nan
0.295000
0.274000
nan
0.238000
0.203000
0.287000
nan
0.510000
0.222000
0.191000
0.199000
0.230000
0.315000
nan
0.429000
nan
0.417000
0.195000
0.258000
0.305000
0.211000
0.476000
0.388000
nan
0.455000
0.323000
nan
nan
0.742000
nan
nan
0.760000
0.651000
0.520000
0.602000
nan
0.890000
0.687000
nan
nan
nan
nan
nan
nan
nan
nan
nan
nan
nan
0.384000
nan
0.435000
0.358000
0.933000
1.000000
nan
0.945000
0.964000
nan
nan
0.762000
nan
nan
nan
0.563000
0.634000
1.000000
1.000000
0.852000
0.770000
0.980000
nan
0.424000
0.383000
0.592000
0.859000
nan
0.616000
0.724000
0.762000
nan
0.703000
0.736000
nan
0.256000
0.478000
0.481000
nan
nan
nan
0.311000
0.286000
0.377000
1.000000
0.253000
0.432000
0.544000
nan
0.577000
0.594000
0.654000
nan
nan
nan
nan
0.787000
nan
nan
nan
0.324000
0.601000
nan
nan
1.000000
0.953000
nan
nan
0.253000
nan
nan
nan
1.000000
0.943000
0.498000
0.354000
nan
0.388000
0.253000
nan
nan
nan
0.787000
0.510000
nan
nan
0.473000
nan
0.797000
0.966000
nan
nan
nan
nan
nan
0.747000
0.948000
nan
nan
0.639000
0.696000
0.792000
nan
0.951000
0.732000
nan
0.818000
0.800000
0.813000
nan
nan
0.477000
nan
0.407000
0.939000
nan
nan
nan
0.577000
0.968000
0.688000
nan
0.807000
1.000000
nan
0.809000
0.744000
nan
1.000000
0.776000
nan
0.361000
0.149000
0.149000
0.153000
0.360000
nan
nan
nan
0.988000
0.805000
nan
nan
0.808000
0.780000
nan
0.355000
0.240000
nan
nan
nan
nan
nan
nan
nan
1.000000
0.595000
nan
0.480000
0.571000
nan
nan
nan
0.570000
nan
0.562000
nan
0.720000
0.434000
nan
0.508000
0.297000
nan
nan
nan
0.330000
0.490000
0.570000
nan
nan
nan
0.230000
0.256000
0.947000
nan
0.353000
0.202000
0.438000
0.790000
0.725000
0.767000
nan
nan
nan
nan
nan
0.214000
0.591000
0.523000
nan
nan
nan
0.240000
0.810000
0.367000
nan
0.615000
0.530000
0.932000
nan
nan
0.309000
0.365000
0.322000
nan
0.685000
0.729000
0.663000
nan
0.519000
0.339000
0.284000
0.287000
0.238000
0.322000
0.387000
0.527000
0.435000
nan
0.276000
0.366000
0.315000
0.302000
nan
0.149000
0.116000
0.096000
0.396000
0.389000
0.212000
0.389000
0.274000
nan
0.164000
0.112000
nan
0.125000
nan
0.212000
nan
nan
0.096000
0.096000
