Coverage(RPKM): 1285.955056
nan
nan
0.066000
nan
nan
0.679000
1.000000
0.679000
nan
0.388000
nan
0.452000
0.711000
nan
0.549000
nan
nan
nan
nan
nan
nan
nan
nan
nan
nan
nan
0.517000
0.840000
0.840000
0.743000
0.420000
0.808000
nan
nan
0.582000
nan
0.323000
0.420000
0.969000
0.646000
0.646000
nan
nan
nan
0.194000
nan
nan
nan
0.517000
0.872000
nan
0.840000
0.905000
0.905000
nan
0.872000
nan
0.420000
nan
nan
nan
0.388000
nan
0.420000
0.485000
0.679000
nan
nan
0.711000
nan
1.000000
1.000000
nan
0.452000
nan
0.129000
nan
nan
0.066000
nan
nan
0.066000
nan
nan
nan
0.420000
0.614000
0.097000
nan
