Coverage(RPKM): 1189.694656
nan
nan
0.500000
nan
nan
0.219000
nan
0.312000
0.500000
0.125000
nan
nan
0.281000
nan
nan
0.688000
nan
0.594000
0.250000
nan
0.125000
nan
nan
0.156000
nan
0.184000
1.000000
0.645000
nan
nan
nan
0.338000
nan
0.461000
nan
nan
0.277000
nan
0.399000
nan
0.830000
nan
nan
nan
nan
nan
nan
nan
nan
0.922000
0.860000
0.615000
0.676000
0.584000
nan
0.154000
nan
0.461000
0.123000
0.246000
0.184000
nan
0.799000
0.399000
1.000000
0.707000
0.584000
0.123000
nan
0.522000
nan
0.768000
nan
0.738000
nan
nan
nan
nan
nan
0.983000
nan
nan
nan
0.983000
nan
nan
nan
0.553000
0.184000
0.246000
0.799000
0.615000
nan
0.676000
nan
nan
nan
0.338000
0.399000
0.522000
nan
nan
0.522000
nan
nan
nan
nan
0.453000
0.453000
nan
0.755000
1.000000
0.755000
nan
0.634000
nan
0.967000
nan
0.604000
nan
nan
nan
nan
nan
nan
0.121000
nan
0.906000
nan
0.121000
nan
