Coverage(RPKM): 748.404255
nan
nan
0.154000
nan
nan
nan
1.000000
0.308000
0.846000
0.385000
nan
nan
0.615000
1.000000
0.154000
nan
0.231000
0.538000
nan
0.154000
nan
0.154000
nan
0.538000
nan
nan
nan
0.385000
0.154000
0.035000
nan
nan
nan
0.692000
nan
nan
nan
nan
nan
0.462000
0.615000
0.769000
0.462000
0.231000
0.308000
0.154000
nan
0.538000
0.035000
nan
0.077000
0.615000
0.308000
nan
0.308000
nan
0.846000
nan
0.769000
0.385000
0.692000
0.462000
1.000000
0.769000
1.000000
nan
nan
0.615000
nan
1.000000
0.692000
nan
nan
1.000000
0.692000
0.231000
0.308000
nan
nan
0.154000
nan
nan
nan
0.035000
nan
0.538000
1.000000
nan
nan
0.692000
nan
nan
0.308000
nan
