Coverage(RPKM): 12375.747508
nan
nan
0.191000
nan
nan
nan
0.306000
0.568000
0.249000
0.387000
0.225000
0.419000
0.465000
nan
nan
0.387000
0.446000
0.384000
0.487000
0.208000
nan
0.527000
0.287000
0.492000
0.481000
0.495000
nan
0.191000
0.191000
nan
nan
nan
nan
nan
nan
nan
nan
0.606000
0.733000
nan
0.774000
0.565000
nan
0.920000
0.733000
nan
0.611000
nan
0.793000
0.668000
0.687000
nan
0.490000
nan
nan
0.730000
nan
0.855000
1.000000
0.625000
0.692000
1.000000
0.628000
0.603000
nan
0.484000
nan
nan
0.349000
0.200000
0.216000
nan
0.806000
nan
0.238000
0.292000
0.246000
nan
nan
0.298000
nan
1.000000
0.579000
0.483000
nan
nan
nan
nan
nan
0.739000
0.652000
nan
0.167000
0.153000
nan
nan
nan
nan
nan
nan
0.281000
1.000000
0.801000
nan
0.363000
0.401000
0.194000
0.566000
0.642000
nan
nan
0.184000
0.049000
0.159000
nan
nan
nan
0.240000
1.000000
1.000000
nan
nan
nan
nan
0.049000
0.052000
0.049000
nan
0.145000
nan
0.368000
0.685000
0.407000
0.436000
nan
nan
0.621000
nan
nan
0.531000
nan
0.502000
nan
0.405000
0.493000
nan
0.322000
nan
nan
nan
nan
nan
0.345000
0.869000
0.440000
nan
0.165000
0.095000
0.142000
nan
nan
nan
0.628000
nan
0.283000
0.370000
0.545000
nan
0.549000
nan
nan
nan
0.072000
nan
0.072000
0.080000
0.219000
nan
nan
0.411000
0.758000
0.349000
nan
nan
0.252000
nan
nan
nan
0.672000
0.987000
0.535000
nan
nan
1.000000
0.628000
1.000000
nan
0.393000
0.413000
0.521000
0.547000
0.528000
nan
nan
0.227000
0.746000
nan
nan
0.634000
nan
0.786000
nan
0.770000
0.688000
nan
nan
0.866000
0.653000
nan
nan
0.653000
nan
nan
0.566000
0.622000
0.920000
nan
nan
0.505000
nan
0.482000
nan
0.824000
0.718000
nan
nan
nan
nan
0.814000
0.707000
nan
0.728000
0.707000
0.763000
0.952000
0.671000
0.594000
0.959000
nan
0.461000
0.438000
0.580000
0.891000
nan
0.683000
0.449000
nan
0.295000
0.393000
0.307000
nan
0.311000
0.227000
nan
0.236000
nan
nan
1.000000
0.747000
nan
1.000000
nan
nan
nan
0.206000
nan
0.592000
nan
nan
nan
nan
nan
0.407000
nan
0.798000
nan
nan
nan
1.000000
nan
0.478000
0.765000
nan
nan
nan
0.541000
0.874000
nan
nan
0.237000
nan
