Coverage(RPKM): 540.740741
nan
nan
0.450000
nan
nan
nan
nan
nan
nan
nan
nan
nan
nan
0.300000
nan
0.150000
nan
0.300000
nan
nan
nan
nan
0.450000
nan
nan
0.100000
nan
nan
nan
0.550000
nan
nan
nan
nan
0.800000
0.350000
1.000000
0.700000
nan
nan
0.500000
0.700000
0.450000
nan
0.250000
0.800000
nan
nan
0.500000
nan
0.200000
1.000000
nan
0.250000
0.800000
1.000000
nan
nan
nan
nan
0.300000
nan
nan
0.750000
0.600000
nan
nan
0.600000
nan
nan
0.300000
nan
nan
0.100000
0.100000
nan
0.200000
nan
0.400000
0.200000
nan
