Coverage(RPKM): 5988.798701
nan
nan
0.252000
nan
nan
nan
nan
0.370000
nan
0.287000
nan
nan
nan
nan
0.861000
0.345000
nan
0.254000
nan
nan
0.487000
nan
nan
0.541000
0.420000
nan
nan
nan
0.252000
0.279000
0.341000
nan
0.553000
0.454000
0.408000
nan
0.433000
nan
nan
0.291000
nan
nan
nan
nan
nan
0.441000
0.400000
nan
nan
0.375000
nan
0.853000
1.000000
0.945000
nan
nan
1.000000
0.591000
0.300000
nan
0.252000
nan
0.295000
nan
nan
nan
nan
1.000000
0.728000
nan
nan
nan
0.662000
0.412000
nan
0.986000
nan
0.745000
nan
0.633000
nan
nan
nan
nan
0.445000
0.608000
0.549000
0.395000
0.845000
nan
nan
0.666000
0.645000
0.728000
0.824000
nan
nan
0.799000
0.870000
0.799000
nan
0.358000
0.449000
0.616000
0.476000
nan
nan
nan
0.696000
nan
nan
0.580000
nan
0.770000
nan
0.306000
0.615000
0.863000
nan
nan
nan
nan
nan
0.650000
0.681000
0.460000
nan
nan
0.375000
nan
0.275000
0.460000
nan
nan
nan
0.824000
0.793000
0.998000
nan
0.584000
0.731000
0.538000
0.429000
nan
nan
0.522000
0.658000
nan
0.270000
0.270000
nan
nan
nan
nan
nan
nan
nan
0.642000
0.507000
0.545000
1.000000
0.588000
0.270000
0.518000
0.588000
0.731000
0.719000
nan
0.723000
0.692000
1.000000
nan
0.576000
0.286000
nan
0.534000
nan
nan
0.812000
nan
nan
1.000000
0.418000
0.576000
0.785000
nan
0.770000
0.619000
nan
0.932000
nan
nan
nan
nan
nan
nan
0.406000
0.410000
0.584000
0.546000
0.971000
nan
0.294000
0.290000
nan
0.378000
nan
0.382000
nan
nan
0.651000
0.634000
0.769000
0.609000
nan
1.000000
0.580000
0.481000
0.562000
0.229000
0.766000
0.676000
0.472000
nan
0.232000
0.464000
nan
0.740000
nan
nan
nan
0.349000
0.523000
0.421000
nan
0.387000
nan
0.319000
0.515000
nan
0.957000
0.298000
0.243000
0.442000
0.260000
0.477000
1.000000
nan
nan
0.455000
0.236000
nan
0.834000
0.702000
0.685000
1.000000
nan
nan
nan
nan
nan
nan
0.370000
1.000000
nan
nan
nan
0.260000
nan
nan
nan
0.689000
nan
nan
nan
nan
0.379000
0.459000
nan
0.477000
0.391000
0.315000
0.271000
0.297000
nan
0.538000
nan
nan
0.487000
0.573000
nan
nan
0.224000
0.482000
0.487000
nan
nan
nan
nan
0.396000
nan
0.521000
nan
nan
0.383000
0.500000
0.224000
nan
