Coverage(RPKM): 1597.058824
nan
nan
0.114000
nan
nan
nan
nan
nan
0.359000
nan
0.449000
nan
nan
nan
nan
0.778000
nan
nan
nan
nan
0.808000
nan
0.659000
0.749000
nan
nan
0.898000
0.419000
0.599000
nan
nan
0.479000
nan
nan
0.928000
nan
nan
nan
nan
nan
1.000000
0.509000
nan
0.689000
nan
nan
nan
nan
0.928000
nan
nan
1.000000
0.749000
0.898000
0.659000
0.749000
0.749000
0.599000
nan
nan
nan
nan
nan
0.240000
nan
nan
0.389000
nan
nan
nan
0.150000
0.210000
0.210000
nan
nan
nan
nan
nan
0.838000
0.479000
0.599000
nan
0.689000
0.114000
nan
