Coverage(RPKM): 9384.278351
nan
nan
0.360000
nan
nan
nan
0.319000
0.330000
nan
nan
nan
0.360000
0.335000
nan
0.695000
0.251000
nan
0.477000
nan
nan
0.517000
0.370000
nan
0.375000
nan
0.730000
0.390000
0.259000
nan
0.251000
0.254000
0.299000
nan
0.426000
0.644000
0.467000
nan
0.251000
0.487000
nan
0.598000
0.512000
nan
nan
nan
nan
0.477000
nan
0.527000
nan
0.507000
1.000000
0.573000
0.568000
0.624000
0.299000
nan
0.735000
0.745000
0.989000
0.811000
nan
0.756000
nan
0.517000
nan
nan
0.365000
1.000000
0.948000
1.000000
nan
0.385000
0.654000
0.619000
nan
0.370000
0.730000
0.644000
0.822000
0.832000
nan
0.328000
nan
nan
nan
0.443000
0.380000
0.309000
nan
0.243000
0.248000
nan
nan
nan
nan
0.221000
nan
0.290000
nan
nan
nan
nan
nan
0.521000
0.511000
nan
0.440000
0.457000
0.496000
nan
0.523000
0.431000
0.440000
0.494000
0.567000
0.543000
nan
0.518000
nan
0.272000
0.416000
nan
nan
0.528000
nan
0.543000
nan
0.659000
0.681000
0.316000
0.545000
0.577000
nan
0.421000
nan
nan
nan
nan
nan
0.221000
0.959000
nan
0.778000
nan
0.679000
0.951000
nan
1.000000
nan
nan
0.688000
nan
nan
0.221000
nan
0.394000
0.294000
0.253000
0.275000
nan
nan
1.000000
nan
nan
0.564000
nan
nan
1.000000
nan
0.847000
0.472000
0.577000
0.788000
nan
nan
0.898000
1.000000
nan
nan
nan
0.480000
0.637000
0.888000
nan
nan
0.962000
nan
0.734000
nan
nan
0.508000
nan
nan
nan
nan
0.823000
0.579000
0.698000
nan
nan
nan
0.131000
nan
nan
nan
0.264000
0.414000
nan
nan
0.657000
1.000000
nan
nan
0.962000
nan
nan
nan
nan
0.190000
0.131000
0.137000
nan
nan
0.178000
nan
nan
nan
nan
0.561000
nan
nan
nan
nan
0.822000
0.246000
0.899000
1.000000
nan
nan
0.904000
nan
nan
nan
0.500000
0.942000
0.775000
0.787000
0.566000
nan
nan
0.772000
nan
0.683000
0.571000
nan
nan
nan
nan
0.205000
nan
nan
0.406000
0.576000
nan
nan
0.445000
0.683000
0.858000
0.853000
nan
0.131000
0.163000
0.221000
nan
nan
nan
nan
nan
0.548000
0.289000
0.549000
0.452000
0.379000
0.667000
0.782000
nan
nan
0.498000
nan
nan
nan
nan
0.867000
nan
nan
nan
nan
0.358000
nan
nan
nan
nan
0.716000
1.000000
nan
0.979000
0.765000
nan
0.663000
nan
0.695000
0.460000
nan
0.926000
0.670000
0.512000
0.954000
nan
1.000000
nan
0.775000
0.831000
0.456000
0.638000
0.688000
1.000000
0.621000
0.579000
nan
0.607000
nan
0.681000
0.477000
nan
0.463000
0.467000
nan
0.565000
0.593000
0.495000
0.407000
nan
nan
0.607000
nan
nan
nan
0.596000
nan
nan
0.495000
nan
0.179000
0.186000
0.176000
nan
0.166000
nan
nan
0.393000
0.519000
nan
nan
nan
nan
nan
0.225000
nan
nan
nan
0.166000
nan
nan
nan
0.291000
0.333000
nan
nan
0.491000
nan
0.491000
0.270000
nan
0.295000
0.333000
0.154000
nan
