Coverage(RPKM): 2804.054054
nan
nan
0.201000
nan
nan
nan
0.201000
nan
nan
0.429000
0.164000
nan
nan
nan
0.924000
nan
0.777000
nan
0.496000
0.857000
nan
nan
0.723000
0.429000
0.589000
1.000000
0.241000
0.308000
0.268000
nan
nan
0.322000
nan
nan
0.804000
nan
1.000000
1.000000
0.522000
0.442000
nan
nan
nan
0.335000
0.322000
0.603000
0.603000
0.978000
nan
nan
nan
nan
nan
nan
nan
0.536000
nan
0.335000
0.184000
0.184000
nan
nan
nan
nan
0.469000
nan
nan
nan
nan
nan
nan
0.670000
0.630000
nan
0.616000
0.308000
0.362000
0.442000
nan
nan
nan
nan
0.522000
0.482000
nan
0.951000
nan
0.536000
0.402000
nan
0.241000
0.509000
0.563000
0.697000
0.255000
0.402000
0.308000
nan
0.241000
nan
nan
0.509000
nan
nan
0.670000
nan
0.375000
nan
nan
0.204000
nan
