Coverage(RPKM): 6779.327902
nan
nan
0.273000
nan
nan
nan
nan
nan
nan
0.485000
nan
0.328000
nan
nan
0.293000
0.338000
0.883000
0.454000
0.214000
0.379000
0.353000
nan
0.575000
0.500000
nan
0.586000
0.560000
0.676000
nan
0.404000
0.214000
nan
nan
0.348000
0.222000
0.303000
0.257000
0.646000
nan
nan
0.369000
0.687000
nan
0.631000
0.459000
0.464000
0.586000
nan
0.575000
nan
0.626000
nan
nan
0.500000
nan
0.722000
0.979000
nan
0.969000
nan
0.586000
0.550000
0.762000
0.464000
0.323000
nan
0.762000
nan
nan
nan
0.217000
1.000000
0.641000
nan
1.000000
1.000000
0.934000
nan
0.994000
nan
0.288000
0.214000
nan
0.914000
nan
0.733000
0.600000
nan
0.346000
nan
nan
nan
0.688000
0.563000
0.488000
0.633000
nan
nan
nan
nan
nan
nan
0.721000
0.692000
0.800000
nan
nan
0.909000
0.942000
nan
nan
0.809000
0.796000
nan
0.346000
0.388000
nan
nan
nan
nan
nan
0.521000
nan
0.771000
nan
nan
nan
0.400000
nan
0.542000
nan
nan
0.538000
1.000000
0.821000
nan
0.625000
0.779000
0.596000
nan
nan
nan
1.000000
nan
1.000000
0.583000
nan
0.688000
0.979000
nan
0.859000
0.817000
0.550000
nan
0.346000
nan
nan
nan
0.400000
0.642000
nan
0.679000
0.471000
0.971000
nan
nan
0.738000
nan
0.896000
nan
0.371000
nan
nan
0.471000
nan
nan
0.625000
nan
nan
0.813000
nan
0.629000
0.592000
0.671000
nan
0.538000
0.695000
0.596000
0.630000
nan
0.472000
0.476000
nan
0.596000
0.725000
0.929000
nan
nan
0.698000
0.453000
0.630000
0.596000
nan
0.544000
0.517000
0.657000
nan
nan
nan
0.763000
0.491000
0.506000
0.491000
nan
0.544000
nan
0.396000
0.661000
nan
0.630000
0.498000
0.842000
nan
0.487000
nan
nan
nan
0.186000
0.332000
0.313000
nan
nan
0.193000
0.325000
nan
1.000000
nan
nan
nan
nan
nan
nan
nan
0.186000
nan
nan
0.215000
0.193000
nan
nan
nan
nan
0.868000
0.963000
nan
0.921000
nan
nan
nan
0.479000
0.449000
nan
nan
nan
nan
0.427000
0.442000
nan
nan
nan
1.000000
nan
nan
0.872000
nan
nan
nan
nan
nan
nan
nan
0.344000
0.400000
nan
nan
1.000000
nan
0.898000
nan
0.883000
nan
0.186000
0.224000
nan
0.549000
nan
0.684000
nan
nan
nan
nan
nan
0.574000
0.501000
0.549000
0.224000
0.498000
0.787000
nan
nan
nan
0.889000
0.798000
nan
nan
0.596000
nan
0.779000
0.395000
nan
0.337000
1.000000
nan
nan
nan
nan
nan
nan
nan
0.874000
nan
nan
nan
nan
0.373000
0.293000
0.490000
0.574000
0.392000
0.527000
nan
0.563000
0.234000
nan
nan
0.644000
0.479000
0.399000
0.545000
0.721000
nan
0.556000
0.684000
1.000000
nan
0.278000
0.545000
0.648000
nan
nan
0.838000
nan
nan
nan
1.000000
nan
nan
nan
nan
nan
nan
nan
nan
nan
nan
nan
nan
0.481000
nan
0.717000
nan
nan
nan
nan
0.769000
0.761000
nan
0.780000
nan
nan
nan
0.776000
nan
0.954000
nan
0.800000
nan
nan
0.347000
nan
nan
0.370000
0.184000
nan
nan
nan
nan
0.690000
nan
nan
nan
nan
nan
0.372000
nan
nan
nan
0.769000
0.929000
nan
nan
0.942000
nan
1.000000
1.000000
nan
nan
nan
0.672000
nan
0.587000
0.727000
nan
0.811000
0.629000
0.841000
0.634000
nan
0.680000
0.672000
nan
0.414000
0.410000
0.410000
nan
nan
nan
0.710000
0.765000
nan
0.494000
0.145000
0.156000
0.211000
0.275000
nan
nan
nan
nan
nan
0.304000
0.220000
nan
0.722000
nan
nan
0.405000
nan
nan
nan
0.300000
0.393000
nan
nan
nan
nan
nan
nan
0.325000
nan
0.401000
0.355000
nan
0.414000
nan
nan
0.338000
0.367000
nan
0.145000
nan
