Coverage(RPKM): 15342.493947
nan
nan
0.322000
0.512000
nan
nan
0.401000
nan
nan
0.360000
nan
0.480000
0.367000
nan
0.699000
nan
0.381000
nan
0.244000
nan
0.206000
0.240000
nan
1.000000
nan
nan
0.266000
nan
nan
nan
0.322000
0.649000
0.847000
nan
nan
0.705000
nan
nan
0.246000
0.600000
0.221000
nan
0.106000
nan
nan
1.000000
0.328000
nan
0.337000
nan
nan
nan
nan
0.589000
nan
nan
nan
nan
nan
0.716000
1.000000
0.748000
nan
0.821000
nan
nan
nan
nan
0.454000
nan
nan
nan
nan
0.733000
0.106000
nan
0.106000
0.199000
nan
0.199000
0.212000
0.141000
nan
0.204000
nan
nan
nan
nan
0.330000
nan
0.555000
0.399000
nan
0.276000
nan
nan
0.216000
0.607000
0.394000
nan
nan
0.186000
0.126000
0.236000
nan
0.302000
0.247000
nan
0.667000
nan
nan
0.559000
nan
0.498000
0.376000
0.194000
nan
nan
0.866000
0.965000
nan
nan
nan
1.000000
nan
nan
0.565000
nan
0.546000
0.615000
0.790000
nan
0.717000
0.712000
0.952000
0.803000
0.898000
0.768000
nan
0.306000
0.203000
nan
nan
0.544000
0.455000
nan
nan
0.177000
0.175000
nan
0.442000
nan
0.120000
0.173000
0.494000
nan
0.652000
nan
nan
0.499000
nan
nan
0.848000
1.000000
nan
0.190000
nan
0.120000
nan
nan
nan
0.609000
nan
nan
nan
0.255000
1.000000
0.218000
0.142000
nan
nan
0.263000
0.293000
0.658000
nan
0.699000
0.689000
0.689000
nan
0.866000
0.647000
0.747000
0.976000
nan
nan
0.120000
0.220000
nan
nan
nan
0.215000
0.197000
0.170000
0.412000
0.159000
nan
nan
nan
0.181000
nan
0.195000
0.781000
0.741000
nan
nan
0.650000
nan
0.224000
nan
0.478000
nan
0.979000
0.807000
0.460000
nan
nan
nan
nan
0.521000
nan
0.159000
nan
1.000000
1.000000
nan
0.999000
nan
nan
nan
0.331000
0.850000
0.276000
0.243000
nan
0.167000
nan
0.462000
nan
0.183000
nan
0.304000
nan
nan
0.576000
0.548000
0.983000
0.627000
0.397000
nan
nan
nan
nan
0.347000
0.342000
0.192000
nan
nan
0.159000
nan
nan
nan
nan
1.000000
nan
nan
nan
nan
0.859000
0.865000
0.833000
0.319000
nan
nan
0.412000
nan
nan
0.609000
nan
0.202000
0.627000
0.551000
nan
0.568000
0.453000
nan
nan
0.223000
nan
nan
0.819000
nan
nan
nan
nan
nan
nan
0.825000
1.000000
nan
0.181000
0.225000
nan
0.212000
nan
0.227000
nan
0.153000
nan
0.888000
0.819000
0.374000
0.177000
nan
0.158000
nan
nan
nan
0.190000
nan
nan
0.168000
nan
1.000000
0.540000
0.603000
nan
nan
0.648000
0.482000
nan
nan
nan
nan
nan
0.235000
0.216000
0.350000
nan
nan
nan
0.235000
0.248000
nan
0.602000
0.369000
nan
nan
nan
nan
nan
nan
nan
0.179000
0.238000
nan
nan
nan
0.410000
0.205000
0.231000
0.607000
0.287000
nan
nan
nan
nan
nan
0.304000
0.235000
nan
0.605000
1.000000
0.320000
0.438000
0.639000
nan
0.574000
0.311000
nan
0.153000
0.153000
0.156000
0.220000
nan
nan
nan
nan
0.425000
0.317000
nan
nan
nan
nan
nan
nan
nan
nan
nan
nan
nan
nan
0.222000
nan
