Coverage(RPKM): 1637.109375
nan
nan
0.242000
nan
nan
nan
nan
0.626000
0.371000
nan
0.464000
0.557000
nan
nan
0.418000
nan
nan
nan
0.696000
0.742000
0.418000
nan
0.673000
nan
nan
0.974000
1.000000
nan
nan
0.367000
0.298000
0.802000
nan
nan
nan
nan
0.458000
nan
0.239000
0.619000
1.000000
0.481000
nan
0.756000
0.458000
0.239000
0.435000
0.344000
nan
0.664000
0.252000
0.642000
nan
nan
nan
nan
0.527000
nan
1.000000
nan
nan
0.550000
0.367000
0.962000
nan
0.939000
0.504000
0.298000
nan
nan
nan
nan
nan
nan
0.321000
0.298000
0.619000
0.664000
0.825000
0.481000
nan
nan
0.527000
0.435000
0.871000
nan
nan
0.344000
0.710000
nan
0.481000
0.390000
0.298000
nan
nan
nan
nan
nan
nan
nan
nan
0.430000
0.588000
0.236000
0.249000
0.271000
nan
nan
nan
nan
nan
1.000000
nan
nan
nan
nan
nan
nan
nan
nan
0.407000
0.407000
0.430000
0.339000
nan
0.566000
0.339000
nan
