Coverage(RPKM): 1078.260870
nan
nan
0.249000
nan
nan
1.000000
0.150000
nan
0.200000
nan
nan
0.399000
0.948000
0.599000
nan
0.200000
0.399000
0.848000
nan
nan
0.399000
nan
nan
0.100000
0.100000
nan
0.200000
0.200000
nan
0.200000
0.798000
nan
0.299000
0.998000
0.798000
1.000000
nan
0.698000
0.698000
0.150000
0.249000
0.549000
nan
nan
nan
nan
0.100000
0.449000
nan
0.299000
0.100000
0.599000
0.249000
nan
0.449000
0.349000
0.349000
nan
nan
0.349000
nan
nan
nan
0.097000
0.150000
0.599000
nan
0.097000
nan
