Coverage(RPKM): 1568.534483
nan
nan
0.146000
nan
nan
nan
0.195000
nan
nan
0.220000
nan
nan
nan
0.195000
0.146000
0.244000
nan
0.146000
nan
0.557000
nan
0.302000
0.603000
0.186000
0.279000
nan
nan
0.255000
0.232000
0.650000
0.302000
0.348000
0.534000
0.232000
nan
nan
0.464000
0.696000
0.627000
nan
0.302000
nan
0.789000
nan
nan
nan
nan
0.696000
nan
nan
0.766000
0.325000
nan
nan
0.325000
0.302000
nan
nan
nan
0.673000
0.650000
nan
1.000000
0.766000
nan
nan
0.696000
0.395000
0.348000
0.139000
nan
nan
0.952000
0.255000
nan
0.487000
0.371000
0.441000
0.789000
nan
nan
nan
1.000000
0.952000
0.650000
nan
0.348000
0.186000
nan
nan
nan
0.209000
0.395000
nan
nan
nan
1.000000
nan
0.595000
nan
nan
nan
0.096000
0.096000
0.096000
nan
nan
nan
nan
nan
nan
nan
nan
0.551000
0.419000
nan
