Coverage(RPKM): 1374.742268
nan
nan
0.079000
nan
nan
nan
nan
nan
0.194000
0.079000
0.226000
0.419000
nan
0.290000
0.323000
0.194000
nan
0.161000
nan
nan
nan
0.194000
0.452000
0.484000
0.548000
0.419000
nan
0.548000
nan
0.323000
nan
nan
0.581000
nan
nan
0.903000
0.355000
0.613000
nan
0.419000
0.194000
nan
0.548000
0.581000
0.613000
0.742000
nan
0.710000
0.742000
0.387000
0.194000
nan
nan
nan
nan
0.613000
nan
0.452000
nan
0.258000
nan
nan
nan
nan
nan
0.129000
nan
0.613000
nan
nan
nan
0.903000
0.548000
0.079000
nan
nan
0.774000
0.097000
nan
nan
1.000000
nan
nan
nan
nan
nan
nan
nan
nan
nan
nan
0.355000
nan
nan
nan
1.000000
0.645000
nan
nan
0.839000
nan
nan
nan
nan
1.000000
0.129000
nan
0.516000
nan
0.097000
0.983000
0.249000
nan
nan
nan
1.000000
1.000000
nan
0.623000
0.654000
nan
0.530000
nan
nan
nan
nan
nan
0.935000
nan
nan
nan
0.841000
0.841000
0.717000
0.312000
0.187000
nan
0.935000
nan
0.717000
nan
0.436000
nan
0.125000
0.249000
0.125000
0.107000
0.312000
0.312000
0.187000
nan
nan
nan
0.374000
0.218000
nan
1.000000
0.249000
nan
0.498000
0.218000
0.249000
nan
nan
0.312000
nan
nan
0.374000
0.280000
0.374000
0.561000
0.467000
0.125000
0.280000
nan
0.343000
0.156000
0.218000
0.107000
0.312000
nan
nan
0.498000
nan
0.498000
nan
nan
nan
0.374000
0.343000
0.467000
0.592000
0.107000
nan
