Coverage(RPKM): 6823.529412
nan
nan
0.197000
nan
nan
nan
0.517000
0.444000
nan
nan
0.119000
nan
0.151000
nan
nan
nan
nan
nan
nan
0.746000
nan
0.082000
0.082000
0.082000
0.169000
nan
0.087000
nan
nan
0.357000
0.572000
nan
0.375000
nan
nan
0.352000
nan
nan
nan
nan
0.663000
nan
nan
0.805000
0.677000
nan
0.860000
0.650000
nan
0.535000
0.407000
0.682000
nan
nan
0.677000
0.654000
0.645000
nan
nan
nan
nan
0.586000
nan
0.782000
0.860000
1.000000
0.773000
nan
0.462000
nan
0.544000
nan
0.476000
0.833000
1.000000
0.727000
nan
nan
0.549000
nan
0.467000
0.242000
0.467000
nan
0.316000
nan
0.613000
0.508000
nan
nan
nan
0.348000
0.810000
0.970000
1.000000
nan
0.512000
nan
nan
0.416000
nan
nan
nan
nan
0.842000
nan
nan
nan
0.712000
nan
0.694000
0.620000
nan
nan
nan
0.555000
0.606000
0.365000
nan
0.541000
nan
nan
nan
nan
nan
0.393000
nan
0.939000
1.000000
0.643000
0.754000
nan
nan
0.555000
nan
nan
nan
nan
0.740000
0.444000
nan
0.828000
nan
nan
0.990000
nan
0.911000
0.694000
1.000000
0.537000
0.319000
nan
nan
0.199000
nan
0.184000
0.184000
0.254000
0.282000
nan
nan
1.000000
0.916000
nan
nan
nan
nan
nan
nan
0.227000
nan
0.184000
0.814000
nan
0.754000
0.865000
0.985000
nan
nan
0.828000
0.671000
nan
0.777000
nan
nan
0.759000
nan
0.204000
nan
nan
nan
nan
0.985000
0.805000
nan
0.689000
0.731000
nan
nan
nan
nan
0.823000
0.754000
nan
nan
nan
nan
0.786000
0.791000
0.902000
nan
nan
0.332000
0.601000
0.620000
nan
0.797000
nan
0.157000
0.275000
nan
0.360000
0.218000
0.680000
0.664000
nan
0.648000
1.000000
0.515000
nan
nan
0.259000
0.828000
nan
nan
0.383000
nan
0.844000
0.813000
0.465000
nan
nan
nan
nan
nan
0.566000
0.939000
nan
nan
0.231000
0.455000
nan
nan
0.664000
0.506000
nan
0.247000
nan
0.845000
nan
0.266000
nan
nan
nan
0.372000
nan
0.693000
0.155000
nan
nan
nan
0.758000
nan
nan
1.000000
nan
0.175000
0.139000
nan
0.913000
nan
1.000000
0.977000
0.680000
nan
nan
0.648000
0.690000
nan
nan
0.330000
nan
nan
nan
nan
0.538000
nan
nan
nan
nan
0.266000
0.829000
0.356000
0.217000
0.350000
0.612000
0.408000
nan
nan
0.129000
0.129000
nan
nan
nan
nan
nan
nan
nan
0.796000
nan
0.345000
0.352000
nan
0.172000
nan
0.262000
nan
0.120000
0.786000
0.998000
nan
0.637000
0.773000
0.590000
0.710000
nan
0.511000
nan
nan
0.444000
0.424000
nan
0.375000
0.431000
0.342000
nan
0.438000
0.358000
nan
nan
0.391000
0.282000
0.302000
nan
nan
0.120000
nan
