Coverage(RPKM): 5753.213368
nan
nan
0.249000
nan
nan
nan
0.354000
0.498000
0.398000
nan
nan
0.350000
0.335000
nan
nan
0.311000
nan
nan
0.503000
0.537000
nan
nan
nan
0.460000
nan
nan
0.680000
nan
nan
0.398000
0.436000
0.393000
0.546000
nan
nan
nan
0.426000
0.493000
0.589000
nan
0.551000
0.747000
0.766000
0.431000
nan
0.546000
0.326000
nan
nan
nan
0.278000
nan
nan
0.968000
nan
nan
nan
1.000000
nan
0.987000
nan
nan
0.834000
nan
nan
0.771000
0.704000
0.680000
nan
nan
0.867000
nan
0.704000
0.608000
0.484000
nan
0.522000
0.757000
nan
0.508000
0.623000
0.623000
nan
nan
1.000000
0.249000
0.278000
0.398000
0.651000
1.000000
nan
nan
nan
nan
0.393000
0.249000
0.589000
0.532000
0.325000
1.000000
nan
nan
0.952000
nan
0.713000
nan
nan
0.399000
0.452000
0.708000
nan
nan
nan
0.681000
0.431000
0.633000
0.559000
nan
1.000000
0.958000
nan
0.505000
0.410000
0.399000
nan
0.851000
0.920000
nan
nan
nan
0.521000
nan
nan
0.388000
0.873000
0.835000
nan
0.660000
nan
nan
0.761000
0.559000
0.904000
0.617000
0.729000
0.798000
nan
0.878000
nan
nan
nan
0.300000
0.585000
0.335000
0.697000
0.649000
nan
0.787000
nan
0.873000
nan
0.649000
0.484000
nan
nan
0.484000
nan
nan
0.931000
0.511000
nan
nan
nan
nan
nan
0.356000
0.300000
1.000000
nan
0.974000
nan
0.309000
0.300000
0.798000
nan
nan
nan
0.548000
nan
nan
0.868000
nan
0.752000
0.733000
nan
0.308000
0.395000
0.654000
nan
nan
nan
0.308000
0.381000
0.432000
0.757000
nan
0.636000
0.724000
0.859000
nan
nan
0.757000
nan
nan
0.343000
0.408000
nan
0.455000
0.659000
0.715000
nan
0.538000
nan
0.385000
nan
0.631000
0.576000
nan
0.308000
0.706000
0.613000
0.891000
0.924000
nan
0.951000
nan
nan
nan
nan
1.000000
nan
nan
nan
nan
0.603000
0.905000
0.552000
nan
0.947000
1.000000
0.552000
0.678000
0.636000
0.845000
0.942000
nan
nan
nan
nan
0.933000
nan
0.719000
0.659000
nan
0.631000
0.882000
0.784000
nan
0.817000
nan
nan
nan
nan
1.000000
0.873000
nan
0.603000
0.481000
0.716000
nan
0.642000
0.691000
0.467000
0.519000
1.000000
0.502000
0.502000
0.527000
0.419000
nan
0.520000
nan
0.998000
nan
0.256000
0.225000
0.222000
nan
0.379000
0.222000
0.376000
0.408000
nan
nan
0.358000
0.300000
nan
nan
nan
nan
nan
nan
0.538000
nan
nan
1.000000
0.740000
nan
0.733000
0.542000
1.000000
nan
0.646000
0.906000
nan
nan
0.769000
nan
0.589000
nan
nan
nan
nan
0.708000
nan
nan
nan
0.849000
nan
nan
nan
0.737000
0.610000
0.574000
0.618000
nan
nan
nan
nan
nan
0.444000
0.560000
nan
0.426000
0.423000
0.708000
nan
0.646000
nan
0.412000
0.538000
nan
nan
0.379000
0.318000
0.274000
nan
nan
nan
nan
0.572000
nan
nan
nan
nan
nan
nan
0.550000
0.412000
nan
nan
nan
nan
0.349000
0.390000
0.234000
0.223000
0.217000
nan
