Coverage(RPKM): 10994.250000
nan
nan
0.187000
nan
nan
nan
nan
nan
nan
nan
0.457000
nan
nan
0.441000
nan
0.363000
nan
0.949000
nan
0.495000
0.429000
nan
0.256000
0.393000
nan
nan
0.264000
nan
nan
nan
0.200000
0.193000
0.330000
0.233000
nan
nan
nan
nan
0.472000
nan
nan
0.421000
0.292000
nan
nan
0.353000
nan
nan
0.505000
0.548000
nan
0.938000
nan
0.789000
nan
nan
0.794000
0.827000
nan
nan
0.801000
nan
0.543000
nan
nan
nan
nan
nan
nan
nan
0.639000
0.586000
nan
0.611000
nan
nan
nan
0.657000
0.644000
0.299000
nan
nan
nan
nan
1.000000
nan
nan
nan
nan
0.888000
0.992000
nan
nan
0.682000
nan
0.187000
0.187000
nan
nan
0.426000
nan
nan
0.657000
0.708000
nan
0.888000
nan
nan
0.908000
1.000000
0.766000
0.464000
nan
nan
0.396000
0.817000
1.000000
0.799000
0.383000
nan
0.555000
nan
0.439000
0.458000
nan
1.000000
nan
nan
0.344000
0.394000
0.599000
1.000000
nan
0.630000
0.421000
0.586000
nan
1.000000
nan
nan
nan
nan
nan
nan
nan
0.758000
nan
nan
nan
nan
0.293000
nan
nan
0.564000
nan
nan
0.613000
nan
0.719000
0.534000
0.439000
0.525000
nan
0.681000
nan
nan
0.741000
0.575000
nan
0.661000
nan
0.650000
0.652000
nan
nan
nan
nan
0.293000
nan
nan
nan
nan
0.842000
0.556000
0.522000
nan
nan
0.414000
nan
0.586000
nan
0.734000
nan
0.703000
nan
nan
nan
0.372000
0.685000
nan
nan
0.443000
nan
nan
nan
0.293000
0.450000
0.414000
nan
nan
nan
0.514000
0.602000
0.467000
nan
0.470000
nan
nan
0.509000
0.620000
0.492000
0.685000
nan
nan
0.531000
nan
nan
0.868000
0.644000
nan
nan
0.557000
0.962000
nan
nan
nan
nan
nan
0.423000
nan
0.763000
nan
0.530000
0.674000
0.485000
0.895000
nan
nan
0.768000
nan
nan
0.830000
nan
0.803000
0.624000
nan
0.622000
0.547000
nan
0.201000
0.172000
nan
nan
nan
0.612000
0.428000
nan
0.977000
0.893000
nan
0.818000
nan
nan
nan
nan
nan
nan
0.728000
nan
0.848000
0.808000
nan
nan
0.808000
0.674000
0.788000
0.634000
1.000000
0.636000
nan
nan
nan
nan
nan
0.536000
nan
nan
nan
0.187000
nan
0.154000
nan
nan
nan
nan
0.962000
0.591000
nan
nan
1.000000
nan
nan
0.152000
1.000000
nan
nan
nan
nan
0.526000
0.579000
nan
nan
nan
nan
0.163000
0.149000
0.349000
nan
0.288000
nan
nan
nan
nan
nan
0.524000
nan
0.596000
0.587000
nan
nan
0.389000
0.183000
0.253000
0.295000
0.267000
0.299000
1.000000
nan
nan
nan
0.406000
nan
0.497000
nan
0.411000
0.460000
0.279000
nan
0.313000
nan
nan
nan
0.402000
0.443000
nan
0.360000
0.357000
0.469000
0.539000
nan
nan
0.548000
nan
0.135000
nan
0.367000
nan
0.139000
0.678000
nan
nan
nan
nan
nan
nan
nan
0.265000
0.258000
nan
0.267000
0.348000
nan
nan
nan
0.274000
0.286000
0.272000
0.490000
0.135000
nan
