Coverage(RPKM): 3258.247423
nan
nan
0.180000
nan
nan
nan
0.331000
0.411000
0.685000
0.593000
nan
0.616000
0.365000
nan
0.445000
nan
0.616000
nan
nan
0.605000
0.605000
0.605000
0.502000
nan
nan
0.376000
nan
0.491000
nan
0.559000
0.228000
nan
0.593000
0.650000
nan
0.445000
nan
nan
nan
nan
0.673000
nan
0.867000
0.582000
0.445000
nan
nan
nan
nan
0.650000
nan
0.662000
nan
nan
nan
nan
nan
0.730000
0.993000
nan
0.719000
0.627000
1.000000
nan
nan
0.696000
nan
1.000000
nan
0.685000
0.856000
nan
1.000000
nan
0.799000
nan
nan
0.228000
0.422000
0.285000
0.627000
nan
0.559000
nan
nan
nan
0.582000
nan
nan
nan
nan
0.180000
0.399000
0.217000
0.180000
0.251000
nan
