Coverage(RPKM): 8546.656051
nan
nan
0.229000
0.523000
nan
nan
0.222000
0.294000
0.222000
0.422000
0.464000
nan
0.437000
nan
0.222000
nan
nan
nan
nan
nan
0.381000
nan
nan
0.503000
0.503000
nan
0.351000
0.274000
nan
nan
0.372000
nan
0.303000
nan
nan
0.375000
nan
nan
nan
0.458000
0.770000
nan
nan
nan
nan
0.253000
nan
0.345000
nan
nan
0.633000
0.452000
0.746000
0.782000
0.696000
0.562000
nan
nan
0.387000
0.607000
0.645000
nan
nan
0.645000
nan
nan
nan
0.351000
0.791000
0.937000
nan
nan
nan
nan
nan
nan
0.592000
1.000000
nan
0.981000
nan
0.955000
nan
0.960000
nan
nan
nan
0.990000
0.642000
0.696000
nan
0.375000
nan
nan
nan
1.000000
nan
nan
nan
nan
0.797000
0.678000
0.812000
nan
1.000000
nan
nan
nan
nan
0.610000
0.294000
0.274000
0.718000
nan
0.895000
0.947000
nan
nan
nan
0.575000
0.712000
nan
nan
0.483000
nan
nan
0.973000
nan
nan
nan
1.000000
nan
nan
0.519000
nan
0.415000
1.000000
nan
0.826000
nan
nan
0.878000
nan
1.000000
0.549000
0.748000
0.823000
0.451000
nan
0.447000
0.627000
0.751000
nan
nan
0.914000
0.771000
nan
nan
0.852000
nan
nan
0.787000
nan
nan
nan
nan
0.738000
nan
0.604000
0.601000
nan
0.460000
nan
0.379000
nan
0.251000
nan
0.251000
0.624000
0.797000
nan
nan
0.441000
0.666000
nan
nan
0.699000
nan
nan
0.627000
nan
0.473000
nan
0.284000
nan
nan
nan
0.921000
0.705000
0.526000
0.614000
nan
0.558000
nan
0.251000
0.674000
0.622000
0.404000
0.681000
0.993000
0.574000
nan
0.412000
0.675000
0.522000
0.412000
0.571000
0.769000
nan
nan
nan
0.210000
nan
nan
nan
0.480000
nan
0.701000
0.769000
nan
nan
nan
0.210000
0.341000
0.457000
0.659000
nan
nan
0.591000
nan
0.578000
nan
0.532000
nan
nan
0.487000
nan
0.801000
0.509000
0.892000
0.788000
nan
nan
nan
nan
0.266000
nan
nan
nan
1.000000
1.000000
nan
0.814000
nan
0.662000
nan
nan
nan
0.451000
nan
nan
nan
0.727000
0.396000
nan
0.597000
0.717000
0.604000
nan
nan
1.000000
0.879000
nan
nan
nan
nan
nan
0.328000
nan
0.412000
0.957000
nan
nan
nan
nan
0.419000
nan
nan
0.574000
nan
nan
nan
0.584000
nan
0.217000
nan
nan
nan
nan
nan
0.399000
nan
0.210000
nan
