Coverage(RPKM): 6344.137931
nan
nan
0.254000
nan
nan
nan
nan
nan
0.502000
nan
nan
0.400000
nan
nan
0.364000
0.509000
nan
0.487000
nan
nan
nan
0.371000
nan
0.254000
nan
0.458000
nan
nan
0.422000
0.443000
0.334000
0.254000
0.298000
0.473000
nan
0.334000
nan
nan
1.000000
nan
0.509000
0.458000
0.560000
0.611000
0.545000
0.996000
nan
nan
0.473000
0.611000
0.473000
0.742000
0.683000
nan
0.734000
nan
nan
0.843000
1.000000
0.480000
nan
0.705000
0.582000
0.560000
0.683000
nan
0.705000
0.800000
0.894000
nan
nan
0.451000
0.872000
0.742000
nan
nan
0.814000
0.829000
nan
nan
0.611000
0.843000
0.596000
0.749000
nan
1.000000
nan
nan
nan
0.422000
0.571000
nan
0.120000
nan
nan
nan
nan
0.105000
nan
0.301000
nan
nan
0.930000
nan
nan
0.105000
nan
0.105000
nan
0.289000
0.147000
0.147000
nan
0.189000
0.918000
nan
nan
nan
0.563000
nan
nan
0.363000
0.652000
0.552000
nan
0.741000
nan
0.907000
0.737000
nan
0.714000
0.502000
nan
nan
0.544000
nan
nan
nan
nan
0.247000
0.147000
0.332000
nan
nan
nan
0.313000
nan
nan
nan
0.737000
0.463000
nan
1.000000
0.895000
nan
0.868000
0.845000
0.320000
nan
nan
0.432000
0.691000
nan
0.587000
0.706000
nan
1.000000
1.000000
nan
nan
0.150000
nan
nan
0.313000
nan
nan
0.760000
0.799000
0.185000
0.147000
0.247000
0.174000
nan
nan
nan
0.266000
nan
nan
nan
nan
nan
nan
0.903000
nan
nan
0.725000
0.871000
nan
0.641000
0.264000
0.497000
0.524000
0.700000
0.716000
nan
nan
0.331000
0.441000
0.175000
0.291000
nan
nan
0.224000
0.214000
nan
nan
nan
nan
nan
0.175000
0.200000
nan
0.390000
0.200000
nan
0.206000
nan
0.507000
0.769000
0.796000
0.371000
nan
0.449000
0.321000
nan
nan
0.409000
0.216000
nan
nan
0.494000
0.689000
0.510000
0.612000
nan
nan
nan
0.232000
0.435000
0.267000
nan
0.211000
nan
0.175000
nan
nan
nan
0.184000
nan
nan
1.000000
nan
nan
nan
0.195000
0.214000
0.246000
nan
nan
0.446000
0.240000
0.203000
nan
nan
nan
0.470000
1.000000
nan
nan
0.195000
nan
nan
nan
0.195000
0.275000
0.441000
1.000000
nan
nan
0.645000
0.637000
nan
0.339000
0.943000
nan
0.298000
nan
0.498000
nan
nan
nan
nan
0.425000
nan
nan
0.584000
nan
0.617000
nan
nan
nan
0.735000
0.772000
0.445000
0.678000
0.539000
0.817000
0.576000
0.657000
0.735000
0.960000
0.772000
1.000000
nan
0.360000
0.282000
0.380000
0.610000
nan
nan
nan
nan
0.863000
nan
0.507000
nan
0.495000
0.237000
nan
nan
0.417000
nan
0.172000
0.188000
nan
0.376000
nan
nan
nan
nan
nan
nan
nan
0.156000
nan
nan
nan
nan
0.148000
0.162000
nan
nan
nan
0.859000
0.626000
0.475000
nan
1.000000
1.000000
0.765000
nan
nan
0.650000
nan
nan
0.835000
0.646000
0.781000
0.761000
nan
nan
nan
nan
nan
nan
0.573000
0.704000
nan
0.495000
0.332000
0.471000
nan
nan
nan
nan
0.955000
nan
0.734000
0.643000
0.680000
nan
0.594000
0.840000
nan
nan
nan
0.574000
nan
nan
nan
nan
nan
0.533000
0.132000
0.132000
nan
nan
0.221000
nan
0.193000
0.254000
0.918000
nan
nan
nan
nan
nan
nan
nan
0.422000
0.652000
nan
0.549000
0.213000
nan
