Coverage(RPKM): 5160.000000
nan
nan
0.341000
0.457000
nan
nan
0.556000
0.687000
nan
0.514000
nan
nan
nan
nan
nan
0.462000
0.619000
0.404000
nan
0.735000
0.798000
nan
0.782000
0.640000
nan
nan
nan
0.782000
0.693000
nan
nan
nan
nan
nan
nan
nan
nan
0.451000
0.315000
nan
nan
nan
0.383000
0.441000
0.199000
0.541000
nan
0.687000
0.630000
nan
0.766000
1.000000
nan
nan
1.000000
nan
nan
nan
nan
0.268000
nan
0.714000
1.000000
nan
0.756000
nan
nan
nan
0.383000
0.729000
0.766000
0.541000
nan
0.724000
nan
nan
nan
nan
0.320000
0.205000
nan
0.483000
nan
nan
0.294000
0.199000
0.199000
0.488000
0.897000
0.976000
nan
nan
0.997000
0.792000
nan
0.761000
nan
nan
0.834000
nan
0.373000
0.787000
0.483000
0.956000
0.701000
nan
0.634000
nan
nan
0.823000
0.373000
0.728000
nan
0.295000
0.278000
nan
0.840000
1.000000
nan
0.951000
1.000000
nan
nan
nan
nan
nan
nan
0.895000
0.506000
nan
0.601000
0.840000
0.756000
nan
0.912000
0.817000
nan
nan
nan
nan
0.213000
nan
nan
0.228000
nan
nan
0.311000
nan
0.662000
nan
nan
nan
nan
nan
nan
0.751000
nan
0.717000
0.795000
nan
0.428000
nan
0.823000
0.384000
0.823000
0.734000
0.929000
0.450000
nan
nan
nan
0.645000
nan
0.979000
nan
0.845000
nan
0.762000
nan
0.778000
nan
0.478000
nan
0.534000
nan
nan
nan
nan
0.545000
0.589000
nan
nan
0.784000
nan
nan
0.428000
0.550000
1.000000
nan
nan
nan
0.461000
0.230000
0.242000
0.569000
0.541000
0.879000
0.947000
nan
nan
nan
nan
nan
nan
0.789000
nan
nan
nan
1.000000
0.556000
0.811000
nan
nan
0.451000
nan
0.789000
0.594000
nan
0.706000
0.503000
nan
0.826000
0.706000
0.932000
0.992000
0.811000
0.594000
nan
0.346000
0.458000
1.000000
nan
nan
nan
nan
nan
nan
nan
nan
0.548000
0.229000
nan
nan
0.428000
nan
1.000000
0.894000
nan
0.834000
0.834000
0.804000
nan
nan
0.229000
0.233000
nan
nan
0.229000
0.331000
nan
0.609000
0.706000
0.488000
nan
0.579000
0.556000
nan
0.548000
0.383000
nan
0.316000
nan
nan
0.361000
0.458000
0.458000
0.278000
0.248000
0.346000
nan
