Coverage(RPKM): 1354.455446
nan
nan
0.317000
nan
nan
nan
nan
nan
0.268000
0.561000
nan
nan
0.756000
0.463000
0.106000
0.171000
0.463000
nan
0.220000
nan
0.171000
nan
0.106000
0.244000
0.220000
nan
nan
nan
nan
nan
nan
nan
nan
0.683000
0.707000
0.878000
nan
nan
nan
nan
0.415000
0.902000
nan
nan
0.585000
nan
nan
0.659000
nan
0.610000
0.439000
nan
0.634000
0.634000
0.610000
0.732000
nan
0.341000
0.561000
1.000000
0.707000
0.561000
nan
nan
nan
nan
0.585000
0.220000
nan
0.366000
1.000000
1.000000
0.463000
nan
nan
nan
nan
0.171000
nan
0.122000
0.585000
0.146000
0.220000
0.122000
0.341000
nan
1.000000
nan
nan
nan
nan
nan
nan
nan
nan
nan
0.268000
0.244000
nan
0.106000
nan
