Coverage(RPKM): 7548.357290
nan
nan
0.152000
0.149000
nan
nan
nan
0.256000
nan
nan
nan
0.276000
0.303000
0.373000
0.400000
0.490000
0.149000
0.149000
nan
nan
nan
nan
nan
0.338000
nan
0.423000
0.458000
nan
0.365000
0.672000
0.326000
0.427000
0.295000
nan
nan
nan
0.552000
0.695000
0.528000
0.482000
nan
0.711000
0.800000
nan
nan
0.233000
nan
nan
nan
0.381000
0.385000
0.707000
nan
nan
1.000000
0.796000
nan
0.427000
0.563000
0.451000
0.548000
0.653000
nan
nan
0.389000
nan
nan
nan
0.179000
nan
0.385000
0.676000
nan
1.000000
nan
nan
0.940000
nan
nan
0.894000
0.373000
nan
0.202000
0.315000
nan
nan
nan
0.847000
0.831000
0.769000
1.000000
0.233000
0.261000
nan
nan
nan
0.312000
0.271000
0.340000
0.312000
nan
0.501000
0.712000
0.589000
nan
0.351000
0.403000
0.723000
0.619000
nan
nan
0.266000
nan
nan
0.422000
0.709000
nan
1.000000
0.959000
0.474000
0.529000
0.433000
0.353000
nan
nan
nan
0.803000
nan
nan
nan
nan
0.816000
nan
nan
0.537000
nan
nan
nan
0.430000
nan
1.000000
0.611000
0.427000
0.967000
0.756000
nan
0.362000
nan
0.296000
nan
nan
nan
nan
nan
nan
nan
nan
nan
nan
nan
0.551000
nan
0.586000
nan
nan
0.310000
nan
nan
nan
nan
0.649000
nan
nan
nan
0.452000
nan
0.997000
0.301000
nan
nan
0.261000
0.345000
0.381000
nan
0.666000
1.000000
0.876000
nan
nan
0.449000
nan
nan
0.261000
0.430000
0.397000
nan
0.540000
0.291000
0.414000
0.696000
nan
nan
nan
0.395000
nan
nan
0.251000
nan
nan
0.285000
0.236000
0.681000
0.776000
nan
nan
nan
0.359000
0.194000
nan
nan
0.279000
nan
nan
0.261000
nan
nan
0.481000
1.000000
0.932000
0.993000
nan
nan
nan
nan
nan
0.717000
0.313000
0.383000
nan
0.472000
nan
0.898000
0.448000
nan
nan
0.402000
1.000000
0.524000
nan
nan
0.194000
1.000000
nan
nan
nan
nan
nan
nan
nan
nan
nan
0.230000
nan
nan
nan
nan
0.221000
nan
0.665000
nan
nan
0.194000
0.310000
nan
nan
0.668000
0.586000
0.570000
nan
0.745000
nan
0.647000
0.696000
nan
nan
nan
nan
0.451000
0.598000
nan
0.984000
nan
0.533000
nan
0.650000
0.656000
0.690000
nan
nan
0.426000
nan
nan
0.441000
0.340000
nan
0.230000
0.256000
0.530000
0.387000
0.945000
nan
0.544000
0.267000
0.480000
0.402000
nan
0.490000
nan
0.430000
0.515000
0.636000
nan
nan
0.494000
0.306000
nan
nan
0.270000
nan
nan
nan
1.000000
0.444000
nan
0.199000
0.352000
nan
1.000000
nan
0.092000
0.224000
0.087000
0.128000
nan
0.087000
0.935000
nan
0.967000
nan
0.917000
1.000000
nan
0.087000
nan
nan
nan
nan
nan
0.444000
nan
0.466000
nan
0.235000
nan
nan
0.722000
0.601000
0.775000
nan
0.480000
0.267000
nan
0.227000
nan
nan
nan
0.480000
nan
0.569000
0.380000
nan
nan
nan
nan
nan
nan
nan
0.459000
0.434000
nan
nan
nan
nan
nan
0.227000
0.352000
0.455000
nan
nan
nan
nan
nan
nan
nan
nan
nan
nan
0.617000
0.715000
nan
0.911000
0.934000
0.894000
0.819000
nan
0.344000
0.384000
0.458000
nan
0.332000
0.321000
nan
nan
nan
0.407000
nan
nan
nan
0.710000
0.504000
0.487000
0.699000
1.000000
0.722000
0.693000
nan
0.390000
nan
0.710000
0.327000
0.241000
0.179000
0.241000
0.596000
0.281000
0.579000
0.728000
1.000000
0.613000
0.590000
nan
nan
nan
0.619000
0.315000
nan
0.344000
0.464000
0.676000
nan
0.441000
0.773000
nan
0.401000
nan
0.361000
0.179000
0.659000
0.607000
nan
0.372000
0.561000
nan
nan
nan
0.894000
nan
nan
nan
nan
nan
nan
nan
nan
0.195000
0.179000
nan
