Coverage(RPKM): 7416.106719
nan
nan
0.102000
nan
nan
nan
nan
0.215000
nan
nan
0.219000
0.268000
nan
nan
nan
0.316000
0.320000
nan
0.334000
0.375000
nan
nan
0.386000
0.372000
nan
0.459000
nan
0.424000
nan
nan
0.330000
0.102000
0.236000
nan
nan
nan
nan
0.229000
nan
0.320000
0.702000
nan
nan
0.851000
0.500000
nan
0.313000
0.240000
nan
0.184000
nan
0.163000
nan
0.268000
0.313000
nan
nan
nan
nan
nan
0.990000
nan
1.000000
0.789000
nan
0.344000
0.320000
0.104000
nan
0.102000
0.243000
0.327000
nan
0.521000
nan
nan
nan
0.699000
nan
nan
0.869000
0.539000
nan
nan
1.000000
nan
0.396000
nan
nan
nan
nan
nan
0.768000
nan
nan
1.000000
nan
nan
nan
0.803000
nan
0.309000
0.518000
0.354000
0.528000
nan
nan
0.622000
0.619000
0.360000
0.251000
1.000000
1.000000
0.688000
1.000000
nan
0.219000
nan
nan
nan
0.213000
nan
nan
nan
0.320000
0.219000
0.211000
0.283000
nan
nan
nan
0.160000
nan
0.156000
nan
nan
nan
nan
nan
0.760000
0.506000
nan
0.789000
nan
0.237000
nan
nan
0.156000
0.853000
0.784000
0.824000
nan
0.592000
0.738000
0.864000
nan
0.371000
nan
0.299000
0.156000
nan
nan
nan
nan
nan
nan
0.381000
0.379000
0.861000
nan
nan
nan
nan
0.181000
0.363000
nan
0.685000
0.829000
nan
nan
0.832000
0.504000
nan
0.496000
nan
nan
0.253000
nan
0.650000
nan
nan
nan
0.498000
0.600000
nan
0.237000
0.493000
0.789000
nan
0.581000
nan
nan
nan
nan
nan
0.437000
nan
0.626000
nan
0.442000
0.482000
nan
0.504000
nan
nan
0.616000
nan
nan
nan
nan
nan
1.000000
nan
0.496000
0.723000
0.652000
nan
0.817000
0.763000
0.933000
1.000000
nan
nan
0.567000
1.000000
0.594000
0.812000
0.893000
nan
0.911000
nan
nan
0.683000
0.317000
0.299000
0.424000
nan
nan
nan
nan
nan
nan
0.625000
0.362000
nan
0.254000
1.000000
nan
nan
nan
nan
nan
nan
nan
nan
0.254000
nan
nan
nan
nan
0.286000
0.496000
nan
nan
nan
nan
0.759000
0.424000
0.254000
0.812000
nan
nan
0.844000
0.804000
nan
0.549000
nan
0.286000
nan
nan
nan
0.938000
nan
0.978000
nan
0.585000
nan
0.902000
nan
0.902000
0.781000
nan
nan
nan
0.866000
nan
0.554000
0.513000
0.379000
0.741000
nan
nan
0.830000
0.826000
nan
0.652000
nan
nan
0.848000
nan
nan
0.454000
nan
nan
0.376000
0.593000
0.481000
nan
0.627000
0.508000
nan
0.702000
nan
0.342000
0.437000
0.403000
0.346000
0.566000
nan
nan
nan
0.769000
0.715000
nan
nan
nan
0.658000
nan
0.817000
0.492000
0.810000
0.956000
nan
nan
nan
0.834000
0.400000
nan
0.275000
nan
1.000000
nan
0.498000
nan
nan
0.834000
nan
nan
0.220000
0.292000
nan
nan
0.247000
nan
0.224000
0.637000
0.969000
nan
0.134000
0.190000
nan
0.366000
0.847000
0.427000
nan
1.000000
0.905000
nan
0.759000
1.000000
0.169000
0.134000
0.180000
nan
nan
nan
0.149000
0.264000
nan
nan
nan
nan
nan
0.134000
nan
0.403000
nan
0.193000
nan
0.169000
nan
1.000000
nan
nan
nan
nan
nan
0.719000
0.805000
1.000000
nan
nan
nan
nan
0.875000
nan
0.433000
0.511000
0.409000
0.593000
0.789000
0.638000
nan
0.253000
0.290000
0.352000
nan
nan
nan
0.208000
nan
0.433000
nan
0.208000
nan
nan
nan
1.000000
nan
1.000000
0.842000
nan
0.625000
nan
0.993000
0.495000
nan
0.425000
nan
0.405000
0.548000
nan
nan
nan
nan
nan
0.711000
0.601000
nan
nan
0.454000
nan
nan
0.699000
0.907000
0.535000
nan
0.372000
0.368000
0.540000
nan
0.691000
nan
0.564000
0.576000
nan
0.535000
0.458000
0.437000
nan
0.437000
0.629000
0.548000
0.462000
nan
nan
0.335000
0.335000
nan
nan
nan
0.339000
0.421000
0.302000
0.208000
nan
