Coverage(RPKM): 5299.274255
nan
nan
nan
0.386000
nan
nan
nan
0.218000
0.461000
nan
nan
nan
nan
0.356000
nan
nan
nan
nan
nan
nan
nan
nan
nan
nan
0.793000
nan
nan
0.587000
0.350000
nan
0.551000
0.946000
nan
0.620000
nan
nan
nan
nan
0.202000
nan
nan
nan
0.512000
nan
nan
0.202000
nan
nan
nan
0.533000
0.248000
nan
nan
nan
nan
nan
nan
nan
1.000000
nan
nan
1.000000
nan
nan
0.599000
nan
nan
nan
0.473000
1.000000
nan
nan
0.629000
nan
nan
0.230000
0.308000
nan
0.470000
nan
0.506000
0.533000
nan
0.655000
nan
nan
nan
0.326000
0.380000
0.539000
nan
0.458000
nan
nan
0.461000
0.284000
0.202000
0.287000
0.308000
nan
nan
nan
nan
nan
0.419000
nan
nan
nan
nan
nan
nan
0.455000
0.964000
0.320000
nan
nan
0.227000
nan
nan
0.422000
nan
0.410000
0.775000
0.395000
0.344000
0.392000
0.377000
nan
nan
0.293000
nan
nan
nan
0.485000
1.000000
0.290000
0.241000
nan
0.268000
nan
0.215000
nan
0.186000
0.186000
0.303000
nan
0.614000
nan
0.500000
0.465000
0.351000
0.377000
0.360000
nan
0.798000
nan
0.364000
nan
nan
nan
nan
0.443000
0.978000
0.478000
0.500000
nan
nan
0.597000
0.948000
0.632000
0.623000
nan
nan
nan
nan
nan
nan
1.000000
nan
nan
0.272000
nan
0.715000
0.882000
nan
0.715000
0.869000
nan
0.333000
0.399000
nan
nan
0.215000
0.193000
0.724000
nan
0.386000
nan
0.197000
nan
0.724000
nan
0.781000
1.000000
nan
nan
nan
0.812000
nan
0.373000
nan
0.272000
nan
0.219000
0.706000
nan
nan
nan
0.342000
nan
0.360000
0.186000
0.658000
nan
0.478000
0.260000
0.418000
1.000000
nan
0.436000
0.249000
nan
nan
nan
0.472000
nan
0.436000
nan
0.757000
0.544000
0.461000
0.418000
nan
0.296000
nan
0.620000
1.000000
0.479000
0.580000
nan
nan
nan
nan
nan
nan
nan
0.642000
0.732000
0.591000
nan
0.389000
nan
nan
nan
0.685000
0.624000
0.339000
nan
nan
nan
0.314000
0.245000
0.218000
0.252000
nan
0.516000
nan
nan
0.393000
nan
nan
nan
0.674000
0.681000
nan
0.905000
0.703000
0.833000
0.375000
0.328000
0.234000
0.281000
0.218000
nan
nan
nan
0.332000
nan
0.218000
0.562000
0.260000
nan
0.634000
1.000000
nan
0.984000
nan
nan
0.429000
nan
0.339000
nan
0.238000
nan
0.256000
0.296000
0.513000
nan
nan
nan
nan
nan
nan
nan
0.452000
nan
nan
nan
nan
0.766000
0.593000
0.604000
nan
nan
0.813000
nan
nan
0.665000
nan
nan
0.698000
nan
nan
nan
0.680000
0.669000
0.940000
nan
0.687000
nan
nan
nan
nan
nan
0.716000
0.636000
nan
0.994000
nan
nan
0.510000
0.705000
nan
nan
nan
0.448000
nan
0.448000
nan
nan
nan
nan
0.405000
1.000000
0.372000
0.383000
nan
nan
1.000000
nan
nan
nan
0.416000
nan
nan
nan
0.763000
nan
0.430000
0.549000
0.434000
nan
nan
0.470000
0.322000
nan
nan
0.802000
0.878000
nan
nan
nan
0.799000
0.528000
0.445000
nan
nan
1.000000
0.437000
nan
nan
nan
0.354000
0.296000
0.296000
nan
nan
0.625000
0.546000
nan
nan
nan
0.398000
0.680000
nan
nan
nan
nan
nan
nan
nan
nan
nan
nan
0.394000
0.528000
nan
nan
nan
nan
nan
nan
nan
0.383000
0.763000
nan
nan
nan
nan
nan
0.771000
nan
nan
0.717000
0.746000
nan
nan
0.708000
nan
0.553000
nan
nan
nan
nan
0.414000
nan
nan
0.547000
0.370000
nan
nan
0.471000
nan
nan
nan
nan
0.752000
0.831000
0.581000
0.818000
0.585000
nan
nan
nan
nan
nan
0.417000
nan
0.847000
nan
nan
nan
nan
0.648000
0.610000
nan
nan
0.193000
0.221000
0.784000
nan
0.749000
0.790000
0.218000
nan
0.155000
0.180000
0.127000
nan
nan
0.139000
0.174000
nan
0.127000
1.000000
0.736000
0.878000
0.566000
nan
0.158000
nan
nan
nan
0.205000
nan
nan
nan
0.127000
nan
nan
1.000000
0.948000
0.720000
nan
nan
0.329000
nan
nan
nan
nan
0.284000
0.461000
0.487000
1.000000
0.632000
0.436000
0.348000
0.562000
0.698000
1.000000
nan
nan
nan
nan
0.418000
nan
nan
nan
0.241000
0.439000
nan
0.557000
nan
nan
nan
0.279000
0.236000
nan
nan
0.887000
nan
nan
nan
0.229000
nan
nan
0.946000
nan
nan
nan
0.515000
nan
nan
0.600000
nan
0.397000
nan
nan
nan
0.312000
0.245000
0.747000
nan
0.756000
0.701000
0.570000
nan
nan
nan
nan
nan
nan
0.557000
0.229000
1.000000
0.680000
nan
0.743000
nan
0.566000
nan
nan
0.439000
0.519000
nan
nan
nan
0.557000
nan
0.464000
0.608000
0.372000
0.616000
0.638000
0.844000
0.760000
0.984000
nan
nan
0.229000
0.832000
0.283000
0.802000
0.777000
nan
0.562000
nan
0.659000
1.000000
0.460000
nan
0.600000
0.739000
nan
0.692000
nan
nan
0.372000
0.393000
0.323000
0.933000
1.000000
nan
0.496000
0.574000
0.481000
nan
nan
nan
0.501000
nan
nan
0.442000
0.433000
0.627000
0.603000
0.598000
nan
0.690000
nan
nan
0.909000
0.549000
0.588000
nan
0.666000
0.379000
0.399000
nan
nan
0.428000
nan
nan
nan
nan
nan
0.919000
0.476000
0.622000
0.748000
0.433000
nan
nan
nan
nan
0.739000
nan
0.899000
0.476000
0.661000
0.428000
nan
nan
nan
0.462000
nan
1.000000
0.642000
0.666000
nan
0.326000
0.323000
0.462000
0.583000
nan
nan
0.739000
0.846000
0.671000
0.471000
nan
0.394000
nan
nan
nan
nan
nan
nan
0.323000
nan
0.744000
1.000000
nan
nan
0.831000
0.826000
nan
nan
0.486000
nan
0.748000
nan
nan
nan
0.277000
0.607000
0.443000
nan
0.677000
nan
0.554000
0.607000
0.443000
0.426000
nan
0.974000
0.502000
nan
0.601000
0.589000
1.000000
0.397000
nan
nan
nan
nan
nan
nan
nan
nan
nan
0.852000
0.945000
0.607000
nan
0.554000
0.408000
nan
0.764000
1.000000
0.799000
0.712000
0.298000
nan
0.887000
0.805000
1.000000
0.455000
0.356000
0.277000
0.397000
0.277000
0.280000
0.391000
0.723000
nan
0.729000
0.508000
nan
0.350000
0.298000
nan
nan
0.408000
nan
nan
nan
0.688000
0.537000
0.397000
nan
nan
nan
0.566000
0.478000
0.630000
nan
nan
nan
0.403000
nan
nan
nan
0.350000
0.671000
0.508000
0.265000
0.456000
0.663000
0.849000
nan
nan
0.711000
0.255000
0.510000
0.663000
0.823000
0.658000
0.759000
nan
0.462000
0.387000
0.435000
nan
0.754000
0.605000
nan
nan
nan
nan
0.398000
0.249000
0.552000
nan
0.441000
0.563000
nan
0.462000
nan
nan
0.786000
nan
nan
nan
0.717000
nan
0.918000
0.786000
0.419000
0.180000
0.276000
nan
0.271000
nan
nan
nan
nan
nan
0.764000
nan
nan
nan
nan
nan
nan
nan
0.801000
nan
nan
nan
0.324000
0.212000
nan
nan
nan
0.663000
0.658000
0.536000
nan
nan
nan
1.000000
1.000000
nan
nan
nan
0.180000
0.180000
nan
0.191000
nan
0.451000
1.000000
nan
0.180000
nan
nan
0.356000
0.239000
nan
nan
0.334000
0.409000
0.621000
nan
0.397000
0.949000
nan
0.806000
0.712000
0.957000
0.543000
0.530000
nan
0.845000
0.254000
0.612000
0.582000
nan
0.565000
0.845000
nan
nan
0.664000
0.401000
nan
0.198000
1.000000
nan
nan
nan
nan
nan
nan
nan
nan
nan
nan
0.280000
nan
nan
0.121000
0.125000
nan
0.254000
1.000000
0.664000
nan
nan
0.147000
nan
0.108000
0.552000
nan
nan
0.108000
0.108000
0.160000
0.720000
nan
0.755000
0.384000
0.384000
nan
0.517000
nan
nan
0.638000
0.617000
nan
0.621000
nan
0.517000
0.591000
0.108000
nan
0.138000
0.198000
0.285000
0.345000
0.746000
0.263000
nan
0.306000
0.285000
0.138000
nan
1.000000
nan
nan
nan
nan
nan
nan
nan
nan
nan
nan
0.891000
0.352000
0.217000
nan
nan
nan
nan
0.576000
nan
0.827000
0.763000
nan
0.838000
0.720000
0.758000
nan
0.768000
nan
nan
nan
0.245000
nan
0.277000
nan
nan
nan
0.438000
nan
nan
0.240000
0.217000
0.752000
nan
nan
nan
nan
nan
nan
0.432000
nan
nan
nan
nan
0.277000
nan
0.571000
nan
nan
nan
nan
0.977000
0.923000
nan
nan
nan
0.683000
nan
nan
0.368000
nan
0.358000
0.217000
0.774000
1.000000
0.555000
0.502000
nan
nan
0.496000
nan
nan
nan
0.576000
nan
0.528000
nan
0.491000
0.240000
nan
0.544000
0.283000
0.358000
0.352000
nan
0.475000
0.560000
nan
0.656000
0.774000
nan
nan
nan
nan
0.800000
0.678000
nan
nan
0.651000
nan
0.640000
1.000000
nan
0.854000
0.683000
nan
1.000000
1.000000
0.290000
nan
nan
0.199000
nan
nan
nan
0.585000
nan
nan
nan
nan
nan
1.000000
0.511000
nan
nan
1.000000
nan
nan
0.959000
0.590000
nan
nan
0.341000
0.267000
0.290000
nan
0.290000
nan
0.199000
0.460000
nan
0.114000
0.238000
nan
0.545000
0.409000
0.278000
0.114000
0.114000
0.153000
0.312000
0.341000
0.210000
0.494000
0.778000
nan
nan
0.426000
0.448000
0.596000
nan
0.511000
0.420000
nan
0.772000
0.590000
0.329000
0.358000
nan
nan
0.142000
0.352000
0.602000
0.454000
nan
nan
0.602000
nan
nan
nan
nan
0.568000
0.664000
nan
nan
0.454000
0.505000
nan
0.511000
nan
nan
0.329000
0.806000
nan
0.517000
0.690000
nan
1.000000
nan
nan
nan
0.796000
0.637000
nan
nan
nan
1.000000
1.000000
nan
nan
0.305000
nan
nan
nan
0.555000
0.845000
nan
0.665000
0.938000
nan
0.684000
0.518000
0.388000
0.739000
0.481000
0.591000
0.684000
0.148000
0.259000
nan
0.665000
0.351000
0.792000
nan
0.333000
0.185000
0.462000
0.370000
nan
nan
0.610000
0.370000
nan
0.462000
nan
0.684000
nan
0.536000
0.647000
nan
0.481000
0.739000
nan
0.296000
0.388000
0.628000
nan
0.112000
0.148000
0.425000
nan
0.702000
0.462000
0.203000
0.259000
0.222000
0.166000
0.647000
0.185000
0.112000
0.735000
nan
nan
nan
nan
nan
nan
nan
0.355000
nan
0.616000
nan
nan
nan
0.284000
0.355000
0.118000
nan
nan
nan
0.118000
nan
