Coverage(RPKM): 5977.197150
nan
nan
0.227000
nan
nan
nan
nan
0.686000
0.353000
0.467000
nan
0.459000
0.526000
nan
0.261000
0.391000
0.223000
0.543000
0.526000
nan
0.543000
nan
0.699000
0.467000
nan
nan
0.207000
0.207000
0.370000
0.665000
0.951000
nan
nan
nan
0.207000
nan
nan
nan
nan
0.993000
0.610000
nan
0.707000
nan
nan
0.299000
0.278000
nan
nan
nan
nan
nan
0.585000
0.829000
nan
nan
0.762000
1.000000
nan
0.829000
1.000000
nan
0.505000
nan
0.324000
nan
nan
nan
0.311000
nan
1.000000
nan
0.757000
nan
nan
0.753000
0.783000
0.694000
nan
nan
0.644000
0.450000
nan
0.488000
0.555000
0.555000
0.505000
nan
0.665000
nan
0.614000
0.905000
0.795000
nan
0.699000
0.646000
nan
nan
nan
nan
nan
0.604000
0.479000
0.595000
0.837000
1.000000
0.609000
nan
1.000000
0.683000
0.600000
0.693000
0.418000
nan
0.646000
nan
0.646000
0.716000
0.795000
0.962000
0.511000
0.688000
0.995000
nan
0.372000
nan
0.288000
1.000000
nan
nan
nan
0.474000
nan
0.349000
0.832000
0.674000
nan
0.404000
nan
0.349000
nan
0.288000
nan
nan
nan
nan
0.479000
nan
0.753000
0.521000
nan
0.721000
0.883000
nan
nan
0.539000
0.609000
nan
nan
nan
nan
0.986000
0.651000
nan
0.637000
0.288000
0.288000
0.572000
nan
0.609000
0.693000
nan
0.590000
0.800000
0.693000
nan
0.581000
nan
nan
0.800000
nan
0.771000
0.687000
0.893000
0.578000
nan
0.421000
0.421000
0.846000
0.993000
nan
0.863000
nan
nan
nan
nan
1.000000
0.913000
0.624000
nan
0.528000
nan
0.469000
0.922000
0.754000
0.532000
nan
nan
0.469000
nan
nan
0.421000
nan
nan
nan
0.570000
0.545000
nan
nan
0.683000
0.771000
0.784000
nan
0.599000
nan
0.603000
nan
0.599000
nan
nan
0.930000
0.893000
nan
0.880000
0.947000
0.683000
nan
0.578000
0.867000
0.750000
nan
0.796000
nan
nan
nan
0.775000
nan
0.503000
nan
nan
0.553000
0.830000
0.939000
nan
1.000000
nan
nan
nan
nan
0.838000
0.645000
nan
0.536000
0.645000
nan
1.000000
nan
0.637000
nan
nan
nan
nan
0.817000
0.717000
nan
nan
0.382000
nan
0.951000
1.000000
0.926000
0.951000
nan
nan
0.835000
nan
0.629000
0.619000
1.000000
nan
0.926000
nan
0.604000
0.423000
0.463000
0.634000
0.981000
nan
nan
nan
nan
nan
0.795000
0.387000
nan
0.714000
0.775000
0.966000
nan
0.906000
nan
nan
0.654000
0.639000
nan
0.735000
0.790000
nan
0.820000
0.810000
0.961000
0.252000
0.654000
0.785000
nan
nan
nan
nan
nan
nan
0.408000
nan
0.302000
0.332000
0.558000
0.438000
nan
0.735000
nan
0.800000
1.000000
0.993000
0.608000
0.275000
0.296000
0.252000
0.244000
0.296000
nan
nan
0.229000
0.613000
nan
0.909000
0.624000
0.724000
nan
0.563000
nan
nan
0.606000
0.686000
0.906000
0.809000
nan
0.504000
0.547000
nan
0.536000
nan
nan
0.659000
0.295000
0.643000
0.499000
nan
nan
0.440000
0.541000
0.692000
0.402000
0.429000
nan
0.649000
nan
nan
nan
0.697000
0.563000
nan
0.600000
0.600000
1.000000
0.874000
0.212000
0.300000
0.236000
0.429000
0.407000
nan
nan
nan
0.584000
0.600000
0.397000
0.365000
nan
nan
nan
nan
0.413000
nan
nan
nan
nan
nan
0.402000
0.493000
nan
0.212000
nan
