Coverage(RPKM): 424.828767
nan
nan
0.032000
nan
nan
nan
0.064000
nan
0.064000
0.128000
nan
nan
0.481000
nan
nan
nan
nan
nan
nan
1.000000
nan
nan
nan
nan
nan
nan
nan
nan
nan
nan
nan
nan
0.288000
nan
nan
nan
nan
0.577000
nan
nan
nan
0.160000
0.064000
0.224000
nan
nan
nan
nan
0.449000
nan
nan
0.160000
0.192000
nan
nan
nan
nan
nan
0.128000
nan
nan
nan
0.288000
nan
nan
0.032000
0.224000
0.256000
0.737000
0.545000
0.385000
0.288000
nan
nan
1.000000
nan
nan
nan
0.929000
0.673000
nan
0.224000
nan
nan
nan
nan
0.385000
0.064000
0.385000
nan
0.288000
0.032000
nan
nan
nan
0.256000
0.192000
nan
nan
nan
0.096000
0.096000
nan
0.224000
nan
nan
0.032000
nan
0.321000
nan
0.481000
nan
0.192000
0.224000
0.321000
1.000000
0.032000
0.192000
0.032000
0.064000
0.096000
0.128000
0.343000
0.000000
0.515000
nan
0.172000
0.429000
nan
nan
0.343000
0.000000
0.258000
0.687000
nan
0.773000
0.258000
0.172000
0.000000
0.172000
0.343000
0.258000
0.258000
0.429000
nan
0.343000
nan
0.086000
nan
nan
nan
nan
0.258000
0.000000
0.515000
0.172000
nan
0.515000
0.687000
0.515000
nan
0.258000
nan
nan
nan
0.258000
nan
nan
0.429000
0.172000
0.258000
nan
nan
nan
0.601000
0.000000
nan
0.858000
0.000000
0.000000
nan
0.343000
0.773000
nan
0.000000
nan
nan
1.000000
nan
0.773000
1.000000
0.601000
0.429000
nan
nan
nan
0.429000
nan
nan
0.450000
0.950000
nan
0.676000
0.150000
0.643000
nan
0.322000
nan
0.643000
1.000000
nan
nan
0.129000
0.129000
nan
0.000000
0.322000
nan
0.836000
nan
1.000000
nan
nan
0.386000
0.257000
0.514000
0.514000
nan
nan
nan
nan
nan
0.193000
0.064000
0.643000
nan
0.386000
nan
nan
0.772000
0.579000
0.707000
nan
0.514000
0.643000
0.965000
0.900000
nan
0.322000
0.322000
0.193000
0.643000
nan
nan
nan
nan
nan
nan
0.322000
nan
nan
nan
nan
0.836000
0.257000
nan
0.514000
0.193000
1.000000
0.514000
nan
nan
0.514000
nan
0.514000
nan
0.514000
0.000000
nan
0.257000
0.257000
0.000000
0.643000
nan
0.322000
nan
nan
nan
nan
nan
0.000000
nan
