Coverage(RPKM): 3801.351351
nan
nan
0.289000
nan
nan
nan
0.310000
0.599000
0.353000
0.396000
nan
nan
0.310000
0.481000
nan
0.396000
0.588000
nan
0.620000
0.599000
0.545000
nan
0.250000
nan
0.331000
nan
nan
0.759000
1.000000
0.809000
0.510000
nan
0.565000
0.997000
0.598000
0.587000
1.000000
0.377000
0.477000
0.765000
nan
nan
0.787000
nan
nan
nan
0.251000
nan
0.887000
nan
0.565000
nan
nan
0.232000
nan
0.465000
nan
0.521000
nan
nan
nan
0.288000
nan
nan
0.654000
1.000000
0.831000
nan
0.853000
nan
0.399000
0.576000
0.277000
nan
0.443000
0.477000
0.399000
nan
0.288000
0.787000
nan
0.698000
0.698000
nan
0.465000
0.288000
nan
0.769000
0.539000
0.539000
0.252000
0.505000
nan
0.344000
nan
0.562000
nan
0.482000
0.275000
nan
0.448000
nan
0.562000
nan
nan
0.215000
0.287000
0.459000
0.379000
0.215000
nan
