Coverage(RPKM): 2619.685039
nan
nan
0.147000
nan
nan
nan
nan
nan
0.116000
0.112000
nan
0.155000
0.186000
nan
0.112000
nan
0.155000
nan
nan
0.170000
nan
0.186000
nan
0.294000
0.278000
nan
0.325000
nan
nan
0.124000
0.232000
0.278000
nan
nan
nan
nan
0.363000
nan
nan
0.456000
0.441000
nan
nan
0.371000
nan
nan
0.348000
nan
nan
0.333000
nan
0.363000
0.333000
nan
0.379000
0.363000
0.302000
nan
0.224000
nan
0.186000
nan
nan
0.789000
nan
0.503000
nan
nan
0.394000
0.611000
0.433000
0.565000
nan
nan
nan
0.681000
nan
0.572000
nan
0.588000
nan
0.526000
0.719000
nan
nan
nan
nan
nan
nan
nan
nan
nan
nan
nan
nan
0.820000
nan
nan
0.719000
1.000000
nan
0.974000
nan
nan
nan
nan
nan
nan
1.000000
nan
nan
nan
0.193000
0.112000
0.209000
nan
nan
nan
0.224000
0.286000
nan
nan
nan
1.000000
nan
nan
nan
nan
0.517000
nan
nan
nan
0.320000
nan
0.640000
0.444000
nan
nan
nan
0.131000
nan
0.415000
0.633000
0.793000
0.640000
0.691000
nan
0.415000
0.538000
0.757000
0.698000
0.524000
0.400000
0.480000
0.356000
0.713000
nan
1.000000
nan
nan
1.000000
nan
nan
nan
nan
0.444000
0.844000
0.713000
0.786000
1.000000
nan
nan
nan
nan
nan
nan
nan
nan
0.444000
0.582000
nan
0.517000
nan
nan
nan
nan
nan
0.079000
nan
0.349000
0.226000
0.226000
nan
0.320000
nan
nan
0.356000
0.204000
nan
0.255000
nan
nan
nan
nan
0.262000
0.437000
0.240000
nan
nan
nan
0.407000
nan
nan
nan
nan
nan
nan
0.218000
0.204000
nan
0.276000
0.088000
0.146000
0.116000
0.204000
nan
0.138000
nan
nan
nan
nan
nan
nan
nan
nan
nan
nan
nan
nan
nan
nan
nan
nan
nan
nan
nan
nan
0.081000
nan
nan
0.080000
0.061000
0.061000
nan
