Coverage(RPKM): 4120.273973
nan
nan
0.205000
nan
nan
nan
0.205000
nan
0.452000
0.421000
nan
0.429000
nan
0.343000
0.226000
0.452000
0.312000
nan
0.343000
0.491000
nan
nan
0.577000
0.421000
0.304000
0.335000
nan
0.515000
0.491000
0.468000
nan
nan
nan
nan
nan
nan
0.205000
0.616000
nan
nan
nan
0.811000
0.647000
nan
0.741000
nan
0.468000
0.413000
0.452000
0.491000
0.507000
0.320000
nan
0.608000
0.663000
nan
0.484000
nan
0.569000
nan
1.000000
nan
nan
nan
nan
nan
0.647000
0.671000
0.554000
nan
nan
0.897000
nan
0.655000
nan
nan
1.000000
nan
nan
0.983000
nan
1.000000
0.905000
nan
0.523000
nan
nan
nan
0.764000
0.647000
0.445000
0.733000
0.640000
0.616000
nan
nan
0.424000
1.000000
nan
nan
0.384000
0.458000
nan
0.934000
0.441000
nan
0.567000
0.728000
0.682000
0.579000
1.000000
0.533000
0.888000
0.642000
0.842000
nan
nan
nan
0.561000
nan
nan
nan
0.814000
nan
nan
0.470000
0.567000
0.550000
0.260000
nan
0.699000
nan
0.624000
nan
0.573000
nan
nan
0.441000
nan
0.642000
0.665000
0.390000
nan
nan
nan
0.447000
nan
nan
nan
nan
0.670000
nan
0.435000
0.733000
nan
0.367000
0.349000
0.510000
nan
0.584000
0.819000
nan
nan
0.384000
nan
0.260000
nan
nan
nan
nan
nan
0.481000
nan
0.441000
1.000000
nan
nan
nan
nan
nan
0.917000
0.751000
0.315000
0.260000
nan
0.286000
0.544000
0.269000
nan
nan
0.716000
nan
0.502000
0.616000
nan
nan
0.254000
0.659000
nan
1.000000
nan
nan
0.837000
0.551000
nan
nan
nan
0.513000
0.794000
0.718000
0.610000
nan
0.551000
0.245000
0.734000
0.788000
nan
nan
0.902000
nan
1.000000
nan
0.902000
0.664000
0.643000
nan
nan
1.000000
0.324000
0.346000
nan
nan
nan
nan
nan
0.675000
0.729000
0.245000
0.680000
0.394000
nan
0.659000
nan
nan
nan
nan
0.788000
nan
nan
0.988000
0.853000
0.529000
nan
0.297000
0.778000
nan
nan
nan
nan
nan
0.905000
nan
0.551000
nan
nan
0.376000
nan
nan
0.470000
nan
nan
0.639000
nan
0.670000
nan
0.913000
0.858000
nan
0.620000
nan
nan
0.739000
nan
0.261000
0.689000
0.576000
nan
nan
nan
nan
nan
nan
nan
nan
0.720000
nan
0.689000
0.919000
nan
nan
nan
0.955000
0.770000
0.563000
0.677000
nan
nan
0.470000
0.770000
1.000000
0.649000
nan
nan
nan
nan
0.527000
nan
nan
nan
0.748000
nan
0.299000
0.356000
nan
0.321000
0.563000
0.492000
0.207000
0.228000
nan
nan
nan
nan
nan
0.570000
0.292000
0.463000
0.684000
nan
nan
nan
nan
0.748000
nan
0.192000
nan
0.200000
0.299000
0.278000
0.165000
0.306000
nan
nan
nan
0.392000
0.292000
nan
nan
0.435000
nan
0.378000
nan
0.165000
0.165000
nan
