Coverage(RPKM): 970.000000
nan
nan
0.088000
nan
nan
nan
0.396000
nan
0.132000
nan
nan
nan
nan
nan
nan
0.264000
0.308000
nan
nan
nan
nan
nan
nan
0.264000
nan
nan
0.077000
nan
0.747000
0.308000
0.703000
0.835000
nan
0.703000
0.440000
0.440000
nan
0.352000
0.967000
nan
0.659000
nan
0.835000
0.791000
0.659000
nan
0.703000
0.484000
0.440000
0.396000
nan
0.352000
0.440000
nan
1.000000
0.527000
1.000000
nan
nan
0.077000
0.308000
nan
nan
nan
0.264000
0.659000
nan
0.440000
nan
nan
nan
0.220000
nan
0.176000
nan
