Coverage(RPKM): 670.000000
nan
nan
0.000000
nan
nan
nan
nan
0.000000
0.443000
0.000000
0.277000
0.055000
nan
0.499000
0.166000
0.388000
0.000000
nan
nan
0.111000
0.111000
nan
nan
0.222000
nan
nan
nan
nan
nan
0.443000
nan
nan
nan
0.609000
nan
0.997000
nan
nan
nan
0.499000
0.332000
0.222000
nan
0.665000
0.222000
0.554000
0.222000
0.720000
nan
nan
0.332000
nan
nan
0.831000
0.166000
nan
0.443000
0.277000
0.554000
0.222000
nan
nan
0.166000
nan
nan
nan
nan
1.000000
nan
nan
nan
nan
nan
nan
nan
0.499000
0.609000
1.000000
nan
nan
nan
nan
nan
nan
0.222000
0.000000
nan
0.111000
0.000000
nan
