Coverage(RPKM): 6175.892857
nan
nan
0.209000
nan
nan
nan
nan
0.381000
0.209000
0.246000
0.271000
nan
nan
nan
nan
nan
0.627000
nan
nan
nan
nan
0.842000
0.541000
0.830000
0.898000
0.971000
0.535000
nan
nan
0.258000
0.406000
0.314000
nan
nan
nan
nan
nan
nan
nan
0.209000
0.387000
0.867000
nan
nan
nan
0.338000
nan
0.707000
0.400000
nan
0.596000
0.240000
0.590000
nan
nan
0.676000
0.418000
0.553000
nan
nan
nan
0.799000
0.928000
1.000000
0.904000
nan
0.596000
nan
nan
nan
0.830000
0.381000
nan
nan
nan
nan
nan
0.621000
nan
nan
nan
nan
nan
0.990000
0.990000
0.891000
0.941000
1.000000
0.695000
nan
0.725000
0.824000
nan
nan
0.928000
0.781000
0.480000
0.965000
1.000000
nan
0.676000
nan
nan
nan
nan
nan
0.935000
0.524000
0.707000
0.516000
nan
0.561000
0.827000
nan
0.224000
nan
0.580000
1.000000
0.224000
0.180000
0.359000
0.262000
nan
0.636000
0.842000
nan
nan
nan
nan
nan
1.000000
0.404000
nan
0.146000
0.400000
nan
nan
0.576000
nan
0.816000
0.730000
nan
0.580000
nan
0.311000
0.393000
0.146000
nan
0.988000
nan
0.483000
nan
nan
nan
nan
nan
nan
0.917000
nan
nan
nan
nan
0.434000
0.344000
0.389000
nan
0.849000
0.700000
nan
0.797000
0.498000
nan
nan
nan
nan
0.703000
nan
0.621000
nan
nan
nan
nan
0.408000
0.146000
0.550000
nan
0.483000
1.000000
0.819000
nan
nan
nan
nan
0.213000
0.221000
0.595000
nan
0.464000
0.150000
0.213000
0.224000
nan
0.229000
0.446000
0.520000
1.000000
0.877000
nan
0.745000
nan
nan
0.853000
0.652000
0.721000
nan
nan
0.877000
1.000000
0.764000
1.000000
0.784000
0.966000
0.764000
nan
0.275000
0.815000
0.954000
nan
nan
0.923000
0.958000
nan
nan
nan
nan
nan
nan
0.756000
0.710000
0.776000
nan
nan
nan
nan
nan
0.714000
0.725000
nan
0.485000
nan
nan
nan
0.222000
nan
nan
nan
0.322000
nan
nan
nan
nan
0.524000
0.679000
nan
0.485000
nan
nan
0.842000
0.733000
nan
nan
nan
0.636000
nan
0.369000
0.384000
0.229000
nan
nan
nan
0.535000
0.815000
0.640000
nan
0.725000
nan
nan
0.815000
0.570000
nan
nan
nan
0.702000
0.923000
nan
0.613000
0.702000
0.222000
0.222000
0.780000
0.851000
nan
nan
nan
0.703000
nan
nan
nan
nan
nan
nan
0.693000
0.861000
0.693000
0.459000
0.746000
nan
0.765000
0.885000
nan
0.995000
0.928000
0.655000
0.976000
nan
nan
0.540000
0.464000
0.870000
nan
0.928000
0.842000
nan
0.560000
nan
0.507000
0.703000
nan
0.803000
1.000000
0.918000
nan
0.588000
0.373000
0.373000
nan
0.473000
nan
nan
nan
nan
nan
0.497000
0.351000
0.488000
0.722000
nan
0.818000
1.000000
nan
0.875000
0.516000
nan
nan
nan
0.722000
nan
0.703000
0.646000
0.469000
0.351000
0.359000
nan
0.521000
nan
0.351000
0.736000
0.450000
nan
nan
nan
nan
0.698000
nan
nan
nan
0.693000
nan
1.000000
1.000000
0.623000
0.545000
0.412000
0.495000
0.757000
nan
0.807000
0.712000
1.000000
nan
0.350000
nan
nan
0.645000
0.339000
0.323000
nan
0.567000
nan
0.406000
nan
nan
nan
nan
nan
0.394000
0.423000
0.487000
nan
0.973000
nan
nan
0.286000
0.342000
0.382000
0.394000
0.574000
0.817000
0.487000
nan
0.759000
nan
nan
0.365000
nan
0.898000
1.000000
0.992000
nan
nan
nan
0.933000
nan
0.916000
0.916000
0.258000
nan
0.719000
nan
nan
0.840000
nan
nan
nan
nan
0.585000
0.475000
nan
0.533000
0.684000
0.782000
0.550000
0.359000
0.411000
0.713000
nan
nan
0.579000
nan
nan
0.377000
nan
0.322000
0.574000
0.820000
nan
0.669000
0.524000
0.597000
0.651000
nan
0.687000
nan
0.404000
nan
nan
nan
0.229000
nan
0.202000
nan
0.807000
nan
nan
nan
nan
nan
nan
0.488000
0.597000
0.639000
nan
0.202000
nan
