Coverage(RPKM): 7897.590361
nan
nan
0.203000
nan
nan
nan
nan
0.235000
nan
nan
nan
0.529000
nan
nan
0.540000
nan
nan
0.540000
0.256000
0.507000
nan
nan
nan
nan
0.582000
0.999000
nan
nan
0.588000
0.897000
nan
nan
nan
0.561000
1.000000
0.443000
0.668000
nan
nan
0.427000
0.694000
nan
0.385000
nan
nan
nan
0.561000
nan
0.694000
0.556000
nan
nan
nan
0.865000
1.000000
nan
0.785000
0.710000
0.662000
0.753000
nan
nan
nan
0.192000
0.116000
nan
nan
nan
0.160000
0.118000
0.198000
nan
0.116000
0.304000
nan
nan
nan
0.390000
nan
nan
0.534000
0.187000
nan
