Coverage(RPKM): 3408.317025
nan
nan
0.266000
nan
nan
0.726000
0.440000
0.471000
nan
0.389000
0.593000
nan
nan
0.921000
nan
0.716000
0.286000
0.235000
0.213000
nan
nan
0.655000
0.634000
nan
nan
0.419000
nan
nan
nan
0.593000
0.706000
nan
0.471000
0.747000
0.777000
nan
nan
0.665000
0.962000
0.593000
nan
0.767000
nan
nan
0.213000
0.563000
nan
nan
0.880000
0.246000
nan
nan
0.368000
0.737000
0.737000
nan
nan
0.307000
0.213000
0.348000
0.716000
nan
nan
nan
0.542000
nan
0.317000
nan
0.522000
nan
nan
nan
0.737000
0.747000
nan
0.645000
nan
nan
0.972000
nan
0.716000
0.716000
nan
nan
nan
nan
0.808000
1.000000
nan
nan
nan
nan
1.000000
1.000000
nan
nan
nan
0.409000
0.399000
0.839000
nan
0.775000
nan
nan
nan
0.699000
nan
0.816000
0.809000
0.658000
0.905000
0.603000
nan
0.597000
0.631000
0.562000
0.974000
nan
nan
nan
0.610000
nan
0.946000
0.686000
0.734000
nan
0.644000
nan
0.590000
1.000000
nan
nan
0.740000
0.974000
0.219000
0.830000
nan
0.398000
0.603000
0.686000
nan
nan
0.521000
0.405000
0.816000
0.850000
nan
nan
nan
nan
0.329000
0.213000
nan
nan
nan
nan
nan
1.000000
0.651000
0.768000
0.720000
nan
0.761000
0.946000
nan
nan
0.446000
0.167000
0.167000
nan
0.167000
nan
0.535000
0.549000
nan
nan
0.569000
nan
nan
nan
1.000000
nan
0.631000
nan
nan
nan
0.302000
nan
nan
nan
0.898000
0.521000
0.576000
0.748000
0.727000
nan
nan
0.812000
0.983000
nan
0.706000
nan
nan
0.834000
0.577000
1.000000
0.951000
nan
1.000000
nan
0.738000
0.738000
0.951000
nan
nan
0.909000
nan
nan
nan
0.706000
0.684000
0.973000
nan
0.951000
0.470000
nan
0.844000
0.823000
nan
0.727000
nan
0.556000
0.673000
0.641000
nan
nan
nan
nan
nan
0.588000
nan
0.377000
nan
nan
0.577000
0.406000
0.599000
0.716000
nan
nan
0.663000
0.377000
0.663000
0.449000
nan
nan
nan
0.377000
0.706000
0.673000
0.513000
0.438000
0.834000
nan
nan
0.684000
nan
0.481000
0.556000
0.492000
nan
nan
nan
nan
nan
0.994000
nan
1.000000
0.428000
nan
0.502000
0.663000
0.464000
nan
0.568000
0.861000
0.492000
nan
0.568000
0.842000
0.719000
0.445000
0.681000
nan
nan
0.322000
nan
nan
0.284000
0.331000
0.814000
0.416000
0.805000
0.909000
0.871000
0.549000
0.293000
0.274000
nan
nan
0.691000
0.890000
nan
0.975000
nan
nan
0.303000
1.000000
nan
nan
0.435000
nan
0.795000
0.625000
0.274000
nan
nan
nan
nan
0.274000
0.360000
nan
nan
nan
nan
0.596000
nan
0.738000
0.823000
0.842000
nan
nan
0.814000
0.937000
nan
0.823000
nan
nan
nan
0.786000
0.984000
1.000000
0.454000
0.757000
nan
1.000000
0.861000
nan
0.795000
0.823000
nan
nan
0.719000
0.454000
0.483000
0.718000
nan
nan
0.666000
0.866000
nan
nan
0.537000
nan
nan
0.653000
nan
0.369000
nan
0.310000
0.388000
0.989000
nan
0.776000
0.938000
nan
0.724000
1.000000
nan
nan
0.491000
0.524000
0.873000
0.595000
0.595000
nan
nan
nan
nan
0.278000
0.267000
0.821000
1.000000
0.550000
0.459000
nan
0.847000
0.304000
1.000000
0.634000
nan
0.541000
0.671000
0.404000
0.707000
0.577000
nan
nan
nan
0.757000
0.779000
0.962000
nan
0.911000
nan
nan
nan
0.277000
0.250000
nan
nan
nan
nan
0.548000
nan
0.808000
0.332000
nan
0.714000
0.635000
0.505000
0.873000
0.700000
nan
0.851000
nan
nan
0.541000
nan
nan
0.635000
0.557000
nan
nan
0.867000
0.852000
nan
nan
nan
0.597000
0.589000
nan
nan
0.867000
nan
nan
0.820000
nan
0.509000
nan
nan
nan
nan
0.987000
nan
0.684000
nan
0.517000
0.708000
0.509000
1.000000
0.565000
nan
nan
nan
nan
nan
0.493000
0.637000
nan
0.605000
0.541000
0.621000
0.517000
nan
nan
0.342000
nan
0.233000
nan
nan
nan
nan
nan
0.509000
0.485000
nan
0.326000
0.255000
0.233000
nan
