Coverage(RPKM): 842.424242
nan
nan
0.002000
nan
nan
nan
nan
nan
0.465000
0.543000
0.775000
0.349000
nan
nan
nan
0.310000
0.078000
nan
0.002000
nan
nan
1.000000
nan
1.000000
0.659000
nan
nan
nan
nan
0.349000
nan
0.194000
0.078000
0.039000
nan
0.504000
nan
nan
nan
0.853000
nan
nan
nan
nan
0.698000
nan
nan
nan
nan
0.659000
1.000000
nan
nan
0.426000
0.620000
nan
nan
nan
nan
nan
nan
0.504000
nan
nan
nan
0.349000
nan
nan
nan
0.736000
nan
nan
0.233000
nan
0.388000
nan
nan
0.271000
0.310000
nan
0.349000
0.271000
0.310000
0.155000
0.271000
0.194000
nan
0.698000
0.349000
nan
0.233000
nan
0.349000
nan
nan
0.388000
0.620000
0.002000
nan
