Coverage(RPKM): 4717.114914
nan
nan
0.304000
nan
nan
nan
0.365000
nan
0.486000
0.433000
0.623000
nan
nan
nan
nan
0.486000
0.524000
nan
nan
0.479000
0.395000
0.668000
0.304000
0.387000
nan
0.275000
0.448000
nan
0.275000
0.539000
0.623000
nan
nan
nan
0.949000
0.760000
0.706000
0.744000
0.501000
nan
0.927000
0.782000
nan
nan
0.448000
0.524000
0.987000
nan
nan
0.782000
0.889000
nan
0.524000
nan
1.000000
nan
1.000000
nan
nan
0.494000
0.380000
nan
nan
nan
nan
0.775000
nan
0.653000
nan
0.592000
0.653000
nan
nan
0.699000
nan
nan
nan
nan
nan
nan
nan
0.275000
nan
nan
nan
0.365000
nan
0.661000
0.965000
0.592000
nan
0.828000
1.000000
0.706000
0.372000
nan
0.592000
0.501000
0.415000
0.408000
nan
0.272000
0.415000
0.487000
nan
nan
nan
0.501000
nan
0.365000
0.937000
0.859000
nan
nan
nan
0.250000
0.537000
0.458000
0.937000
1.000000
0.651000
0.286000
0.794000
0.601000
0.816000
0.923000
nan
0.379000
nan
0.336000
nan
1.000000
nan
nan
nan
0.866000
nan
0.222000
0.544000
nan
nan
nan
nan
nan
nan
nan
nan
0.202000
0.202000
0.694000
0.766000
0.408000
0.394000
nan
nan
nan
nan
0.723000
0.494000
0.952000
0.394000
nan
0.980000
0.623000
0.272000
0.758000
0.744000
nan
nan
nan
nan
nan
nan
0.952000
0.873000
1.000000
nan
nan
0.202000
0.258000
nan
nan
nan
0.844000
0.859000
nan
nan
0.386000
nan
0.923000
0.377000
0.731000
0.257000
0.186000
0.172000
0.172000
0.461000
0.653000
nan
0.234000
0.251000
nan
nan
nan
0.269000
1.000000
1.000000
nan
0.683000
0.886000
nan
nan
0.222000
nan
0.593000
0.766000
nan
0.569000
nan
nan
nan
0.749000
nan
nan
0.251000
nan
nan
nan
nan
nan
1.000000
nan
nan
0.551000
0.575000
nan
0.784000
0.701000
nan
nan
0.455000
0.311000
0.305000
nan
nan
0.395000
0.671000
nan
0.383000
nan
0.172000
0.766000
nan
0.760000
nan
0.844000
nan
0.425000
0.359000
0.814000
0.371000
0.760000
0.820000
nan
nan
0.365000
0.413000
0.443000
1.000000
nan
nan
nan
nan
nan
nan
nan
0.509000
0.581000
0.695000
nan
0.695000
0.284000
nan
1.000000
0.522000
0.365000
0.142000
0.091000
0.091000
0.497000
0.497000
0.441000
0.988000
nan
nan
0.568000
0.603000
nan
nan
0.385000
nan
nan
nan
0.456000
0.416000
nan
nan
nan
nan
nan
0.213000
nan
nan
nan
0.948000
nan
nan
1.000000
nan
nan
nan
nan
nan
0.816000
nan
nan
0.928000
nan
nan
0.755000
1.000000
nan
nan
nan
nan
nan
0.532000
nan
nan
nan
nan
nan
0.476000
nan
0.593000
nan
nan
0.593000
0.461000
nan
0.705000
0.943000
0.887000
nan
nan
0.466000
nan
nan
0.355000
nan
nan
0.968000
nan
0.228000
0.385000
0.188000
0.177000
0.172000
nan
nan
0.218000
0.507000
nan
nan
nan
nan
nan
0.101000
nan
0.083000
nan
nan
nan
nan
0.122000
nan
nan
0.122000
0.083000
0.167000
nan
nan
0.137000
0.083000
nan
nan
nan
nan
0.568000
nan
nan
nan
nan
nan
nan
0.552000
nan
0.237000
nan
