Coverage(RPKM): 7835.599078
nan
nan
0.340000
nan
nan
0.435000
0.382000
0.797000
0.505000
0.563000
nan
0.425000
nan
0.680000
0.451000
0.621000
nan
nan
0.802000
nan
0.685000
0.706000
0.462000
0.754000
0.489000
nan
0.297000
nan
nan
nan
nan
nan
nan
0.303000
nan
0.345000
0.297000
0.542000
nan
nan
nan
0.297000
0.733000
nan
0.605000
nan
1.000000
nan
nan
0.913000
0.908000
0.887000
nan
nan
nan
0.430000
0.414000
0.361000
0.462000
nan
nan
0.499000
nan
nan
nan
nan
0.876000
nan
0.956000
0.929000
0.818000
0.982000
nan
nan
0.505000
0.574000
nan
nan
nan
nan
nan
1.000000
0.775000
0.600000
0.483000
0.892000
nan
nan
nan
nan
0.876000
0.882000
nan
0.982000
0.791000
1.000000
0.750000
nan
0.813000
nan
nan
0.827000
nan
0.632000
nan
nan
nan
0.677000
0.468000
0.504000
nan
nan
0.445000
nan
0.818000
0.772000
0.413000
0.350000
0.454000
0.572000
nan
nan
nan
nan
nan
nan
0.831000
nan
0.650000
0.340000
0.509000
nan
0.618000
0.509000
0.482000
0.450000
0.340000
0.473000
nan
nan
0.700000
0.413000
0.704000
0.400000
0.995000
0.432000
0.545000
0.663000
nan
0.863000
0.400000
0.518000
0.550000
0.568000
nan
nan
0.727000
0.436000
0.650000
0.650000
0.691000
0.586000
nan
nan
1.000000
0.909000
nan
0.682000
nan
nan
0.340000
nan
nan
0.445000
1.000000
1.000000
nan
nan
nan
0.088000
0.083000
nan
0.230000
nan
0.751000
nan
0.521000
nan
nan
0.541000
0.472000
nan
nan
0.457000
0.423000
nan
nan
0.568000
nan
nan
nan
0.807000
0.499000
nan
nan
nan
0.646000
0.475000
0.543000
nan
nan
nan
0.558000
0.717000
nan
nan
nan
nan
nan
nan
0.712000
0.289000
0.570000
0.558000
nan
0.548000
nan
nan
0.856000
nan
nan
0.876000
nan
0.553000
nan
nan
nan
nan
nan
0.815000
nan
0.626000
nan
nan
nan
nan
nan
0.144000
nan
nan
0.680000
nan
0.166000
0.078000
nan
nan
1.000000
0.925000
1.000000
0.450000
nan
nan
0.073000
nan
0.073000
0.154000
nan
nan
nan
0.081000
0.073000
nan
0.555000
0.966000
nan
0.695000
1.000000
0.678000
nan
0.776000
nan
0.365000
0.487000
0.264000
0.917000
0.734000
nan
nan
nan
nan
nan
nan
nan
nan
nan
1.000000
0.832000
nan
nan
0.112000
nan
0.112000
nan
0.269000
0.679000
0.489000
0.466000
0.438000
0.871000
1.000000
nan
1.000000
nan
0.700000
nan
nan
0.959000
0.897000
nan
0.904000
nan
nan
0.308000
nan
0.330000
nan
0.168000
nan
0.944000
nan
nan
nan
nan
0.244000
0.135000
0.266000
0.308000
nan
nan
nan
nan
nan
nan
0.157000
nan
nan
0.353000
nan
nan
0.162000
0.255000
nan
0.412000
0.227000
0.344000
0.527000
nan
nan
nan
0.532000
nan
nan
0.255000
0.162000
0.238000
0.263000
0.148000
0.143000
0.151000
nan
0.403000
nan
nan
0.583000
0.924000
nan
nan
nan
nan
nan
nan
nan
nan
0.664000
nan
nan
0.431000
nan
0.364000
nan
0.538000
0.319000
nan
nan
0.409000
0.545000
nan
0.516000
0.332000
0.473000
nan
nan
nan
nan
0.335000
0.821000
nan
nan
nan
nan
nan
nan
nan
0.391000
nan
0.384000
0.194000
0.207000
0.220000
nan
nan
0.476000
nan
nan
nan
nan
nan
nan
nan
0.243000
0.181000
0.158000
0.158000
nan
