Coverage(RPKM): 5986.063570
nan
nan
0.145000
nan
nan
nan
nan
nan
0.237000
0.136000
0.136000
0.505000
nan
0.395000
nan
nan
0.308000
nan
nan
nan
0.536000
0.505000
nan
0.466000
nan
0.457000
0.413000
0.562000
0.646000
nan
nan
nan
0.129000
0.193000
nan
nan
nan
nan
0.129000
nan
nan
0.712000
0.185000
nan
0.303000
0.272000
nan
nan
0.523000
0.453000
nan
nan
0.387000
0.545000
0.971000
0.738000
nan
0.250000
0.721000
nan
nan
0.734000
0.857000
1.000000
nan
nan
0.668000
nan
0.129000
nan
nan
0.338000
nan
0.751000
nan
nan
0.773000
nan
nan
nan
nan
nan
0.892000
nan
nan
nan
nan
nan
0.554000
0.576000
1.000000
nan
0.325000
0.351000
0.773000
0.637000
nan
nan
nan
0.690000
0.584000
0.510000
0.804000
1.000000
nan
0.460000
0.363000
0.363000
0.497000
nan
0.284000
0.277000
nan
nan
nan
0.562000
0.124000
0.333000
0.585000
nan
nan
0.344000
nan
0.490000
nan
nan
0.557000
0.418000
0.529000
0.615000
nan
0.469000
nan
0.430000
nan
nan
nan
nan
nan
0.187000
nan
0.435000
nan
0.557000
0.562000
nan
nan
0.624000
nan
nan
nan
nan
nan
nan
1.000000
nan
0.124000
0.176000
nan
nan
nan
0.548000
nan
nan
nan
nan
nan
nan
0.124000
0.192000
0.171000
0.220000
0.365000
nan
nan
nan
nan
nan
nan
0.751000
0.550000
nan
0.587000
0.613000
nan
0.835000
0.705000
nan
0.409000
nan
nan
nan
nan
nan
nan
nan
1.000000
nan
nan
nan
0.825000
0.911000
nan
nan
nan
0.791000
nan
0.999000
1.000000
0.647000
0.643000
0.504000
0.747000
nan
0.312000
0.785000
nan
0.945000
1.000000
0.998000
1.000000
0.638000
0.474000
nan
0.683000
0.871000
0.945000
1.000000
0.883000
0.630000
0.568000
nan
0.560000
nan
nan
0.679000
0.401000
0.642000
0.630000
nan
nan
0.515000
nan
nan
nan
0.527000
0.634000
0.724000
0.352000
nan
0.638000
0.724000
0.728000
0.781000
nan
nan
0.446000
nan
0.212000
0.212000
0.331000
nan
0.617000
nan
0.859000
0.806000
nan
0.585000
0.589000
nan
0.397000
nan
nan
0.642000
nan
0.356000
nan
nan
nan
0.830000
nan
nan
nan
0.212000
0.221000
nan
nan
nan
nan
0.577000
0.846000
0.765000
nan
nan
0.249000
nan
0.949000
nan
0.638000
nan
nan
0.519000
nan
0.990000
0.566000
0.437000
1.000000
0.514000
nan
nan
0.424000
nan
1.000000
nan
nan
nan
nan
0.227000
0.360000
0.351000
0.444000
nan
nan
0.206000
0.206000
0.973000
nan
nan
nan
0.908000
0.755000
0.616000
nan
0.649000
0.689000
nan
nan
nan
1.000000
0.358000
0.550000
0.623000
0.828000
0.835000
nan
0.749000
0.596000
0.523000
0.563000
0.669000
0.967000
nan
nan
0.998000
0.523000
0.550000
0.245000
0.437000
0.603000
nan
nan
0.563000
nan
0.643000
0.504000
nan
0.570000
0.590000
nan
0.490000
0.451000
0.749000
0.384000
nan
nan
nan
nan
nan
0.557000
nan
0.623000
nan
nan
0.444000
0.278000
0.239000
nan
nan
nan
nan
nan
0.484000
0.464000
0.396000
0.246000
0.450000
nan
nan
0.218000
nan
nan
nan
nan
nan
nan
0.334000
nan
0.185000
nan
