Coverage(RPKM): 5126.953125
nan
nan
0.188000
0.233000
nan
nan
0.097000
0.194000
0.228000
nan
nan
nan
0.381000
0.376000
0.473000
0.165000
nan
0.125000
nan
0.072000
0.991000
0.330000
0.268000
0.552000
nan
0.072000
nan
0.072000
nan
0.347000
0.421000
nan
nan
0.683000
0.626000
nan
0.455000
nan
0.393000
nan
0.603000
nan
0.438000
0.268000
nan
0.154000
0.245000
0.575000
0.706000
nan
nan
nan
nan
0.672000
0.780000
nan
nan
nan
0.581000
0.512000
nan
nan
nan
nan
0.455000
0.575000
nan
0.757000
1.000000
nan
0.900000
nan
nan
nan
nan
0.393000
0.484000
0.569000
nan
nan
nan
nan
0.769000
0.575000
0.843000
1.000000
nan
0.501000
nan
nan
1.000000
nan
nan
nan
0.364000
0.444000
0.609000
0.448000
0.514000
0.169000
0.592000
0.422000
nan
0.444000
nan
nan
nan
0.958000
0.797000
1.000000
nan
0.522000
0.527000
nan
nan
0.818000
0.169000
0.374000
nan
nan
0.679000
nan
nan
nan
nan
0.714000
nan
nan
nan
nan
0.444000
0.605000
nan
nan
nan
nan
1.000000
nan
nan
0.488000
nan
nan
nan
0.440000
0.644000
1.000000
0.557000
0.705000
nan
nan
nan
nan
nan
0.174000
0.169000
0.966000
nan
nan
0.427000
0.309000
0.527000
0.414000
0.531000
0.710000
nan
0.875000
nan
0.583000
nan
nan
nan
0.540000
0.261000
0.209000
nan
nan
nan
nan
0.914000
nan
0.514000
0.544000
0.444000
0.488000
0.766000
0.892000
0.618000
nan
nan
0.814000
0.892000
0.539000
nan
0.722000
0.356000
0.226000
0.842000
0.832000
nan
1.000000
nan
nan
nan
nan
0.409000
nan
0.779000
nan
0.659000
nan
nan
1.000000
0.495000
0.279000
0.746000
0.582000
0.952000
1.000000
nan
nan
0.215000
0.385000
0.245000
0.712000
nan
nan
nan
0.707000
0.404000
0.702000
0.842000
nan
nan
nan
0.938000
0.736000
nan
nan
nan
0.770000
nan
0.265000
0.866000
nan
nan
nan
nan
nan
0.491000
0.548000
0.289000
0.215000
0.909000
0.654000
nan
nan
0.510000
nan
nan
nan
nan
0.215000
0.236000
0.342000
0.481000
nan
0.298000
nan
0.500000
nan
0.635000
nan
0.495000
nan
0.519000
nan
0.669000
0.731000
nan
0.491000
0.447000
0.608000
nan
nan
nan
nan
0.927000
1.000000
0.638000
nan
nan
nan
0.448000
0.441000
0.851000
nan
nan
nan
0.594000
0.930000
1.000000
0.469000
0.641000
0.774000
0.531000
0.695000
nan
0.656000
nan
0.836000
0.664000
0.930000
nan
0.899000
0.531000
0.860000
1.000000
nan
nan
0.641000
nan
0.758000
nan
nan
nan
nan
0.656000
nan
nan
nan
0.422000
0.975000
0.492000
0.617000
0.586000
nan
0.875000
nan
0.516000
0.758000
nan
nan
0.969000
nan
0.399000
0.414000
0.367000
nan
0.703000
nan
0.656000
0.259000
0.263000
0.609000
0.578000
nan
nan
nan
0.797000
0.602000
nan
0.649000
0.719000
0.719000
0.259000
0.257000
0.434000
nan
nan
nan
nan
0.699000
nan
nan
0.578000
nan
nan
0.795000
nan
0.699000
nan
nan
0.232000
nan
