Coverage(RPKM): 1054.787234
nan
nan
0.288000
nan
nan
nan
nan
nan
nan
0.324000
nan
0.612000
0.504000
nan
nan
nan
nan
nan
nan
nan
nan
0.360000
nan
nan
nan
nan
0.288000
0.144000
0.216000
0.144000
0.144000
nan
nan
nan
0.144000
0.216000
0.971000
0.827000
0.935000
0.540000
nan
nan
nan
0.827000
nan
0.216000
0.144000
0.396000
nan
nan
0.647000
0.827000
nan
nan
nan
nan
nan
nan
0.755000
0.683000
nan
0.719000
0.288000
nan
nan
nan
0.971000
0.647000
nan
0.683000
1.000000
0.576000
nan
1.000000
nan
nan
0.612000
1.000000
nan
0.719000
0.576000
0.899000
0.324000
0.540000
0.504000
nan
nan
0.432000
0.540000
nan
0.432000
0.144000
0.324000
nan
