Coverage(RPKM): 1940.000000
nan
nan
0.611000
nan
nan
nan
0.222000
nan
nan
nan
nan
nan
nan
0.361000
0.611000
nan
0.722000
nan
nan
nan
0.833000
0.639000
nan
nan
nan
nan
0.278000
0.167000
1.000000
0.639000
0.500000
0.528000
1.000000
nan
0.472000
1.000000
nan
0.833000
0.806000
nan
0.861000
nan
nan
0.472000
nan
0.361000
nan
0.778000
nan
nan
nan
0.250000
0.417000
nan
0.722000
0.389000
0.556000
0.500000
0.639000
0.306000
nan
nan
0.111000
nan
0.111000
0.167000
nan
nan
0.694000
0.167000
0.722000
nan
0.111000
0.222000
nan
