Coverage(RPKM): 11266.560510
nan
nan
0.283000
nan
nan
nan
nan
0.641000
0.291000
0.275000
0.398000
0.533000
0.287000
nan
0.625000
0.649000
0.482000
0.804000
0.311000
0.478000
nan
nan
nan
nan
0.549000
0.525000
0.398000
nan
0.502000
0.641000
0.235000
0.215000
0.673000
nan
nan
nan
0.533000
0.605000
0.908000
nan
0.498000
0.621000
0.521000
1.000000
0.223000
0.314000
0.275000
nan
0.410000
nan
nan
nan
0.947000
nan
nan
0.366000
0.928000
0.466000
nan
0.219000
0.247000
0.215000
0.557000
0.661000
1.000000
0.947000
nan
0.633000
0.287000
0.836000
1.000000
0.271000
0.613000
nan
nan
0.215000
nan
0.092000
nan
nan
0.133000
0.137000
0.338000
nan
1.000000
nan
0.149000
0.092000
nan
nan
0.137000
0.149000
nan
nan
nan
nan
0.221000
0.092000
0.169000
0.194000
nan
nan
nan
0.797000
nan
0.131000
0.092000
0.500000
0.970000
nan
0.547000
0.684000
0.579000
nan
nan
nan
nan
0.723000
0.763000
0.698000
nan
0.576000
0.763000
0.398000
nan
nan
nan
nan
nan
nan
1.000000
nan
nan
0.203000
nan
0.441000
nan
0.315000
0.919000
0.651000
nan
nan
0.855000
0.763000
nan
0.833000
nan
1.000000
nan
nan
nan
nan
0.293000
nan
0.295000
nan
0.567000
0.653000
0.612000
0.450000
0.669000
0.317000
nan
nan
nan
0.414000
0.799000
nan
0.241000
nan
nan
0.232000
0.290000
0.252000
0.736000
0.604000
nan
nan
nan
0.810000
nan
0.714000
0.596000
nan
nan
0.943000
0.954000
nan
nan
nan
0.128000
nan
nan
0.265000
nan
0.128000
0.128000
0.168000
nan
nan
0.319000
0.181000
nan
0.263000
0.257000
0.382000
nan
0.337000
0.246000
0.544000
nan
0.565000
nan
0.481000
nan
0.678000
nan
0.695000
0.863000
0.853000
nan
0.650000
nan
0.596000
0.524000
nan
nan
0.192000
nan
nan
nan
nan
0.650000
0.324000
nan
nan
0.892000
0.643000
0.831000
nan
0.853000
nan
nan
nan
0.529000
0.896000
0.782000
nan
nan
nan
0.840000
nan
nan
0.384000
0.291000
nan
nan
nan
0.196000
0.209000
0.389000
0.796000
1.000000
nan
nan
1.000000
nan
nan
1.000000
1.000000
nan
nan
0.874000
nan
0.416000
0.406000
nan
nan
nan
nan
0.945000
0.738000
nan
nan
nan
nan
nan
nan
nan
0.731000
0.718000
nan
0.526000
0.539000
nan
1.000000
nan
nan
nan
nan
0.444000
0.565000
nan
nan
nan
0.658000
nan
0.986000
nan
nan
0.899000
nan
nan
0.811000
0.559000
nan
0.835000
nan
0.608000
0.971000
0.807000
0.565000
0.582000
0.578000
nan
0.246000
0.296000
0.613000
0.697000
0.516000
0.826000
0.656000
nan
nan
nan
0.175000
0.149000
0.162000
0.188000
nan
nan
nan
nan
nan
nan
nan
0.889000
0.910000
nan
0.769000
nan
0.136000
0.202000
nan
nan
nan
0.284000
nan
nan
nan
0.139000
0.355000
1.000000
0.776000
nan
0.221000
0.216000
0.230000
nan
0.173000
nan
0.123000
nan
nan
nan
nan
nan
nan
nan
nan
nan
0.287000
nan
nan
nan
nan
nan
0.579000
0.210000
0.421000
nan
nan
0.172000
nan
nan
nan
0.765000
1.000000
0.777000
0.926000
nan
0.801000
nan
0.536000
nan
nan
0.306000
nan
nan
nan
0.660000
nan
nan
nan
0.667000
0.619000
nan
0.529000
0.481000
0.729000
0.815000
nan
0.670000
nan
nan
0.607000
0.557000
nan
nan
nan
nan
nan
nan
nan
0.258000
nan
0.158000
0.232000
nan
nan
nan
nan
nan
0.251000
nan
nan
nan
nan
nan
0.123000
0.203000
0.136000
nan
nan
0.375000
0.414000
1.000000
nan
nan
nan
nan
nan
nan
nan
nan
0.411000
0.397000
0.359000
nan
0.143000
nan
