Coverage(RPKM): 4035.185185
nan
nan
0.164000
nan
nan
nan
nan
0.179000
0.129000
0.247000
nan
nan
0.299000
0.239000
0.239000
nan
nan
0.284000
0.404000
nan
nan
nan
nan
0.224000
0.359000
0.232000
0.217000
0.329000
0.306000
nan
nan
0.389000
nan
nan
nan
0.284000
nan
0.590000
nan
0.635000
0.643000
0.665000
0.344000
0.537000
nan
0.453000
nan
nan
nan
0.453000
nan
nan
0.794000
0.564000
nan
0.662000
0.495000
0.669000
0.481000
nan
nan
0.564000
0.481000
0.432000
0.599000
0.543000
1.000000
nan
nan
nan
nan
nan
nan
0.988000
0.537000
0.753000
0.985000
0.362000
nan
nan
nan
nan
0.334000
nan
0.334000
nan
0.327000
nan
nan
nan
nan
nan
nan
nan
0.209000
0.265000
nan
nan
nan
nan
0.135000
0.135000
0.145000
nan
0.252000
nan
nan
nan
1.000000
0.595000
1.000000
0.982000
0.233000
nan
nan
nan
0.233000
nan
nan
nan
nan
nan
nan
nan
nan
nan
nan
0.271000
0.478000
nan
nan
nan
nan
nan
nan
0.310000
nan
0.498000
0.381000
nan
0.439000
0.769000
0.879000
nan
0.433000
nan
nan
nan
0.730000
0.711000
nan
0.607000
nan
nan
0.511000
nan
0.368000
nan
nan
nan
0.155000
nan
