Coverage(RPKM): 9600.480769
nan
nan
0.189000
nan
nan
nan
0.209000
nan
0.255000
nan
0.312000
nan
0.189000
0.315000
0.349000
nan
nan
nan
nan
0.432000
0.275000
0.295000
0.375000
0.344000
0.464000
0.347000
nan
0.550000
nan
nan
0.567000
nan
nan
0.438000
nan
nan
0.221000
nan
0.309000
0.329000
nan
0.218000
nan
nan
0.338000
0.739000
0.630000
nan
0.312000
nan
nan
nan
0.390000
0.189000
nan
nan
nan
1.000000
0.664000
0.710000
0.676000
nan
0.811000
0.687000
0.871000
nan
nan
0.490000
nan
nan
nan
0.713000
0.707000
nan
0.796000
nan
nan
nan
0.885000
0.793000
nan
0.879000
0.854000
0.819000
1.000000
nan
0.464000
0.301000
nan
nan
nan
nan
0.599000
nan
1.000000
0.481000
0.284000
nan
nan
0.860000
0.567000
nan
nan
nan
nan
0.845000
nan
nan
0.827000
0.614000
nan
0.631000
nan
0.560000
0.416000
0.840000
nan
nan
nan
0.336000
nan
0.556000
nan
nan
nan
nan
1.000000
nan
0.845000
nan
nan
0.653000
nan
1.000000
0.601000
0.713000
nan
0.377000
nan
0.307000
0.653000
0.832000
0.452000
nan
0.595000
nan
0.875000
nan
0.890000
nan
0.836000
nan
0.608000
0.586000
0.343000
0.307000
0.705000
nan
nan
nan
nan
0.307000
0.776000
nan
nan
nan
nan
0.998000
nan
0.819000
nan
0.741000
0.670000
nan
nan
1.000000
0.733000
0.558000
0.528000
nan
0.463000
0.821000
nan
nan
0.416000
0.554000
nan
nan
0.730000
nan
nan
nan
nan
nan
nan
0.767000
nan
nan
nan
0.724000
0.702000
0.584000
nan
nan
nan
0.251000
0.551000
0.529000
nan
nan
0.608000
0.963000
0.911000
nan
0.750000
nan
0.881000
1.000000
1.000000
0.878000
nan
nan
0.717000
0.717000
0.578000
nan
nan
0.338000
0.338000
nan
nan
0.488000
nan
0.638000
0.417000
0.624000
0.554000
nan
1.000000
nan
nan
0.286000
nan
nan
nan
0.228000
nan
0.234000
0.206000
0.232000
0.349000
0.420000
0.491000
nan
nan
0.783000
nan
0.742000
0.731000
nan
0.589000
nan
0.379000
nan
nan
nan
0.303000
nan
nan
nan
nan
nan
nan
nan
nan
0.409000
0.360000
nan
0.341000
0.341000
0.406000
0.300000
0.420000
nan
nan
0.251000
nan
nan
nan
nan
nan
nan
nan
0.218000
0.357000
nan
nan
nan
nan
nan
0.368000
0.379000
nan
nan
nan
0.330000
nan
0.360000
0.183000
nan
0.183000
nan
