Coverage(RPKM): 6649.070632
nan
nan
0.171000
nan
nan
nan
nan
nan
0.326000
nan
nan
nan
0.806000
0.258000
0.310000
0.437000
0.250000
nan
0.711000
0.139000
0.096000
0.286000
0.218000
0.512000
0.516000
nan
nan
0.449000
0.461000
nan
0.429000
nan
nan
nan
nan
nan
0.568000
0.679000
0.461000
0.345000
0.286000
0.107000
0.461000
0.401000
nan
0.401000
nan
0.429000
0.349000
nan
0.568000
nan
nan
nan
nan
nan
0.242000
nan
nan
nan
nan
1.000000
0.536000
nan
0.389000
nan
nan
nan
nan
nan
0.961000
0.115000
0.123000
0.183000
nan
0.175000
nan
0.171000
0.341000
nan
nan
1.000000
nan
nan
nan
nan
nan
0.266000
0.179000
0.191000
0.389000
nan
nan
nan
1.000000
nan
nan
nan
nan
0.195000
0.171000
0.096000
0.096000
0.410000
0.585000
1.000000
nan
nan
nan
0.362000
0.839000
nan
0.211000
nan
nan
0.643000
nan
nan
0.546000
0.308000
nan
0.679000
0.866000
0.775000
nan
0.787000
0.612000
0.887000
nan
0.754000
0.679000
nan
0.896000
nan
0.941000
1.000000
nan
0.793000
nan
nan
nan
nan
nan
nan
nan
nan
nan
1.000000
nan
0.181000
nan
0.335000
nan
0.181000
nan
nan
nan
0.875000
0.748000
nan
0.196000
nan
0.232000
nan
0.511000
0.948000
nan
nan
0.235000
nan
nan
0.992000
nan
nan
0.242000
nan
0.360000
0.218000
0.222000
0.265000
nan
nan
nan
0.339000
nan
0.541000
0.195000
nan
nan
nan
nan
nan
0.541000
0.796000
nan
nan
0.380000
0.346000
0.975000
0.561000
nan
0.494000
nan
0.467000
0.709000
nan
0.585000
0.730000
nan
nan
nan
0.563000
nan
nan
nan
0.470000
nan
0.385000
nan
nan
nan
nan
nan
0.370000
0.209000
nan
0.222000
0.244000
0.244000
0.374000
0.437000
nan
0.507000
nan
nan
0.444000
0.641000
nan
nan
nan
nan
0.474000
0.496000
nan
0.500000
0.444000
nan
nan
nan
nan
0.337000
0.267000
nan
0.378000
0.267000
nan
0.237000
nan
nan
nan
nan
nan
0.211000
0.352000
nan
0.363000
nan
0.209000
nan
