Coverage(RPKM): 2238.805970
nan
nan
0.285000
nan
nan
nan
0.285000
0.648000
0.466000
0.207000
nan
0.518000
0.829000
0.829000
0.699000
nan
0.285000
0.207000
0.259000
0.337000
0.389000
0.570000
nan
0.207000
nan
0.803000
0.492000
0.285000
0.596000
0.285000
0.829000
0.648000
0.984000
1.000000
0.751000
nan
nan
0.544000
0.363000
1.000000
0.803000
0.363000
nan
0.518000
0.855000
1.000000
nan
0.570000
0.725000
nan
nan
0.725000
0.881000
nan
0.674000
0.570000
0.725000
0.544000
0.959000
0.492000
0.492000
0.207000
0.207000
nan
0.233000
0.207000
nan
