Coverage(RPKM): 2356.194690
nan
nan
0.373000
nan
nan
nan
nan
nan
nan
0.500000
nan
nan
nan
0.692000
nan
0.522000
nan
nan
0.170000
0.149000
nan
nan
nan
nan
nan
0.068000
0.075000
1.000000
nan
0.447000
nan
1.000000
nan
nan
0.096000
0.068000
nan
nan
nan
0.234000
0.309000
nan
nan
0.319000
1.000000
nan
nan
0.628000
nan
0.585000
0.841000
nan
nan
nan
nan
nan
nan
0.777000
nan
0.298000
0.777000
nan
0.490000
0.585000
0.351000
nan
nan
0.415000
nan
nan
nan
nan
0.660000
nan
nan
nan
0.255000
nan
0.266000
nan
nan
nan
nan
nan
0.564000
0.362000
0.415000
0.287000
nan
0.298000
0.117000
nan
nan
nan
0.319000
0.309000
0.394000
0.213000
0.330000
nan
nan
0.298000
nan
nan
nan
0.128000
nan
0.245000
0.277000
0.181000
0.287000
0.068000
nan
