Coverage(RPKM): 10925.981873
nan
nan
0.251000
0.510000
nan
nan
nan
0.444000
nan
0.531000
nan
nan
0.575000
nan
0.797000
0.484000
nan
nan
0.754000
0.710000
nan
nan
0.251000
0.288000
0.349000
0.313000
0.419000
nan
nan
nan
0.561000
nan
0.845000
0.644000
0.735000
0.877000
nan
nan
nan
nan
0.721000
0.597000
0.440000
nan
nan
0.972000
0.943000
nan
nan
nan
0.408000
nan
0.251000
1.000000
0.622000
0.845000
0.914000
nan
0.309000
nan
nan
0.419000
nan
nan
nan
nan
0.710000
nan
0.502000
nan
nan
0.604000
nan
nan
nan
nan
0.466000
0.743000
nan
0.801000
nan
0.724000
nan
nan
nan
nan
0.269000
nan
nan
1.000000
nan
0.845000
nan
0.914000
0.936000
1.000000
nan
0.925000
0.379000
0.299000
0.688000
0.572000
0.541000
0.541000
nan
0.518000
nan
0.386000
nan
0.295000
0.184000
nan
nan
nan
0.675000
0.295000
0.534000
0.409000
nan
0.390000
0.260000
nan
nan
nan
0.733000
0.404000
0.432000
nan
nan
nan
0.591000
0.472000
0.386000
0.558000
nan
nan
nan
nan
nan
nan
nan
0.453000
0.237000
0.323000
nan
nan
0.721000
nan
0.641000
nan
0.828000
nan
0.132000
0.095000
0.095000
nan
0.095000
nan
0.099000
nan
nan
nan
0.972000
nan
0.828000
nan
0.120000
0.149000
0.130000
nan
nan
nan
0.096000
0.907000
1.000000
nan
nan
0.956000
0.780000
0.394000
nan
nan
nan
0.763000
nan
1.000000
1.000000
nan
0.786000
0.274000
0.182000
0.174000
nan
nan
nan
nan
nan
0.593000
nan
0.876000
0.646000
nan
nan
nan
nan
0.298000
0.129000
0.261000
0.327000
0.572000
nan
0.526000
nan
0.707000
nan
0.278000
0.653000
0.809000
0.334000
0.388000
0.272000
nan
nan
0.184000
0.437000
nan
0.466000
nan
nan
nan
nan
0.126000
0.266000
nan
nan
nan
1.000000
nan
0.126000
nan
nan
0.223000
0.135000
0.722000
1.000000
nan
0.390000
nan
0.761000
0.389000
nan
0.606000
0.597000
0.208000
0.166000
nan
0.256000
0.250000
0.295000
0.537000
1.000000
nan
nan
nan
0.585000
nan
nan
0.931000
0.916000
nan
0.508000
0.555000
nan
nan
nan
nan
nan
0.651000
0.858000
nan
0.818000
0.587000
0.874000
0.639000
nan
nan
nan
0.426000
0.560000
nan
nan
0.343000
0.647000
0.423000
0.498000
nan
nan
0.195000
nan
0.143000
0.345000
0.670000
nan
nan
nan
0.364000
nan
nan
0.143000
nan
nan
0.259000
0.371000
0.306000
nan
nan
0.211000
0.306000
nan
0.313000
nan
nan
0.205000
nan
nan
0.164000
nan
0.209000
0.193000
0.143000
nan
