Coverage(RPKM): 812.903226
nan
nan
0.158000
nan
nan
nan
0.316000
nan
0.316000
nan
0.263000
0.105000
nan
0.105000
0.316000
0.158000
0.632000
0.316000
nan
0.105000
nan
0.842000
0.474000
0.263000
nan
1.000000
1.000000
nan
0.105000
0.737000
nan
nan
nan
nan
nan
nan
0.316000
0.421000
nan
1.000000
nan
nan
nan
nan
nan
nan
0.526000
0.105000
1.000000
nan
nan
0.895000
nan
0.316000
nan
nan
nan
nan
0.684000
0.474000
nan
0.632000
nan
nan
0.579000
0.263000
nan
1.000000
0.842000
0.421000
nan
nan
nan
nan
1.000000
nan
nan
0.316000
0.842000
nan
nan
nan
0.526000
nan
0.526000
nan
0.737000
0.211000
0.632000
0.632000
nan
0.579000
nan
