Coverage(RPKM): 7263.265306
nan
nan
0.413000
nan
nan
nan
0.237000
0.462000
nan
0.202000
0.204000
0.202000
0.202000
nan
nan
nan
0.601000
nan
nan
nan
0.859000
0.515000
0.429000
0.380000
0.315000
0.511000
0.278000
0.875000
nan
nan
nan
nan
0.703000
nan
nan
nan
nan
0.797000
nan
nan
0.707000
0.364000
nan
nan
nan
0.222000
nan
0.871000
0.924000
0.838000
nan
nan
nan
0.315000
0.531000
nan
0.638000
1.000000
0.417000
0.507000
0.384000
0.253000
0.307000
nan
nan
nan
nan
0.928000
0.871000
0.830000
nan
nan
0.429000
nan
nan
nan
nan
nan
1.000000
nan
nan
0.842000
0.887000
nan
nan
nan
nan
nan
nan
nan
nan
0.736000
0.392000
0.666000
0.650000
nan
nan
nan
0.352000
nan
1.000000
nan
nan
nan
nan
0.356000
nan
0.253000
0.274000
nan
0.462000
0.364000
0.511000
0.397000
nan
0.335000
0.315000
0.442000
nan
nan
nan
nan
nan
nan
nan
nan
nan
nan
0.466000
nan
0.392000
0.450000
nan
nan
0.235000
nan
nan
nan
nan
nan
nan
0.454000
nan
nan
0.392000
0.235000
nan
