Coverage(RPKM): 1280.625000
nan
nan
0.099000
nan
nan
nan
0.248000
nan
nan
0.446000
0.990000
nan
nan
nan
nan
0.495000
nan
0.347000
0.198000
0.248000
0.094000
nan
nan
0.594000
0.842000
0.842000
0.594000
0.297000
0.594000
0.644000
nan
0.594000
nan
nan
nan
0.743000
nan
0.891000
nan
0.644000
nan
0.396000
nan
0.594000
nan
0.545000
nan
nan
nan
nan
1.000000
0.743000
1.000000
0.446000
nan
0.545000
nan
0.446000
0.347000
nan
nan
nan
0.941000
nan
nan
0.743000
0.990000
0.545000
0.941000
nan
nan
nan
0.396000
nan
nan
0.094000
nan
0.198000
0.149000
nan
