Coverage(RPKM): 7094.078947
nan
nan
0.206000
nan
nan
nan
0.206000
0.250000
0.217000
nan
0.462000
nan
0.301000
nan
nan
0.250000
nan
nan
0.675000
nan
nan
0.400000
nan
nan
0.507000
0.287000
nan
0.276000
0.560000
nan
nan
0.419000
0.467000
nan
nan
nan
0.346000
nan
0.301000
0.273000
0.262000
nan
0.580000
nan
nan
nan
0.290000
0.515000
nan
0.329000
nan
nan
nan
nan
nan
nan
0.236000
nan
0.827000
nan
1.000000
0.512000
0.667000
nan
0.371000
0.898000
0.765000
nan
nan
nan
0.543000
nan
nan
1.000000
0.799000
nan
0.734000
nan
0.701000
nan
nan
0.903000
nan
0.943000
nan
0.782000
nan
0.310000
nan
nan
0.771000
0.943000
nan
1.000000
nan
0.279000
nan
0.256000
0.206000
0.726000
0.501000
nan
0.664000
0.467000
0.951000
0.992000
0.548000
nan
nan
0.529000
0.529000
nan
nan
nan
0.822000
nan
0.540000
0.648000
nan
nan
nan
nan
0.896000
0.685000
0.592000
nan
nan
0.781000
nan
nan
nan
nan
nan
nan
0.459000
nan
nan
nan
nan
nan
0.329000
0.374000
0.762000
nan
nan
0.670000
nan
0.629000
0.622000
0.825000
nan
nan
0.696000
nan
1.000000
0.696000
nan
0.762000
nan
0.607000
nan
nan
nan
0.600000
0.529000
0.496000
0.533000
0.363000
nan
nan
nan
nan
0.759000
nan
0.577000
0.662000
nan
nan
1.000000
0.529000
0.714000
0.670000
0.489000
0.437000
0.648000
0.588000
nan
nan
0.892000
0.452000
0.792000
0.274000
nan
nan
0.227000
nan
nan
0.227000
0.962000
nan
nan
1.000000
0.227000
0.205000
nan
0.271000
nan
0.980000
nan
0.840000
1.000000
nan
0.410000
nan
0.213000
nan
nan
nan
0.947000
nan
0.203000
0.217000
nan
0.203000
0.203000
nan
nan
0.336000
0.726000
0.500000
0.562000
0.586000
nan
0.738000
0.779000
0.398000
0.365000
nan
0.598000
nan
nan
nan
1.000000
nan
0.463000
nan
nan
nan
nan
0.525000
nan
0.541000
0.324000
0.689000
nan
nan
nan
nan
nan
0.721000
0.926000
0.840000
nan
0.660000
0.611000
0.689000
0.435000
nan
0.853000
nan
nan
0.812000
0.414000
0.959000
0.746000
nan
nan
0.566000
0.914000
nan
nan
0.418000
nan
nan
0.861000
0.750000
nan
nan
nan
nan
1.000000
0.594000
0.857000
0.730000
0.652000
0.446000
nan
nan
0.294000
0.616000
0.594000
nan
0.599000
nan
nan
nan
0.411000
0.389000
0.944000
0.944000
nan
nan
nan
0.389000
nan
0.516000
0.494000
nan
0.511000
nan
nan
0.704000
0.537000
nan
0.983000
1.000000
0.704000
0.883000
nan
nan
nan
nan
nan
0.673000
nan
0.695000
0.861000
0.747000
nan
0.424000
0.302000
nan
nan
0.808000
0.721000
0.913000
0.638000
0.804000
0.581000
0.294000
0.800000
nan
nan
0.555000
nan
nan
1.000000
nan
nan
0.787000
0.468000
0.259000
0.356000
nan
nan
0.712000
nan
nan
nan
0.878000
nan
0.953000
nan
nan
nan
0.828000
0.803000
0.811000
0.865000
nan
0.724000
nan
nan
nan
0.509000
nan
0.517000
0.600000
0.426000
nan
0.868000
nan
nan
1.000000
0.770000
0.434000
0.524000
nan
0.610000
0.661000
nan
0.602000
nan
0.923000
0.704000
nan
nan
0.672000
0.543000
nan
0.688000
0.895000
0.367000
1.000000
nan
nan
nan
nan
nan
nan
nan
nan
nan
nan
0.364000
0.156000
0.305000
0.469000
nan
0.426000
nan
nan
nan
nan
nan
nan
0.278000
0.148000
0.148000
0.180000
0.188000
0.848000
nan
nan
nan
nan
0.293000
nan
nan
0.356000
0.364000
nan
0.364000
nan
0.148000
nan
