Coverage(RPKM): 5771.495327
nan
nan
0.337000
0.703000
nan
nan
nan
0.380000
0.272000
nan
nan
nan
nan
0.287000
nan
nan
nan
0.168000
0.168000
nan
0.172000
nan
nan
nan
0.523000
0.631000
0.516000
0.452000
0.344000
nan
nan
0.272000
nan
0.674000
nan
0.168000
0.222000
0.201000
0.667000
nan
nan
0.659000
0.373000
0.645000
nan
0.595000
0.330000
0.616000
0.495000
nan
0.774000
0.559000
0.667000
0.638000
nan
0.545000
nan
nan
nan
0.509000
0.832000
0.724000
0.867000
0.961000
nan
nan
nan
nan
nan
nan
0.523000
nan
0.667000
nan
nan
1.000000
0.466000
nan
0.853000
0.760000
0.674000
nan
nan
nan
0.710000
1.000000
nan
nan
nan
1.000000
0.882000
0.824000
0.875000
nan
nan
0.767000
0.288000
0.188000
nan
0.188000
nan
nan
nan
0.919000
0.711000
0.691000
0.196000
nan
0.152000
nan
0.615000
0.407000
0.427000
nan
0.515000
nan
nan
nan
nan
0.268000
nan
nan
0.288000
0.284000
0.288000
nan
0.256000
nan
0.591000
nan
0.679000
0.783000
nan
nan
nan
0.148000
0.172000
0.280000
nan
nan
nan
nan
nan
0.280000
nan
nan
nan
0.619000
nan
nan
0.683000
1.000000
nan
0.403000
nan
1.000000
nan
nan
0.407000
nan
nan
nan
0.455000
nan
nan
nan
nan
0.427000
0.475000
0.248000
0.651000
0.276000
nan
nan
0.112000
0.140000
0.120000
0.371000
0.272000
0.236000
nan
nan
0.112000
nan
0.112000
nan
0.112000
nan
nan
nan
0.919000
0.771000
1.000000
0.316000
nan
0.140000
nan
nan
0.137000
1.000000
0.770000
nan
nan
1.000000
nan
0.070000
nan
nan
nan
0.081000
nan
0.495000
nan
0.207000
nan
0.063000
nan
0.165000
nan
0.105000
nan
nan
0.411000
0.638000
nan
nan
nan
0.299000
nan
nan
nan
nan
nan
0.377000
0.352000
nan
0.577000
nan
0.088000
0.692000
nan
nan
0.720000
nan
nan
0.618000
0.774000
0.774000
nan
0.667000
1.000000
0.950000
nan
nan
nan
nan
nan
nan
0.115000
0.102000
nan
0.209000
nan
nan
0.131000
0.557000
0.901000
0.671000
0.806000
0.769000
nan
0.160000
0.088000
0.237000
0.229000
nan
nan
0.233000
nan
nan
0.467000
nan
nan
nan
0.614000
0.548000
nan
0.372000
nan
0.209000
0.700000
nan
nan
nan
nan
nan
nan
0.291000
nan
nan
0.417000
0.565000
nan
0.659000
0.313000
0.299000
0.369000
nan
0.346000
0.257000
0.271000
0.201000
0.276000
nan
nan
nan
0.238000
0.210000
0.187000
0.114000
nan
