Coverage(RPKM): 5854.583333
nan
nan
0.138000
nan
nan
nan
nan
0.138000
nan
nan
0.227000
nan
0.168000
0.218000
0.189000
0.147000
0.361000
nan
0.319000
0.193000
0.361000
0.352000
nan
nan
0.201000
nan
0.382000
0.193000
0.478000
nan
nan
0.138000
nan
0.159000
1.000000
nan
nan
0.399000
nan
0.382000
0.231000
0.382000
0.986000
0.453000
nan
0.453000
0.491000
0.457000
0.533000
0.587000
0.646000
0.332000
nan
nan
nan
nan
nan
0.138000
nan
nan
nan
0.562000
1.000000
1.000000
nan
0.428000
0.277000
nan
nan
0.269000
nan
0.676000
nan
0.478000
0.583000
0.734000
nan
0.822000
nan
nan
nan
0.579000
nan
0.516000
nan
nan
nan
0.785000
nan
0.936000
nan
0.575000
0.726000
nan
0.543000
0.670000
0.750000
nan
nan
0.387000
nan
0.718000
0.750000
1.000000
nan
0.431000
0.666000
nan
nan
0.363000
0.387000
nan
0.267000
0.267000
nan
nan
0.878000
nan
0.491000
0.954000
1.000000
nan
nan
0.770000
0.662000
0.882000
nan
0.547000
0.503000
nan
nan
0.634000
0.523000
0.447000
0.275000
0.267000
nan
0.906000
0.782000
0.918000
0.886000
nan
nan
nan
nan
0.630000
nan
nan
nan
nan
0.642000
0.626000
nan
0.858000
nan
0.974000
nan
nan
0.762000
nan
1.000000
0.630000
nan
nan
0.487000
0.726000
0.575000
nan
0.726000
nan
0.555000
nan
nan
nan
nan
0.662000
nan
nan
0.423000
nan
nan
nan
0.607000
0.750000
nan
nan
0.527000
0.543000
0.745000
nan
nan
nan
1.000000
0.720000
0.903000
0.754000
nan
0.379000
0.358000
0.358000
nan
1.000000
0.937000
nan
0.933000
0.695000
nan
nan
0.849000
nan
0.637000
nan
0.666000
nan
nan
0.649000
0.754000
0.908000
nan
nan
0.620000
0.812000
0.358000
0.845000
0.670000
nan
nan
nan
nan
nan
0.404000
nan
0.766000
nan
nan
0.529000
nan
nan
0.991000
0.491000
nan
0.654000
0.662000
nan
0.633000
nan
0.908000
0.720000
0.754000
nan
nan
nan
0.824000
0.699000
0.545000
nan
0.899000
1.000000
0.566000
nan
nan
nan
nan
nan
0.799000
0.487000
nan
0.470000
0.475000
0.483000
nan
nan
nan
nan
nan
0.699000
0.814000
0.647000
0.723000
nan
0.653000
nan
0.331000
0.682000
0.556000
0.947000
nan
0.921000
1.000000
nan
nan
nan
0.272000
nan
0.583000
0.272000
nan
nan
0.344000
nan
0.834000
nan
0.450000
nan
0.470000
nan
0.914000
nan
nan
0.450000
nan
nan
nan
1.000000
nan
nan
0.815000
0.974000
1.000000
0.914000
nan
0.795000
0.404000
0.848000
0.735000
nan
0.609000
nan
nan
nan
nan
nan
0.636000
0.808000
nan
0.656000
0.662000
0.795000
0.225000
0.384000
0.576000
nan
nan
0.583000
0.477000
0.861000
0.530000
0.298000
0.185000
0.192000
0.536000
nan
nan
0.377000
0.185000
0.450000
0.364000
nan
0.185000
nan
