Coverage(RPKM): 327.419355
nan
nan
0.093000
0.841000
nan
nan
nan
0.000000
nan
nan
0.654000
1.000000
nan
0.374000
nan
0.000000
nan
nan
1.000000
nan
nan
0.280000
nan
nan
nan
0.000000
0.280000
0.467000
0.187000
nan
0.561000
0.374000
0.000000
0.374000
nan
nan
nan
nan
0.561000
nan
nan
nan
nan
0.187000
nan
0.280000
nan
0.374000
nan
0.561000
nan
nan
0.654000
nan
nan
nan
nan
nan
nan
0.187000
0.280000
nan
nan
0.280000
nan
nan
0.187000
0.280000
0.187000
0.000000
0.093000
nan
0.000000
0.187000
nan
0.374000
1.000000
0.561000
0.187000
0.280000
0.748000
nan
0.374000
nan
nan
nan
nan
0.374000
nan
0.187000
0.561000
0.280000
nan
