Coverage(RPKM): 13579.909091
nan
nan
0.247000
nan
nan
nan
nan
0.459000
0.558000
0.593000
nan
0.513000
nan
0.440000
nan
0.302000
nan
nan
0.620000
0.509000
0.283000
0.451000
0.379000
nan
0.509000
0.608000
nan
0.513000
nan
nan
nan
nan
0.750000
0.474000
nan
nan
0.493000
0.731000
0.604000
0.321000
0.287000
nan
0.960000
0.371000
nan
0.363000
nan
0.493000
0.608000
1.000000
0.822000
0.688000
nan
0.685000
nan
nan
nan
nan
0.375000
nan
nan
0.711000
0.658000
nan
nan
0.310000
0.382000
nan
nan
0.444000
nan
nan
0.841000
nan
nan
0.386000
0.421000
0.409000
nan
nan
0.247000
nan
1.000000
nan
nan
0.654000
nan
1.000000
0.558000
nan
0.302000
0.247000
0.528000
0.367000
0.429000
0.679000
nan
0.748000
0.385000
nan
0.556000
0.480000
0.694000
0.665000
nan
0.381000
0.552000
0.381000
0.563000
0.574000
nan
0.385000
0.429000
0.480000
nan
0.607000
0.538000
0.679000
nan
nan
0.589000
0.381000
0.607000
0.581000
nan
0.897000
0.777000
0.799000
nan
0.559000
0.625000
nan
nan
0.850000
1.000000
nan
0.578000
0.610000
0.738000
0.843000
0.465000
nan
0.658000
nan
nan
0.792000
0.796000
0.668000
nan
nan
nan
nan
0.959000
nan
1.000000
nan
nan
0.836000
nan
nan
0.469000
nan
nan
0.501000
nan
nan
nan
nan
0.748000
0.501000
nan
0.897000
0.970000
0.701000
1.000000
0.692000
nan
0.394000
0.642000
0.765000
0.599000
0.356000
0.451000
0.474000
nan
0.687000
0.815000
nan
nan
0.679000
0.780000
nan
nan
0.607000
0.689000
0.835000
0.484000
nan
nan
nan
nan
0.582000
0.544000
0.441000
nan
nan
0.366000
nan
0.489000
0.356000
nan
nan
nan
0.815000
0.725000
0.649000
nan
0.815000
0.973000
nan
nan
nan
0.597000
0.790000
0.963000
0.873000
nan
0.990000
0.717000
1.000000
nan
0.627000
0.832000
0.918000
nan
nan
0.702000
0.577000
nan
nan
nan
nan
nan
0.900000
nan
1.000000
nan
0.700000
nan
nan
nan
0.958000
0.928000
nan
nan
nan
0.980000
0.807000
0.516000
nan
nan
1.000000
nan
0.356000
nan
nan
nan
0.873000
nan
0.377000
nan
0.099000
0.123000
nan
0.210000
0.077000
0.204000
0.255000
nan
nan
nan
nan
0.490000
nan
0.309000
nan
0.372000
nan
0.414000
0.484000
nan
nan
nan
nan
nan
0.189000
nan
0.219000
nan
0.364000
0.441000
nan
0.259000
0.299000
nan
0.278000
nan
nan
nan
nan
nan
nan
nan
nan
0.437000
nan
nan
nan
0.402000
nan
nan
nan
nan
nan
0.376000
0.426000
nan
0.301000
nan
0.528000
0.588000
0.764000
0.542000
0.566000
nan
0.734000
0.638000
nan
0.608000
nan
0.679000
0.681000
0.302000
0.586000
nan
nan
0.624000
nan
0.222000
nan
0.082000
0.145000
nan
nan
nan
nan
0.697000
0.932000
nan
0.656000
nan
nan
nan
0.081000
nan
nan
1.000000
nan
1.000000
0.950000
nan
nan
1.000000
nan
nan
0.077000
0.077000
nan
nan
0.432000
nan
0.094000
0.094000
nan
nan
0.094000
nan
nan
nan
nan
nan
0.858000
0.828000
nan
nan
0.697000
nan
nan
nan
0.556000
nan
0.257000
0.328000
nan
nan
1.000000
nan
nan
nan
nan
nan
nan
nan
nan
nan
0.408000
nan
0.137000
0.958000
1.000000
0.893000
0.843000
0.565000
nan
nan
0.220000
nan
0.572000
1.000000
0.677000
nan
nan
nan
nan
nan
0.580000
0.389000
nan
nan
nan
0.314000
nan
0.304000
0.231000
nan
0.474000
nan
0.576000
0.769000
0.856000
nan
nan
nan
nan
0.377000
nan
nan
0.746000
nan
nan
nan
0.356000
nan
0.244000
0.122000
nan
0.557000
0.523000
0.390000
0.287000
0.409000
0.501000
0.388000
0.567000
0.397000
nan
0.483000
0.705000
0.851000
nan
nan
nan
nan
nan
0.624000
0.446000
0.604000
0.657000
nan
nan
0.786000
0.731000
nan
0.700000
0.897000
0.670000
0.717000
nan
0.918000
0.345000
1.000000
nan
nan
nan
nan
nan
nan
nan
nan
nan
nan
0.462000
0.352000
0.167000
0.150000
nan
0.365000
0.776000
nan
nan
nan
0.994000
nan
nan
nan
nan
nan
0.150000
nan
nan
nan
nan
0.168000
nan
0.655000
nan
nan
nan
0.640000
nan
nan
nan
0.526000
0.574000
nan
nan
0.401000
0.490000
0.248000
nan
