Coverage(RPKM): 1230.263158
nan
nan
0.111000
nan
nan
nan
nan
0.222000
nan
0.778000
0.630000
nan
0.741000
0.148000
nan
0.296000
nan
nan
0.556000
nan
nan
nan
0.296000
0.370000
0.222000
0.556000
0.333000
nan
0.481000
0.556000
0.741000
nan
nan
0.556000
nan
0.667000
nan
nan
nan
0.370000
nan
nan
0.259000
nan
0.111000
0.704000
nan
0.407000
0.296000
0.963000
nan
0.741000
0.407000
1.000000
0.630000
nan
nan
0.111000
0.259000
0.333000
nan
1.000000
0.519000
nan
0.259000
nan
0.222000
nan
nan
nan
0.630000
0.481000
0.630000
0.593000
nan
0.222000
nan
0.481000
nan
0.111000
0.444000
1.000000
nan
0.889000
0.778000
1.000000
0.963000
nan
nan
0.556000
0.285000
0.304000
0.362000
nan
0.228000
0.438000
0.742000
nan
0.381000
0.742000
nan
0.362000
nan
0.666000
0.133000
0.514000
0.476000
0.495000
0.304000
0.228000
0.476000
nan
0.381000
nan
nan
nan
0.457000
nan
nan
nan
nan
0.400000
0.856000
nan
nan
nan
0.704000
0.990000
nan
0.609000
0.209000
0.247000
0.266000
0.495000
0.552000
nan
nan
nan
0.913000
nan
nan
nan
nan
0.324000
0.171000
0.438000
nan
nan
nan
nan
0.780000
0.761000
1.000000
nan
0.171000
nan
nan
nan
0.171000
0.093000
0.152000
nan
nan
0.114000
nan
nan
nan
nan
1.000000
nan
1.000000
nan
nan
nan
nan
nan
0.114000
nan
nan
nan
0.913000
nan
0.093000
0.093000
nan
0.171000
nan
0.552000
0.742000
nan
nan
nan
0.407000
0.466000
nan
0.718000
0.815000
nan
nan
nan
nan
0.272000
0.776000
0.466000
0.660000
0.660000
nan
nan
nan
nan
0.640000
0.310000
1.000000
nan
0.795000
0.737000
nan
0.718000
nan
1.000000
0.873000
nan
nan
0.854000
0.388000
nan
0.873000
0.912000
nan
nan
0.485000
nan
0.388000
nan
nan
0.757000
nan
0.427000
0.640000
0.543000
nan
0.601000
nan
nan
0.446000
0.427000
0.446000
nan
nan
nan
0.718000
1.000000
0.457000
nan
nan
nan
0.231000
0.258000
nan
nan
nan
0.756000
nan
nan
0.895000
0.835000
0.954000
0.985000
nan
nan
0.636000
nan
nan
0.318000
nan
nan
0.278000
nan
0.616000
0.995000
0.775000
nan
nan
0.537000
0.497000
nan
0.875000
0.815000
0.428000
0.407000
0.428000
nan
nan
0.407000
nan
0.611000
0.550000
nan
0.652000
0.713000
0.916000
0.815000
0.611000
nan
0.611000
0.367000
nan
0.244000
0.265000
0.448000
0.265000
0.305000
0.815000
nan
nan
nan
0.190000
nan
0.367000
nan
nan
nan
nan
nan
0.611000
nan
nan
nan
nan
nan
0.509000
0.448000
0.509000
nan
0.387000
0.224000
0.244000
0.774000
0.346000
nan
0.190000
nan
