Coverage(RPKM): 2316.000000
nan
nan
0.339000
nan
nan
nan
nan
0.553000
0.440000
0.251000
0.365000
nan
0.377000
nan
0.176000
nan
0.993000
nan
nan
nan
nan
nan
nan
0.553000
0.654000
0.717000
0.679000
nan
nan
0.566000
0.553000
0.805000
nan
nan
nan
0.162000
nan
0.415000
0.251000
0.162000
0.490000
0.566000
nan
0.767000
nan
0.365000
1.000000
nan
1.000000
0.591000
0.867000
0.880000
0.767000
nan
0.189000
0.226000
nan
0.490000
nan
nan
1.000000
nan
nan
0.377000
nan
nan
0.427000
0.905000
0.817000
nan
nan
0.465000
nan
0.162000
nan
0.277000
nan
nan
nan
0.201000
nan
0.264000
nan
0.654000
0.867000
nan
0.855000
0.390000
nan
0.541000
0.717000
0.754000
0.440000
0.720000
nan
0.499000
0.271000
nan
nan
0.720000
0.675000
0.514000
0.793000
0.426000
0.837000
nan
0.426000
0.793000
0.617000
0.282000
0.631000
0.661000
nan
nan
0.675000
1.000000
nan
0.984000
nan
nan
1.000000
nan
nan
nan
0.602000
0.308000
nan
0.323000
0.631000
0.587000
0.705000
nan
nan
0.646000
1.000000
nan
0.793000
nan
nan
nan
nan
nan
nan
0.396000
0.675000
0.323000
nan
0.617000
0.338000
0.308000
nan
nan
0.543000
0.587000
nan
nan
nan
nan
0.308000
nan
0.778000
nan
nan
nan
nan
0.282000
0.338000
nan
nan
nan
0.286000
0.529000
nan
nan
nan
0.499000
nan
nan
nan
nan
0.866000
0.558000
0.734000
0.690000
nan
nan
nan
0.426000
0.543000
0.382000
nan
nan
nan
0.690000
nan
nan
0.734000
nan
0.426000
nan
