Coverage(RPKM): 3961.290323
nan
nan
0.355000
nan
nan
nan
nan
nan
0.798000
nan
nan
nan
nan
nan
nan
nan
0.787000
nan
nan
0.687000
0.665000
nan
nan
nan
nan
nan
nan
nan
nan
0.621000
nan
0.687000
0.854000
nan
nan
nan
0.554000
nan
0.341000
0.787000
0.588000
nan
nan
nan
nan
0.510000
nan
nan
nan
0.488000
0.942000
0.987000
0.676000
0.455000
nan
nan
1.000000
nan
0.820000
0.543000
nan
0.820000
nan
0.676000
0.687000
nan
0.510000
0.610000
nan
0.410000
nan
0.576000
1.000000
nan
0.499000
0.532000
0.665000
nan
nan
nan
nan
0.488000
nan
0.432000
0.876000
nan
0.443000
nan
0.355000
0.344000
nan
0.341000
nan
