Coverage(RPKM): 10013.106796
nan
nan
0.187000
nan
nan
nan
nan
0.576000
nan
0.480000
nan
0.359000
nan
0.609000
nan
nan
nan
0.364000
0.828000
0.467000
0.245000
0.273000
nan
0.909000
0.381000
0.359000
0.674000
nan
nan
nan
0.669000
0.743000
1.000000
nan
nan
nan
0.225000
0.189000
nan
0.192000
0.154000
nan
0.159000
0.152000
nan
nan
nan
0.174000
0.154000
0.096000
nan
nan
nan
0.090000
0.152000
0.846000
0.634000
0.791000
nan
nan
nan
0.212000
nan
0.116000
nan
0.202000
nan
0.222000
nan
0.306000
nan
nan
nan
0.169000
nan
0.338000
nan
nan
nan
nan
0.960000
0.614000
1.000000
nan
nan
nan
nan
nan
nan
nan
1.000000
0.250000
nan
0.326000
nan
nan
nan
nan
nan
0.146000
0.179000
0.169000
nan
0.106000
nan
0.090000
0.090000
0.072000
0.602000
nan
0.722000
0.814000
1.000000
0.280000
nan
0.106000
0.100000
nan
0.330000
nan
0.166000
nan
nan
nan
1.000000
1.000000
nan
nan
0.372000
nan
0.464000
nan
nan
nan
0.896000
0.772000
nan
0.836000
0.436000
0.384000
0.094000
0.240000
0.200000
nan
0.610000
nan
0.200000
nan
nan
0.566000
nan
nan
nan
nan
0.198000
0.314000
nan
0.412000
0.886000
0.510000
nan
0.576000
nan
nan
nan
nan
0.234000
nan
nan
nan
0.060000
0.086000
0.146000
nan
nan
nan
nan
nan
0.582000
0.158000
0.124000
0.072000
0.056000
0.050000
0.050000
0.050000
0.087000
0.169000
0.195000
0.088000
0.154000
0.227000
0.508000
nan
nan
0.337000
0.241000
0.228000
nan
0.465000
nan
nan
nan
nan
0.112000
nan
nan
nan
0.712000
nan
0.995000
0.802000
nan
nan
nan
0.340000
nan
0.860000
nan
nan
nan
0.940000
nan
0.276000
nan
nan
0.221000
nan
nan
0.225000
nan
nan
nan
nan
1.000000
nan
nan
nan
nan
0.886000
nan
0.895000
1.000000
nan
nan
nan
nan
0.674000
1.000000
nan
0.802000
0.587000
nan
nan
0.440000
nan
0.574000
0.510000
nan
nan
nan
0.517000
0.690000
nan
0.449000
0.375000
0.388000
0.282000
nan
0.732000
nan
0.481000
nan
nan
nan
0.436000
nan
nan
0.347000
0.590000
nan
nan
0.510000
nan
nan
nan
nan
nan
nan
nan
nan
nan
0.324000
nan
0.478000
nan
0.472000
nan
nan
0.468000
nan
0.253000
nan
nan
nan
nan
nan
0.119000
nan
