Coverage(RPKM): 1238.709677
nan
nan
0.114000
nan
nan
nan
nan
nan
0.179000
nan
0.205000
nan
0.435000
0.307000
0.435000
0.409000
nan
0.205000
0.563000
0.563000
0.486000
0.114000
0.307000
0.921000
nan
nan
nan
0.128000
0.128000
0.114000
nan
0.972000
0.725000
0.725000
nan
nan
nan
nan
0.362000
0.311000
0.699000
nan
0.569000
0.673000
1.000000
0.311000
nan
nan
0.595000
0.621000
nan
nan
0.828000
0.466000
nan
0.311000
0.311000
nan
nan
0.466000
0.750000
nan
1.000000
0.414000
nan
0.466000
0.414000
nan
0.569000
0.440000
1.000000
nan
nan
0.880000
0.569000
0.932000
nan
0.440000
nan
nan
nan
nan
nan
0.518000
nan
0.647000
0.673000
nan
nan
nan
0.647000
0.707000
0.393000
0.497000
0.340000
nan
0.628000
nan
0.628000
nan
nan
nan
0.271000
nan
0.271000
nan
0.419000
0.524000
nan
0.393000
0.497000
0.524000
nan
0.340000
0.340000
nan
nan
0.471000
nan
nan
nan
0.497000
0.271000
nan
