Coverage(RPKM): 1239.320388
nan
nan
0.324000
nan
nan
nan
0.216000
nan
0.486000
0.351000
0.297000
0.378000
nan
nan
0.405000
nan
0.216000
0.216000
nan
nan
0.541000
0.459000
nan
0.459000
nan
nan
nan
0.676000
nan
nan
0.243000
0.568000
nan
nan
0.243000
0.730000
0.243000
nan
nan
nan
nan
nan
nan
nan
0.135000
0.119000
0.119000
0.270000
nan
nan
nan
nan
nan
nan
0.324000
nan
nan
nan
nan
0.703000
0.432000
1.000000
1.000000
nan
nan
nan
nan
nan
0.514000
0.432000
nan
0.297000
1.000000
nan
nan
0.973000
0.838000
nan
0.865000
0.703000
0.757000
nan
nan
0.324000
0.919000
nan
1.000000
0.730000
0.541000
0.811000
nan
0.162000
0.189000
nan
0.119000
0.243000
nan
0.162000
nan
0.189000
nan
0.243000
nan
