Coverage(RPKM): 2578.947368
nan
nan
0.767000
nan
nan
nan
nan
0.355000
0.298000
0.554000
0.625000
0.483000
nan
nan
nan
nan
nan
nan
0.795000
nan
nan
nan
nan
nan
0.824000
nan
nan
nan
nan
0.838000
nan
nan
1.000000
nan
nan
nan
0.554000
1.000000
0.355000
nan
nan
0.895000
nan
nan
nan
0.682000
nan
0.938000
0.824000
nan
nan
nan
nan
0.767000
1.000000
nan
0.838000
0.582000
0.909000
nan
0.625000
nan
0.795000
0.384000
0.710000
0.526000
0.923000
0.511000
0.455000
0.540000
0.412000
0.455000
nan
0.540000
0.369000
nan
0.213000
0.284000
0.369000
0.881000
nan
0.639000
0.483000
nan
nan
nan
nan
0.174000
nan
0.639000
0.185000
nan
0.313000
0.384000
nan
nan
nan
nan
0.185000
nan
0.174000
0.284000
nan
nan
nan
nan
0.174000
0.213000
0.213000
0.241000
0.469000
0.384000
0.170000
nan
