Coverage(RPKM): 174070.125786
nan
nan
0.217000
nan
nan
nan
nan
nan
nan
nan
0.533000
nan
nan
0.512000
nan
0.470000
0.617000
nan
0.884000
0.779000
nan
0.540000
0.687000
0.540000
nan
0.730000
nan
0.996000
nan
0.947000
0.302000
0.737000
0.491000
0.561000
0.526000
nan
nan
0.491000
nan
nan
nan
0.779000
0.779000
nan
nan
nan
0.519000
0.323000
nan
nan
0.295000
0.217000
0.470000
0.589000
nan
0.526000
0.217000
0.758000
0.512000
0.687000
0.540000
nan
nan
nan
nan
0.856000
0.596000
0.737000
0.463000
nan
1.000000
0.554000
0.835000
0.568000
nan
nan
0.372000
0.470000
0.428000
nan
0.730000
nan
1.000000
0.709000
1.000000
0.617000
0.673000
nan
nan
0.011000
0.011000
nan
0.018000
nan
0.014000
0.012000
nan
0.012000
0.013000
nan
nan
nan
nan
0.013000
0.017000
0.026000
nan
nan
0.034000
nan
nan
nan
nan
0.020000
0.011000
0.026000
0.016000
0.071000
0.020000
0.015000
nan
nan
nan
nan
nan
0.030000
nan
nan
0.035000
nan
nan
0.036000
nan
nan
0.041000
nan
nan
0.067000
0.078000
nan
nan
nan
0.292000
0.571000
0.681000
nan
0.638000
0.809000
nan
1.000000
1.000000
0.873000
1.000000
0.809000
0.523000
0.962000
0.341000
0.226000
0.198000
0.135000
0.098000
0.061000
0.040000
0.025000
0.020000
0.016000
0.016000
0.022000
0.015000
0.029000
0.013000
0.026000
0.023000
0.042000
0.060000
0.088000
0.168000
0.264000
0.337000
0.434000
0.558000
0.984000
nan
0.925000
1.000000
0.711000
1.000000
0.635000
nan
1.000000
nan
nan
nan
nan
nan
0.327000
0.114000
nan
0.098000
nan
nan
0.082000
0.035000
0.031000
nan
0.017000
0.028000
0.018000
nan
nan
0.013000
0.010000
nan
0.007000
nan
nan
nan
0.004000
nan
0.010000
0.006000
nan
0.005000
nan
nan
nan
0.011000
nan
0.004000
0.004000
0.005000
nan
0.004000
0.008000
0.011000
0.008000
nan
0.007000
nan
nan
nan
nan
nan
0.008000
0.007000
nan
0.004000
nan
nan
nan
nan
nan
nan
0.008000
nan
nan
nan
0.009000
nan
nan
0.009000
0.010000
0.634000
nan
0.244000
0.556000
0.703000
nan
nan
0.399000
0.310000
nan
nan
0.233000
nan
nan
nan
0.502000
nan
0.620000
0.665000
nan
0.241000
0.447000
0.691000
0.634000
nan
0.579000
nan
nan
nan
0.617000
0.422000
0.356000
0.376000
0.456000
0.316000
nan
nan
nan
0.528000
nan
nan
0.333000
0.513000
nan
0.233000
0.393000
nan
0.706000
nan
nan
0.663000
nan
0.846000
nan
0.869000
nan
0.995000
0.663000
nan
1.000000
0.731000
0.628000
0.829000
nan
nan
0.706000
nan
nan
0.671000
0.565000
nan
nan
nan
0.903000
1.000000
0.275000
nan
nan
nan
nan
1.000000
nan
0.663000
nan
nan
nan
0.809000
nan
nan
nan
nan
nan
nan
0.817000
0.667000
0.474000
nan
nan
0.244000
0.474000
nan
0.456000
0.316000
nan
0.681000
0.631000
nan
nan
nan
nan
nan
0.940000
nan
nan
nan
nan
nan
nan
nan
0.308000
0.909000
0.962000
0.673000
0.620000
nan
0.940000
nan
0.757000
nan
nan
nan
1.000000
1.000000
nan
nan
nan
nan
nan
nan
0.825000
nan
nan
0.734000
0.331000
0.441000
0.593000
nan
nan
0.879000
nan
nan
nan
nan
0.228000
nan
0.236000
0.867000
nan
nan
nan
nan
nan
1.000000
0.300000
0.190000
0.217000
0.616000
0.574000
0.635000
0.449000
nan
nan
nan
nan
nan
nan
0.300000
nan
nan
nan
nan
0.654000
0.475000
nan
0.445000
0.217000
0.247000
0.148000
0.148000
0.894000
nan
nan
nan
nan
nan
nan
nan
0.875000
nan
nan
0.472000
nan
nan
nan
nan
nan
nan
nan
nan
0.339000
0.369000
0.289000
nan
0.148000
nan
