Coverage(RPKM): 8744.836957
nan
nan
0.227000
nan
nan
nan
nan
0.227000
0.394000
0.342000
nan
0.327000
0.242000
0.309000
0.405000
0.461000
0.390000
0.227000
0.472000
nan
nan
nan
nan
nan
0.509000
0.268000
0.584000
nan
nan
0.454000
nan
0.524000
nan
0.283000
0.331000
nan
nan
nan
0.353000
0.383000
nan
0.498000
0.454000
0.699000
nan
0.513000
nan
nan
0.725000
nan
0.461000
nan
0.528000
nan
nan
nan
nan
0.561000
0.643000
nan
nan
nan
nan
nan
0.818000
nan
0.814000
0.706000
0.770000
nan
nan
0.989000
0.874000
nan
0.848000
nan
nan
nan
0.691000
0.654000
1.000000
0.970000
nan
0.855000
nan
0.599000
nan
nan
1.000000
nan
nan
0.978000
0.643000
0.803000
1.000000
1.000000
0.844000
nan
nan
nan
0.312000
0.507000
0.846000
0.647000
nan
nan
nan
0.329000
0.261000
0.214000
nan
nan
nan
nan
nan
nan
nan
0.189000
nan
nan
1.000000
0.632000
0.715000
nan
nan
0.291000
0.196000
0.189000
0.276000
0.418000
0.291000
nan
nan
nan
0.475000
0.920000
nan
0.860000
0.742000
0.878000
nan
0.715000
nan
0.834000
0.688000
nan
nan
nan
nan
nan
0.917000
0.362000
0.810000
0.905000
nan
0.899000
0.976000
nan
nan
1.000000
nan
nan
nan
0.341000
0.317000
0.189000
0.362000
0.279000
nan
0.789000
0.982000
0.875000
nan
0.685000
0.819000
1.000000
nan
0.564000
0.760000
0.567000
0.881000
0.911000
nan
0.656000
0.745000
nan
nan
0.600000
0.858000
nan
nan
0.741000
nan
0.597000
0.471000
0.332000
0.759000
nan
0.471000
nan
nan
1.000000
nan
nan
0.260000
0.449000
0.407000
nan
nan
nan
0.325000
0.233000
nan
nan
0.917000
nan
nan
1.000000
nan
nan
nan
0.434000
0.464000
nan
0.759000
0.310000
nan
0.260000
nan
nan
nan
nan
0.359000
1.000000
0.483000
nan
0.610000
nan
0.436000
0.364000
0.632000
0.830000
nan
nan
nan
0.647000
0.704000
0.773000
0.689000
nan
nan
nan
nan
0.754000
0.863000
nan
nan
0.493000
0.706000
0.664000
nan
0.687000
nan
0.265000
nan
0.221000
0.221000
nan
nan
0.221000
0.361000
0.967000
nan
nan
nan
nan
nan
nan
0.912000
0.317000
0.448000
0.703000
nan
0.819000
nan
0.696000
0.448000
nan
nan
nan
nan
1.000000
0.460000
0.357000
0.495000
0.242000
0.542000
0.651000
nan
nan
nan
0.922000
nan
0.734000
0.663000
nan
nan
nan
0.613000
0.451000
nan
0.430000
0.657000
0.522000
nan
0.451000
0.483000
nan
nan
0.551000
nan
nan
nan
nan
0.964000
0.666000
0.584000
nan
0.587000
nan
nan
nan
nan
0.221000
0.525000
0.769000
0.575000
1.000000
0.469000
nan
nan
0.203000
0.224000
0.245000
nan
0.404000
0.669000
nan
0.504000
nan
nan
nan
0.457000
nan
nan
0.483000
0.274000
nan
0.203000
nan
nan
nan
0.271000
0.304000
nan
nan
0.203000
nan
