Coverage(RPKM): 1848.322148
nan
nan
0.599000
0.599000
nan
nan
nan
nan
0.363000
0.218000
nan
nan
nan
0.363000
0.672000
0.726000
nan
0.708000
nan
nan
nan
nan
nan
nan
0.490000
nan
nan
0.218000
nan
0.327000
nan
nan
0.290000
nan
nan
nan
nan
nan
0.780000
nan
nan
nan
nan
nan
nan
nan
0.799000
0.490000
0.853000
0.254000
0.198000
0.436000
0.417000
1.000000
0.506000
0.741000
0.343000
nan
nan
0.470000
1.000000
0.723000
0.615000
nan
nan
0.687000
0.380000
nan
0.976000
nan
nan
nan
0.777000
0.343000
0.470000
nan
nan
0.325000
0.162000
nan
nan
nan
nan
nan
nan
0.560000
nan
1.000000
0.741000
nan
nan
0.506000
0.434000
nan
0.524000
0.343000
nan
nan
0.416000
0.289000
nan
0.831000
0.506000
0.813000
0.153000
0.253000
nan
nan
0.324000
nan
0.252000
nan
0.540000
0.414000
0.468000
0.522000
nan
nan
0.378000
nan
0.098000
0.098000
nan
nan
0.990000
nan
0.810000
nan
nan
0.252000
0.414000
nan
nan
nan
nan
nan
nan
nan
0.396000
0.576000
nan
0.432000
0.324000
0.450000
nan
nan
0.306000
0.098000
nan
