Coverage(RPKM): 31810.457516
nan
nan
0.121000
nan
nan
nan
0.233000
nan
0.226000
0.375000
nan
0.199000
0.216000
0.233000
nan
0.599000
nan
nan
0.537000
nan
0.265000
nan
nan
nan
nan
0.575000
nan
nan
0.577000
0.643000
nan
0.476000
nan
nan
nan
0.885000
0.360000
nan
0.567000
0.472000
0.860000
nan
nan
0.207000
nan
0.193000
0.135000
0.363000
nan
1.000000
nan
0.109000
0.255000
nan
nan
0.144000
nan
0.151000
0.098000
nan
0.509000
nan
nan
nan
nan
0.086000
0.130000
nan
0.235000
0.173000
0.157000
nan
nan
nan
0.086000
0.117000
nan
nan
nan
nan
0.447000
nan
0.414000
0.428000
0.492000
0.749000
1.000000
nan
nan
0.218000
nan
0.086000
0.530000
1.000000
nan
nan
0.809000
nan
nan
0.086000
nan
0.188000
nan
0.506000
0.538000
nan
0.711000
nan
0.519000
0.779000
nan
nan
nan
nan
0.267000
0.578000
0.269000
nan
0.219000
0.706000
0.145000
0.227000
0.257000
nan
nan
0.936000
0.228000
0.218000
nan
nan
nan
0.516000
nan
0.573000
nan
nan
0.146000
0.206000
0.479000
0.089000
nan
nan
nan
nan
nan
0.393000
1.000000
nan
0.979000
nan
nan
0.073000
0.089000
0.073000
0.093000
0.104000
nan
0.496000
nan
nan
0.190000
nan
nan
nan
nan
0.905000
0.722000
nan
nan
0.244000
nan
nan
nan
nan
0.355000
nan
nan
0.391000
0.117000
0.073000
nan
nan
1.000000
0.691000
1.000000
0.558000
nan
nan
nan
nan
0.204000
0.287000
0.336000
0.136000
nan
0.150000
0.093000
0.185000
0.468000
nan
nan
nan
nan
0.186000
nan
nan
nan
nan
0.188000
nan
nan
0.196000
0.202000
nan
nan
nan
nan
0.202000
nan
nan
0.360000
0.118000
0.103000
0.618000
0.316000
nan
nan
nan
nan
0.787000
0.815000
0.599000
nan
0.572000
nan
0.194000
nan
nan
nan
0.510000
nan
nan
nan
nan
nan
nan
0.638000
1.000000
0.823000
0.339000
0.331000
0.637000
0.825000
nan
nan
nan
0.969000
0.853000
nan
1.000000
nan
0.362000
0.106000
nan
0.147000
0.197000
0.131000
nan
nan
nan
0.225000
nan
nan
1.000000
nan
0.314000
0.237000
nan
0.333000
nan
nan
nan
nan
0.103000
nan
0.103000
0.104000
0.136000
0.228000
nan
nan
nan
nan
0.118000
0.212000
nan
nan
nan
0.421000
0.103000
nan
0.428000
0.351000
nan
nan
nan
nan
0.128000
nan
0.250000
nan
nan
nan
nan
nan
1.000000
1.000000
0.982000
nan
0.080000
0.080000
0.080000
nan
nan
0.429000
1.000000
nan
nan
0.733000
nan
0.240000
0.240000
nan
nan
0.716000
0.408000
0.245000
0.240000
nan
nan
nan
nan
nan
nan
nan
nan
nan
nan
0.562000
0.799000
0.742000
nan
nan
0.195000
nan
0.277000
nan
nan
nan
0.129000
0.169000
0.124000
nan
nan
0.726000
nan
nan
0.613000
nan
0.304000
0.136000
0.220000
0.336000
0.298000
0.222000
nan
nan
nan
nan
nan
0.162000
0.167000
nan
nan
nan
0.811000
nan
nan
nan
nan
0.586000
0.389000
nan
0.370000
0.461000
0.752000
0.613000
0.465000
0.742000
0.415000
nan
0.437000
0.509000
nan
nan
0.775000
0.656000
nan
nan
0.736000
nan
0.611000
nan
nan
nan
nan
0.482000
nan
nan
nan
nan
0.618000
nan
nan
0.681000
nan
0.518000
0.566000
0.829000
0.352000
0.454000
0.299000
0.409000
0.417000
nan
0.167000
nan
nan
nan
nan
0.527000
nan
nan
0.478000
nan
nan
nan
nan
nan
0.275000
nan
nan
0.444000
nan
nan
0.320000
0.292000
0.167000
nan
