Coverage(RPKM): 1381.171875
nan
nan
0.327000
nan
nan
nan
0.125000
nan
nan
0.218000
nan
0.145000
nan
1.000000
nan
nan
0.544000
0.544000
nan
nan
0.762000
0.181000
0.690000
0.472000
0.653000
nan
0.399000
nan
nan
nan
nan
nan
1.000000
nan
nan
0.762000
nan
0.254000
0.218000
0.327000
0.436000
nan
nan
nan
0.125000
nan
0.145000
0.508000
nan
0.125000
0.399000
nan
0.436000
nan
nan
nan
0.980000
0.327000
0.799000
nan
nan
nan
0.181000
nan
0.181000
nan
nan
0.544000
nan
0.399000
0.399000
0.399000
0.254000
0.799000
0.363000
0.145000
0.726000
0.690000
nan
0.762000
nan
0.980000
0.181000
nan
1.000000
0.363000
nan
0.508000
0.508000
0.544000
0.944000
0.472000
0.276000
0.390000
0.321000
0.276000
0.781000
0.253000
0.666000
nan
0.666000
nan
nan
0.344000
0.367000
nan
nan
nan
nan
nan
0.299000
nan
0.253000
0.299000
nan
0.253000
0.344000
nan
1.000000
nan
0.344000
nan
0.115000
0.230000
0.413000
0.987000
nan
0.367000
0.781000
nan
nan
nan
nan
nan
nan
0.574000
nan
0.230000
nan
nan
nan
0.344000
nan
0.804000
0.620000
0.873000
0.758000
1.000000
nan
0.666000
nan
0.161000
0.115000
nan
nan
nan
nan
1.000000
nan
nan
nan
0.184000
nan
nan
0.804000
nan
nan
nan
0.827000
0.459000
nan
nan
nan
0.390000
nan
nan
0.574000
nan
0.413000
0.459000
nan
nan
nan
0.758000
0.276000
0.138000
0.115000
nan
0.735000
0.528000
0.115000
nan
nan
1.000000
nan
nan
nan
0.390000
nan
0.901000
nan
0.511000
0.450000
nan
0.601000
nan
nan
0.030000
0.150000
nan
0.661000
nan
0.541000
0.180000
nan
nan
0.631000
nan
nan
nan
nan
0.420000
nan
0.781000
nan
0.240000
0.090000
0.210000
nan
0.360000
0.811000
nan
nan
nan
0.420000
nan
nan
0.390000
nan
nan
nan
0.631000
0.150000
0.360000
nan
0.240000
nan
nan
0.360000
nan
0.150000
0.090000
nan
0.330000
0.811000
nan
nan
1.000000
0.210000
0.300000
0.210000
0.240000
0.541000
nan
nan
0.631000
nan
1.000000
0.691000
0.300000
0.000000
0.000000
0.090000
0.030000
0.150000
0.000000
0.060000
0.000000
0.030000
0.090000
0.036000
0.542000
0.542000
0.506000
1.000000
nan
0.253000
0.253000
0.434000
0.615000
nan
0.615000
nan
nan
0.796000
nan
0.108000
0.398000
nan
0.253000
nan
1.000000
nan
0.651000
nan
nan
0.325000
0.217000
0.325000
0.253000
0.108000
nan
nan
nan
0.036000
nan
nan
0.108000
0.940000
nan
0.145000
nan
nan
0.651000
nan
nan
nan
nan
0.253000
nan
0.145000
nan
nan
nan
0.470000
nan
0.687000
0.398000
nan
nan
0.940000
nan
nan
nan
nan
0.036000
0.506000
nan
0.036000
nan
nan
nan
0.470000
nan
nan
nan
nan
nan
0.398000
nan
0.325000
nan
nan
nan
nan
nan
0.615000
0.723000
nan
nan
0.579000
nan
0.832000
0.904000
0.325000
0.145000
nan
0.470000
0.506000
1.000000
nan
0.145000
0.253000
nan
0.065000
0.078000
0.130000
nan
nan
nan
nan
nan
nan
nan
nan
nan
nan
nan
nan
nan
0.065000
nan
nan
0.065000
0.233000
nan
0.195000
nan
nan
nan
nan
0.259000
0.208000
nan
nan
nan
0.402000
0.272000
nan
0.674000
nan
nan
nan
nan
nan
nan
nan
nan
0.169000
0.169000
0.376000
nan
0.156000
0.208000
nan
0.220000
nan
nan
nan
0.259000
nan
0.065000
0.104000
0.467000
nan
nan
nan
0.169000
0.467000
nan
nan
0.324000
nan
0.506000
0.856000
0.610000
nan
nan
nan
0.726000
nan
0.519000
nan
0.636000
nan
0.350000
nan
0.558000
nan
nan
nan
1.000000
0.856000
nan
0.687000
nan
nan
nan
0.506000
nan
nan
0.700000
nan
0.649000
0.921000
1.000000
nan
0.623000
0.649000
nan
0.726000
nan
0.986000
0.700000
nan
nan
0.467000
0.272000
0.830000
1.000000
0.497000
nan
nan
nan
0.517000
0.467000
0.874000
0.596000
nan
nan
nan
0.676000
1.000000
0.507000
nan
nan
nan
nan
nan
nan
nan
nan
0.358000
nan
nan
nan
nan
nan
0.864000
nan
0.944000
nan
nan
nan
0.775000
nan
0.805000
0.517000
nan
nan
nan
0.576000
nan
1.000000
nan
0.353000
0.779000
0.852000
nan
nan
nan
0.293000
nan
0.810000
0.304000
nan
0.571000
nan
nan
0.395000
nan
nan
0.758000
nan
0.571000
0.696000
nan
0.717000
0.738000
0.436000
0.384000
0.416000
0.488000
nan
0.602000
nan
nan
0.436000
nan
0.602000
nan
nan
0.706000
1.000000
0.841000
0.706000
0.873000
nan
0.293000
0.405000
nan
nan
0.571000
nan
nan
nan
nan
nan
nan
nan
nan
nan
nan
nan
nan
0.540000
0.467000
0.992000
nan
nan
nan
0.592000
0.530000
nan
0.478000
0.434000
0.564000
0.444000
0.499000
0.477000
0.369000
0.802000
0.401000
nan
nan
0.325000
nan
nan
nan
nan
0.379000
nan
nan
0.488000
0.358000
0.293000
nan
0.336000
0.281000
nan
