Coverage(RPKM): 8878.857143
nan
nan
0.276000
nan
nan
nan
nan
0.401000
0.309000
nan
nan
nan
nan
nan
0.568000
0.307000
0.213000
nan
nan
0.083000
nan
0.065000
0.167000
nan
nan
0.092000
0.125000
0.237000
nan
0.189000
nan
0.555000
nan
0.204000
nan
0.138000
0.110000
nan
nan
0.065000
0.138000
nan
0.259000
nan
0.173000
nan
0.065000
nan
nan
1.000000
0.877000
nan
nan
nan
nan
nan
nan
nan
nan
0.263000
nan
nan
nan
nan
nan
nan
0.151000
nan
0.346000
0.107000
nan
0.110000
0.123000
nan
nan
nan
nan
nan
0.105000
nan
nan
0.963000
0.346000
nan
nan
0.735000
1.000000
nan
0.616000
nan
0.803000
nan
nan
nan
0.642000
0.546000
0.653000
nan
0.375000
0.752000
nan
nan
nan
0.921000
nan
nan
nan
0.151000
0.140000
nan
nan
nan
nan
nan
0.145000
0.077000
nan
nan
1.000000
0.382000
0.300000
nan
0.352000
0.611000
nan
nan
nan
0.672000
0.928000
0.605000
0.544000
0.763000
nan
0.733000
0.763000
nan
0.253000
nan
nan
0.493000
nan
nan
nan
nan
0.616000
nan
0.827000
0.224000
nan
0.539000
0.365000
nan
0.259000
0.520000
nan
0.531000
nan
nan
nan
0.355000
nan
0.925000
nan
1.000000
nan
0.717000
nan
0.917000
0.237000
nan
0.755000
nan
0.552000
nan
0.456000
0.517000
nan
nan
nan
nan
nan
nan
nan
nan
nan
nan
nan
0.672000
nan
0.224000
nan
0.224000
nan
nan
0.227000
0.232000
nan
nan
nan
nan
nan
0.421000
nan
0.621000
nan
0.459000
nan
nan
1.000000
nan
nan
0.664000
nan
nan
0.485000
1.000000
nan
nan
nan
nan
nan
nan
nan
0.557000
0.683000
0.419000
0.571000
0.680000
nan
0.635000
nan
nan
nan
0.459000
0.403000
nan
nan
0.584000
nan
nan
nan
nan
nan
nan
nan
nan
0.802000
nan
0.802000
0.961000
nan
0.511000
0.534000
nan
0.340000
0.210000
nan
nan
0.217000
0.201000
nan
nan
0.909000
nan
0.728000
0.129000
nan
0.265000
0.369000
0.430000
0.485000
nan
0.793000
nan
nan
0.886000
1.000000
nan
0.595000
0.764000
0.514000
0.786000
1.000000
nan
0.269000
0.226000
0.424000
0.495000
0.582000
nan
nan
nan
0.112000
nan
0.112000
0.401000
0.709000
0.453000
0.401000
nan
0.281000
0.112000
0.123000
0.230000
0.136000
0.214000
0.239000
nan
0.320000
0.544000
nan
nan
0.922000
1.000000
nan
nan
nan
nan
nan
nan
0.142000
nan
nan
nan
0.909000
nan
nan
0.333000
0.252000
nan
0.262000
0.155000
0.147000
0.407000
0.277000
nan
0.492000
0.675000
nan
1.000000
nan
nan
nan
nan
nan
nan
nan
nan
nan
nan
nan
nan
nan
0.200000
nan
0.147000
1.000000
0.542000
nan
0.447000
nan
0.545000
nan
0.607000
0.725000
0.550000
nan
nan
nan
0.147000
nan
nan
0.195000
0.255000
nan
0.995000
0.362000
0.540000
0.585000
0.737000
0.637000
0.600000
0.587000
nan
0.302000
0.502000
0.285000
nan
nan
nan
nan
nan
0.575000
nan
nan
nan
nan
0.492000
1.000000
nan
0.917000
0.730000
nan
nan
0.686000
0.882000
nan
nan
nan
nan
nan
0.278000
nan
0.254000
0.326000
0.332000
nan
nan
0.365000
0.449000
nan
0.775000
nan
nan
nan
nan
nan
nan
nan
0.395000
0.278000
0.521000
nan
0.284000
0.482000
nan
nan
0.478000
0.771000
nan
nan
nan
nan
nan
0.774000
nan
0.293000
nan
nan
0.617000
1.000000
0.185000
nan
nan
0.093000
0.171000
0.223000
0.101000
nan
nan
0.237000
0.216000
nan
nan
0.956000
nan
0.241000
nan
0.879000
nan
0.701000
nan
nan
nan
0.792000
nan
nan
nan
0.579000
0.607000
0.474000
0.701000
0.408000
nan
nan
0.471000
0.384000
nan
nan
nan
0.555000
0.331000
nan
0.279000
0.248000
0.314000
nan
nan
0.541000
nan
nan
nan
nan
nan
nan
nan
0.300000
nan
0.093000
nan
nan
nan
nan
nan
nan
nan
nan
nan
nan
nan
nan
nan
nan
0.093000
nan
