Coverage(RPKM): 621.176471
nan
nan
0.506000
nan
nan
nan
nan
0.759000
nan
nan
0.000000
nan
0.000000
0.633000
nan
nan
nan
nan
nan
nan
0.000000
0.759000
0.000000
nan
nan
nan
1.000000
nan
nan
nan
0.380000
0.127000
0.000000
0.759000
0.127000
nan
0.253000
nan
0.506000
0.759000
nan
0.253000
0.506000
0.253000
0.127000
0.506000
0.127000
nan
nan
0.253000
nan
nan
nan
0.253000
1.000000
0.253000
nan
nan
nan
0.253000
0.253000
0.380000
0.000000
nan
0.506000
1.000000
0.253000
nan
nan
nan
0.000000
0.380000
nan
0.380000
nan
nan
nan
nan
0.380000
0.759000
0.506000
nan
0.759000
0.127000
nan
