Coverage(RPKM): 6953.274559
nan
nan
0.229000
nan
nan
nan
nan
0.480000
0.401000
0.308000
nan
nan
0.229000
0.311000
0.398000
0.326000
0.439000
nan
nan
0.536000
nan
0.229000
0.405000
0.428000
nan
nan
0.548000
0.555000
nan
0.394000
nan
0.229000
0.300000
0.315000
nan
nan
0.349000
nan
nan
0.300000
0.248000
nan
0.311000
nan
0.251000
nan
nan
0.702000
nan
nan
0.334000
nan
nan
0.356000
nan
nan
0.769000
0.720000
0.762000
1.000000
nan
0.435000
0.259000
0.687000
0.521000
0.848000
0.668000
nan
0.833000
nan
0.904000
0.885000
1.000000
nan
0.998000
nan
0.645000
nan
nan
0.870000
nan
0.915000
nan
nan
0.795000
nan
0.780000
0.852000
0.630000
1.000000
nan
nan
nan
0.294000
0.359000
nan
nan
nan
nan
nan
0.697000
0.379000
nan
0.748000
nan
nan
0.798000
nan
0.888000
nan
nan
nan
0.941000
nan
0.524000
0.582000
0.434000
0.354000
0.394000
nan
0.602000
0.700000
0.901000
nan
nan
nan
0.768000
0.823000
0.569000
0.542000
0.434000
nan
nan
nan
nan
nan
nan
nan
nan
1.000000
0.610000
nan
1.000000
0.597000
0.507000
0.186000
nan
0.188000
nan
0.183000
0.983000
0.845000
nan
0.810000
0.680000
0.321000
nan
nan
0.758000
nan
nan
0.253000
nan
nan
1.000000
nan
0.213000
nan
0.632000
0.502000
0.231000
nan
0.183000
nan
nan
nan
nan
nan
nan
0.600000
0.700000
0.675000
nan
0.607000
0.610000
0.502000
nan
0.622000
0.183000
nan
0.165000
0.161000
0.161000
0.161000
nan
0.214000
nan
nan
1.000000
nan
nan
0.889000
nan
0.239000
0.597000
1.000000
nan
nan
0.337000
nan
0.541000
0.523000
nan
0.692000
0.664000
0.523000
0.520000
0.847000
0.952000
nan
0.221000
nan
0.274000
nan
nan
nan
0.994000
0.812000
nan
0.752000
0.724000
nan
0.766000
nan
0.689000
0.559000
nan
1.000000
0.625000
0.868000
0.622000
nan
nan
nan
nan
0.731000
0.801000
0.397000
0.309000
0.246000
nan
nan
0.425000
nan
0.516000
0.794000
nan
nan
0.861000
0.780000
nan
0.657000
nan
0.562000
nan
0.597000
nan
0.580000
0.541000
nan
0.432000
0.362000
nan
0.183000
nan
0.668000
1.000000
0.861000
nan
0.484000
nan
nan
nan
nan
nan
nan
0.413000
1.000000
nan
0.341000
0.245000
0.515000
0.902000
nan
nan
nan
0.586000
nan
nan
nan
nan
0.882000
0.714000
0.556000
nan
nan
nan
nan
nan
0.721000
nan
0.935000
nan
0.959000
0.951000
0.876000
nan
0.700000
0.539000
nan
nan
0.806000
0.966000
nan
0.940000
nan
nan
nan
0.822000
0.582000
0.732000
0.785000
0.710000
nan
nan
nan
0.593000
nan
nan
0.582000
0.764000
nan
0.780000
0.571000
0.721000
0.593000
nan
0.315000
nan
nan
nan
nan
nan
0.603000
0.545000
0.475000
0.630000
nan
nan
0.374000
nan
0.132000
0.132000
0.132000
nan
nan
0.710000
nan
0.507000
1.000000
0.566000
0.491000
0.307000
0.106000
nan
nan
nan
0.134000
nan
nan
0.570000
0.296000
0.385000
0.525000
0.480000
0.218000
nan
nan
nan
nan
0.553000
0.274000
0.441000
0.352000
nan
0.179000
nan
