Coverage(RPKM): 2716.216216
nan
nan
0.343000
nan
nan
nan
0.423000
nan
nan
0.706000
0.907000
0.706000
nan
0.323000
nan
0.423000
0.363000
nan
nan
nan
0.988000
0.343000
nan
0.323000
nan
nan
nan
nan
nan
nan
0.625000
nan
nan
0.746000
1.000000
nan
nan
0.766000
0.383000
0.504000
0.383000
nan
0.363000
nan
0.504000
nan
nan
1.000000
nan
nan
0.645000
nan
0.887000
0.605000
0.544000
nan
0.343000
0.665000
nan
0.746000
0.343000
0.665000
0.484000
0.746000
0.524000
0.887000
0.948000
0.665000
0.312000
nan
nan
0.484000
0.312000
nan
