Coverage(RPKM): 930.000000
nan
nan
0.342000
0.684000
nan
nan
0.513000
nan
0.769000
0.684000
nan
0.256000
0.256000
nan
nan
nan
nan
nan
nan
0.385000
1.000000
0.897000
nan
nan
nan
nan
0.214000
0.085000
nan
0.342000
0.214000
0.171000
nan
0.299000
1.000000
0.769000
nan
nan
0.983000
0.940000
nan
0.470000
nan
nan
nan
nan
0.513000
0.470000
nan
0.684000
0.385000
0.342000
nan
0.470000
nan
nan
nan
0.470000
0.299000
0.385000
0.256000
nan
nan
nan
0.214000
0.085000
0.726000
0.769000
0.342000
0.726000
0.427000
nan
nan
0.085000
nan
