Coverage(RPKM): 2332.812500
nan
nan
0.391000
nan
nan
nan
nan
nan
0.576000
0.863000
0.452000
nan
nan
0.658000
nan
nan
1.000000
nan
nan
nan
nan
1.000000
nan
nan
0.843000
0.432000
nan
nan
nan
nan
0.411000
0.863000
0.493000
nan
0.288000
0.514000
0.473000
0.391000
nan
nan
0.555000
0.391000
nan
nan
nan
nan
nan
1.000000
0.802000
nan
nan
0.576000
nan
nan
nan
0.822000
nan
0.411000
0.863000
nan
0.555000
0.432000
0.678000
0.617000
nan
nan
0.658000
nan
0.452000
0.473000
nan
0.411000
0.411000
0.596000
nan
0.452000
nan
nan
nan
nan
nan
0.267000
0.349000
nan
nan
nan
nan
nan
nan
0.228000
0.329000
0.411000
nan
0.228000
0.228000
nan
