Coverage(RPKM): 7120.760870
nan
nan
0.189000
0.189000
nan
nan
0.189000
0.189000
0.267000
nan
nan
0.345000
nan
0.492000
nan
0.602000
0.690000
nan
0.667000
nan
nan
0.464000
nan
nan
nan
0.336000
nan
0.198000
nan
0.428000
0.662000
0.694000
0.634000
nan
nan
0.469000
0.497000
nan
0.460000
0.211000
0.290000
nan
0.418000
0.524000
nan
0.483000
nan
nan
1.000000
0.317000
nan
nan
0.313000
nan
nan
0.345000
0.446000
nan
0.423000
nan
nan
nan
nan
0.602000
0.975000
0.579000
nan
0.740000
0.791000
1.000000
0.846000
nan
nan
nan
0.372000
nan
0.469000
0.382000
nan
0.349000
nan
0.538000
0.657000
1.000000
nan
0.474000
0.520000
0.336000
0.556000
0.602000
nan
0.417000
0.275000
0.348000
0.503000
nan
nan
0.503000
nan
0.912000
0.757000
nan
0.602000
0.804000
nan
nan
nan
0.533000
0.929000
nan
nan
nan
nan
nan
0.310000
0.705000
0.581000
nan
0.568000
nan
nan
0.649000
nan
nan
nan
nan
nan
0.538000
0.856000
0.417000
0.821000
0.581000
nan
0.955000
nan
nan
nan
nan
nan
nan
nan
0.585000
0.249000
0.249000
0.284000
0.589000
0.658000
0.249000
nan
nan
nan
nan
nan
nan
nan
0.998000
nan
0.735000
0.740000
nan
0.464000
0.791000
nan
0.886000
nan
nan
nan
nan
nan
nan
1.000000
nan
nan
0.989000
0.645000
nan
0.808000
0.585000
0.727000
nan
0.718000
0.546000
0.847000
0.894000
nan
nan
1.000000
0.985000
1.000000
nan
0.942000
0.447000
0.480000
0.507000
nan
nan
0.883000
0.456000
0.706000
0.468000
nan
0.429000
0.309000
0.194000
0.194000
0.194000
0.510000
nan
nan
nan
0.237000
0.483000
0.817000
nan
nan
nan
nan
0.552000
0.622000
0.676000
0.679000
0.982000
nan
nan
nan
nan
nan
0.552000
0.540000
0.369000
nan
nan
0.685000
nan
0.486000
0.904000
nan
nan
nan
0.754000
nan
0.543000
0.480000
nan
nan
nan
nan
nan
nan
nan
nan
0.249000
nan
0.363000
1.000000
nan
nan
0.652000
0.321000
0.327000
0.270000
0.495000
nan
0.598000
nan
0.531000
nan
0.964000
1.000000
nan
0.438000
0.871000
0.592000
nan
nan
nan
nan
nan
0.673000
nan
nan
nan
nan
nan
0.949000
0.892000
0.910000
nan
0.889000
1.000000
0.582000
0.301000
0.648000
0.841000
nan
nan
nan
nan
0.237000
0.196000
nan
0.165000
0.117000
0.117000
0.509000
0.996000
nan
0.957000
nan
0.512000
nan
0.512000
nan
0.373000
nan
nan
0.450000
nan
nan
1.000000
0.849000
1.000000
0.672000
nan
0.888000
0.232000
0.417000
nan
0.342000
0.497000
nan
0.679000
0.834000
nan
nan
0.319000
0.311000
nan
0.821000
0.890000
nan
nan
1.000000
nan
nan
nan
nan
nan
nan
nan
nan
0.175000
0.147000
0.337000
nan
0.566000
nan
nan
0.412000
0.314000
0.704000
nan
0.667000
0.892000
0.502000
nan
0.519000
0.320000
nan
0.201000
nan
nan
0.549000
nan
0.576000
0.837000
0.256000
nan
nan
nan
nan
0.296000
nan
nan
nan
0.308000
0.741000
nan
nan
0.504000
0.945000
nan
nan
nan
nan
0.285000
1.000000
nan
0.878000
0.641000
nan
0.387000
0.666000
nan
nan
nan
nan
0.808000
0.887000
0.754000
0.733000
nan
0.566000
0.512000
nan
0.487000
nan
0.791000
0.595000
nan
0.458000
nan
0.391000
0.458000
0.525000
0.600000
nan
nan
nan
0.433000
0.575000
nan
0.508000
0.375000
0.445000
0.504000
nan
nan
nan
0.612000
0.337000
nan
0.396000
0.545000
nan
nan
nan
0.529000
nan
nan
nan
nan
nan
nan
nan
0.420000
0.362000
nan
0.285000
nan
