Coverage(RPKM): 1061.250000
nan
nan
0.208000
nan
nan
nan
nan
nan
0.974000
0.714000
0.260000
0.260000
nan
0.260000
0.455000
nan
0.519000
nan
nan
0.519000
nan
nan
nan
0.325000
0.390000
nan
nan
0.649000
nan
nan
0.325000
nan
nan
0.260000
0.390000
0.455000
0.390000
0.779000
nan
0.714000
0.260000
nan
nan
0.779000
0.909000
0.649000
0.519000
nan
nan
nan
0.519000
0.455000
nan
0.325000
nan
nan
nan
nan
1.000000
nan
nan
0.844000
nan
0.519000
0.325000
nan
1.000000
nan
nan
nan
nan
nan
nan
nan
nan
nan
nan
nan
0.208000
nan
