Coverage(RPKM): 7152.100840
nan
nan
0.114000
nan
nan
nan
nan
nan
0.116000
0.233000
0.157000
nan
nan
0.440000
0.349000
0.420000
nan
0.253000
0.309000
nan
nan
0.349000
0.405000
0.506000
nan
nan
nan
0.562000
nan
0.114000
nan
0.157000
0.223000
0.243000
0.127000
0.253000
nan
0.643000
0.526000
0.197000
0.167000
0.248000
nan
nan
0.223000
0.228000
0.233000
nan
nan
0.526000
0.552000
0.268000
0.114000
0.243000
0.228000
nan
0.577000
0.370000
nan
0.562000
0.162000
1.000000
0.638000
0.430000
0.451000
0.521000
0.582000
0.734000
nan
0.729000
0.942000
0.577000
nan
0.855000
1.000000
1.000000
0.567000
0.670000
0.253000
0.314000
nan
nan
0.276000
nan
nan
0.628000
nan
0.505000
nan
nan
0.578000
0.899000
nan
0.253000
nan
0.529000
0.470000
0.661000
nan
0.658000
nan
0.743000
nan
0.479000
nan
nan
0.435000
0.614000
0.652000
0.766000
0.940000
0.408000
nan
0.517000
nan
nan
nan
nan
1.000000
nan
0.593000
nan
0.291000
0.253000
nan
nan
0.599000
0.819000
0.998000
0.796000
0.790000
0.946000
nan
0.810000
nan
nan
nan
nan
0.302000
0.552000
nan
nan
0.414000
0.253000
nan
0.649000
0.649000
nan
nan
nan
nan
1.000000
nan
nan
0.584000
nan
nan
nan
nan
nan
nan
nan
0.620000
nan
nan
nan
0.837000
nan
nan
nan
nan
nan
0.255000
nan
0.344000
nan
nan
1.000000
nan
0.708000
0.628000
nan
0.493000
0.966000
nan
nan
nan
0.578000
nan
nan
0.311000
0.438000
nan
0.875000
nan
nan
nan
nan
nan
0.308000
nan
nan
nan
nan
nan
0.423000
0.464000
nan
0.537000
0.537000
0.540000
0.643000
nan
0.552000
0.496000
nan
0.432000
nan
0.264000
nan
nan
0.358000
nan
0.634000
nan
nan
nan
nan
nan
nan
nan
0.408000
0.267000
nan
0.388000
nan
0.254000
nan
