Coverage(RPKM): 1084.239130
nan
nan
0.506000
nan
nan
nan
nan
nan
0.253000
nan
nan
0.591000
nan
0.633000
nan
nan
0.675000
nan
nan
nan
0.759000
0.928000
0.211000
0.253000
0.464000
nan
0.338000
0.549000
0.295000
nan
0.886000
nan
nan
0.717000
nan
nan
nan
nan
nan
1.000000
0.422000
0.549000
nan
0.970000
0.844000
0.759000
0.844000
0.844000
nan
0.549000
0.506000
0.338000
nan
0.591000
0.886000
nan
1.000000
0.844000
1.000000
nan
0.844000
nan
nan
nan
nan
0.591000
0.886000
0.717000
0.549000
nan
nan
0.295000
0.759000
0.464000
nan
nan
0.295000
0.802000
nan
0.506000
0.422000
nan
0.380000
nan
nan
0.211000
0.211000
nan
nan
nan
0.211000
nan
