Coverage(RPKM): 716.826923
nan
nan
0.170000
nan
nan
nan
0.212000
nan
0.212000
0.255000
0.340000
1.000000
nan
nan
nan
0.042000
0.170000
0.255000
0.042000
nan
0.212000
1.000000
0.340000
0.042000
0.510000
0.425000
0.340000
0.382000
0.679000
nan
0.510000
nan
nan
nan
0.425000
nan
0.340000
nan
nan
nan
nan
0.212000
0.085000
0.425000
0.127000
nan
0.637000
0.679000
nan
0.170000
0.467000
nan
nan
nan
nan
nan
nan
0.255000
nan
nan
0.637000
0.340000
nan
nan
nan
nan
nan
0.552000
0.637000
nan
nan
0.127000
nan
1.000000
0.977000
nan
0.510000
0.764000
0.212000
0.170000
0.510000
nan
nan
0.170000
nan
0.042000
0.425000
0.510000
nan
0.297000
nan
nan
nan
0.042000
nan
nan
nan
0.042000
0.085000
0.085000
nan
nan
0.042000
nan
