Coverage(RPKM): 814.285714
nan
nan
0.000000
nan
nan
nan
0.000000
0.482000
nan
0.241000
nan
nan
nan
0.964000
nan
0.602000
0.904000
0.602000
nan
nan
nan
nan
0.241000
nan
nan
nan
nan
0.241000
nan
nan
0.663000
nan
nan
0.241000
0.361000
0.301000
0.000000
0.181000
0.422000
nan
nan
0.904000
nan
1.000000
0.783000
1.000000
nan
nan
0.843000
0.482000
nan
0.723000
0.904000
0.964000
0.482000
nan
0.482000
0.120000
nan
nan
0.602000
0.783000
nan
0.422000
0.964000
nan
nan
nan
nan
nan
nan
nan
nan
0.241000
nan
0.000000
nan
