Coverage(RPKM): 1002.000000
nan
nan
0.157000
nan
nan
nan
0.314000
nan
0.890000
nan
0.471000
nan
0.209000
0.366000
0.419000
0.471000
nan
0.785000
0.105000
nan
nan
nan
nan
nan
nan
0.209000
0.733000
0.785000
0.471000
0.471000
nan
0.628000
0.314000
0.419000
nan
nan
0.628000
0.681000
0.838000
nan
0.838000
1.000000
nan
0.157000
nan
0.105000
nan
0.419000
nan
nan
nan
nan
nan
nan
nan
nan
nan
nan
nan
1.000000
nan
0.419000
1.000000
nan
0.628000
0.524000
0.838000
0.366000
0.942000
nan
nan
0.419000
0.628000
0.576000
nan
nan
nan
nan
0.838000
nan
0.105000
nan
nan
nan
0.524000
nan
0.366000
0.942000
0.628000
0.681000
0.733000
nan
nan
0.524000
0.209000
0.524000
0.838000
nan
0.105000
nan
