Coverage(RPKM): 7587.558140
nan
nan
0.193000
0.413000
nan
nan
0.328000
0.345000
nan
nan
0.177000
0.177000
nan
0.447000
0.493000
nan
nan
0.572000
nan
nan
0.340000
nan
nan
nan
nan
0.668000
0.198000
0.487000
0.504000
nan
0.306000
nan
nan
1.000000
0.193000
0.177000
0.498000
0.221000
0.634000
0.685000
nan
nan
nan
0.583000
0.572000
nan
nan
nan
nan
0.277000
0.311000
nan
0.198000
nan
0.357000
nan
nan
0.764000
0.623000
nan
nan
0.912000
0.651000
nan
0.821000
0.657000
1.000000
0.940000
0.691000
nan
0.532000
0.549000
0.345000
nan
0.430000
nan
0.493000
nan
0.527000
0.668000
nan
nan
nan
nan
1.000000
0.900000
nan
0.781000
nan
0.691000
nan
nan
0.963000
0.617000
nan
nan
nan
nan
nan
nan
nan
nan
0.242000
0.389000
nan
0.545000
nan
0.366000
nan
0.575000
nan
0.702000
nan
0.438000
nan
0.372000
0.320000
0.297000
nan
0.372000
0.934000
nan
0.376000
0.555000
0.307000
0.447000
0.291000
nan
0.496000
0.460000
0.389000
nan
0.353000
0.245000
0.206000
0.245000
0.369000
nan
0.216000
0.428000
0.624000
nan
0.634000
nan
0.513000
nan
0.363000
nan
nan
nan
0.585000
0.647000
0.803000
0.980000
nan
nan
nan
0.204000
nan
0.204000
0.204000
0.869000
0.421000
0.284000
0.300000
nan
nan
1.000000
nan
1.000000
0.820000
nan
0.728000
nan
nan
0.993000
nan
0.970000
nan
nan
1.000000
0.689000
0.585000
0.874000
nan
nan
nan
nan
nan
0.228000
0.426000
0.504000
nan
nan
nan
nan
0.595000
nan
nan
nan
0.365000
nan
nan
nan
nan
0.338000
0.748000
0.809000
nan
0.564000
0.542000
0.481000
0.401000
0.612000
0.302000
0.466000
nan
nan
0.648000
0.894000
nan
nan
nan
0.228000
nan
nan
nan
1.000000
0.947000
0.653000
0.852000
0.836000
nan
0.585000
nan
nan
nan
nan
nan
0.408000
nan
1.000000
nan
nan
nan
0.260000
0.486000
0.431000
0.877000
1.000000
nan
0.242000
nan
nan
nan
nan
0.378000
0.418000
nan
nan
0.325000
0.292000
0.418000
0.552000
nan
0.441000
0.456000
nan
nan
nan
0.228000
nan
0.416000
nan
nan
nan
nan
0.491000
0.479000
nan
0.640000
0.600000
0.632000
0.554000
0.711000
0.684000
0.729000
nan
nan
nan
nan
nan
nan
nan
0.361000
0.301000
nan
nan
0.666000
nan
1.000000
nan
nan
nan
0.373000
0.512000
0.539000
0.810000
0.699000
nan
nan
0.491000
nan
nan
nan
nan
1.000000
nan
1.000000
0.608000
0.849000
0.873000
nan
0.358000
nan
0.395000
0.804000
nan
0.512000
nan
nan
nan
0.499000
0.600000
nan
nan
nan
nan
1.000000
nan
nan
nan
nan
nan
0.929000
nan
0.430000
0.728000
nan
0.407000
0.307000
nan
nan
nan
0.304000
nan
nan
0.423000
nan
0.390000
0.620000
nan
0.364000
0.403000
0.449000
0.558000
0.613000
nan
0.912000
0.669000
nan
nan
0.977000
0.797000
0.610000
0.292000
0.646000
0.895000
nan
nan
0.351000
0.525000
0.485000
nan
0.731000
nan
0.550000
0.493000
nan
0.649000
0.713000
0.692000
0.522000
nan
nan
nan
nan
0.404000
0.781000
nan
nan
0.309000
0.316000
nan
nan
nan
nan
nan
0.404000
0.302000
nan
0.337000
nan
nan
0.486000
0.443000
nan
0.373000
nan
nan
0.337000
nan
nan
nan
0.296000
nan
nan
nan
0.296000
nan
