Coverage(RPKM): 7698.956357
nan
nan
0.313000
nan
nan
nan
nan
0.490000
nan
nan
0.476000
0.399000
0.623000
nan
nan
0.466000
0.760000
nan
0.735000
nan
0.340000
nan
nan
0.564000
nan
nan
0.658000
0.368000
nan
nan
nan
nan
nan
0.313000
0.882000
nan
nan
nan
nan
0.553000
0.490000
nan
0.417000
nan
nan
0.364000
nan
nan
1.000000
nan
nan
0.672000
nan
0.417000
nan
0.336000
nan
nan
0.795000
nan
1.000000
0.875000
nan
0.662000
0.459000
0.420000
nan
nan
0.728000
nan
nan
nan
0.571000
nan
0.711000
nan
nan
0.466000
nan
0.620000
nan
0.602000
0.389000
0.770000
0.847000
0.851000
0.483000
nan
nan
nan
nan
nan
nan
0.749000
nan
0.994000
nan
nan
nan
nan
nan
nan
nan
0.427000
0.313000
0.462000
nan
0.665000
0.616000
0.504000
nan
nan
nan
nan
nan
nan
nan
0.683000
1.000000
0.697000
0.675000
0.792000
nan
nan
nan
nan
1.000000
nan
nan
0.988000
0.877000
0.935000
nan
0.654000
nan
nan
0.855000
nan
nan
0.909000
0.569000
nan
0.728000
nan
0.664000
nan
nan
0.542000
0.845000
0.701000
nan
0.494000
nan
nan
nan
0.399000
0.882000
nan
nan
nan
nan
nan
nan
nan
nan
0.441000
nan
0.914000
nan
nan
1.000000
nan
0.925000
1.000000
nan
0.962000
0.723000
0.558000
0.845000
nan
0.696000
0.526000
nan
nan
0.430000
0.372000
0.670000
0.893000
0.786000
nan
nan
nan
nan
0.262000
0.383000
nan
0.792000
nan
nan
0.850000
0.276000
0.262000
0.468000
0.262000
0.664000
0.717000
nan
nan
0.574000
0.701000
0.420000
0.765000
0.595000
nan
0.765000
nan
0.420000
0.389000
0.245000
nan
nan
nan
0.393000
nan
nan
0.572000
nan
0.471000
0.459000
0.560000
nan
nan
0.572000
nan
0.463000
0.688000
nan
nan
nan
nan
0.642000
0.127000
0.127000
nan
nan
0.140000
nan
0.859000
nan
nan
nan
0.649000
0.572000
0.595000
nan
0.723000
0.261000
nan
0.206000
0.214000
nan
nan
1.000000
nan
0.661000
nan
0.572000
0.688000
1.000000
0.307000
nan
0.579000
0.533000
0.272000
nan
nan
0.832000
nan
0.622000
nan
nan
0.428000
0.692000
0.852000
nan
nan
0.502000
0.268000
0.591000
0.681000
0.494000
0.393000
0.770000
nan
nan
0.902000
nan
nan
1.000000
nan
nan
0.972000
nan
nan
0.156000
0.299000
0.127000
0.246000
0.590000
nan
nan
0.850000
0.663000
0.476000
nan
nan
0.254000
0.443000
nan
nan
nan
nan
nan
0.711000
0.657000
0.647000
nan
nan
0.823000
0.564000
0.874000
0.537000
nan
nan
0.753000
nan
0.756000
nan
nan
nan
0.339000
0.246000
0.839000
nan
0.727000
0.753000
0.446000
nan
nan
nan
nan
0.708000
0.860000
nan
0.866000
nan
0.631000
nan
0.310000
nan
nan
0.687000
nan
0.932000
nan
0.962000
nan
0.655000
nan
nan
nan
0.660000
0.801000
nan
nan
nan
nan
1.000000
nan
nan
nan
0.427000
nan
0.248000
nan
nan
0.246000
nan
nan
0.612000
0.307000
0.452000
nan
0.655000
1.000000
0.502000
nan
nan
0.785000
nan
nan
0.355000
0.521000
0.395000
nan
nan
nan
0.636000
0.452000
1.000000
nan
0.864000
0.854000
nan
nan
nan
nan
0.430000
nan
0.308000
1.000000
1.000000
nan
nan
0.693000
0.646000
0.492000
nan
nan
nan
0.745000
nan
1.000000
0.868000
nan
nan
0.707000
nan
nan
nan
0.267000
0.492000
0.584000
nan
0.929000
nan
nan
0.519000
0.625000
0.594000
0.745000
nan
nan
nan
0.417000
nan
0.639000
0.335000
nan
nan
0.745000
0.410000
0.861000
nan
nan
0.560000
0.993000
0.536000
0.553000
0.834000
0.407000
nan
nan
0.639000
0.919000
nan
0.738000
0.827000
0.810000
0.571000
nan
0.465000
nan
nan
nan
0.530000
nan
nan
nan
0.396000
nan
nan
0.366000
0.352000
nan
nan
nan
0.734000
0.976000
0.379000
0.325000
0.376000
nan
nan
0.267000
nan
0.525000
nan
nan
0.323000
nan
0.241000
0.287000
nan
nan
nan
nan
0.514000
nan
nan
nan
nan
nan
0.284000
nan
0.226000
nan
