Coverage(RPKM): 4238.793103
nan
nan
0.149000
nan
nan
nan
0.284000
nan
0.333000
nan
0.383000
0.433000
nan
0.305000
0.149000
nan
nan
nan
nan
nan
0.234000
0.333000
nan
0.418000
0.404000
0.872000
0.426000
0.191000
nan
nan
nan
0.184000
nan
nan
nan
nan
nan
nan
0.234000
nan
1.000000
0.589000
0.418000
0.816000
nan
nan
nan
0.312000
0.191000
0.177000
nan
nan
0.135000
0.298000
nan
nan
1.000000
0.809000
0.745000
nan
nan
0.156000
nan
0.589000
1.000000
1.000000
nan
nan
nan
nan
0.102000
0.096000
nan
nan
0.674000
nan
nan
0.220000
0.340000
nan
0.518000
0.667000
0.674000
nan
0.759000
0.851000
nan
0.098000
nan
nan
nan
0.667000
nan
0.596000
nan
nan
0.766000
nan
0.823000
0.461000
nan
0.426000
0.163000
0.092000
0.081000
nan
0.184000
0.397000
nan
0.411000
0.284000
0.418000
0.319000
nan
0.081000
nan
