Coverage(RPKM): 4928.212291
nan
nan
0.098000
nan
nan
0.311000
nan
0.114000
0.131000
0.272000
nan
nan
nan
0.370000
0.354000
nan
nan
nan
nan
nan
0.485000
0.370000
nan
0.289000
0.174000
nan
nan
nan
nan
nan
0.381000
0.381000
0.518000
0.387000
nan
0.414000
nan
0.169000
0.169000
0.174000
nan
nan
0.349000
0.763000
nan
0.692000
0.605000
0.703000
nan
0.212000
0.125000
nan
nan
nan
0.338000
0.915000
0.648000
nan
nan
0.654000
nan
nan
0.621000
nan
nan
nan
nan
nan
nan
0.937000
nan
0.464000
nan
1.000000
nan
0.083000
nan
0.621000
nan
0.130000
nan
nan
0.177000
nan
nan
nan
0.688000
0.480000
nan
nan
nan
0.668000
nan
nan
nan
0.078000
0.078000
nan
0.078000
0.078000
0.981000
nan
nan
nan
nan
nan
0.563000
0.511000
1.000000
0.683000
nan
nan
nan
0.673000
0.703000
1.000000
nan
nan
nan
0.508000
0.414000
0.433000
0.518000
nan
nan
0.777000
0.429000
nan
nan
nan
nan
nan
nan
nan
nan
0.329000
0.110000
0.115000
0.120000
0.339000
0.199000
nan
nan
0.100000
0.244000
nan
0.214000
0.130000
nan
0.299000
0.259000
nan
0.105000
0.409000
0.359000
nan
nan
0.528000
0.244000
0.468000
0.553000
nan
nan
nan
nan
0.563000
0.493000
nan
nan
nan
nan
0.433000
nan
nan
nan
nan
nan
0.249000
nan
