Coverage(RPKM): 193576.433121
nan
nan
0.108000
nan
nan
nan
0.277000
0.247000
nan
0.289000
nan
0.426000
0.070000
0.070000
0.076000
0.078000
0.333000
0.421000
0.419000
0.478000
0.285000
nan
nan
nan
nan
0.283000
0.173000
0.117000
0.316000
0.703000
1.000000
0.155000
0.171000
0.263000
0.153000
0.234000
0.371000
0.239000
0.130000
0.959000
nan
nan
0.119000
nan
nan
nan
nan
0.160000
0.064000
0.050000
0.088000
0.050000
nan
0.605000
nan
0.070000
nan
0.112000
0.059000
nan
0.053000
nan
0.226000
0.243000
0.920000
1.000000
nan
nan
0.842000
nan
nan
0.106000
nan
nan
nan
0.215000
0.056000
nan
0.158000
nan
0.188000
nan
nan
nan
nan
nan
0.061000
0.142000
nan
nan
nan
0.111000
nan
nan
1.000000
nan
0.884000
0.677000
nan
nan
0.501000
nan
nan
nan
nan
nan
nan
0.720000
0.304000
0.262000
0.616000
0.687000
nan
nan
nan
0.848000
0.880000
nan
nan
0.817000
0.588000
0.750000
1.000000
0.509000
0.738000
nan
nan
nan
0.269000
0.324000
nan
0.204000
0.259000
nan
0.190000
nan
nan
nan
nan
nan
0.365000
0.333000
nan
0.509000
0.408000
0.683000
0.559000
0.584000
0.538000
nan
nan
0.384000
nan
0.383000
0.540000
0.253000
nan
