Coverage(RPKM): 9791.095890
nan
nan
0.319000
nan
nan
nan
0.296000
0.520000
0.335000
0.468000
nan
nan
0.602000
nan
0.621000
nan
0.449000
0.644000
nan
0.403000
nan
nan
nan
0.355000
0.407000
0.520000
nan
0.387000
nan
nan
nan
nan
nan
nan
0.810000
0.748000
0.781000
nan
0.540000
nan
nan
nan
nan
0.384000
0.602000
nan
0.979000
0.781000
nan
0.576000
0.872000
nan
nan
0.543000
nan
0.709000
0.677000
nan
0.947000
0.956000
0.921000
nan
nan
1.000000
nan
0.485000
nan
nan
0.280000
0.280000
1.000000
nan
nan
nan
0.494000
nan
0.826000
0.403000
0.280000
0.833000
nan
nan
0.771000
0.813000
1.000000
nan
nan
0.953000
nan
nan
nan
nan
nan
0.986000
0.677000
nan
0.342000
nan
nan
nan
0.534000
0.683000
0.683000
0.474000
0.813000
nan
nan
0.844000
0.632000
nan
nan
nan
0.795000
nan
0.852000
0.526000
nan
0.508000
0.689000
nan
nan
nan
nan
nan
0.673000
0.837000
0.837000
nan
0.806000
0.557000
0.705000
0.795000
nan
0.738000
nan
nan
nan
nan
0.578000
nan
nan
nan
0.232000
nan
0.412000
1.000000
nan
nan
0.565000
0.772000
nan
nan
nan
0.772000
nan
nan
1.000000
nan
0.254000
nan
0.232000
0.232000
1.000000
nan
nan
nan
nan
0.746000
0.661000
nan
nan
0.357000
0.624000
nan
0.606000
0.728000
nan
0.601000
nan
nan
nan
nan
0.899000
nan
nan
0.565000
nan
nan
0.640000
nan
0.819000
0.728000
0.681000
nan
nan
0.298000
0.469000
0.873000
nan
nan
nan
nan
nan
0.606000
nan
0.458000
0.438000
nan
nan
nan
nan
nan
0.821000
0.733000
nan
1.000000
0.978000
nan
1.000000
0.495000
0.898000
nan
nan
0.320000
0.286000
0.861000
0.689000
0.661000
0.778000
nan
nan
nan
0.597000
nan
nan
0.907000
0.674000
0.883000
0.895000
nan
nan
0.594000
0.317000
0.461000
0.584000
nan
0.286000
nan
0.818000
0.575000
0.726000
0.600000
nan
nan
0.409000
0.606000
nan
nan
nan
0.335000
nan
nan
0.551000
0.286000
0.486000
nan
0.452000
nan
1.000000
0.960000
nan
0.882000
nan
0.765000
0.618000
nan
nan
0.555000
0.380000
nan
nan
0.791000
0.872000
0.756000
nan
0.712000
0.844000
nan
0.989000
nan
0.624000
0.439000
0.373000
0.329000
nan
0.634000
0.611000
nan
nan
nan
0.781000
0.499000
nan
0.489000
0.480000
0.633000
0.345000
0.512000
0.585000
nan
nan
nan
0.669000
nan
nan
0.483000
0.438000
nan
0.374000
nan
nan
nan
nan
nan
nan
0.160000
nan
nan
0.189000
0.132000
0.170000
0.132000
nan
1.000000
nan
nan
nan
nan
nan
nan
nan
nan
0.132000
0.195000
0.221000
0.166000
0.186000
nan
nan
nan
0.371000
0.406000
nan
1.000000
nan
nan
nan
nan
0.771000
0.358000
0.573000
0.601000
0.429000
0.189000
nan
