Coverage(RPKM): 8869.077307
nan
nan
0.225000
nan
nan
nan
nan
0.344000
nan
nan
0.314000
0.340000
nan
nan
nan
nan
0.353000
0.289000
nan
0.319000
nan
0.263000
0.340000
0.365000
0.574000
nan
nan
0.531000
0.620000
nan
0.217000
0.136000
nan
0.387000
0.880000
nan
nan
nan
0.109000
nan
0.191000
nan
nan
0.722000
0.174000
0.336000
0.395000
1.000000
0.595000
nan
nan
0.395000
0.204000
0.395000
0.353000
0.370000
0.693000
nan
nan
nan
nan
nan
0.514000
0.684000
0.829000
nan
nan
nan
0.157000
0.123000
nan
0.136000
nan
0.109000
0.123000
0.109000
1.000000
nan
0.761000
0.722000
nan
nan
nan
nan
nan
0.476000
1.000000
0.867000
nan
0.714000
nan
0.986000
nan
0.795000
0.421000
0.188000
0.574000
nan
nan
0.434000
nan
0.616000
0.428000
0.431000
0.457000
nan
0.563000
nan
0.605000
0.230000
nan
nan
0.082000
0.085000
nan
0.708000
nan
nan
0.124000
0.119000
nan
0.500000
0.447000
0.740000
0.457000
nan
nan
nan
0.177000
nan
nan
nan
nan
nan
0.621000
nan
nan
0.167000
0.108000
nan
0.093000
nan
0.098000
nan
1.000000
0.484000
nan
nan
0.137000
0.111000
0.082000
0.082000
nan
nan
nan
0.370000
nan
nan
0.106000
nan
0.523000
0.338000
nan
0.161000
0.476000
0.796000
0.502000
nan
0.991000
0.143000
0.196000
0.814000
nan
0.796000
nan
0.135000
nan
nan
0.204000
1.000000
1.000000
nan
0.547000
0.674000
0.520000
0.252000
0.352000
nan
0.211000
0.139000
nan
0.774000
0.669000
nan
0.646000
0.513000
0.476000
nan
nan
nan
nan
nan
nan
0.695000
0.911000
nan
0.178000
0.170000
nan
0.317000
0.559000
nan
nan
nan
0.697000
0.757000
0.774000
nan
0.201000
nan
nan
nan
0.929000
0.921000
nan
0.739000
nan
0.290000
nan
0.250000
1.000000
nan
nan
0.052000
nan
0.813000
nan
0.499000
1.000000
nan
0.052000
0.253000
nan
nan
0.201000
0.134000
nan
nan
nan
nan
0.052000
nan
nan
0.151000
nan
0.072000
nan
nan
nan
0.310000
0.571000
nan
nan
0.197000
0.211000
0.304000
0.708000
nan
1.000000
nan
nan
nan
0.052000
0.068000
0.724000
0.244000
nan
nan
nan
0.097000
nan
0.878000
1.000000
nan
0.902000
nan
nan
nan
nan
nan
0.190000
nan
nan
0.190000
0.190000
0.982000
nan
nan
0.909000
0.892000
nan
1.000000
nan
0.983000
nan
0.545000
0.645000
nan
nan
nan
0.769000
0.753000
0.817000
0.995000
nan
nan
nan
0.867000
0.419000
nan
nan
nan
1.000000
nan
nan
0.416000
0.640000
0.424000
0.208000
nan
0.234000
nan
nan
0.266000
0.348000
0.624000
0.590000
nan
0.208000
nan
nan
0.221000
0.856000
0.643000
0.606000
0.809000
nan
0.466000
nan
0.514000
0.303000
0.479000
0.237000
nan
0.424000
0.445000
nan
0.266000
0.342000
0.332000
0.327000
0.674000
nan
nan
0.440000
0.298000
nan
0.211000
0.335000
0.283000
0.357000
nan
nan
nan
nan
0.219000
0.596000
nan
nan
nan
nan
nan
nan
nan
nan
nan
nan
nan
0.357000
0.277000
nan
nan
0.294000
nan
nan
nan
nan
0.388000
nan
0.219000
nan
