Coverage(RPKM): 1056.666667
nan
nan
0.690000
nan
nan
nan
nan
nan
nan
0.552000
nan
0.586000
nan
nan
0.241000
0.448000
0.483000
0.966000
0.241000
nan
nan
nan
nan
nan
0.552000
0.690000
0.621000
nan
0.276000
0.138000
nan
1.000000
nan
0.621000
0.345000
nan
nan
nan
nan
nan
0.586000
nan
nan
nan
0.345000
0.379000
nan
nan
nan
nan
nan
0.759000
nan
0.483000
nan
0.621000
1.000000
nan
0.379000
0.759000
1.000000
nan
nan
0.483000
0.414000
0.586000
0.517000
nan
nan
0.138000
0.655000
nan
nan
nan
0.138000
nan
nan
nan
nan
nan
0.517000
nan
0.207000
nan
nan
nan
0.172000
0.138000
0.138000
nan
