Coverage(RPKM): 4570.341615
nan
nan
0.134000
nan
nan
nan
nan
0.361000
nan
0.399000
nan
0.155000
0.134000
0.134000
nan
0.200000
nan
0.361000
nan
0.548000
0.348000
nan
0.490000
nan
nan
nan
nan
nan
nan
0.509000
nan
0.496000
nan
nan
nan
nan
0.541000
0.503000
0.483000
nan
nan
0.264000
nan
nan
0.844000
0.483000
nan
nan
nan
0.773000
0.380000
0.258000
nan
nan
nan
0.722000
0.232000
nan
nan
nan
0.767000
nan
nan
nan
nan
nan
0.361000
0.522000
0.393000
nan
0.341000
0.664000
0.393000
nan
nan
nan
0.206000
0.206000
nan
0.303000
0.200000
0.148000
nan
1.000000
nan
0.264000
nan
0.271000
0.818000
nan
0.799000
0.464000
nan
nan
0.303000
1.000000
0.548000
0.367000
0.335000
1.000000
0.425000
0.593000
0.573000
0.925000
nan
nan
0.117000
nan
nan
0.065000
0.528000
nan
0.582000
0.717000
nan
0.194000
0.573000
0.411000
nan
nan
nan
0.253000
nan
nan
nan
1.000000
0.230000
0.627000
0.573000
0.171000
0.226000
nan
0.194000
0.352000
nan
nan
0.144000
nan
nan
nan
nan
nan
0.212000
0.065000
0.065000
nan
0.862000
nan
0.934000
0.672000
nan
0.609000
0.758000
nan
0.753000
0.713000
0.677000
0.785000
nan
0.812000
0.808000
nan
1.000000
0.902000
nan
nan
nan
nan
0.068000
0.095000
0.199000
nan
0.257000
nan
0.731000
0.993000
0.609000
0.821000
nan
0.469000
nan
0.663000
nan
nan
0.826000
0.781000
nan
nan
0.379000
1.000000
nan
0.109000
0.109000
nan
0.195000
0.109000
0.735000
0.548000
0.654000
0.971000
nan
nan
nan
nan
1.000000
nan
0.293000
0.540000
0.813000
nan
nan
nan
0.910000
nan
nan
0.642000
1.000000
0.634000
0.195000
0.548000
0.748000
nan
nan
0.873000
nan
nan
0.739000
nan
0.455000
nan
nan
1.000000
0.118000
nan
nan
nan
0.146000
nan
nan
0.802000
0.421000
0.315000
0.289000
nan
nan
nan
0.325000
nan
nan
0.559000
0.518000
0.427000
nan
0.300000
0.300000
nan
0.234000
0.330000
0.376000
nan
0.559000
0.828000
0.533000
0.229000
0.599000
0.835000
0.208000
0.340000
0.533000
0.493000
0.691000
0.866000
1.000000
0.878000
0.695000
nan
nan
nan
nan
nan
nan
nan
nan
nan
nan
0.841000
0.963000
0.756000
0.762000
nan
0.433000
nan
0.433000
0.475000
nan
0.603000
0.390000
0.567000
nan
0.439000
0.378000
0.542000
0.542000
0.506000
0.701000
nan
0.427000
nan
nan
nan
nan
nan
nan
nan
nan
0.634000
0.451000
0.433000
nan
0.257000
0.257000
nan
