Coverage(RPKM): 856.626506
nan
nan
0.050000
nan
nan
nan
0.350000
0.200000
0.350000
nan
nan
0.550000
0.700000
nan
0.300000
nan
0.300000
nan
0.700000
0.350000
nan
nan
1.000000
nan
nan
nan
nan
nan
nan
nan
0.650000
0.450000
0.950000
0.500000
0.800000
nan
nan
0.800000
0.750000
0.650000
nan
0.050000
1.000000
0.750000
0.900000
nan
nan
nan
0.900000
0.500000
nan
0.250000
0.850000
0.500000
nan
nan
nan
nan
0.950000
0.400000
nan
nan
nan
0.400000
0.600000
nan
0.500000
1.000000
0.300000
nan
nan
nan
nan
0.100000
nan
0.350000
0.250000
0.250000
0.550000
nan
nan
0.050000
nan
