Coverage(RPKM): 1460.625000
nan
nan
nan
0.092000
nan
nan
0.380000
0.438000
0.321000
0.321000
0.350000
0.438000
0.409000
0.380000
0.584000
nan
nan
nan
0.350000
0.092000
nan
0.467000
0.234000
0.092000
0.292000
nan
0.350000
0.613000
0.438000
nan
nan
nan
nan
nan
nan
nan
1.000000
nan
nan
0.876000
0.526000
nan
nan
nan
nan
0.234000
nan
nan
0.234000
0.759000
1.000000
0.818000
0.642000
0.613000
1.000000
0.467000
0.730000
0.146000
nan
nan
nan
0.263000
0.642000
nan
0.876000
0.321000
0.730000
0.642000
0.701000
0.380000
nan
nan
nan
0.204000
nan
nan
0.438000
nan
0.117000
nan
