Coverage(RPKM): 6469.972826
nan
nan
0.274000
nan
nan
nan
nan
0.507000
0.634000
nan
nan
0.485000
nan
0.418000
0.313000
nan
0.537000
0.746000
0.589000
nan
0.731000
0.380000
nan
0.336000
0.321000
nan
0.358000
nan
nan
nan
nan
0.328000
nan
0.336000
0.328000
0.306000
nan
0.470000
0.298000
nan
0.492000
nan
nan
0.887000
nan
nan
0.574000
nan
nan
0.813000
nan
0.522000
0.761000
nan
0.790000
nan
0.783000
nan
1.000000
0.515000
0.274000
0.820000
0.694000
0.880000
0.582000
nan
0.343000
0.274000
0.350000
nan
0.649000
1.000000
0.984000
0.776000
nan
0.992000
1.000000
0.902000
nan
0.455000
0.567000
0.529000
nan
0.418000
0.828000
0.315000
nan
nan
nan
0.434000
0.228000
0.362000
0.467000
nan
nan
0.676000
nan
nan
nan
0.365000
0.593000
0.329000
0.542000
nan
0.198000
nan
0.198000
0.257000
0.198000
0.289000
0.336000
nan
nan
nan
0.315000
nan
nan
0.336000
0.260000
0.224000
0.315000
0.629000
0.344000
nan
nan
0.268000
nan
0.282000
0.546000
0.705000
nan
nan
nan
0.940000
nan
0.647000
0.532000
0.307000
0.517000
0.655000
0.745000
nan
0.691000
nan
nan
0.633000
0.857000
0.441000
nan
nan
0.380000
nan
nan
0.369000
0.734000
1.000000
nan
0.260000
nan
nan
0.260000
nan
nan
1.000000
nan
nan
nan
nan
0.481000
1.000000
0.676000
nan
nan
0.427000
0.380000
0.382000
nan
0.751000
nan
nan
nan
0.725000
nan
0.425000
nan
0.231000
0.435000
0.966000
1.000000
nan
nan
nan
0.801000
0.577000
0.857000
0.646000
nan
nan
nan
0.185000
nan
0.531000
0.896000
nan
0.445000
nan
nan
nan
nan
0.392000
nan
nan
1.000000
0.966000
nan
nan
nan
nan
nan
nan
nan
nan
nan
nan
nan
nan
nan
0.270000
0.185000
0.405000
nan
0.425000
nan
nan
0.379000
nan
nan
nan
nan
nan
1.000000
0.544000
nan
0.498000
0.267000
0.274000
0.283000
nan
0.320000
nan
nan
nan
0.527000
nan
0.445000
nan
nan
nan
0.702000
0.603000
nan
nan
nan
nan
nan
0.721000
nan
0.338000
0.526000
nan
0.407000
0.161000
0.493000
0.394000
0.685000
0.387000
nan
0.814000
nan
nan
nan
nan
nan
nan
0.695000
0.728000
nan
0.500000
0.549000
0.589000
nan
nan
nan
0.515000
0.415000
nan
nan
nan
nan
0.947000
nan
nan
nan
0.412000
nan
nan
nan
0.249000
nan
nan
0.562000
nan
nan
nan
0.150000
0.611000
nan
0.123000
0.099000
0.099000
nan
0.615000
1.000000
1.000000
nan
nan
0.515000
nan
nan
nan
nan
0.103000
nan
nan
0.206000
0.099000
nan
0.402000
0.176000
0.136000
nan
0.176000
0.196000
0.219000
nan
nan
0.286000
0.449000
1.000000
nan
nan
0.665000
nan
nan
0.655000
0.711000
0.462000
0.764000
nan
nan
nan
nan
nan
nan
0.900000
0.312000
0.120000
nan
