Coverage(RPKM): 303.191489
nan
nan
0.204000
nan
nan
nan
nan
nan
nan
nan
0.102000
0.204000
nan
nan
nan
0.510000
nan
nan
nan
nan
0.102000
nan
nan
nan
0.816000
nan
nan
nan
0.612000
nan
0.714000
1.000000
nan
nan
0.000000
nan
0.816000
nan
nan
0.714000
0.510000
0.204000
0.204000
nan
nan
0.408000
0.816000
nan
0.408000
0.510000
0.408000
0.408000
0.102000
nan
nan
nan
0.204000
nan
nan
nan
nan
0.918000
1.000000
0.816000
nan
nan
nan
nan
0.204000
nan
0.612000
nan
0.612000
0.306000
0.204000
0.510000
nan
nan
nan
nan
0.408000
nan
nan
0.204000
0.000000
nan
0.102000
0.000000
nan
nan
0.510000
nan
0.612000
nan
