Coverage(RPKM): 9228.163772
nan
nan
0.275000
nan
nan
0.450000
nan
0.389000
nan
0.284000
nan
nan
0.365000
0.688000
nan
0.453000
0.284000
0.299000
0.238000
0.278000
nan
0.803000
nan
nan
nan
0.489000
0.908000
0.296000
nan
nan
nan
nan
nan
0.284000
nan
nan
nan
nan
0.299000
nan
nan
0.564000
nan
nan
0.347000
nan
nan
nan
nan
nan
nan
0.173000
nan
nan
nan
0.618000
nan
nan
0.510000
0.965000
0.772000
nan
0.754000
nan
1.000000
0.905000
nan
nan
0.453000
nan
0.685000
nan
0.579000
nan
0.730000
0.456000
0.510000
nan
0.462000
0.477000
nan
nan
0.173000
0.173000
0.326000
0.193000
1.000000
nan
1.000000
0.959000
nan
nan
nan
nan
0.845000
0.968000
nan
0.742000
nan
0.664000
nan
0.670000
0.688000
0.854000
nan
nan
nan
0.953000
0.469000
0.334000
0.520000
0.453000
0.674000
0.633000
nan
nan
0.520000
0.513000
nan
nan
nan
nan
0.957000
0.738000
0.518000
0.490000
0.322000
0.361000
0.616000
nan
0.311000
nan
0.242000
nan
0.242000
0.538000
0.568000
0.580000
nan
nan
0.426000
0.403000
nan
0.396000
nan
nan
0.630000
nan
0.288000
0.968000
0.750000
nan
nan
nan
0.587000
0.610000
nan
nan
0.350000
nan
0.805000
nan
1.000000
nan
nan
nan
nan
0.430000
1.000000
0.531000
0.823000
nan
nan
0.722000
nan
nan
nan
nan
0.299000
0.246000
0.288000
nan
nan
nan
0.242000
nan
nan
0.607000
nan
nan
nan
1.000000
nan
nan
nan
nan
0.591000
0.472000
0.301000
nan
nan
nan
0.246000
0.444000
nan
nan
0.890000
0.748000
nan
1.000000
nan
0.273000
0.397000
0.197000
nan
nan
1.000000
0.808000
nan
nan
nan
nan
nan
0.401000
1.000000
0.579000
0.727000
0.608000
nan
0.808000
nan
nan
0.339000
nan
nan
0.797000
0.740000
nan
0.699000
0.760000
0.906000
0.228000
nan
nan
nan
nan
0.290000
0.586000
nan
nan
nan
0.773000
0.826000
nan
0.454000
nan
0.395000
nan
0.590000
nan
0.540000
0.559000
nan
nan
nan
nan
nan
nan
nan
nan
0.623000
nan
0.481000
nan
nan
0.643000
0.773000
nan
0.586000
nan
0.602000
nan
nan
nan
0.824000
0.645000
0.397000
0.742000
0.516000
0.477000
0.579000
nan
nan
nan
nan
0.201000
0.197000
nan
nan
nan
0.641000
nan
nan
0.469000
nan
nan
nan
nan
0.709000
nan
0.849000
0.796000
nan
0.270000
0.634000
0.950000
0.681000
0.681000
0.954000
nan
nan
0.240000
nan
0.623000
0.390000
0.473000
0.236000
0.360000
0.244000
nan
0.553000
0.513000
0.513000
0.521000
0.248000
nan
0.248000
nan
1.000000
0.703000
0.441000
nan
0.524000
nan
nan
nan
0.805000
nan
0.593000
0.608000
nan
nan
nan
0.339000
0.623000
nan
nan
0.353000
0.459000
0.455000
nan
0.441000
nan
nan
nan
0.725000
0.546000
nan
0.553000
0.451000
0.666000
0.448000
nan
0.236000
nan
nan
nan
nan
nan
0.368000
nan
0.634000
nan
nan
nan
nan
nan
nan
0.528000
nan
nan
nan
nan
nan
nan
nan
0.517000
0.295000
nan
0.408000
0.484000
0.236000
nan
