Coverage(RPKM): 3406.711409
nan
nan
0.184000
nan
nan
nan
0.162000
nan
nan
0.297000
nan
nan
nan
0.466000
0.706000
nan
nan
nan
nan
nan
nan
nan
nan
nan
nan
0.699000
0.516000
0.600000
nan
0.290000
nan
nan
0.784000
nan
0.120000
0.092000
0.170000
0.092000
0.198000
0.290000
0.198000
nan
nan
nan
1.000000
0.261000
0.233000
0.127000
nan
nan
nan
nan
nan
nan
0.530000
0.784000
0.834000
nan
nan
nan
0.685000
0.495000
0.487000
nan
0.290000
0.565000
nan
nan
nan
nan
nan
0.551000
nan
0.318000
nan
nan
0.685000
nan
0.565000
nan
nan
nan
nan
nan
nan
nan
0.678000
nan
nan
0.678000
1.000000
nan
nan
0.205000
0.184000
0.127000
0.685000
0.883000
nan
nan
nan
nan
nan
0.311000
0.452000
0.092000
0.092000
0.162000
nan
0.918000
nan
nan
nan
nan
nan
nan
0.834000
nan
nan
nan
0.537000
1.000000
nan
nan
0.752000
0.513000
0.578000
0.470000
nan
0.766000
0.607000
nan
nan
nan
nan
0.665000
1.000000
nan
nan
nan
nan
0.477000
0.701000
0.426000
0.542000
nan
0.520000
0.759000
0.398000
0.441000
nan
nan
nan
nan
0.549000
0.376000
nan
0.470000
0.267000
0.448000
0.773000
nan
nan
nan
nan
1.000000
nan
nan
nan
nan
nan
0.617000
nan
0.658000
0.534000
1.000000
nan
nan
nan
nan
nan
nan
0.582000
nan
nan
nan
nan
0.226000
0.288000
nan
0.576000
0.089000
nan
0.079000
nan
nan
0.185000
0.404000
nan
0.178000
0.206000
0.226000
0.116000
0.178000
nan
0.267000
nan
0.089000
0.302000
nan
0.254000
0.281000
nan
nan
nan
0.726000
0.103000
0.077000
nan
0.077000
0.329000
nan
nan
0.972000
0.926000
0.654000
nan
nan
nan
nan
nan
1.000000
nan
nan
nan
0.337000
nan
nan
nan
nan
nan
nan
nan
nan
nan
0.162000
nan
nan
0.227000
nan
nan
0.068000
nan
nan
0.201000
nan
nan
0.311000
nan
nan
0.583000
nan
nan
nan
0.149000
nan
nan
nan
0.311000
0.440000
1.000000
nan
nan
nan
nan
nan
nan
nan
0.311000
nan
nan
nan
nan
nan
0.356000
nan
nan
nan
nan
nan
nan
0.220000
0.240000
0.110000
0.233000
0.194000
0.130000
nan
