Coverage(RPKM): 11672.319202
nan
nan
0.237000
nan
nan
nan
nan
nan
nan
0.589000
0.869000
nan
0.826000
nan
nan
0.449000
0.494000
0.646000
nan
nan
nan
0.651000
0.556000
nan
0.397000
nan
0.283000
nan
nan
nan
nan
nan
0.883000
nan
0.634000
nan
0.879000
nan
nan
nan
nan
0.558000
0.693000
0.741000
0.781000
nan
nan
0.439000
0.413000
0.465000
nan
nan
nan
nan
0.570000
nan
0.641000
0.556000
nan
0.893000
nan
0.617000
nan
nan
1.000000
0.653000
nan
0.679000
nan
nan
nan
0.527000
nan
1.000000
nan
nan
nan
0.556000
0.337000
0.368000
0.494000
nan
0.287000
nan
nan
nan
nan
0.494000
nan
nan
nan
0.613000
0.867000
0.237000
nan
0.240000
0.237000
nan
1.000000
nan
nan
nan
0.442000
0.280000
nan
0.525000
0.558000
nan
0.527000
0.558000
0.603000
1.000000
nan
nan
0.854000
0.896000
0.817000
nan
nan
nan
nan
nan
0.698000
0.884000
0.581000
0.453000
0.731000
0.707000
nan
0.875000
0.682000
nan
0.557000
nan
nan
1.000000
0.347000
nan
0.658000
0.820000
nan
nan
0.743000
0.600000
0.502000
nan
0.655000
nan
0.753000
1.000000
nan
0.575000
nan
0.615000
0.587000
nan
0.955000
nan
0.575000
0.438000
0.364000
0.542000
0.575000
nan
nan
0.483000
nan
0.624000
0.670000
0.679000
nan
0.572000
nan
0.404000
nan
nan
nan
nan
0.566000
0.373000
0.431000
nan
nan
0.453000
0.347000
nan
0.514000
0.652000
0.407000
0.422000
0.347000
nan
nan
nan
nan
0.385000
nan
nan
nan
nan
0.483000
0.247000
0.472000
0.259000
nan
0.444000
0.539000
0.559000
0.406000
nan
0.530000
nan
0.429000
nan
nan
0.314000
0.709000
nan
0.634000
0.438000
0.496000
nan
nan
0.366000
nan
0.297000
0.432000
nan
nan
nan
0.527000
0.308000
0.247000
0.447000
0.527000
nan
nan
nan
0.821000
0.879000
nan
nan
0.247000
0.340000
0.386000
nan
1.000000
1.000000
0.792000
nan
0.925000
nan
nan
nan
0.337000
0.303000
0.547000
0.654000
0.642000
nan
nan
0.873000
0.761000
nan
0.516000
nan
nan
nan
1.000000
nan
0.948000
nan
nan
0.758000
0.582000
0.308000
nan
0.565000
0.663000
0.735000
nan
nan
nan
nan
0.997000
nan
nan
0.795000
0.784000
nan
0.393000
0.234000
0.451000
nan
nan
0.946000
0.967000
0.815000
0.370000
0.675000
0.654000
nan
nan
0.610000
nan
nan
0.244000
nan
1.000000
0.489000
0.466000
nan
nan
nan
nan
nan
0.378000
0.393000
0.591000
0.645000
nan
nan
nan
0.290000
nan
0.633000
nan
0.902000
1.000000
nan
0.752000
0.434000
0.326000
0.217000
nan
1.000000
nan
0.343000
0.437000
nan
nan
nan
nan
nan
nan
nan
nan
0.735000
0.334000
0.313000
nan
0.343000
0.347000
0.449000
nan
nan
0.890000
0.800000
nan
0.685000
0.773000
0.777000
0.539000
0.691000
nan
0.971000
0.719000
nan
0.478000
nan
nan
nan
0.172000
0.194000
0.168000
0.495000
nan
nan
nan
nan
nan
nan
nan
nan
nan
0.168000
nan
0.376000
0.209000
0.274000
0.443000
nan
nan
0.543000
0.668000
0.399000
0.581000
nan
0.470000
0.158000
nan
