Coverage(RPKM): 1304.531250
nan
nan
0.071000
nan
nan
nan
nan
nan
nan
nan
nan
0.519000
nan
nan
0.491000
nan
nan
0.577000
0.577000
nan
nan
nan
nan
nan
0.375000
nan
0.548000
0.202000
nan
0.289000
0.173000
nan
nan
0.606000
0.289000
nan
nan
nan
nan
nan
0.231000
0.071000
0.750000
nan
0.346000
nan
0.519000
nan
nan
0.289000
0.462000
nan
0.577000
0.750000
0.260000
0.577000
nan
nan
0.260000
nan
0.289000
nan
nan
0.404000
0.433000
0.722000
nan
nan
0.317000
nan
0.087000
0.519000
0.693000
nan
0.952000
nan
0.260000
0.548000
nan
nan
nan
nan
nan
0.606000
nan
1.000000
nan
nan
0.202000
nan
nan
nan
nan
0.664000
nan
nan
0.404000
nan
0.071000
nan
nan
nan
nan
0.750000
nan
nan
nan
nan
0.924000
0.375000
1.000000
0.260000
nan
0.808000
nan
1.000000
0.664000
nan
0.606000
0.203000
nan
nan
nan
nan
nan
0.271000
0.135000
nan
0.981000
nan
nan
0.169000
nan
1.000000
nan
nan
0.778000
nan
nan
nan
0.068000
nan
nan
nan
nan
nan
nan
0.440000
0.711000
nan
nan
1.000000
0.745000
0.237000
nan
nan
nan
0.745000
0.677000
nan
0.169000
nan
nan
1.000000
0.237000
0.271000
nan
0.203000
0.338000
0.305000
0.068000
0.406000
0.237000
0.745000
0.305000
nan
0.474000
0.474000
0.643000
nan
0.372000
0.575000
0.677000
0.271000
0.068000
0.068000
0.169000
0.271000
0.474000
0.203000
nan
0.372000
0.338000
0.169000
0.778000
nan
0.609000
0.169000
nan
0.372000
nan
0.135000
0.203000
0.068000
nan
nan
nan
0.096000
nan
0.229000
nan
0.083000
nan
0.108000
nan
0.156000
nan
nan
0.144000
0.083000
nan
nan
nan
0.083000
0.265000
0.313000
nan
0.096000
0.181000
0.217000
nan
0.181000
0.156000
0.289000
0.325000
nan
0.301000
0.602000
0.457000
nan
0.337000
nan
0.156000
nan
nan
0.168000
0.122000
0.229000
nan
nan
0.241000
nan
nan
nan
0.337000
nan
nan
0.128000
nan
nan
nan
nan
0.698000
nan
0.325000
nan
0.122000
nan
nan
0.481000
0.614000
nan
0.409000
nan
nan
nan
0.542000
nan
nan
nan
0.578000
0.686000
0.987000
nan
0.710000
nan
0.433000
0.734000
0.698000
1.000000
0.554000
0.770000
nan
nan
0.806000
1.000000
nan
0.806000
0.842000
1.000000
0.698000
nan
nan
0.770000
0.939000
nan
0.650000
nan
nan
0.578000
0.890000
0.746000
nan
0.554000
0.241000
nan
0.542000
nan
0.181000
nan
