Coverage(RPKM): 2319.767442
nan
nan
0.247000
nan
nan
nan
nan
nan
nan
nan
1.000000
0.502000
0.936000
0.457000
nan
0.616000
0.616000
0.320000
0.365000
nan
nan
nan
nan
1.000000
nan
nan
nan
0.913000
0.247000
0.845000
0.845000
nan
nan
nan
nan
0.525000
nan
nan
0.845000
nan
0.502000
nan
nan
nan
0.457000
1.000000
0.616000
0.434000
nan
0.959000
nan
0.799000
nan
0.479000
0.776000
nan
0.502000
0.982000
0.731000
0.753000
nan
nan
nan
0.662000
0.434000
0.731000
0.982000
0.479000
nan
0.365000
nan
0.548000
0.868000
0.365000
nan
nan
nan
0.753000
nan
0.457000
0.434000
0.479000
0.639000
0.388000
0.247000
nan
