Coverage(RPKM): 230.172414
nan
nan
0.000000
nan
nan
nan
0.282000
nan
nan
0.000000
0.845000
nan
nan
nan
nan
0.000000
0.563000
0.282000
nan
0.000000
0.000000
0.000000
0.563000
nan
nan
0.000000
nan
0.000000
nan
nan
nan
nan
nan
0.000000
0.563000
0.282000
0.282000
0.423000
nan
0.704000
nan
nan
0.141000
nan
0.563000
0.141000
0.704000
1.000000
nan
0.845000
0.000000
nan
nan
nan
nan
0.845000
nan
0.282000
nan
nan
1.000000
0.423000
nan
nan
nan
0.282000
0.563000
0.563000
0.423000
0.000000
nan
0.282000
0.704000
0.282000
nan
0.563000
0.000000
nan
0.563000
0.141000
0.423000
nan
0.423000
0.563000
0.563000
0.563000
0.423000
1.000000
nan
nan
nan
nan
nan
0.282000
0.000000
0.845000
0.000000
nan
0.000000
0.282000
0.282000
0.141000
0.000000
nan
0.141000
nan
nan
0.000000
0.282000
nan
nan
0.000000
0.563000
0.423000
0.000000
nan
