Coverage(RPKM): 2271.428571
nan
nan
0.410000
nan
nan
nan
nan
0.671000
nan
nan
nan
0.690000
0.708000
nan
0.951000
nan
0.708000
nan
nan
nan
nan
1.000000
nan
0.578000
0.213000
0.690000
1.000000
0.764000
0.336000
0.839000
0.969000
0.410000
0.522000
0.652000
nan
0.652000
nan
nan
0.615000
nan
nan
nan
nan
nan
nan
nan
nan
nan
nan
nan
nan
nan
0.261000
nan
0.839000
nan
1.000000
0.727000
0.876000
0.895000
nan
0.969000
0.969000
nan
0.839000
0.336000
nan
0.354000
0.232000
0.336000
nan
nan
0.727000
0.559000
nan
0.615000
0.522000
nan
0.764000
nan
0.876000
nan
nan
0.503000
nan
0.485000
0.615000
nan
0.213000
0.336000
nan
nan
0.485000
0.485000
0.503000
nan
0.410000
0.261000
0.336000
0.224000
0.373000
0.186000
0.224000
0.186000
nan
