Coverage(RPKM): 5550.000000
nan
nan
0.350000
0.700000
nan
nan
0.700000
0.199000
0.199000
0.286000
0.355000
0.468000
nan
nan
nan
1.000000
nan
0.611000
0.601000
nan
nan
0.951000
nan
0.739000
0.680000
0.734000
0.601000
nan
nan
0.301000
nan
nan
nan
0.483000
nan
nan
nan
0.330000
nan
nan
0.199000
nan
nan
0.882000
0.572000
nan
nan
nan
nan
nan
0.473000
nan
nan
1.000000
1.000000
nan
nan
nan
nan
0.680000
0.670000
0.788000
0.966000
nan
0.734000
0.557000
0.222000
0.310000
nan
nan
nan
0.394000
0.818000
nan
0.946000
0.857000
nan
0.798000
nan
0.976000
nan
nan
0.798000
0.813000
nan
nan
nan
0.700000
0.764000
0.567000
nan
0.512000
0.202000
0.779000
0.414000
0.823000
0.813000
nan
0.697000
0.733000
nan
0.636000
0.436000
nan
nan
0.879000
nan
0.297000
0.509000
0.291000
nan
nan
nan
nan
nan
nan
nan
0.412000
0.776000
0.467000
0.933000
0.630000
nan
nan
0.212000
nan
nan
0.248000
0.212000
nan
0.430000
nan
0.897000
0.903000
1.000000
nan
1.000000
0.430000
nan
0.242000
nan
nan
0.418000
nan
nan
0.515000
nan
0.212000
nan
0.661000
1.000000
nan
nan
0.709000
nan
nan
0.685000
nan
nan
0.521000
nan
0.952000
0.721000
nan
nan
nan
0.733000
nan
nan
0.818000
0.976000
nan
0.691000
nan
0.764000
0.618000
nan
1.000000
0.897000
0.830000
0.830000
nan
nan
0.788000
0.679000
0.921000
0.418000
0.624000
nan
0.242000
0.691000
0.258000
nan
0.443000
0.741000
nan
nan
nan
0.732000
0.822000
0.520000
0.678000
nan
0.298000
0.250000
0.520000
0.502000
0.384000
nan
0.447000
0.949000
nan
nan
0.592000
0.755000
nan
nan
nan
0.764000
0.587000
nan
nan
0.502000
nan
nan
nan
0.565000
nan
0.560000
nan
nan
nan
nan
0.985000
0.411000
0.664000
0.682000
0.854000
0.678000
nan
nan
0.850000
0.723000
nan
nan
nan
nan
0.398000
0.926000
0.529000
nan
0.371000
0.366000
0.465000
nan
nan
nan
0.407000
0.628000
nan
0.348000
1.000000
0.551000
nan
0.250000
0.289000
nan
0.791000
0.818000
0.705000
0.777000
1.000000
nan
nan
nan
nan
0.250000
nan
nan
nan
nan
nan
nan
1.000000
0.872000
0.866000
nan
0.388000
0.537000
nan
0.580000
0.972000
nan
nan
0.698000
0.576000
0.729000
0.811000
nan
nan
nan
nan
0.647000
0.737000
0.490000
0.780000
0.678000
nan
nan
1.000000
nan
0.537000
nan
nan
0.338000
0.619000
nan
0.780000
nan
1.000000
nan
0.447000
nan
nan
0.427000
1.000000
0.533000
0.338000
0.510000
nan
0.600000
0.800000
0.831000
0.788000
0.784000
0.686000
0.392000
0.643000
0.596000
0.439000
0.639000
nan
nan
0.702000
0.521000
nan
nan
nan
nan
0.466000
0.619000
0.443000
nan
nan
0.338000
nan
0.412000
0.532000
nan
0.493000
0.703000
0.562000
nan
0.630000
nan
nan
nan
nan
nan
0.853000
0.218000
nan
0.398000
0.228000
0.252000
0.772000
0.322000
nan
0.445000
nan
0.456000
nan
nan
0.433000
0.369000
0.252000
nan
0.450000
0.468000
0.386000
0.491000
nan
0.339000
0.778000
nan
nan
0.316000
0.218000
0.790000
0.445000
0.632000
0.386000
nan
0.532000
1.000000
1.000000
0.398000
0.971000
nan
0.901000
nan
nan
0.480000
nan
0.526000
0.643000
nan
nan
nan
0.544000
0.456000
nan
0.409000
0.421000
0.632000
nan
nan
nan
0.708000
nan
nan
nan
nan
nan
0.848000
nan
0.392000
0.380000
nan
nan
nan
nan
0.573000
nan
nan
0.626000
nan
0.218000
nan
