Coverage(RPKM): 24783.461538
nan
nan
0.082000
nan
nan
nan
nan
nan
nan
0.253000
nan
0.220000
0.226000
0.243000
0.229000
nan
0.217000
nan
0.150000
0.374000
nan
nan
nan
0.505000
nan
nan
0.511000
nan
nan
0.155000
0.098000
nan
0.094000
nan
0.230000
0.104000
0.101000
0.238000
0.190000
0.857000
nan
0.082000
0.126000
nan
0.437000
0.180000
0.109000
0.297000
0.445000
0.698000
nan
0.572000
0.793000
nan
nan
0.611000
nan
nan
0.300000
0.540000
0.301000
nan
nan
0.124000
nan
1.000000
nan
nan
nan
nan
0.262000
nan
nan
0.159000
nan
nan
0.175000
1.000000
0.987000
0.937000
0.536000
0.740000
0.792000
0.606000
0.649000
nan
0.708000
nan
nan
0.824000
nan
1.000000
nan
nan
nan
0.761000
0.799000
0.534000
0.328000
0.621000
nan
0.908000
nan
nan
0.701000
0.680000
nan
nan
nan
nan
nan
nan
nan
0.370000
0.385000
nan
0.625000
0.418000
0.849000
0.618000
0.716000
0.666000
nan
nan
0.718000
0.609000
0.543000
0.757000
0.249000
nan
