Coverage(RPKM): 1829.622980
nan
nan
0.129000
nan
nan
nan
nan
nan
0.334000
0.545000
nan
0.427000
nan
nan
nan
nan
nan
nan
nan
nan
0.749000
0.508000
nan
0.372000
nan
0.223000
nan
0.248000
0.129000
nan
0.446000
nan
nan
1.000000
nan
nan
nan
nan
nan
0.879000
nan
nan
nan
0.793000
0.334000
0.421000
0.724000
nan
nan
0.489000
nan
nan
nan
nan
nan
nan
0.415000
0.285000
0.755000
nan
nan
nan
nan
nan
0.563000
0.830000
nan
nan
nan
nan
nan
nan
nan
0.613000
nan
nan
0.365000
nan
nan
0.495000
nan
nan
nan
nan
0.334000
nan
nan
nan
nan
nan
nan
0.129000
nan
nan
nan
0.142000
nan
nan
nan
nan
nan
1.000000
0.594000
0.966000
1.000000
nan
nan
nan
0.198000
nan
0.396000
nan
0.303000
nan
0.514000
0.241000
0.316000
0.594000
nan
nan
0.526000
0.625000
0.743000
0.923000
0.545000
nan
nan
nan
0.737000
nan
nan
nan
0.743000
nan
nan
0.687000
0.656000
nan
0.570000
0.942000
nan
1.000000
1.000000
1.000000
0.471000
nan
nan
0.649000
nan
0.751000
nan
nan
0.929000
0.726000
0.993000
nan
0.802000
nan
0.968000
0.827000
0.777000
nan
nan
0.420000
nan
nan
0.624000
nan
nan
nan
nan
0.433000
0.204000
nan
0.331000
0.586000
nan
nan
nan
nan
nan
nan
nan
nan
0.878000
0.560000
0.382000
0.560000
nan
nan
nan
nan
nan
nan
nan
nan
0.382000
nan
nan
nan
0.267000
0.191000
nan
nan
0.522000
0.306000
nan
0.255000
nan
0.318000
nan
nan
nan
0.395000
0.509000
0.598000
nan
nan
nan
0.153000
0.178000
0.255000
nan
nan
nan
nan
0.025000
nan
nan
0.165000
0.089000
nan
nan
nan
0.025000
nan
nan
nan
nan
nan
0.025000
0.038000
0.025000
nan
nan
nan
nan
0.102000
nan
0.076000
nan
nan
nan
nan
nan
0.140000
0.216000
0.115000
0.115000
nan
0.345000
nan
nan
nan
0.419000
nan
0.173000
nan
nan
0.049000
nan
nan
nan
nan
0.148000
nan
0.395000
0.247000
0.247000
0.395000
nan
nan
nan
nan
nan
0.271000
0.395000
nan
0.049000
0.173000
0.321000
nan
nan
0.543000
0.617000
0.296000
0.592000
1.000000
0.148000
nan
0.049000
0.173000
nan
nan
0.493000
nan
nan
nan
0.370000
0.074000
0.074000
nan
nan
nan
nan
0.049000
0.074000
nan
0.099000
nan
nan
0.986000
0.049000
nan
nan
nan
nan
nan
1.000000
0.666000
nan
nan
nan
nan
0.099000
0.123000
nan
nan
nan
nan
1.000000
nan
nan
0.099000
nan
nan
nan
nan
0.567000
0.099000
nan
0.888000
0.567000
0.715000
nan
0.247000
0.173000
0.099000
nan
0.345000
nan
nan
nan
nan
nan
0.197000
nan
nan
0.863000
0.567000
0.395000
0.136000
nan
nan
0.500000
nan
0.364000
0.273000
nan
nan
nan
0.182000
nan
nan
1.000000
nan
nan
0.682000
nan
nan
nan
nan
0.136000
0.227000
0.364000
nan
0.364000
0.136000
nan
0.227000
nan
1.000000
nan
1.000000
nan
nan
nan
0.182000
nan
nan
0.227000
nan
0.318000
0.136000
nan
nan
0.455000
0.136000
0.182000
0.455000
nan
nan
nan
nan
nan
nan
1.000000
0.500000
nan
nan
nan
nan
nan
nan
0.636000
0.455000
0.864000
nan
0.318000
0.409000
0.136000
0.636000
0.909000
nan
nan
nan
0.727000
0.364000
0.409000
0.182000
nan
0.864000
nan
0.909000
0.955000
nan
0.636000
0.409000
0.409000
0.955000
0.318000
nan
nan
0.682000
nan
nan
0.227000
0.410000
0.154000
0.205000
0.342000
nan
nan
nan
nan
1.000000
0.057000
0.228000
0.057000
0.228000
0.399000
0.513000
nan
0.798000
nan
nan
nan
nan
nan
nan
nan
0.513000
0.741000
nan
0.969000
1.000000
nan
0.171000
nan
0.228000
0.570000
nan
0.969000
nan
nan
0.342000
nan
1.000000
nan
0.513000
nan
0.285000
nan
0.342000
nan
0.456000
0.342000
nan
0.285000
0.399000
nan
0.114000
0.570000
nan
nan
0.513000
nan
0.969000
0.342000
nan
0.285000
0.171000
nan
0.912000
0.342000
0.228000
nan
nan
nan
nan
0.228000
0.285000
0.342000
0.285000
0.057000
0.741000
0.627000
nan
0.114000
nan
nan
0.228000
0.342000
nan
nan
0.057000
nan
