Coverage(RPKM): 6109.615385
nan
nan
0.225000
0.247000
nan
nan
0.247000
0.225000
0.312000
0.356000
0.482000
nan
nan
0.378000
0.416000
0.247000
nan
0.225000
nan
0.674000
0.509000
nan
0.498000
0.570000
nan
nan
0.844000
nan
nan
0.663000
nan
nan
0.455000
0.614000
nan
0.833000
nan
0.449000
nan
nan
nan
nan
nan
0.849000
nan
1.000000
nan
nan
nan
nan
nan
nan
0.827000
nan
0.756000
nan
nan
nan
0.696000
0.811000
0.674000
nan
0.992000
0.488000
0.855000
0.964000
1.000000
nan
0.614000
0.729000
nan
nan
0.400000
0.915000
nan
nan
0.520000
0.449000
0.855000
nan
0.685000
0.937000
nan
0.729000
0.997000
nan
1.000000
nan
0.926000
0.729000
0.657000
0.997000
nan
0.805000
0.595000
1.000000
nan
0.656000
0.895000
0.458000
1.000000
nan
nan
0.666000
0.437000
nan
nan
0.575000
nan
nan
0.610000
nan
nan
0.783000
0.936000
0.681000
nan
nan
nan
0.453000
0.458000
0.381000
nan
0.417000
nan
0.173000
0.198000
0.173000
0.173000
0.320000
1.000000
nan
nan
nan
nan
nan
0.763000
0.712000
0.595000
nan
0.737000
0.585000
0.834000
nan
nan
0.631000
nan
0.697000
nan
0.839000
nan
0.641000
0.676000
0.631000
0.875000
nan
nan
nan
0.346000
0.249000
0.239000
0.697000
nan
0.936000
0.661000
nan
0.661000
0.661000
nan
nan
nan
0.849000
0.692000
0.651000
0.849000
0.585000
0.376000
0.557000
0.509000
nan
0.388000
nan
nan
nan
0.625000
nan
0.480000
0.316000
0.533000
0.609000
nan
nan
nan
0.509000
nan
0.408000
nan
0.701000
0.501000
nan
nan
0.565000
nan
nan
nan
0.308000
0.869000
0.625000
nan
nan
nan
nan
nan
0.541000
0.797000
0.460000
nan
0.593000
nan
0.901000
nan
nan
nan
0.709000
0.757000
nan
0.865000
0.697000
nan
0.813000
nan
nan
nan
0.825000
nan
0.721000
nan
nan
0.989000
0.981000
nan
nan
nan
nan
0.805000
nan
nan
nan
nan
nan
nan
0.273000
nan
0.320000
nan
nan
nan
nan
0.480000
nan
0.577000
nan
nan
nan
nan
nan
nan
0.933000
nan
nan
0.733000
0.852000
nan
0.910000
nan
nan
0.963000
nan
nan
nan
0.925000
1.000000
0.864000
nan
nan
0.254000
0.254000
nan
nan
0.545000
0.353000
nan
0.691000
nan
0.871000
1.000000
nan
nan
nan
0.444000
nan
0.415000
0.602000
nan
nan
0.742000
0.367000
0.323000
0.367000
nan
nan
0.643000
0.606000
nan
nan
nan
nan
nan
0.411000
0.470000
nan
nan
0.554000
0.338000
0.536000
nan
nan
1.000000
nan
nan
nan
nan
nan
nan
nan
nan
0.654000
0.551000
0.646000
0.646000
nan
nan
nan
0.411000
nan
0.312000
0.275000
nan
nan
nan
0.371000
0.408000
nan
0.301000
0.319000
0.386000
0.316000
0.378000
nan
0.393000
0.463000
0.698000
nan
nan
nan
nan
nan
nan
nan
nan
nan
nan
nan
nan
0.386000
nan
nan
nan
nan
nan
nan
nan
nan
nan
0.316000
nan
0.352000
0.419000
0.235000
nan
