Coverage(RPKM): 705.944056
nan
nan
0.263000
nan
nan
nan
nan
0.225000
0.225000
nan
nan
nan
0.600000
nan
0.092000
nan
nan
nan
nan
0.450000
nan
nan
nan
nan
nan
0.525000
nan
nan
nan
nan
nan
0.563000
0.600000
1.000000
0.901000
1.000000
0.938000
nan
nan
0.826000
nan
0.338000
0.563000
nan
0.750000
0.713000
nan
nan
0.158000
nan
nan
nan
0.277000
0.317000
nan
nan
0.554000
nan
nan
0.277000
0.076000
nan
nan
nan
0.515000
nan
nan
0.396000
nan
nan
nan
0.158000
nan
0.950000
0.950000
nan
0.198000
0.277000
0.119000
0.475000
0.119000
0.198000
0.554000
nan
nan
0.119000
nan
nan
nan
nan
nan
0.594000
nan
nan
0.356000
nan
nan
0.396000
0.088000
nan
nan
0.119000
nan
0.475000
0.238000
0.673000
nan
0.277000
0.752000
1.000000
0.594000
nan
0.475000
nan
nan
0.750000
nan
0.417000
nan
0.542000
nan
nan
0.500000
nan
nan
0.500000
nan
0.375000
0.208000
nan
0.333000
0.208000
1.000000
0.208000
0.417000
0.250000
0.083000
0.083000
0.060000
0.167000
nan
0.060000
nan
