Coverage(RPKM): 14221.476510
nan
nan
0.291000
nan
nan
nan
nan
0.566000
0.404000
0.432000
nan
0.404000
0.404000
nan
0.543000
0.607000
nan
0.602000
nan
0.838000
0.775000
0.900000
nan
nan
nan
nan
nan
nan
nan
0.675000
0.518000
0.607000
0.629000
0.618000
0.861000
1.000000
nan
0.688000
0.684000
0.652000
1.000000
nan
nan
0.948000
nan
nan
nan
nan
nan
0.554000
nan
0.429000
0.532000
nan
nan
0.411000
nan
nan
0.493000
nan
nan
nan
nan
0.895000
0.884000
0.941000
nan
nan
nan
0.311000
0.257000
nan
0.277000
nan
1.000000
0.493000
nan
0.227000
nan
0.311000
nan
nan
0.314000
nan
0.182000
0.602000
nan
nan
0.204000
0.204000
0.182000
nan
nan
nan
nan
nan
nan
0.582000
0.414000
nan
nan
nan
0.182000
0.820000
nan
nan
nan
nan
nan
nan
nan
nan
0.248000
nan
0.345000
nan
0.640000
0.936000
0.435000
nan
0.266000
nan
nan
0.229000
nan
nan
nan
0.882000
nan
nan
nan
nan
nan
nan
nan
0.178000
nan
nan
0.227000
0.222000
0.150000
0.182000
0.220000
nan
0.217000
nan
nan
nan
nan
nan
nan
0.398000
0.286000
nan
nan
nan
nan
nan
nan
nan
0.109000
nan
0.704000
nan
0.439000
nan
0.222000
0.588000
nan
0.108000
nan
0.108000
nan
0.070000
nan
nan
nan
nan
0.141000
nan
nan
0.070000
nan
nan
0.170000
nan
nan
nan
nan
0.091000
0.070000
0.578000
0.481000
0.506000
nan
nan
0.867000
nan
nan
nan
nan
nan
0.084000
0.220000
0.208000
nan
nan
nan
0.471000
nan
nan
nan
0.770000
1.000000
1.000000
nan
nan
0.276000
0.202000
nan
0.723000
nan
nan
nan
0.081000
nan
0.266000
0.215000
0.528000
0.353000
nan
1.000000
nan
nan
0.079000
0.149000
nan
0.096000
0.127000
0.089000
0.169000
nan
0.294000
0.123000
nan
0.541000
0.177000
nan
0.090000
nan
0.089000
nan
0.280000
0.802000
nan
nan
0.456000
nan
nan
0.990000
0.403000
0.806000
0.800000
nan
nan
0.572000
nan
nan
0.333000
nan
1.000000
nan
nan
nan
0.210000
0.213000
0.149000
0.118000
0.089000
nan
nan
nan
nan
0.701000
nan
0.624000
nan
nan
nan
nan
0.195000
nan
nan
0.208000
0.123000
0.094000
nan
1.000000
nan
0.881000
nan
nan
nan
nan
nan
0.129000
nan
nan
nan
nan
0.749000
0.898000
0.587000
nan
0.153000
0.883000
0.129000
nan
nan
nan
nan
nan
nan
nan
nan
0.180000
nan
nan
nan
1.000000
nan
nan
nan
0.528000
0.553000
0.446000
0.392000
0.512000
0.227000
0.968000
nan
nan
nan
0.571000
nan
0.148000
0.190000
nan
0.358000
0.206000
nan
0.429000
nan
nan
nan
nan
nan
0.588000
nan
0.494000
0.583000
nan
nan
nan
0.885000
0.810000
nan
nan
0.829000
1.000000
0.763000
nan
0.611000
nan
nan
nan
nan
nan
0.761000
0.190000
nan
nan
0.237000
0.133000
0.097000
0.103000
0.124000
nan
1.000000
nan
nan
nan
nan
nan
nan
nan
0.097000
0.097000
nan
nan
nan
0.674000
0.461000
nan
nan
0.653000
nan
0.511000
nan
0.607000
0.309000
0.569000
nan
nan
0.632000
nan
nan
nan
0.426000
0.504000
nan
0.386000
0.454000
0.328000
0.480000
nan
nan
nan
nan
nan
nan
0.393000
0.108000
nan
nan
nan
nan
nan
nan
nan
nan
nan
nan
nan
nan
0.122000
nan
