Coverage(RPKM): 4925.053996
nan
nan
0.095000
nan
nan
nan
nan
0.278000
nan
0.519000
0.482000
0.343000
nan
0.529000
0.556000
0.751000
1.000000
0.695000
0.464000
nan
nan
0.371000
0.510000
0.473000
nan
nan
0.612000
0.695000
0.454000
nan
nan
nan
nan
nan
0.584000
nan
nan
0.529000
0.436000
nan
0.547000
nan
nan
nan
nan
0.631000
nan
0.964000
0.770000
1.000000
nan
nan
0.825000
nan
0.723000
0.964000
1.000000
nan
nan
nan
nan
nan
nan
nan
0.834000
0.158000
0.095000
0.095000
0.121000
0.232000
0.742000
0.408000
nan
0.649000
0.501000
nan
0.371000
nan
0.640000
0.603000
nan
0.732000
0.649000
0.482000
0.658000
nan
nan
0.946000
nan
nan
nan
0.269000
0.556000
nan
nan
nan
0.695000
0.408000
0.747000
0.486000
0.694000
nan
nan
0.538000
0.282000
0.391000
0.408000
nan
nan
0.833000
0.495000
0.868000
1.000000
0.530000
0.417000
0.295000
0.642000
0.720000
0.686000
0.477000
0.816000
nan
0.634000
0.582000
nan
0.486000
nan
nan
0.651000
nan
0.885000
nan
0.443000
0.660000
nan
nan
nan
nan
nan
0.755000
nan
nan
nan
0.651000
nan
nan
0.799000
0.642000
nan
nan
0.521000
0.286000
0.282000
0.668000
0.755000
nan
nan
nan
0.703000
0.816000
0.651000
nan
0.851000
nan
0.391000
0.282000
1.000000
nan
1.000000
nan
nan
0.521000
0.842000
0.703000
0.807000
0.807000
nan
0.825000
0.356000
0.279000
0.559000
nan
nan
nan
0.796000
0.495000
nan
0.366000
nan
nan
0.559000
0.529000
nan
0.885000
0.584000
0.386000
0.514000
0.564000
nan
nan
0.312000
nan
nan
0.861000
nan
0.396000
nan
0.336000
nan
nan
0.279000
0.509000
0.648000
nan
0.279000
0.282000
nan
0.569000
nan
0.653000
nan
0.420000
0.317000
0.633000
0.401000
0.519000
0.747000
0.490000
nan
0.603000
nan
nan
nan
nan
nan
nan
nan
nan
nan
0.989000
0.406000
nan
0.430000
nan
nan
0.410000
nan
nan
nan
0.356000
0.529000
0.786000
nan
nan
nan
nan
1.000000
1.000000
0.598000
0.589000
0.613000
0.737000
1.000000
nan
0.791000
0.875000
nan
0.856000
nan
nan
0.603000
nan
nan
nan
0.572000
nan
1.000000
0.643000
0.685000
0.877000
1.000000
nan
0.260000
0.380000
nan
nan
0.661000
0.722000
0.568000
0.708000
nan
nan
nan
0.643000
0.661000
0.652000
0.399000
nan
nan
nan
nan
1.000000
nan
nan
0.591000
nan
nan
nan
nan
0.605000
0.704000
0.267000
0.260000
0.596000
nan
nan
nan
nan
0.558000
0.976000
nan
0.713000
0.933000
nan
nan
nan
0.507000
0.286000
0.563000
nan
nan
nan
0.990000
0.441000
0.732000
0.671000
0.568000
0.260000
0.464000
nan
0.600000
0.647000
0.891000
0.492000
0.563000
0.399000
0.835000
0.741000
nan
0.483000
nan
nan
0.422000
nan
0.854000
nan
0.915000
0.966000
0.828000
0.552000
0.497000
nan
0.556000
0.485000
nan
nan
0.527000
0.811000
0.665000
nan
nan
0.899000
nan
0.615000
0.334000
nan
nan
0.318000
0.531000
0.702000
nan
nan
0.468000
0.272000
0.309000
nan
0.727000
0.510000
nan
0.824000
0.644000
0.318000
0.205000
0.179000
nan
0.247000
nan
0.222000
0.280000
1.000000
1.000000
nan
nan
nan
nan
0.195000
nan
0.179000
nan
nan
nan
0.556000
nan
nan
0.569000
0.330000
nan
0.656000
nan
nan
nan
0.635000
0.920000
0.928000
0.506000
nan
nan
nan
nan
0.962000
0.790000
nan
0.819000
1.000000
0.991000
nan
nan
0.652000
0.368000
nan
0.773000
0.573000
0.397000
0.497000
0.176000
0.301000
nan
nan
nan
nan
nan
0.284000
0.176000
nan
nan
0.556000
nan
0.401000
nan
nan
nan
0.159000
nan
