Coverage(RPKM): 9080.985915
nan
nan
0.310000
nan
nan
nan
0.347000
0.459000
nan
0.682000
nan
0.505000
0.509000
nan
nan
nan
0.397000
nan
nan
nan
nan
0.540000
nan
nan
0.310000
nan
nan
nan
nan
nan
nan
0.382000
0.428000
nan
nan
0.474000
0.355000
nan
nan
nan
0.389000
0.756000
0.640000
nan
nan
nan
0.447000
nan
0.894000
nan
0.428000
nan
nan
nan
nan
0.902000
nan
0.867000
nan
nan
nan
nan
nan
0.775000
nan
0.536000
nan
0.520000
0.312000
0.721000
0.775000
nan
nan
nan
0.887000
0.837000
nan
nan
1.000000
0.867000
0.821000
0.794000
nan
0.490000
nan
0.783000
nan
nan
nan
nan
0.310000
0.509000
0.544000
nan
nan
nan
0.794000
0.470000
0.744000
0.736000
nan
0.894000
0.752000
nan
nan
0.983000
1.000000
nan
1.000000
0.663000
nan
0.756000
0.767000
0.421000
0.375000
0.437000
0.593000
nan
0.513000
0.531000
nan
nan
0.339000
0.556000
0.574000
nan
nan
0.341000
0.304000
0.412000
0.458000
0.245000
nan
nan
nan
nan
0.613000
0.487000
nan
nan
nan
nan
nan
nan
nan
0.286000
0.238000
nan
nan
0.506000
0.785000
0.737000
nan
0.320000
0.293000
nan
0.225000
0.225000
nan
1.000000
0.721000
nan
0.890000
0.806000
nan
nan
0.817000
0.611000
nan
0.849000
0.893000
nan
0.751000
nan
nan
0.970000
nan
nan
0.794000
1.000000
0.595000
0.641000
nan
0.474000
0.629000
0.947000
nan
nan
nan
0.863000
nan
nan
0.588000
nan
1.000000
nan
0.989000
0.938000
nan
nan
0.748000
0.730000
nan
nan
0.225000
nan
nan
nan
nan
nan
0.657000
1.000000
0.583000
0.816000
nan
nan
nan
0.941000
0.798000
nan
1.000000
0.762000
nan
nan
0.562000
nan
nan
0.435000
nan
0.283000
nan
nan
nan
nan
nan
0.807000
0.537000
nan
0.462000
nan
0.338000
0.530000
nan
nan
nan
nan
0.827000
nan
0.694000
0.338000
nan
nan
0.199000
nan
nan
0.199000
1.000000
0.934000
0.746000
nan
nan
0.263000
nan
nan
0.215000
0.199000
nan
0.970000
nan
0.716000
nan
0.592000
0.888000
0.839000
nan
0.603000
0.542000
0.274000
0.580000
nan
0.453000
0.462000
0.467000
nan
nan
0.487000
0.528000
nan
nan
0.580000
nan
0.655000
nan
0.560000
nan
nan
0.281000
0.385000
0.422000
nan
nan
0.560000
0.682000
0.619000
nan
nan
0.912000
0.915000
nan
0.865000
0.943000
nan
0.844000
nan
0.747000
nan
0.350000
nan
0.471000
nan
nan
nan
nan
nan
0.930000
0.968000
0.453000
0.385000
0.372000
nan
nan
0.397000
0.350000
nan
nan
nan
0.661000
0.602000
0.468000
nan
nan
nan
0.701000
0.778000
nan
nan
nan
nan
1.000000
nan
nan
0.319000
0.679000
0.676000
nan
0.875000
0.837000
1.000000
nan
0.335000
0.546000
0.521000
nan
0.354000
nan
nan
nan
nan
nan
nan
0.350000
0.574000
0.357000
nan
0.648000
nan
nan
0.518000
0.518000
0.422000
nan
nan
nan
nan
0.354000
0.284000
nan
0.512000
0.701000
0.769000
0.400000
0.459000
nan
0.490000
1.000000
nan
0.297000
0.422000
0.312000
nan
nan
0.654000
nan
nan
nan
nan
nan
nan
nan
0.310000
nan
nan
nan
nan
nan
0.388000
nan
0.254000
nan
nan
nan
0.471000
0.496000
0.639000
0.254000
nan
