Coverage(RPKM): 559.090909
nan
nan
0.176000
nan
nan
nan
0.000000
nan
0.000000
nan
0.000000
nan
nan
0.235000
nan
0.176000
nan
0.353000
nan
0.118000
0.176000
0.412000
0.000000
nan
0.059000
0.235000
0.235000
nan
0.176000
0.118000
nan
nan
0.000000
nan
0.235000
0.353000
0.176000
nan
nan
0.235000
0.412000
0.235000
nan
0.765000
0.118000
0.294000
nan
nan
nan
0.118000
0.824000
0.824000
0.353000
0.647000
0.471000
nan
0.529000
nan
1.000000
nan
0.412000
0.471000
nan
nan
nan
0.706000
0.118000
nan
nan
0.471000
0.894000
0.526000
nan
nan
nan
0.368000
nan
nan
nan
0.421000
nan
nan
0.737000
nan
0.684000
0.987000
nan
0.579000
0.918000
nan
0.526000
nan
0.526000
nan
0.418000
0.371000
1.000000
0.603000
nan
0.742000
nan
0.464000
0.093000
nan
0.093000
nan
0.696000
0.835000
nan
0.557000
0.696000
1.000000
nan
nan
0.278000
0.789000
nan
0.464000
nan
0.325000
nan
nan
0.510000
nan
nan
nan
0.742000
nan
1.000000
nan
nan
0.418000
nan
nan
nan
nan
nan
nan
0.139000
nan
nan
nan
nan
nan
nan
0.974000
nan
nan
0.232000
0.139000
nan
nan
nan
0.093000
0.325000
nan
nan
0.278000
0.510000
0.325000
0.278000
nan
0.371000
0.093000
0.232000
nan
0.186000
nan
nan
0.278000
0.186000
0.371000
nan
nan
0.186000
nan
