Coverage(RPKM): 10329.940120
nan
nan
0.223000
0.492000
nan
nan
0.420000
nan
nan
nan
0.631000
0.625000
nan
0.154000
nan
nan
0.112000
nan
0.083000
0.083000
nan
nan
nan
nan
0.549000
0.308000
nan
nan
nan
nan
nan
nan
nan
0.365000
nan
0.580000
0.266000
nan
0.245000
nan
nan
nan
nan
nan
0.894000
nan
nan
0.311000
0.118000
0.480000
0.278000
0.124000
0.169000
nan
0.130000
0.130000
nan
0.115000
0.251000
nan
nan
nan
0.963000
nan
0.169000
nan
nan
0.232000
nan
nan
nan
nan
nan
0.196000
nan
nan
0.290000
nan
0.172000
nan
nan
nan
nan
0.083000
0.133000
nan
0.088000
0.260000
nan
0.238000
0.290000
0.254000
nan
0.109000
nan
nan
nan
nan
nan
1.000000
1.000000
nan
0.211000
nan
0.169000
0.269000
nan
nan
nan
nan
nan
nan
nan
0.133000
1.000000
nan
nan
nan
nan
nan
nan
nan
0.975000
nan
nan
nan
nan
0.800000
nan
nan
nan
nan
nan
nan
nan
nan
0.217000
0.259000
0.287000
nan
0.561000
0.264000
nan
nan
nan
0.352000
1.000000
nan
nan
nan
nan
0.064000
nan
nan
0.712000
0.459000
nan
0.189000
nan
0.199000
0.131000
nan
0.137000
1.000000
nan
nan
nan
nan
nan
nan
nan
nan
nan
0.142000
nan
nan
0.602000
nan
1.000000
0.523000
0.328000
0.279000
0.255000
0.064000
nan
nan
nan
0.088000
0.099000
0.808000
0.079000
nan
nan
0.210000
0.167000
0.579000
nan
0.546000
0.450000
0.478000
nan
0.733000
0.514000
0.444000
0.739000
nan
nan
0.081000
0.139000
nan
nan
nan
0.116000
0.086000
0.105000
nan
0.546000
nan
nan
nan
0.064000
0.066000
nan
0.159000
0.304000
nan
nan
0.827000
0.675000
nan
nan
0.090000
0.169000
0.116000
0.098000
0.338000
nan
nan
0.483000
nan
0.405000
0.347000
nan
1.000000
nan
nan
0.140000
0.391000
0.303000
1.000000
nan
nan
nan
0.429000
0.432000
0.543000
0.463000
0.846000
nan
nan
nan
0.113000
nan
nan
1.000000
nan
nan
0.808000
nan
nan
nan
0.487000
nan
nan
nan
nan
nan
0.183000
0.218000
nan
0.868000
nan
0.707000
0.727000
0.901000
nan
0.779000
0.183000
0.243000
nan
nan
0.176000
nan
nan
0.234000
nan
0.332000
nan
nan
0.124000
nan
nan
0.133000
0.133000
nan
0.223000
0.092000
0.174000
nan
0.514000
0.681000
0.538000
nan
nan
nan
nan
nan
nan
0.138000
nan
nan
nan
nan
nan
nan
0.263000
nan
0.287000
0.296000
0.151000
nan
0.092000
0.092000
0.222000
nan
0.959000
0.962000
nan
nan
nan
0.192000
nan
nan
0.421000
nan
nan
0.126000
0.423000
nan
1.000000
nan
nan
0.377000
nan
nan
0.904000
1.000000
nan
nan
nan
0.250000
0.726000
nan
nan
nan
0.112000
0.179000
0.256000
0.184000
0.173000
nan
nan
0.126000
nan
nan
nan
nan
nan
0.410000
0.608000
nan
0.740000
nan
0.874000
nan
nan
0.308000
0.429000
nan
0.302000
0.324000
1.000000
0.484000
0.291000
0.209000
0.319000
0.609000
nan
nan
0.188000
0.279000
0.275000
nan
0.330000
0.321000
nan
nan
nan
0.253000
nan
nan
nan
0.905000
0.813000
nan
0.373000
0.249000
nan
0.220000
nan
nan
nan
0.386000
nan
nan
nan
0.224000
nan
nan
nan
0.143000
nan
0.132000
nan
nan
nan
0.227000
nan
0.211000
0.132000
nan
0.162000
nan
1.000000
0.903000
nan
nan
1.000000
nan
nan
nan
nan
nan
0.619000
0.660000
0.515000
0.615000
0.955000
nan
0.806000
nan
0.537000
nan
0.645000
nan
0.276000
nan
0.164000
0.612000
0.492000
nan
0.571000
0.530000
0.533000
0.384000
0.339000
nan
nan
nan
nan
nan
nan
nan
0.627000
0.649000
nan
nan
0.489000
nan
0.332000
nan
nan
nan
nan
0.474000
0.231000
0.459000
0.511000
0.332000
0.152000
nan
