Coverage(RPKM): 193.902439
nan
nan
0.000000
0.000000
nan
nan
0.000000
nan
0.000000
nan
nan
nan
0.000000
nan
0.000000
0.000000
0.000000
0.000000
nan
0.000000
nan
nan
0.000000
1.000000
nan
1.000000
0.000000
nan
nan
nan
nan
0.000000
0.000000
0.000000
nan
0.513000
nan
0.513000
0.000000
0.000000
nan
nan
nan
nan
0.513000
0.000000
nan
0.000000
0.000000
nan
nan
nan
0.000000
nan
nan
nan
nan
0.000000
0.000000
nan
1.000000
0.000000
nan
0.000000
0.000000
nan
nan
0.513000
0.000000
0.000000
0.000000
nan
nan
nan
0.000000
0.000000
nan
0.000000
0.000000
0.000000
0.000000
nan
