Coverage(RPKM): 8045.766590
nan
nan
0.344000
nan
nan
nan
nan
nan
nan
0.547000
nan
0.524000
0.414000
nan
0.346000
0.356000
0.417000
nan
nan
nan
0.760000
0.678000
nan
0.674000
0.636000
0.896000
nan
0.616000
0.660000
nan
nan
0.766000
0.736000
nan
0.459000
nan
0.417000
0.534000
0.671000
0.493000
nan
nan
0.838000
0.568000
0.544000
nan
nan
0.344000
0.431000
0.530000
nan
0.575000
nan
0.818000
nan
nan
nan
0.363000
0.650000
nan
nan
nan
0.972000
nan
nan
0.373000
nan
nan
0.421000
nan
0.585000
0.821000
0.344000
0.404000
0.630000
nan
nan
1.000000
nan
0.869000
nan
nan
nan
1.000000
nan
nan
nan
nan
nan
0.595000
1.000000
nan
nan
0.547000
0.640000
0.801000
0.667000
nan
0.708000
0.643000
0.788000
0.858000
nan
0.971000
nan
nan
nan
nan
nan
0.837000
1.000000
0.880000
0.665000
0.823000
0.549000
0.672000
0.573000
0.785000
1.000000
nan
0.816000
nan
nan
nan
1.000000
nan
0.675000
0.507000
0.303000
0.605000
nan
nan
0.760000
0.929000
nan
0.623000
nan
nan
0.876000
nan
nan
nan
nan
0.686000
0.718000
0.830000
nan
nan
0.408000
nan
nan
nan
0.401000
nan
nan
0.883000
nan
nan
0.816000
0.545000
nan
0.588000
nan
0.422000
nan
nan
0.682000
nan
nan
nan
nan
0.690000
nan
nan
0.711000
0.711000
0.686000
nan
0.633000
nan
0.623000
0.401000
nan
0.303000
0.303000
0.412000
nan
nan
0.672000
0.823000
0.788000
0.774000
nan
nan
0.317000
0.602000
0.210000
0.134000
nan
nan
nan
nan
nan
0.520000
0.542000
nan
0.506000
0.765000
0.212000
nan
nan
nan
nan
0.397000
nan
0.729000
0.676000
0.603000
nan
nan
0.506000
0.503000
0.620000
nan
0.249000
0.380000
0.405000
0.570000
0.897000
nan
nan
0.229000
0.112000
0.715000
nan
0.592000
nan
1.000000
0.240000
0.110000
0.131000
nan
nan
nan
0.961000
nan
0.173000
0.110000
nan
nan
0.148000
nan
nan
0.548000
1.000000
0.810000
nan
0.986000
nan
nan
nan
nan
0.399000
nan
0.140000
0.110000
nan
nan
0.148000
0.349000
nan
0.975000
nan
0.648000
nan
nan
nan
nan
nan
nan
0.539000
0.911000
1.000000
nan
0.869000
0.475000
0.575000
0.687000
0.793000
nan
nan
nan
1.000000
0.590000
0.811000
0.512000
0.520000
nan
nan
nan
nan
nan
nan
0.294000
0.224000
nan
0.219000
nan
nan
1.000000
nan
0.470000
nan
0.219000
0.425000
0.593000
0.763000
0.791000
nan
nan
nan
nan
nan
0.310000
nan
0.581000
0.277000
nan
nan
0.710000
0.321000
0.219000
nan
0.962000
nan
nan
0.305000
0.743000
0.356000
0.758000
0.921000
nan
0.888000
0.659000
nan
0.795000
0.396000
nan
1.000000
nan
0.876000
nan
0.467000
nan
nan
0.285000
nan
0.396000
nan
nan
nan
nan
nan
0.634000
0.690000
nan
0.625000
0.464000
0.653000
nan
nan
0.520000
nan
0.467000
nan
nan
0.560000
0.579000
0.730000
nan
nan
nan
0.325000
0.371000
0.727000
0.928000
nan
nan
0.234000
nan
0.180000
nan
0.275000
nan
nan
nan
0.875000
0.641000
0.770000
0.770000
0.614000
nan
0.143000
0.231000
nan
nan
0.098000
nan
0.063000
nan
0.063000
0.063000
nan
0.238000
nan
nan
0.319000
nan
0.187000
0.414000
nan
nan
nan
0.573000
nan
nan
nan
nan
nan
nan
nan
0.424000
nan
0.512000
0.343000
0.075000
nan
