Coverage(RPKM): 603.092784
nan
nan
0.000000
nan
nan
nan
nan
nan
0.000000
nan
0.167000
0.167000
nan
0.333000
nan
0.333000
0.167000
0.167000
0.167000
0.667000
nan
nan
0.083000
0.333000
0.333000
0.667000
0.583000
0.333000
0.583000
0.167000
nan
0.583000
0.500000
nan
nan
nan
1.000000
0.417000
nan
nan
1.000000
0.250000
nan
0.019000
nan
nan
nan
0.019000
0.500000
nan
0.333000
0.167000
0.417000
nan
0.667000
nan
1.000000
0.333000
nan
0.667000
0.333000
0.500000
nan
nan
nan
nan
0.417000
nan
1.000000
nan
nan
nan
nan
nan
0.833000
0.333000
0.500000
nan
0.417000
nan
nan
0.167000
0.083000
0.167000
0.167000
nan
nan
0.250000
0.333000
0.250000
0.167000
nan
nan
nan
0.167000
0.038000
nan
