Coverage(RPKM): 9191.782730
nan
nan
0.150000
nan
nan
nan
0.368000
nan
nan
0.432000
nan
nan
0.362000
0.326000
0.426000
nan
nan
nan
0.420000
nan
0.574000
0.404000
nan
0.629000
0.270000
0.454000
0.585000
0.540000
nan
nan
nan
nan
0.404000
0.443000
0.537000
0.147000
nan
nan
nan
nan
0.287000
nan
nan
nan
0.159000
0.198000
nan
0.454000
0.147000
0.147000
nan
nan
nan
nan
0.768000
nan
0.276000
0.451000
0.340000
nan
nan
nan
nan
0.930000
nan
nan
0.741000
nan
nan
0.835000
nan
0.523000
nan
nan
1.000000
0.980000
nan
0.582000
nan
0.638000
0.936000
0.807000
nan
0.688000
nan
0.532000
nan
nan
0.883000
1.000000
0.599000
nan
0.337000
0.259000
nan
nan
0.228000
1.000000
0.788000
0.613000
0.777000
0.500000
0.348000
0.780000
0.539000
nan
nan
nan
0.800000
nan
0.601000
0.755000
nan
nan
0.747000
nan
0.674000
0.848000
0.836000
nan
0.864000
0.427000
nan
nan
nan
0.991000
0.486000
nan
0.718000
nan
0.620000
0.500000
nan
0.488000
nan
0.951000
0.469000
nan
nan
nan
nan
0.427000
nan
0.727000
0.345000
nan
nan
nan
nan
0.573000
nan
nan
0.688000
0.559000
nan
1.000000
0.500000
0.368000
nan
0.603000
0.505000
nan
0.671000
nan
nan
nan
0.763000
0.777000
0.775000
nan
0.789000
0.718000
0.578000
nan
0.702000
0.399000
0.345000
nan
nan
0.345000
nan
0.749000
0.890000
nan
nan
0.718000
0.811000
1.000000
0.584000
1.000000
0.295000
0.712000
0.783000
nan
nan
nan
0.663000
0.655000
0.402000
nan
nan
0.736000
nan
0.822000
nan
0.629000
0.689000
nan
0.504000
0.725000
0.626000
nan
0.444000
nan
nan
0.292000
nan
nan
0.462000
nan
nan
nan
nan
0.389000
nan
nan
0.181000
0.253000
nan
nan
1.000000
nan
nan
nan
0.751000
0.746000
0.209000
nan
0.266000
nan
1.000000
1.000000
0.991000
nan
nan
0.712000
nan
0.637000
0.699000
0.759000
nan
nan
nan
0.334000
0.916000
0.811000
nan
nan
nan
0.181000
nan
nan
nan
nan
nan
0.462000
0.271000
0.451000
0.370000
nan
nan
0.181000
0.329000
0.378000
nan
0.726000
0.397000
0.683000
0.697000
0.493000
0.946000
nan
nan
nan
nan
0.675000
0.695000
1.000000
nan
0.943000
nan
0.631000
0.722000
nan
0.753000
nan
0.667000
0.520000
0.499000
nan
0.471000
0.223000
0.349000
0.520000
nan
nan
nan
nan
0.624000
0.735000
nan
0.683000
0.496000
0.719000
0.557000
0.496000
0.505000
0.940000
nan
nan
0.429000
0.511000
0.817000
0.395000
0.187000
0.309000
0.487000
nan
nan
nan
0.713000
0.943000
1.000000
0.732000
0.716000
0.156000
0.156000
0.156000
nan
nan
nan
nan
0.266000
nan
nan
nan
nan
0.600000
nan
nan
nan
nan
nan
0.248000
0.643000
0.649000
nan
0.251000
nan
