Coverage(RPKM): 1676.631854
nan
nan
0.043000
nan
nan
nan
nan
nan
0.522000
0.261000
0.478000
0.043000
0.130000
0.565000
0.174000
0.087000
nan
0.435000
nan
nan
0.261000
0.261000
0.217000
0.348000
0.435000
0.348000
nan
0.217000
0.043000
0.087000
0.348000
0.522000
0.304000
nan
nan
0.652000
0.391000
0.087000
0.261000
nan
0.565000
nan
0.043000
nan
0.261000
0.261000
0.565000
nan
0.609000
0.522000
nan
0.174000
nan
0.174000
0.565000
0.696000
nan
nan
0.652000
0.652000
0.478000
0.522000
0.261000
nan
nan
0.565000
nan
nan
1.000000
nan
nan
nan
nan
nan
1.000000
0.826000
0.913000
0.783000
nan
nan
1.000000
nan
1.000000
0.399000
0.533000
nan
0.373000
0.266000
0.107000
nan
0.092000
0.559000
0.479000
0.639000
nan
nan
0.426000
nan
nan
nan
0.266000
nan
nan
0.426000
0.453000
nan
1.000000
nan
0.092000
0.092000
nan
nan
nan
nan
nan
nan
0.479000
0.479000
0.133000
0.506000
nan
nan
0.959000
nan
nan
0.905000
0.586000
0.479000
1.000000
nan
nan
nan
nan
nan
0.666000
nan
nan
0.746000
0.479000
0.426000
0.373000
0.772000
nan
nan
nan
0.772000
nan
nan
nan
0.320000
nan
0.373000
0.506000
nan
nan
0.506000
0.985000
nan
nan
nan
nan
nan
0.666000
0.506000
0.107000
0.320000
nan
0.453000
0.426000
nan
0.692000
nan
nan
0.586000
nan
nan
0.692000
nan
0.799000
nan
nan
0.879000
nan
nan
1.000000
0.613000
nan
0.483000
0.564000
nan
nan
0.443000
0.201000
0.262000
0.705000
0.906000
nan
nan
nan
0.785000
nan
nan
nan
0.544000
0.383000
0.201000
0.201000
0.524000
0.604000
0.906000
nan
0.725000
0.745000
nan
nan
nan
0.685000
0.242000
nan
nan
nan
nan
0.645000
nan
0.443000
nan
0.201000
0.564000
nan
nan
nan
nan
nan
0.544000
nan
nan
nan
0.222000
0.363000
0.322000
nan
0.423000
nan
0.383000
nan
nan
0.322000
nan
nan
nan
0.423000
0.322000
nan
0.222000
nan
nan
nan
0.262000
0.222000
nan
nan
nan
0.383000
nan
0.544000
0.463000
nan
0.403000
0.363000
nan
0.504000
0.383000
0.483000
nan
0.423000
0.423000
0.967000
nan
nan
nan
1.000000
nan
nan
nan
nan
nan
nan
nan
1.000000
nan
1.000000
nan
nan
nan
0.618000
nan
0.380000
nan
nan
0.390000
nan
0.450000
nan
nan
nan
0.549000
0.579000
0.320000
nan
0.569000
0.559000
0.589000
nan
nan
nan
nan
0.629000
nan
nan
nan
0.450000
nan
nan
0.919000
0.779000
nan
0.390000
0.360000
0.809000
nan
nan
0.809000
1.000000
0.749000
nan
nan
0.949000
nan
0.679000
nan
0.909000
nan
nan
0.509000
1.000000
nan
nan
nan
nan
0.490000
0.460000
0.500000
0.989000
0.579000
0.959000
0.589000
1.000000
nan
nan
0.390000
0.539000
nan
0.729000
0.789000
nan
nan
0.649000
0.659000
0.549000
0.799000
0.899000
nan
0.579000
0.303000
0.799000
0.410000
nan
nan
0.539000
0.609000
0.303000
0.303000
nan
