Coverage(RPKM): 8510.948905
nan
nan
0.173000
0.364000
nan
nan
nan
0.350000
0.229000
nan
0.406000
nan
nan
nan
nan
nan
nan
nan
0.315000
0.390000
0.535000
0.453000
nan
nan
0.135000
nan
0.399000
0.173000
0.217000
0.140000
nan
0.507000
0.369000
0.135000
0.180000
nan
0.983000
nan
nan
nan
nan
nan
nan
nan
0.135000
nan
nan
0.301000
0.231000
0.318000
1.000000
nan
nan
nan
nan
0.142000
0.705000
0.670000
0.703000
0.904000
nan
0.283000
0.194000
0.283000
nan
nan
0.675000
0.649000
nan
1.000000
0.920000
nan
nan
nan
nan
nan
0.290000
nan
nan
0.357000
0.523000
0.771000
0.838000
nan
nan
nan
1.000000
0.593000
0.488000
0.530000
0.495000
nan
0.670000
0.572000
nan
0.677000
nan
0.229000
0.654000
0.452000
0.668000
nan
nan
1.000000
1.000000
nan
0.614000
nan
nan
nan
nan
nan
0.793000
1.000000
nan
0.894000
nan
nan
0.981000
0.752000
0.887000
nan
0.759000
nan
nan
nan
0.664000
0.182000
0.173000
0.334000
0.803000
nan
nan
0.759000
nan
0.759000
0.550000
nan
0.634000
nan
nan
0.779000
0.816000
nan
0.516000
0.449000
nan
0.236000
0.173000
0.304000
nan
0.293000
0.685000
0.728000
0.691000
nan
nan
0.189000
0.173000
nan
nan
nan
0.243000
nan
0.513000
nan
0.492000
0.422000
nan
nan
0.479000
0.496000
nan
nan
0.341000
0.428000
0.280000
0.476000
0.523000
nan
nan
0.411000
0.300000
0.378000
0.644000
nan
0.462000
0.250000
0.370000
0.337000
nan
0.462000
0.310000
0.501000
0.525000
nan
0.536000
nan
nan
nan
nan
0.632000
nan
0.262000
0.277000
nan
nan
0.572000
nan
nan
0.396000
nan
nan
nan
nan
nan
0.620000
nan
0.390000
nan
nan
nan
0.438000
0.525000
0.364000
nan
nan
nan
0.471000
0.998000
0.536000
0.194000
0.477000
0.501000
0.629000
0.659000
nan
nan
0.674000
0.611000
nan
0.945000
0.617000
0.846000
nan
0.194000
0.101000
nan
0.107000
nan
0.101000
0.146000
nan
nan
nan
0.432000
0.998000
1.000000
0.998000
nan
nan
0.963000
1.000000
nan
0.542000
nan
nan
0.304000
nan
nan
0.101000
nan
0.101000
nan
nan
nan
1.000000
0.435000
nan
0.295000
nan
nan
0.124000
0.571000
0.199000
1.000000
0.839000
0.890000
0.841000
nan
nan
nan
nan
nan
0.499000
0.272000
nan
0.433000
nan
1.000000
nan
0.689000
0.700000
0.855000
nan
nan
nan
0.124000
0.126000
nan
0.464000
0.136000
0.194000
0.124000
0.200000
0.499000
nan
nan
0.316000
nan
0.153000
nan
nan
0.386000
nan
nan
0.208000
nan
nan
nan
nan
0.675000
0.274000
nan
nan
0.712000
0.789000
0.902000
nan
1.000000
0.764000
0.968000
nan
0.373000
0.245000
0.408000
0.373000
0.388000
0.388000
0.596000
nan
nan
0.749000
nan
nan
0.784000
0.576000
nan
0.470000
nan
0.492000
nan
0.475000
0.752000
nan
nan
0.626000
0.774000
nan
0.544000
0.419000
0.481000
0.520000
nan
nan
0.487000
0.362000
0.403000
nan
nan
0.315000
0.160000
0.160000
0.160000
1.000000
nan
nan
nan
nan
nan
nan
nan
nan
nan
nan
nan
nan
0.299000
0.226000
0.370000
0.435000
nan
nan
0.320000
nan
0.403000
0.299000
nan
nan
0.167000
nan
