Coverage(RPKM): 9104.640719
nan
nan
0.172000
nan
nan
nan
nan
0.117000
0.117000
0.176000
0.323000
nan
nan
nan
nan
1.000000
nan
0.696000
0.436000
0.537000
nan
nan
nan
nan
nan
nan
nan
0.612000
nan
nan
nan
0.361000
nan
nan
nan
nan
1.000000
nan
nan
nan
nan
nan
nan
nan
nan
nan
nan
nan
nan
0.839000
0.151000
0.151000
0.273000
0.122000
nan
0.398000
0.537000
0.671000
nan
0.537000
nan
0.508000
nan
nan
0.625000
0.982000
0.524000
nan
0.394000
nan
0.231000
nan
nan
nan
0.298000
0.294000
nan
0.587000
0.344000
nan
nan
nan
0.117000
nan
nan
nan
nan
1.000000
0.860000
nan
nan
0.751000
0.839000
0.659000
nan
nan
0.495000
0.478000
nan
nan
0.453000
0.524000
nan
nan
nan
0.654000
nan
nan
0.902000
0.478000
0.470000
0.474000
0.642000
0.390000
0.461000
nan
nan
0.675000
nan
0.033000
nan
nan
0.030000
0.041000
0.036000
nan
0.023000
0.020000
nan
0.023000
nan
0.063000
nan
0.041000
0.026000
0.047000
nan
nan
nan
nan
nan
nan
0.738000
nan
nan
nan
nan
nan
nan
nan
nan
nan
nan
nan
nan
nan
nan
nan
nan
1.000000
nan
nan
nan
nan
nan
nan
nan
nan
nan
nan
nan
nan
nan
nan
nan
nan
1.000000
nan
nan
nan
nan
nan
nan
nan
1.000000
nan
nan
nan
nan
nan
nan
nan
nan
nan
nan
nan
nan
nan
nan
nan
0.075000
nan
0.078000
0.076000
nan
nan
nan
nan
0.027000
nan
0.018000
0.013000
nan
0.030000
nan
0.004000
nan
0.010000
0.005000
nan
0.004000
nan
0.069000
nan
nan
nan
nan
0.013000
nan
nan
0.004000
nan
0.004000
nan
nan
0.024000
nan
0.014000
nan
0.022000
nan
nan
nan
nan
nan
0.052000
nan
nan
0.013000
nan
0.015000
nan
nan
0.007000
0.016000
0.017000
nan
nan
nan
0.034000
0.039000
nan
nan
nan
nan
0.031000
0.026000
nan
nan
0.014000
nan
0.027000
0.049000
nan
nan
0.025000
0.023000
nan
nan
0.040000
nan
0.034000
0.166000
nan
nan
0.138000
0.141000
nan
1.000000
0.285000
0.264000
nan
0.198000
0.213000
0.334000
nan
0.462000
0.330000
0.279000
0.381000
0.779000
nan
0.596000
0.534000
nan
0.409000
nan
nan
nan
nan
nan
0.121000
nan
nan
0.158000
nan
nan
0.784000
nan
0.460000
0.287000
0.123000
0.379000
0.417000
nan
nan
nan
0.108000
0.108000
nan
nan
nan
0.909000
0.996000
nan
nan
0.119000
nan
nan
0.108000
nan
nan
nan
nan
nan
nan
1.000000
nan
0.709000
nan
0.349000
0.381000
nan
nan
nan
0.243000
0.620000
0.639000
nan
nan
0.867000
nan
0.483000
0.447000
0.356000
0.356000
nan
0.330000
nan
nan
0.801000
nan
0.136000
0.164000
nan
nan
nan
nan
0.145000
nan
nan
nan
nan
nan
nan
nan
nan
0.151000
1.000000
nan
nan
0.345000
nan
nan
nan
nan
0.101000
0.236000
0.103000
nan
nan
0.688000
0.212000
nan
nan
nan
0.079000
0.151000
0.141000
0.162000
0.126000
nan
0.284000
0.623000
0.745000
nan
nan
nan
1.000000
nan
0.439000
nan
nan
nan
nan
nan
nan
0.212000
0.140000
0.178000
nan
0.831000
nan
nan
0.178000
nan
0.072000
0.183000
0.135000
0.143000
nan
0.762000
0.782000
0.887000
1.000000
0.757000
0.422000
nan
nan
0.131000
0.103000
nan
nan
nan
nan
0.072000
nan
nan
nan
nan
0.984000
0.264000
nan
0.094000
nan
nan
0.163000
nan
nan
nan
0.131000
nan
0.978000
nan
0.130000
0.072000
0.098000
nan
0.074000
0.205000
nan
0.490000
1.000000
0.644000
nan
0.077000
0.074000
nan
0.091000
nan
nan
0.092000
nan
nan
nan
nan
0.608000
nan
0.649000
nan
nan
nan
nan
nan
nan
nan
nan
nan
nan
nan
0.895000
0.976000
0.734000
nan
nan
0.970000
nan
nan
nan
nan
0.128000
0.133000
nan
nan
nan
nan
nan
1.000000
0.976000
0.681000
0.623000
nan
nan
nan
nan
0.158000
nan
0.328000
nan
nan
nan
nan
nan
nan
nan
0.492000
nan
nan
nan
nan
0.417000
0.557000
0.484000
0.495000
0.381000
nan
0.317000
0.310000
nan
0.653000
nan
nan
0.644000
nan
0.447000
nan
nan
0.107000
nan
0.154000
0.101000
nan
nan
nan
nan
0.321000
0.210000
0.146000
nan
nan
0.091000
0.107000
nan
nan
0.091000
0.141000
nan
0.096000
0.098000
nan
nan
0.150000
nan
nan
nan
0.777000
1.000000
nan
0.548000
nan
nan
nan
nan
nan
0.983000
nan
nan
0.814000
nan
0.998000
1.000000
nan
nan
nan
nan
nan
nan
nan
nan
0.105000
nan
nan
nan
nan
0.315000
nan
nan
0.161000
0.283000
nan
nan
nan
nan
nan
nan
0.310000
nan
nan
nan
0.944000
nan
0.981000
nan
nan
nan
0.559000
nan
0.385000
nan
0.477000
0.392000
nan
nan
nan
nan
nan
0.579000
0.337000
nan
0.177000
0.218000
0.344000
0.562000
0.978000
nan
nan
nan
0.208000
nan
0.225000
0.191000
nan
nan
0.743000
nan
nan
0.722000
0.821000
nan
0.899000
0.324000
nan
nan
nan
0.191000
nan
nan
0.930000
nan
0.239000
0.249000
0.164000
0.211000
0.164000
nan
nan
nan
0.361000
0.256000
0.876000
0.777000
nan
1.000000
0.443000
0.443000
0.174000
0.177000
0.235000
0.228000
nan
0.279000
0.218000
0.256000
0.828000
nan
nan
0.204000
nan
nan
nan
0.164000
0.821000
1.000000
1.000000
0.727000
0.799000
nan
0.677000
nan
nan
0.978000
0.964000
nan
0.240000
0.196000
0.206000
nan
0.118000
0.521000
nan
nan
nan
0.264000
0.413000
nan
nan
nan
nan
nan
nan
nan
nan
0.145000
1.000000
nan
nan
nan
nan
nan
nan
nan
1.000000
0.294000
nan
nan
nan
0.186000
nan
0.934000
nan
0.555000
nan
nan
nan
1.000000
0.656000
nan
nan
0.802000
0.683000
nan
nan
nan
nan
nan
0.538000
0.345000
nan
0.663000
0.565000
nan
nan
0.117000
nan
nan
0.117000
nan
nan
nan
0.117000
nan
nan
0.173000
nan
nan
nan
0.998000
nan
nan
0.785000
nan
nan
0.595000
0.345000
0.261000
nan
0.277000
nan
nan
nan
0.213000
nan
0.277000
0.179000
nan
nan
0.403000
nan
nan
nan
0.633000
0.639000
nan
0.420000
0.342000
0.261000
0.474000
0.416000
nan
0.656000
nan
0.308000
0.327000
nan
nan
nan
0.255000
nan
nan
0.264000
nan
0.421000
0.556000
nan
0.502000
nan
nan
0.632000
0.453000
0.506000
nan
0.282000
0.363000
0.668000
nan
nan
nan
nan
nan
0.253000
0.253000
0.305000
nan
nan
nan
nan
0.968000
nan
0.829000
0.892000
0.892000
0.695000
nan
nan
nan
nan
nan
nan
nan
1.000000
nan
nan
0.255000
0.376000
0.614000
0.533000
0.687000
0.654000
0.752000
nan
nan
0.919000
0.738000
nan
nan
nan
nan
nan
nan
nan
nan
nan
nan
nan
0.283000
0.459000
nan
nan
0.339000
0.261000
0.524000
0.311000
nan
0.348000
0.302000
0.520000
nan
nan
nan
0.710000
0.673000
nan
0.729000
nan
0.923000
1.000000
0.789000
nan
0.654000
0.761000
nan
0.678000
0.594000
1.000000
nan
0.552000
0.437000
0.355000
0.451000
0.374000
0.557000
0.614000
nan
nan
0.413000
0.470000
nan
0.514000
0.576000
0.413000
1.000000
nan
nan
0.734000
nan
nan
0.926000
nan
nan
nan
nan
nan
0.192000
0.174000
0.174000
0.174000
nan
nan
nan
nan
nan
nan
nan
nan
0.202000
0.202000
nan
nan
0.595000
nan
nan
nan
0.682000
nan
nan
nan
nan
nan
nan
0.365000
0.250000
nan
