Coverage(RPKM): 985.294118
nan
nan
0.098000
nan
nan
nan
0.520000
nan
nan
nan
nan
nan
0.320000
nan
0.120000
nan
nan
0.520000
0.280000
0.600000
nan
nan
0.520000
nan
0.760000
1.000000
nan
nan
nan
nan
1.000000
0.680000
0.960000
nan
nan
0.520000
0.400000
0.400000
nan
0.200000
0.160000
0.200000
nan
0.160000
nan
0.520000
0.160000
0.480000
nan
nan
0.320000
nan
nan
1.000000
0.440000
nan
0.920000
0.480000
nan
0.520000
0.600000
0.280000
0.200000
nan
0.160000
nan
1.000000
nan
0.098000
0.360000
nan
0.200000
nan
0.680000
0.160000
0.280000
0.280000
0.240000
0.400000
nan
0.880000
0.200000
0.400000
0.160000
0.120000
nan
0.098000
nan
0.440000
nan
0.098000
nan
0.200000
nan
0.680000
nan
nan
0.120000
0.480000
0.560000
0.120000
nan
