Coverage(RPKM): 7801.636364
nan
nan
0.229000
nan
nan
0.295000
0.458000
nan
0.272000
nan
0.539000
0.439000
nan
0.454000
nan
0.485000
nan
nan
0.310000
0.442000
nan
nan
nan
nan
0.493000
nan
nan
0.342000
0.268000
nan
0.345000
0.551000
0.214000
nan
nan
nan
nan
0.489000
nan
nan
0.318000
nan
0.326000
nan
nan
nan
nan
0.272000
nan
nan
nan
0.850000
nan
nan
nan
nan
1.000000
nan
0.454000
nan
nan
0.357000
nan
nan
nan
nan
nan
0.788000
nan
0.718000
nan
nan
nan
nan
0.834000
0.869000
nan
nan
0.501000
0.978000
0.768000
nan
1.000000
nan
0.862000
0.854000
0.994000
nan
nan
nan
0.582000
nan
nan
nan
nan
nan
nan
nan
nan
0.963000
nan
0.866000
0.753000
0.551000
0.214000
0.214000
0.419000
0.272000
nan
0.792000
1.000000
0.850000
nan
0.823000
nan
0.652000
nan
0.380000
0.318000
nan
nan
nan
nan
0.306000
nan
nan
0.779000
nan
0.579000
0.581000
nan
nan
0.668000
nan
0.729000
1.000000
nan
0.207000
0.197000
0.856000
nan
nan
0.784000
nan
0.755000
nan
0.519000
nan
nan
nan
nan
0.700000
nan
0.750000
nan
0.345000
0.335000
nan
nan
nan
nan
nan
nan
nan
nan
nan
0.463000
1.000000
0.902000
nan
0.285000
nan
0.371000
0.873000
0.361000
nan
nan
nan
0.657000
nan
nan
nan
1.000000
0.293000
0.999000
0.200000
0.323000
0.411000
0.406000
0.527000
0.679000
0.850000
nan
0.198000
0.356000
0.456000
nan
0.409000
nan
nan
0.496000
0.426000
nan
0.359000
0.313000
0.396000
nan
0.577000
nan
0.669000
0.832000
nan
0.446000
0.667000
nan
nan
nan
0.671000
nan
0.796000
0.744000
nan
nan
0.570000
0.731000
0.721000
nan
nan
nan
nan
nan
nan
0.874000
nan
nan
nan
nan
0.336000
0.437000
nan
0.245000
0.367000
0.406000
0.226000
0.265000
0.211000
nan
0.247000
nan
nan
nan
0.385000
0.211000
0.312000
nan
0.333000
nan
nan
1.000000
nan
nan
nan
nan
nan
nan
nan
nan
nan
nan
nan
nan
nan
0.200000
0.200000
nan
