Coverage(RPKM): 1800.000000
nan
nan
0.245000
nan
nan
nan
1.000000
nan
nan
nan
nan
nan
nan
nan
nan
0.981000
nan
0.280000
nan
0.298000
nan
nan
nan
nan
0.525000
nan
nan
0.525000
nan
nan
nan
0.210000
nan
0.665000
0.140000
nan
nan
0.403000
0.245000
0.140000
nan
nan
nan
nan
nan
0.140000
0.158000
0.350000
nan
0.736000
0.613000
nan
nan
0.486000
nan
nan
nan
0.739000
0.811000
1.000000
nan
0.360000
nan
nan
nan
nan
nan
0.216000
nan
0.378000
0.378000
0.667000
0.937000
nan
0.685000
nan
nan
0.342000
nan
nan
0.180000
nan
nan
nan
0.163000
nan
nan
0.847000
nan
0.919000
nan
0.757000
0.901000
0.378000
0.739000
nan
0.378000
nan
0.613000
nan
0.703000
nan
0.973000
0.973000
1.000000
0.342000
0.685000
0.540000
nan
0.216000
0.163000
nan
0.198000
0.222000
0.241000
0.815000
nan
0.519000
0.537000
0.185000
0.333000
nan
nan
0.519000
nan
0.296000
nan
nan
nan
nan
0.556000
0.315000
nan
0.204000
nan
0.185000
0.241000
nan
nan
nan
0.944000
nan
nan
nan
0.296000
0.204000
nan
