Coverage(RPKM): 4099.390244
nan
nan
0.229000
nan
nan
nan
nan
nan
nan
nan
0.598000
0.279000
nan
0.388000
nan
nan
nan
nan
0.458000
nan
0.359000
nan
nan
0.183000
nan
0.398000
nan
nan
nan
nan
0.657000
nan
nan
0.289000
nan
0.926000
0.508000
nan
0.657000
nan
0.309000
nan
0.966000
0.996000
nan
nan
nan
0.249000
nan
nan
nan
0.398000
1.000000
nan
nan
nan
nan
nan
nan
0.299000
0.339000
nan
0.219000
0.183000
0.339000
0.847000
1.000000
0.827000
nan
nan
0.498000
0.687000
nan
nan
nan
nan
0.627000
0.518000
0.588000
nan
0.319000
nan
