Coverage(RPKM): 15365.284974
nan
nan
0.161000
nan
nan
nan
nan
0.484000
nan
0.527000
0.530000
0.552000
nan
0.310000
nan
0.289000
nan
nan
0.524000
nan
0.481000
0.484000
0.459000
nan
1.000000
0.527000
0.574000
0.645000
nan
nan
nan
0.900000
nan
0.202000
nan
nan
0.161000
nan
nan
1.000000
0.248000
0.161000
nan
nan
0.220000
nan
0.161000
0.704000
0.400000
nan
0.822000
nan
0.186000
0.285000
0.363000
0.810000
nan
nan
0.732000
nan
0.453000
0.459000
0.447000
0.406000
0.270000
0.496000
0.223000
1.000000
nan
0.937000
0.555000
0.698000
nan
0.875000
nan
0.658000
0.921000
0.763000
nan
nan
0.518000
0.506000
0.475000
nan
nan
0.515000
0.248000
0.140000
0.140000
0.148000
0.140000
nan
1.000000
1.000000
0.814000
0.878000
nan
nan
nan
nan
nan
0.460000
nan
nan
nan
nan
0.424000
0.587000
0.664000
nan
0.850000
nan
0.753000
0.924000
nan
0.740000
0.697000
0.743000
nan
nan
nan
nan
nan
0.837000
0.488000
0.817000
0.666000
nan
0.825000
nan
0.572000
nan
nan
nan
0.677000
0.590000
0.503000
nan
nan
0.837000
nan
nan
0.551000
nan
nan
0.738000
nan
nan
nan
nan
nan
0.643000
0.603000
0.620000
0.324000
0.603000
nan
0.781000
0.648000
nan
0.406000
0.311000
0.311000
0.378000
nan
nan
nan
nan
nan
0.286000
nan
nan
0.398000
nan
0.444000
0.337000
nan
0.761000
0.689000
0.840000
1.000000
0.296000
nan
0.274000
0.264000
0.210000
nan
0.295000
nan
0.312000
0.334000
0.364000
nan
nan
0.354000
nan
0.191000
0.180000
0.391000
0.316000
nan
0.371000
0.556000
nan
0.180000
0.306000
nan
0.371000
nan
nan
0.463000
0.237000
0.576000
0.492000
nan
0.422000
nan
nan
nan
nan
0.358000
0.463000
nan
0.597000
0.484000
0.573000
0.374000
nan
nan
0.257000
nan
nan
0.643000
nan
nan
0.501000
nan
nan
0.752000
nan
0.514000
0.518000
0.710000
nan
nan
nan
nan
nan
nan
nan
nan
nan
nan
0.649000
0.583000
0.663000
nan
1.000000
nan
nan
nan
nan
nan
nan
nan
0.368000
nan
nan
nan
0.872000
0.430000
nan
nan
nan
nan
nan
nan
1.000000
nan
nan
nan
0.172000
0.302000
nan
nan
nan
nan
0.263000
nan
0.235000
0.738000
nan
nan
nan
1.000000
0.853000
nan
nan
0.180000
0.251000
nan
0.219000
1.000000
0.999000
0.843000
nan
nan
nan
0.697000
nan
nan
0.758000
nan
nan
nan
nan
nan
0.506000
0.409000
0.481000
0.368000
nan
nan
nan
nan
nan
0.587000
0.412000
nan
0.404000
0.348000
0.367000
0.585000
nan
nan
nan
nan
nan
nan
0.430000
0.453000
0.243000
0.246000
nan
nan
nan
nan
0.143000
0.091000
0.103000
0.113000
nan
nan
0.572000
nan
nan
0.281000
nan
nan
nan
nan
0.090000
0.090000
0.185000
nan
0.148000
nan
0.254000
nan
nan
nan
nan
nan
0.237000
0.156000
0.244000
nan
nan
nan
nan
0.259000
0.288000
nan
nan
0.090000
nan
