Coverage(RPKM): 4554.878049
nan
nan
0.385000
nan
nan
nan
nan
nan
nan
0.548000
0.884000
nan
nan
nan
nan
nan
nan
1.000000
nan
nan
nan
nan
0.475000
0.925000
0.597000
nan
0.466000
nan
nan
0.426000
0.867000
nan
nan
nan
1.000000
nan
0.630000
nan
nan
0.385000
nan
0.393000
0.385000
nan
0.540000
0.720000
0.516000
nan
nan
nan
0.736000
nan
0.818000
nan
0.385000
0.475000
0.679000
0.622000
nan
0.720000
nan
nan
0.794000
nan
0.417000
0.818000
0.810000
nan
nan
0.867000
0.450000
0.638000
0.630000
nan
1.000000
0.687000
0.450000
0.532000
nan
nan
0.401000
0.630000
0.892000
nan
nan
nan
0.884000
0.982000
0.900000
nan
nan
nan
0.982000
0.687000
nan
0.646000
nan
0.483000
0.426000
nan
nan
0.736000
0.491000
0.308000
0.452000
nan
nan
nan
nan
nan
0.502000
nan
0.795000
0.348000
0.383000
0.313000
0.606000
0.273000
nan
0.462000
nan
nan
nan
nan
nan
nan
0.417000
0.303000
0.432000
0.695000
0.462000
0.889000
nan
0.353000
nan
0.238000
nan
nan
nan
nan
nan
nan
nan
0.576000
0.383000
0.358000
0.745000
nan
nan
0.646000
0.686000
nan
nan
0.755000
0.820000
nan
nan
nan
0.238000
0.561000
nan
nan
0.720000
1.000000
nan
0.358000
0.268000
nan
0.904000
0.909000
0.984000
nan
0.472000
0.527000
0.546000
1.000000
nan
nan
nan
0.238000
0.621000
0.735000
0.800000
0.268000
nan
0.452000
0.924000
nan
0.487000
0.894000
nan
1.000000
0.790000
nan
nan
0.682000
0.544000
0.833000
nan
nan
0.798000
nan
nan
nan
0.515000
0.798000
1.000000
nan
0.573000
nan
nan
0.573000
0.283000
0.440000
nan
nan
nan
nan
nan
0.798000
nan
0.711000
0.440000
nan
nan
nan
nan
nan
nan
0.677000
0.688000
0.839000
nan
nan
nan
nan
nan
0.804000
nan
nan
0.264000
0.264000
nan
nan
0.746000
nan
0.636000
nan
0.879000
0.532000
0.411000
nan
nan
1.000000
nan
0.735000
0.532000
nan
0.671000
nan
nan
0.486000
nan
nan
0.382000
nan
0.497000
1.000000
0.798000
0.694000
nan
0.769000
nan
0.457000
nan
nan
0.561000
nan
0.457000
nan
0.630000
0.503000
nan
nan
nan
0.787000
0.729000
nan
nan
nan
0.671000
0.839000
0.798000
nan
nan
nan
nan
0.729000
0.264000
nan
nan
0.625000
nan
nan
nan
nan
0.318000
0.328000
nan
nan
0.664000
nan
nan
0.925000
nan
nan
nan
0.784000
0.731000
0.963000
0.709000
0.530000
nan
nan
0.320000
0.320000
0.265000
1.000000
0.619000
0.806000
0.507000
0.791000
0.709000
0.806000
0.821000
nan
nan
nan
0.679000
0.836000
0.851000
nan
0.664000
0.746000
nan
nan
0.701000
nan
0.627000
nan
0.709000
nan
nan
1.000000
1.000000
nan
0.657000
0.657000
0.500000
nan
0.478000
nan
nan
0.858000
nan
nan
0.739000
0.582000
nan
1.000000
0.657000
0.642000
0.791000
0.731000
nan
nan
0.634000
0.515000
nan
0.530000
nan
0.418000
0.754000
nan
nan
nan
0.679000
0.522000
nan
nan
0.455000
0.351000
nan
0.205000
nan
0.205000
nan
0.328000
0.433000
nan
0.336000
nan
0.470000
nan
0.515000
0.313000
0.336000
nan
0.205000
nan
