Coverage(RPKM): 739.887640
nan
nan
0.065000
nan
nan
nan
nan
nan
nan
0.710000
nan
0.355000
nan
0.355000
0.118000
nan
nan
0.592000
nan
nan
0.118000
0.533000
nan
0.065000
nan
nan
nan
nan
0.533000
nan
0.473000
0.178000
nan
nan
0.355000
nan
nan
nan
0.710000
nan
0.414000
0.533000
0.592000
1.000000
1.000000
0.651000
0.828000
nan
0.533000
nan
nan
nan
0.947000
0.592000
nan
0.533000
1.000000
nan
0.888000
0.473000
0.237000
0.828000
nan
nan
nan
nan
0.065000
nan
nan
nan
nan
nan
0.237000
nan
0.473000
0.237000
nan
0.533000
0.178000
0.237000
0.533000
nan
0.355000
0.414000
0.888000
0.237000
nan
0.178000
nan
