Coverage(RPKM): 1678.723404
nan
nan
0.123000
nan
nan
nan
0.213000
nan
0.298000
0.426000
0.298000
nan
0.191000
nan
nan
nan
0.532000
nan
0.383000
0.319000
0.255000
0.340000
0.340000
0.702000
nan
nan
0.404000
0.447000
0.894000
0.213000
0.255000
0.170000
nan
nan
nan
nan
nan
0.669000
0.203000
0.405000
0.507000
0.486000
0.770000
nan
nan
nan
0.405000
nan
nan
0.466000
nan
nan
0.182000
nan
1.000000
0.547000
nan
nan
0.284000
nan
0.952000
0.588000
nan
0.507000
0.111000
0.111000
0.851000
0.811000
0.628000
0.446000
nan
nan
0.466000
0.324000
0.426000
nan
0.588000
0.669000
nan
nan
nan
nan
0.567000
0.851000
nan
0.770000
nan
nan
nan
nan
0.952000
1.000000
0.885000
nan
nan
0.866000
1.000000
nan
nan
0.847000
nan
0.577000
0.539000
nan
0.558000
0.500000
0.770000
nan
nan
nan
0.558000
0.346000
0.443000
nan
nan
nan
nan
nan
0.289000
nan
nan
nan
0.847000
nan
nan
nan
nan
nan
0.099000
0.481000
nan
0.346000
nan
nan
nan
nan
0.462000
nan
nan
0.231000
nan
