Coverage(RPKM): 825.000000
nan
nan
0.113000
nan
nan
nan
nan
0.196000
nan
nan
0.424000
0.261000
nan
nan
0.261000
0.457000
0.196000
0.718000
0.392000
nan
0.489000
0.718000
nan
0.555000
nan
0.587000
nan
0.489000
0.489000
nan
0.457000
0.196000
0.261000
0.131000
nan
nan
0.113000
nan
nan
nan
0.228000
nan
nan
0.196000
0.881000
nan
nan
1.000000
1.000000
nan
0.457000
nan
0.338000
nan
0.109000
0.169000
0.135000
nan
nan
nan
nan
nan
0.237000
nan
nan
0.913000
0.812000
nan
1.000000
0.846000
0.507000
0.677000
nan
0.973000
0.744000
nan
0.440000
nan
nan
0.135000
0.575000
0.744000
0.812000
0.237000
0.440000
0.237000
0.710000
nan
0.440000
0.643000
1.000000
0.876000
0.665000
nan
0.455000
0.981000
0.595000
0.350000
0.350000
0.771000
0.385000
nan
0.140000
0.736000
0.385000
0.245000
nan
0.771000
0.630000
nan
0.350000
nan
nan
nan
0.350000
nan
0.140000
0.175000
nan
nan
nan
nan
0.385000
0.490000
0.105000
nan
nan
nan
nan
0.105000
nan
0.280000
0.105000
nan
