Coverage(RPKM): 1700.349650
nan
nan
0.087000
nan
nan
nan
nan
0.392000
0.261000
nan
nan
0.276000
nan
nan
0.145000
0.189000
nan
0.087000
0.174000
nan
0.290000
nan
0.087000
nan
nan
0.755000
nan
1.000000
nan
nan
nan
nan
nan
nan
nan
nan
nan
nan
nan
nan
nan
0.944000
0.392000
0.412000
0.244000
0.793000
nan
nan
0.641000
nan
nan
0.958000
nan
nan
nan
nan
0.641000
0.580000
nan
0.366000
0.580000
0.595000
nan
0.198000
0.214000
nan
0.183000
nan
nan
nan
0.519000
0.305000
0.168000
0.183000
0.412000
nan
nan
nan
nan
0.168000
nan
nan
nan
nan
nan
0.641000
nan
0.183000
0.183000
nan
0.381000
nan
nan
0.168000
0.534000
0.503000
0.111000
0.229000
nan
0.183000
0.625000
0.946000
0.717000
1.000000
1.000000
0.885000
nan
nan
0.595000
nan
0.288000
nan
nan
nan
nan
0.135000
nan
0.144000
nan
nan
nan
0.448000
0.624000
0.384000
0.544000
0.464000
nan
0.135000
nan
nan
nan
nan
0.384000
nan
0.496000
nan
0.432000
nan
nan
nan
0.304000
0.448000
nan
