Coverage(RPKM): 6534.276730
nan
nan
nan
0.247000
nan
nan
0.247000
0.345000
0.296000
nan
0.259000
0.370000
0.333000
nan
0.537000
0.370000
nan
0.561000
0.290000
0.463000
0.666000
nan
0.426000
nan
nan
0.463000
0.426000
0.635000
1.000000
0.450000
0.611000
0.284000
0.672000
0.247000
nan
nan
nan
0.382000
0.395000
nan
0.352000
nan
nan
0.734000
0.746000
nan
nan
0.993000
0.481000
0.537000
nan
0.512000
nan
0.765000
0.419000
0.457000
nan
0.339000
nan
0.247000
0.432000
nan
0.475000
0.672000
0.882000
nan
0.475000
nan
nan
0.864000
nan
1.000000
nan
nan
0.814000
nan
1.000000
nan
0.469000
nan
0.302000
0.321000
nan
nan
0.703000
0.467000
0.550000
nan
nan
0.867000
0.925000
nan
nan
0.657000
0.457000
0.472000
0.920000
0.847000
0.721000
0.808000
nan
nan
0.540000
nan
nan
nan
nan
1.000000
0.755000
0.633000
0.725000
0.837000
nan
nan
1.000000
0.896000
nan
1.000000
nan
0.599000
0.589000
nan
0.842000
nan
0.643000
0.798000
0.759000
0.570000
0.677000
0.769000
nan
0.769000
0.457000
0.847000
0.565000
nan
0.511000
nan
nan
nan
0.764000
0.506000
0.881000
0.521000
nan
0.457000
nan
nan
0.501000
nan
nan
0.891000
0.648000
0.531000
0.599000
nan
0.618000
nan
0.477000
0.716000
0.764000
nan
0.638000
nan
nan
nan
0.497000
0.635000
0.861000
nan
nan
1.000000
0.353000
0.733000
0.722000
0.558000
0.353000
nan
0.564000
nan
0.758000
nan
nan
nan
nan
nan
nan
nan
0.825000
0.738000
nan
0.353000
0.400000
0.364000
nan
0.405000
0.359000
0.507000
0.435000
nan
0.425000
0.671000
0.528000
nan
nan
0.451000
0.640000
0.656000
nan
1.000000
0.825000
nan
nan
nan
0.538000
0.645000
nan
nan
nan
nan
0.589000
0.692000
0.599000
0.528000
nan
nan
0.753000
nan
nan
1.000000
0.733000
nan
0.845000
0.989000
nan
0.825000
nan
nan
0.758000
nan
0.789000
0.564000
0.574000
0.748000
nan
0.968000
0.666000
0.574000
nan
0.353000
0.394000
nan
0.625000
nan
0.685000
0.886000
0.642000
nan
0.449000
0.878000
nan
0.685000
nan
nan
nan
0.843000
0.795000
0.504000
0.713000
0.673000
nan
0.472000
0.787000
nan
nan
nan
nan
0.728000
nan
0.693000
nan
nan
nan
nan
0.579000
nan
nan
nan
nan
nan
nan
nan
nan
nan
0.606000
0.689000
0.862000
nan
nan
0.654000
0.634000
nan
0.925000
0.736000
0.650000
0.606000
0.685000
0.583000
0.437000
nan
nan
0.803000
nan
nan
nan
0.858000
0.791000
0.909000
0.638000
nan
nan
nan
0.435000
0.435000
nan
nan
nan
0.435000
nan
0.657000
nan
nan
nan
0.539000
0.846000
1.000000
0.858000
nan
nan
nan
0.583000
nan
0.957000
0.776000
0.681000
0.437000
nan
nan
0.441000
nan
1.000000
nan
nan
1.000000
0.843000
0.387000
nan
nan
0.621000
0.468000
0.274000
nan
nan
nan
0.507000
nan
0.582000
0.624000
nan
nan
nan
nan
0.567000
nan
0.918000
0.787000
nan
1.000000
0.518000
0.486000
nan
0.521000
0.323000
nan
0.256000
0.245000
0.362000
nan
0.826000
0.642000
0.649000
0.684000
nan
0.936000
nan
nan
1.000000
0.770000
0.890000
nan
nan
nan
nan
0.844000
nan
0.702000
0.574000
nan
nan
nan
nan
nan
0.961000
0.940000
0.702000
0.631000
nan
nan
nan
0.518000
0.479000
nan
nan
0.589000
0.649000
nan
0.621000
1.000000
nan
0.663000
0.443000
0.574000
0.723000
nan
nan
0.943000
0.298000
0.688000
0.709000
nan
nan
nan
nan
nan
nan
0.635000
nan
nan
nan
nan
nan
0.401000
0.337000
nan
nan
0.390000
0.252000
0.394000
0.411000
nan
0.245000
0.216000
nan
nan
nan
nan
nan
0.550000
nan
nan
nan
nan
0.461000
nan
0.415000
0.216000
nan
