Coverage(RPKM): 3521.631206
nan
nan
0.321000
nan
nan
nan
nan
0.289000
0.693000
nan
nan
nan
nan
0.704000
nan
nan
0.517000
0.486000
0.321000
nan
nan
nan
0.517000
0.569000
nan
0.486000
0.352000
nan
0.310000
nan
0.289000
nan
nan
nan
nan
0.693000
1.000000
0.631000
nan
0.559000
0.404000
0.289000
0.310000
nan
0.714000
0.704000
0.528000
0.300000
nan
0.455000
nan
nan
0.911000
0.538000
0.983000
0.528000
0.435000
0.641000
nan
0.673000
0.942000
0.445000
0.714000
nan
0.559000
0.766000
0.414000
0.321000
0.362000
nan
0.404000
nan
nan
nan
nan
0.724000
nan
nan
nan
nan
0.890000
1.000000
1.000000
0.507000
0.393000
0.310000
0.321000
0.548000
0.679000
nan
nan
nan
nan
0.733000
nan
nan
0.249000
nan
0.558000
nan
0.518000
nan
0.457000
0.303000
nan
0.329000
0.276000
0.309000
nan
0.390000
nan
0.329000
0.484000
nan
0.289000
0.538000
0.430000
nan
0.565000
nan
nan
0.511000
0.565000
0.518000
nan
nan
0.457000
nan
0.773000
nan
nan
0.518000
0.108000
0.188000
0.430000
nan
nan
0.141000
nan
0.269000
0.592000
nan
nan
0.161000
nan
nan
nan
nan
0.175000
nan
0.215000
0.329000
0.390000
0.726000
nan
0.760000
0.982000
nan
nan
0.242000
nan
0.108000
0.175000
0.108000
1.000000
nan
nan
nan
0.161000
nan
1.000000
nan
0.861000
0.719000
nan
0.269000
nan
0.141000
1.000000
nan
nan
nan
nan
0.894000
0.279000
0.060000
nan
0.060000
0.121000
nan
1.000000
0.070000
nan
nan
0.214000
0.660000
nan
nan
0.856000
0.525000
1.000000
nan
0.070000
0.121000
nan
0.558000
0.591000
0.060000
nan
nan
nan
nan
nan
0.660000
0.419000
nan
nan
0.405000
nan
0.972000
nan
nan
nan
nan
0.070000
nan
0.791000
nan
nan
nan
nan
0.572000
nan
0.181000
nan
0.270000
0.107000
nan
0.228000
0.274000
0.442000
nan
0.167000
nan
0.372000
nan
nan
0.874000
0.642000
0.725000
1.000000
0.804000
nan
0.274000
nan
0.228000
nan
nan
nan
0.465000
nan
0.423000
0.842000
nan
nan
0.339000
0.395000
0.897000
0.674000
nan
0.302000
0.242000
0.251000
0.493000
0.516000
0.339000
0.747000
nan
1.000000
1.000000
0.724000
nan
nan
nan
nan
0.644000
nan
nan
0.270000
nan
nan
0.672000
0.971000
nan
nan
0.276000
0.649000
1.000000
nan
nan
nan
nan
nan
0.741000
nan
nan
nan
nan
nan
0.443000
nan
nan
nan
nan
0.431000
1.000000
nan
nan
nan
nan
nan
nan
nan
nan
0.661000
nan
nan
0.991000
0.883000
0.682000
nan
0.943000
nan
nan
0.940000
0.826000
nan
nan
0.789000
0.657000
nan
0.682000
0.689000
0.739000
0.726000
nan
nan
0.463000
0.589000
0.651000
nan
0.826000
nan
0.495000
0.607000
nan
0.507000
nan
0.344000
nan
0.351000
nan
nan
0.532000
nan
nan
0.235000
nan
nan
nan
nan
nan
nan
0.394000
0.708000
nan
0.513000
nan
0.279000
0.256000
nan
nan
nan
nan
nan
nan
0.651000
0.451000
0.369000
0.463000
nan
0.382000
0.596000
0.508000
0.366000
nan
0.291000
0.230000
0.495000
nan
nan
nan
nan
0.264000
0.440000
0.278000
0.169000
0.176000
nan
nan
nan
0.257000
nan
nan
0.318000
0.285000
nan
nan
0.169000
nan
0.169000
0.169000
nan
