Coverage(RPKM): 9865.441176
nan
nan
0.117000
0.410000
nan
nan
nan
0.308000
0.366000
0.549000
nan
nan
nan
nan
nan
nan
0.383000
nan
0.725000
nan
0.100000
0.078000
nan
nan
nan
nan
nan
0.315000
0.164000
0.120000
0.067000
0.067000
0.067000
0.388000
nan
nan
nan
0.098000
nan
nan
nan
0.344000
nan
nan
1.000000
nan
nan
nan
nan
nan
nan
nan
0.269000
0.293000
nan
0.300000
nan
nan
nan
0.779000
nan
0.593000
0.386000
nan
nan
nan
nan
0.930000
nan
1.000000
nan
nan
nan
nan
0.313000
nan
0.183000
nan
0.107000
0.693000
nan
nan
0.813000
nan
nan
nan
nan
0.383000
nan
nan
0.398000
nan
nan
nan
nan
0.259000
0.227000
nan
nan
nan
nan
1.000000
nan
nan
nan
nan
nan
nan
nan
nan
nan
0.164000
0.190000
0.195000
0.183000
nan
nan
nan
nan
0.544000
0.276000
nan
0.122000
0.212000
0.081000
nan
0.144000
0.315000
nan
0.242000
0.149000
0.110000
nan
0.779000
nan
0.568000
nan
nan
nan
0.996000
0.847000
0.570000
nan
0.502000
nan
nan
nan
nan
nan
0.263000
nan
nan
0.389000
nan
0.751000
nan
nan
0.098000
nan
0.411000
0.120000
nan
nan
0.211000
nan
nan
nan
nan
nan
nan
nan
0.189000
0.245000
nan
nan
0.889000
1.000000
0.321000
nan
nan
0.155000
0.183000
0.191000
nan
nan
0.098000
nan
nan
nan
0.215000
0.233000
nan
0.267000
0.293000
nan
nan
0.147000
nan
nan
nan
0.275000
0.458000
0.650000
0.349000
nan
nan
nan
0.177000
nan
nan
0.175000
0.221000
0.237000
nan
0.552000
0.508000
0.407000
nan
0.098000
0.430000
0.717000
nan
nan
0.927000
0.676000
1.000000
nan
nan
0.151000
nan
0.361000
nan
nan
nan
nan
nan
nan
nan
0.227000
nan
0.478000
nan
1.000000
nan
nan
0.158000
nan
0.164000
nan
nan
0.275000
nan
0.233000
nan
1.000000
0.194000
0.146000
0.140000
0.310000
nan
nan
1.000000
0.982000
nan
0.683000
0.313000
nan
nan
nan
0.860000
nan
0.284000
0.373000
nan
0.197000
nan
nan
nan
0.406000
0.370000
nan
0.406000
0.346000
0.352000
nan
0.397000
0.495000
nan
nan
nan
nan
nan
0.403000
nan
0.397000
nan
nan
0.848000
0.540000
0.794000
0.951000
nan
nan
0.395000
nan
nan
nan
nan
0.391000
0.362000
0.316000
nan
0.206000
0.473000
0.281000
nan
nan
nan
nan
nan
nan
nan
nan
0.284000
nan
0.502000
nan
0.421000
nan
nan
nan
0.538000
0.936000
nan
0.617000
1.000000
nan
nan
0.143000
nan
nan
nan
nan
0.809000
nan
nan
nan
nan
nan
nan
0.323000
0.199000
nan
0.163000
0.149000
nan
0.146000
nan
0.297000
0.365000
0.740000
0.471000
0.665000
nan
0.616000
0.460000
nan
0.814000
0.828000
nan
nan
nan
0.241000
nan
nan
nan
nan
nan
0.959000
0.506000
nan
0.329000
0.354000
0.350000
0.177000
0.411000
0.244000
nan
0.343000
nan
0.269000
0.234000
0.230000
nan
0.230000
nan
nan
0.655000
nan
0.421000
0.336000
nan
nan
nan
0.326000
nan
0.146000
nan
