Coverage(RPKM): 5948.422713
nan
nan
0.229000
nan
nan
nan
nan
nan
0.270000
0.280000
0.295000
0.290000
nan
nan
0.478000
0.234000
0.331000
0.270000
nan
0.224000
nan
nan
0.255000
0.305000
0.224000
0.346000
0.331000
nan
0.519000
0.473000
nan
0.448000
nan
nan
nan
0.280000
0.458000
0.448000
0.478000
0.565000
nan
0.799000
0.728000
nan
0.758000
0.906000
nan
nan
0.606000
nan
nan
nan
nan
nan
nan
nan
0.428000
0.779000
nan
nan
nan
0.769000
nan
0.565000
nan
nan
0.692000
nan
1.000000
0.580000
1.000000
nan
nan
0.621000
nan
nan
0.926000
nan
0.942000
0.718000
nan
0.596000
nan
nan
nan
nan
0.621000
1.000000
nan
0.947000
nan
nan
nan
nan
nan
nan
nan
0.224000
0.458000
nan
0.224000
0.489000
nan
0.799000
nan
nan
nan
nan
0.947000
nan
nan
0.683000
1.000000
nan
nan
1.000000
0.675000
nan
nan
0.320000
0.624000
1.000000
nan
0.675000
nan
nan
0.793000
nan
0.805000
0.671000
0.624000
nan
0.458000
nan
0.904000
nan
0.446000
0.320000
0.513000
0.485000
nan
nan
0.620000
0.580000
0.584000
0.604000
nan
nan
nan
nan
nan
0.300000
0.525000
0.521000
0.710000
0.785000
nan
nan
0.683000
0.734000
0.576000
nan
0.821000
nan
0.608000
0.403000
0.497000
0.620000
nan
0.466000
0.683000
0.580000
nan
0.612000
0.446000
0.426000
nan
0.596000
0.403000
nan
0.259000
0.259000
0.259000
nan
nan
nan
nan
0.426000
0.920000
0.580000
nan
nan
0.813000
0.464000
0.279000
0.707000
0.842000
1.000000
nan
nan
0.676000
0.338000
0.198000
nan
0.320000
nan
nan
nan
0.360000
nan
0.188000
0.178000
0.252000
nan
1.000000
nan
nan
0.939000
0.738000
nan
0.857000
nan
nan
0.399000
nan
0.848000
nan
0.215000
0.316000
nan
0.339000
nan
nan
nan
nan
nan
nan
nan
0.357000
nan
0.870000
0.628000
nan
0.183000
nan
nan
0.912000
nan
nan
nan
nan
nan
nan
0.504000
nan
nan
0.986000
1.000000
0.921000
0.834000
nan
0.820000
0.976000
nan
0.728000
0.724000
nan
nan
nan
0.490000
0.302000
0.394000
0.449000
nan
nan
nan
nan
nan
0.664000
0.747000
nan
0.715000
0.440000
0.660000
0.582000
0.527000
nan
nan
0.495000
0.458000
nan
nan
0.293000
0.587000
nan
0.321000
nan
nan
0.261000
0.275000
nan
nan
nan
nan
0.368000
nan
nan
nan
nan
nan
0.438000
0.167000
0.247000
0.340000
0.256000
0.167000
nan
