Coverage(RPKM): 1872.169811
nan
nan
0.168000
nan
nan
nan
nan
nan
nan
0.287000
0.431000
nan
0.790000
0.335000
nan
0.168000
0.527000
0.383000
nan
nan
0.263000
nan
0.192000
nan
nan
nan
0.311000
0.503000
0.503000
0.263000
0.503000
0.287000
nan
nan
0.838000
0.575000
0.551000
0.910000
0.599000
nan
0.335000
0.168000
nan
0.263000
1.000000
0.886000
0.743000
0.263000
nan
0.671000
0.168000
0.311000
0.934000
0.838000
0.479000
0.479000
nan
nan
nan
nan
0.359000
1.000000
nan
0.719000
1.000000
0.623000
nan
nan
0.814000
0.575000
0.790000
0.599000
nan
nan
nan
nan
nan
nan
nan
nan
0.192000
0.575000
nan
nan
nan
nan
0.695000
nan
nan
nan
nan
nan
nan
nan
nan
nan
nan
0.383000
0.743000
0.431000
nan
0.335000
nan
nan
0.168000
nan
