Coverage(RPKM): 12608.547009
nan
nan
0.264000
nan
nan
nan
nan
0.450000
nan
nan
0.346000
nan
0.637000
0.323000
0.418000
0.409000
nan
0.541000
0.450000
0.505000
nan
nan
0.264000
0.296000
nan
0.346000
nan
0.355000
0.282000
1.000000
0.264000
nan
nan
nan
0.527000
0.573000
0.286000
0.727000
nan
nan
nan
0.505000
0.309000
nan
0.409000
nan
0.555000
0.559000
0.664000
0.591000
0.364000
nan
0.418000
0.777000
0.518000
nan
0.559000
nan
0.486000
nan
0.855000
nan
0.723000
0.664000
nan
nan
0.805000
nan
1.000000
0.573000
0.768000
0.655000
0.868000
0.977000
nan
0.905000
0.823000
0.687000
0.718000
nan
1.000000
0.709000
nan
0.349000
0.497000
0.473000
nan
nan
nan
nan
nan
nan
nan
nan
0.363000
0.180000
0.356000
0.583000
nan
nan
nan
nan
nan
0.308000
0.249000
0.180000
0.180000
0.648000
0.751000
nan
0.645000
nan
0.648000
nan
nan
0.363000
0.657000
0.708000
nan
0.378000
0.445000
0.497000
nan
0.524000
nan
nan
0.648000
0.724000
nan
0.928000
0.801000
0.696000
nan
0.363000
0.328000
nan
nan
nan
nan
nan
0.459000
0.383000
0.521000
nan
0.533000
nan
nan
nan
0.500000
0.715000
0.758000
nan
0.574000
nan
nan
nan
nan
nan
0.215000
nan
0.710000
1.000000
0.765000
nan
0.853000
nan
0.961000
nan
nan
nan
nan
0.736000
nan
1.000000
0.966000
nan
1.000000
nan
nan
0.390000
0.502000
nan
nan
0.471000
nan
nan
nan
1.000000
0.833000
nan
nan
0.098000
nan
nan
1.000000
nan
0.102000
nan
nan
0.102000
0.119000
0.230000
nan
nan
nan
0.407000
0.458000
nan
nan
nan
nan
0.128000
nan
nan
nan
nan
1.000000
0.098000
nan
0.129000
nan
0.225000
0.233000
0.460000
0.138000
nan
nan
0.098000
nan
nan
0.218000
nan
nan
0.635000
nan
nan
nan
0.313000
nan
0.267000
0.307000
0.316000
nan
nan
0.273000
0.597000
nan
nan
0.216000
0.160000
0.260000
0.477000
nan
0.177000
0.248000
0.344000
0.191000
nan
0.477000
0.757000
0.795000
nan
0.231000
nan
0.543000
nan
nan
nan
nan
nan
0.652000
nan
nan
nan
nan
nan
0.572000
nan
0.576000
nan
nan
0.390000
nan
nan
0.377000
0.704000
0.713000
0.430000
nan
0.382000
nan
0.434000
nan
nan
0.677000
nan
nan
0.520000
nan
0.492000
0.212000
0.485000
0.560000
0.711000
0.825000
nan
nan
0.251000
0.362000
nan
nan
nan
nan
0.602000
0.455000
nan
0.476000
0.444000
0.419000
0.793000
nan
nan
nan
0.613000
nan
0.390000
nan
nan
nan
0.449000
nan
nan
nan
0.278000
nan
nan
0.376000
nan
nan
0.335000
nan
nan
0.212000
nan
0.383000
0.387000
0.440000
0.433000
0.446000
0.212000
nan
