Coverage: 1107.407407
0.000000
nan
0.000000
0.000000
0.000000
0.000000
0.000000
0.000000
nan
nan
0.000000
nan
0.000000
0.000000
0.000000
0.000000
0.000000
0.000000
0.000000
0.000000
nan
0.083000
0.333000
0.083000
0.167000
0.167000
nan
0.250000
0.417000
0.000000
0.000000
0.167000
0.833000
nan
0.167000
0.000000
0.917000
1.000000
nan
1.000000
nan
0.417000
nan
nan
0.500000
0.750000
0.083000
nan
nan
0.667000
nan
nan
0.500000
0.167000
nan
nan
0.333000
0.833000
0.083000
0.250000
0.167000
1.000000
0.500000
nan
nan
1.000000
nan
0.580000
nan
0.290000
0.091000
nan
0.295000
0.295000
0.589000
0.327000
0.360000
0.426000
nan
0.393000
0.098000
nan
0.655000
0.131000
nan
nan
nan
0.622000
0.491000
nan
0.982000
0.327000
nan
0.655000
0.295000
0.196000
1.000000
0.491000
nan
0.949000
nan
0.491000
0.720000
0.687000
nan
nan
nan
nan
nan
nan
0.393000
nan
nan
nan
0.884000
nan
nan
nan
1.000000
0.720000
0.753000
0.786000
nan
0.524000
nan
nan
0.655000
0.884000
0.786000
0.589000
0.327000
nan
0.917000
nan
0.524000
0.164000
0.196000
nan
0.295000
nan
1.000000
nan
nan
nan
nan
nan
nan
0.196000
nan
nan
nan
nan
nan
0.164000
nan
0.098000
0.229000
0.164000
0.098000
nan
nan
nan
