Coverage: 2475.449102
nan
nan
nan
nan
0.220000
nan
0.488000
nan
nan
nan
nan
0.512000
nan
nan
nan
0.488000
nan
nan
0.317000
0.182000
nan
nan
0.585000
nan
nan
0.902000
nan
nan
nan
0.182000
0.805000
0.512000
0.341000
0.683000
0.366000
nan
nan
1.000000
0.683000
0.707000
0.951000
0.439000
0.244000
1.000000
0.756000
1.000000
nan
nan
nan
nan
nan
nan
0.415000
nan
nan
nan
0.439000
nan
0.439000
nan
nan
nan
0.976000
0.902000
nan
0.195000
0.415000
nan
nan
nan
nan
1.000000
0.463000
0.341000
0.244000
nan
nan
0.182000
1.000000
0.478000
0.428000
nan
nan
nan
0.377000
0.428000
0.679000
0.453000
0.931000
0.453000
nan
nan
0.629000
nan
0.881000
nan
0.352000
0.654000
0.579000
nan
0.654000
0.700000
nan
0.519000
1.000000
1.000000
0.389000
nan
0.441000
nan
nan
nan
1.000000
0.830000
nan
0.285000
nan
0.214000
0.415000
nan
0.778000
0.830000
0.363000
0.545000
0.986000
nan
nan
nan
0.415000
nan
nan
nan
0.214000
0.363000
0.285000
nan
nan
0.363000
nan
nan
nan
0.545000
0.597000
0.934000
nan
0.649000
0.363000
nan
0.649000
0.415000
0.311000
0.441000
nan
nan
0.493000
0.700000
nan
nan
nan
nan
nan
0.649000
0.285000
nan
0.285000
nan
0.214000
