Coverage: 236430.257511
0.155000
0.155000
nan
nan
nan
nan
0.404000
0.306000
0.217000
0.382000
0.237000
0.495000
nan
nan
0.491000
0.457000
0.270000
0.267000
nan
0.160000
nan
nan
0.158000
nan
nan
nan
nan
nan
0.229000
nan
nan
0.539000
0.793000
0.572000
0.492000
nan
nan
0.155000
0.308000
nan
0.561000
0.659000
0.460000
nan
nan
nan
0.371000
0.342000
nan
nan
nan
nan
0.652000
nan
nan
nan
nan
0.641000
0.448000
nan
0.722000
nan
nan
nan
0.704000
nan
nan
nan
nan
0.937000
1.000000
nan
nan
nan
1.000000
nan
0.619000
nan
0.477000
nan
0.453000
nan
nan
nan
nan
nan
nan
nan
nan
nan
0.623000
nan
nan
nan
1.000000
nan
nan
nan
nan
nan
nan
nan
nan
nan
nan
nan
nan
0.634000
0.249000
nan
0.743000
nan
nan
nan
nan
nan
0.493000
0.803000
0.414000
nan
nan
nan
0.372000
0.458000
0.381000
nan
nan
nan
0.366000
0.419000
nan
nan
nan
0.021000
0.021000
0.038000
nan
0.021000
0.021000
nan
0.020000
0.020000
nan
nan
0.031000
nan
nan
0.020000
0.063000
nan
nan
nan
nan
nan
nan
nan
0.049000
nan
0.053000
nan
nan
0.058000
nan
nan
nan
nan
0.262000
0.304000
nan
nan
0.265000
nan
nan
0.051000
0.230000
nan
nan
nan
0.356000
0.384000
nan
nan
0.212000
nan
nan
nan
nan
nan
nan
0.056000
0.386000
nan
nan
nan
nan
nan
nan
0.463000
nan
nan
0.112000
nan
nan
nan
nan
0.148000
0.261000
nan
nan
0.616000
1.000000
nan
0.940000
0.510000
0.252000
0.020000
0.028000
0.043000
nan
0.189000
nan
1.000000
nan
nan
1.000000
nan
nan
nan
0.112000
0.288000
0.521000
0.377000
0.511000
0.576000
nan
0.451000
nan
0.448000
nan
nan
nan
nan
nan
nan
nan
nan
0.413000
0.377000
nan
0.208000
nan
0.070000
0.247000
0.124000
0.824000
nan
nan
1.000000
nan
0.103000
nan
nan
0.148000
1.000000
nan
1.000000
nan
0.638000
nan
0.364000
0.168000
0.113000
0.361000
nan
0.183000
nan
0.169000
0.117000
nan
0.100000
nan
nan
0.025000
nan
0.029000
0.034000
nan
nan
0.047000
nan
nan
0.040000
nan
nan
nan
0.044000
nan
0.024000
nan
nan
nan
nan
0.110000
nan
nan
nan
nan
nan
nan
nan
nan
nan
0.018000
0.029000
nan
nan
nan
nan
nan
nan
nan
nan
nan
0.082000
0.014000
0.006000
0.006000
0.007000
0.006000
0.007000
0.010000
nan
0.013000
0.014000
0.019000
nan
0.013000
0.031000
0.016000
nan
0.022000
nan
nan
0.012000
nan
0.021000
0.024000
0.025000
nan
0.024000
nan
nan
nan
0.022000
0.020000
nan
nan
0.022000
1.000000
0.651000
0.914000
nan
0.451000
0.217000
0.483000
0.628000
0.545000
0.624000
nan
nan
nan
0.674000
nan
0.875000
0.819000
nan
nan
0.624000
0.744000
nan
0.469000
0.448000
0.591000
0.489000
0.670000
nan
0.551000
0.721000
0.485000
0.753000
0.806000
nan
nan
nan
nan
nan
nan
nan
nan
nan
nan
0.993000
nan
0.703000
0.879000
nan
nan
nan
nan
1.000000
0.491000
0.991000
0.970000
nan
0.864000
nan
nan
0.668000
0.802000
nan
nan
0.334000
nan
nan
nan
nan
nan
0.551000
nan
0.997000
0.949000
0.883000
nan
0.514000
nan
nan
0.997000
0.392000
nan
nan
0.518000
1.000000
0.976000
nan
nan
nan
0.237000
nan
nan
0.237000
0.628000
0.682000
nan
nan
0.243000
nan
nan
nan
0.568000
0.420000
0.644000
0.811000
nan
0.293000
nan
nan
