Coverage: 2109.729730
nan
nan
nan
0.179000
0.128000
nan
0.307000
0.153000
nan
nan
0.332000
0.179000
0.281000
nan
0.512000
0.128000
nan
nan
0.128000
0.179000
nan
nan
0.409000
0.281000
0.691000
nan
nan
nan
0.205000
0.179000
0.384000
nan
nan
nan
0.179000
nan
nan
nan
nan
0.384000
nan
0.588000
0.870000
0.307000
0.128000
0.281000
0.230000
nan
nan
nan
nan
nan
0.179000
nan
nan
nan
nan
nan
0.358000
nan
0.486000
nan
nan
nan
nan
0.895000
nan
nan
nan
nan
1.000000
nan
0.665000
0.793000
nan
nan
1.000000
0.358000
0.691000
nan
nan
0.614000
nan
nan
0.888000
nan
nan
nan
nan
nan
0.937000
0.469000
nan
0.691000
nan
nan
nan
nan
0.863000
nan
nan
1.000000
0.814000
0.913000
0.641000
0.765000
0.715000
0.888000
nan
nan
nan
nan
nan
0.271000
nan
nan
0.469000
nan
nan
nan
0.356000
0.285000
0.198000
nan
nan
nan
nan
nan
1.000000
0.689000
0.879000
nan
0.760000
0.428000
nan
nan
0.855000
0.546000
nan
0.641000
nan
0.950000
0.855000
nan
nan
0.198000
0.238000
0.261000
nan
nan
0.285000
0.974000
0.713000
0.665000
0.546000
0.879000
0.594000
0.594000
nan
0.404000
0.689000
nan
0.404000
nan
0.333000
nan
0.499000
0.546000
nan
1.000000
nan
0.594000
nan
nan
nan
nan
nan
0.808000
0.499000
0.380000
nan
nan
nan
nan
0.198000
