Coverage: 14022.950820
nan
nan
nan
nan
nan
0.218000
0.391000
0.285000
nan
nan
0.318000
0.442000
0.308000
0.313000
nan
0.322000
0.400000
0.313000
0.460000
nan
0.488000
0.218000
0.345000
nan
nan
nan
nan
nan
nan
nan
0.322000
0.695000
0.308000
nan
0.571000
0.529000
nan
0.341000
nan
nan
nan
nan
0.640000
nan
0.218000
0.230000
0.230000
0.221000
nan
nan
nan
nan
0.479000
nan
nan
nan
nan
0.368000
nan
nan
nan
0.792000
nan
nan
0.870000
nan
nan
0.787000
0.474000
0.750000
nan
nan
nan
nan
0.701000
0.987000
nan
nan
0.632000
0.867000
nan
nan
nan
0.641000
0.981000
0.432000
0.628000
nan
nan
0.389000
0.701000
nan
0.449000
nan
nan
nan
0.538000
nan
0.654000
0.530000
nan
nan
nan
0.820000
0.951000
nan
0.799000
0.778000
0.765000
0.812000
nan
nan
nan
0.244000
0.174000
nan
nan
nan
0.252000
0.158000
0.300000
nan
0.241000
0.359000
nan
nan
nan
0.678000
nan
nan
0.962000
0.868000
nan
1.000000
nan
0.864000
nan
nan
nan
nan
nan
nan
0.603000
nan
0.544000
nan
nan
nan
nan
nan
0.351000
0.221000
nan
0.386000
0.868000
nan
0.962000
nan
nan
0.158000
nan
nan
0.560000
nan
0.481000
0.793000
1.000000
nan
0.347000
nan
nan
nan
0.158000
nan
nan
0.453000
nan
1.000000
nan
0.793000
nan
0.221000
nan
