Coverage: 3878.289474
0.151000
0.151000
nan
0.712000
0.470000
nan
nan
nan
nan
0.788000
0.674000
0.572000
0.725000
nan
0.331000
0.381000
0.151000
nan
nan
nan
nan
nan
0.865000
0.750000
nan
nan
0.737000
0.585000
nan
0.343000
0.445000
0.318000
0.407000
nan
nan
0.852000
0.445000
0.966000
nan
nan
1.000000
0.636000
nan
0.636000
nan
nan
nan
nan
nan
nan
nan
nan
0.521000
nan
nan
nan
0.648000
0.890000
nan
0.979000
nan
nan
0.661000
nan
0.949000
1.000000
nan
0.795000
0.911000
1.000000
0.680000
0.795000
nan
nan
0.385000
0.564000
0.513000
nan
0.346000
nan
0.359000
nan
0.487000
0.167000
nan
0.885000
nan
0.487000
0.577000
nan
0.616000
0.770000
0.705000
0.621000
1.000000
nan
nan
nan
nan
nan
0.530000
nan
nan
nan
0.349000
0.543000
nan
0.621000
0.660000
0.285000
nan
0.362000
0.323000
0.323000
0.414000
nan
nan
0.310000
nan
nan
0.285000
nan
0.310000
nan
0.285000
nan
0.285000
0.530000
0.673000
nan
0.142000
0.168000
0.285000
nan
nan
0.194000
nan
nan
nan
nan
nan
0.414000
0.155000
0.272000
nan
nan
0.129000
nan
nan
0.108000
0.108000
0.108000
