Coverage: 12876.879699
0.024000
0.024000
nan
0.024000
0.036000
0.142000
nan
0.085000
0.100000
0.142000
nan
0.249000
nan
0.157000
0.128000
nan
0.335000
0.228000
nan
0.164000
0.192000
0.185000
0.392000
0.420000
0.513000
nan
0.299000
nan
nan
nan
0.256000
nan
nan
0.477000
0.320000
nan
nan
0.235000
0.285000
0.548000
0.392000
0.513000
nan
nan
nan
nan
0.363000
0.619000
0.306000
0.854000
nan
nan
0.498000
nan
nan
nan
nan
0.555000
0.641000
0.684000
nan
0.612000
0.926000
nan
nan
nan
0.890000
0.684000
1.000000
1.000000
nan
0.562000
nan
nan
nan
0.463000
0.470000
1.000000
nan
0.534000
0.498000
nan
nan
nan
nan
nan
nan
0.370000
nan
nan
nan
0.840000
nan
0.558000
nan
nan
nan
0.525000
0.341000
0.506000
0.506000
0.866000
0.696000
nan
nan
0.639000
0.653000
nan
nan
nan
0.459000
nan
0.625000
nan
0.464000
1.000000
nan
nan
nan
0.861000
0.667000
0.928000
nan
nan
nan
0.923000
1.000000
nan
0.738000
0.535000
0.554000
0.398000
0.904000
nan
0.918000
nan
0.295000
0.295000
0.308000
0.295000
nan
nan
0.984000
1.000000
nan
0.876000
0.932000
nan
0.743000
0.483000
nan
nan
nan
nan
nan
nan
nan
nan
0.658000
0.658000
0.748000
nan
0.317000
0.383000
0.355000
nan
0.696000
nan
0.615000
nan
nan
0.388000
nan
0.672000
0.648000
nan
0.681000
0.984000
nan
0.705000
nan
nan
nan
nan
nan
0.984000
nan
0.521000
0.576000
0.663000
0.787000
0.756000
0.890000
nan
nan
0.679000
nan
0.653000
0.710000
0.715000
0.432000
0.756000
nan
nan
nan
0.329000
0.555000
0.417000
0.396000
0.463000
nan
nan
nan
0.792000
0.746000
0.643000
nan
0.458000
0.823000
0.458000
nan
0.946000
nan
nan
1.000000
nan
0.823000
0.612000
0.447000
nan
0.828000
0.756000
0.699000
0.535000
0.874000
0.679000
nan
0.355000
0.828000
0.663000
nan
nan
nan
nan
nan
nan
nan
nan
nan
0.854000
0.314000
0.746000
0.519000
nan
0.571000
nan
nan
0.741000
nan
0.612000
0.895000
nan
nan
1.000000
1.000000
nan
nan
nan
0.300000
nan
0.300000
nan
nan
nan
nan
nan
0.300000
nan
nan
0.699000
0.416000
0.443000
nan
nan
0.443000
0.452000
nan
nan
0.352000
nan
0.212000
nan
nan
0.449000
nan
nan
nan
nan
nan
0.176000
nan
nan
nan
0.246000
nan
nan
0.607000
nan
nan
nan
0.431000
nan
nan
0.270000
0.276000
nan
nan
0.822000
nan
0.176000
nan
0.637000
0.816000
0.792000
0.801000
nan
nan
nan
0.237000
0.312000
0.243000
nan
nan
0.291000
0.267000
nan
nan
nan
nan
nan
1.000000
1.000000
0.977000
1.000000
nan
0.828000
0.749000
nan
nan
0.203000
nan
0.176000
0.194000
0.519000
0.676000
0.288000
nan
0.319000
nan
nan
0.312000
0.561000
nan
nan
nan
0.995000
0.916000
0.652000
nan
nan
nan
nan
0.880000
0.789000
0.425000
nan
0.652000
0.737000
0.886000
nan
nan
nan
nan
nan
nan
0.491000
0.610000
0.236000
0.236000
0.236000
nan
nan
nan
nan
1.000000
0.709000
0.728000
0.739000
0.788000
nan
nan
nan
0.728000
0.923000
nan
0.942000
0.582000
nan
0.413000
nan
nan
nan
nan
nan
nan
1.000000
nan
nan
0.664000
nan
nan
nan
nan
nan
0.722000
0.631000
nan
nan
nan
0.411000
nan
nan
nan
nan
nan
nan
0.677000
0.664000
nan
0.531000
0.511000
0.901000
0.689000
nan
nan
nan
nan
0.556000
0.917000
0.565000
0.893000
nan
0.311000
0.502000
0.444000
nan
nan
nan
nan
nan
nan
nan
0.635000
0.860000
nan
nan
nan
nan
nan
nan
nan
nan
nan
nan
nan
1.000000
nan
0.781000
0.710000
0.531000
0.606000
nan
0.664000
0.727000
nan
nan
nan
nan
nan
nan
nan
0.801000
0.619000
nan
0.743000
0.635000
nan
0.382000
0.411000
0.357000
nan
0.361000
0.561000
nan
0.382000
nan
0.633000
0.737000
0.446000
nan
0.278000
nan
nan
nan
nan
nan
0.514000
0.213000
0.546000
1.000000
0.783000
nan
nan
0.346000
0.555000
0.319000
nan
nan
0.213000
0.213000
nan
nan
