Coverage: 1894.805195
0.000000
0.000000
0.070000
nan
nan
nan
nan
0.140000
nan
nan
nan
0.070000
0.070000
nan
0.209000
nan
0.000000
0.000000
nan
0.105000
0.070000
0.000000
0.419000
0.244000
0.349000
0.070000
0.314000
nan
0.384000
nan
nan
0.140000
nan
0.070000
0.209000
0.349000
0.244000
0.244000
nan
0.524000
nan
nan
0.070000
nan
nan
nan
0.140000
0.070000
0.593000
nan
nan
nan
0.698000
nan
nan
0.349000
nan
0.384000
0.558000
0.279000
nan
nan
0.454000
nan
nan
0.733000
nan
0.768000
0.279000
nan
0.105000
nan
nan
0.175000
nan
0.209000
1.000000
0.698000
nan
nan
nan
0.489000
nan
0.524000
nan
nan
0.314000
nan
0.524000
nan
0.942000
nan
nan
nan
nan
nan
nan
nan
nan
1.000000
1.000000
0.511000
0.560000
0.462000
nan
0.146000
nan
0.389000
0.146000
0.219000
0.146000
nan
0.633000
0.341000
1.000000
0.560000
0.462000
0.146000
nan
0.462000
nan
0.633000
nan
0.608000
nan
nan
nan
nan
nan
0.852000
nan
nan
nan
0.827000
nan
nan
nan
0.487000
0.176000
0.176000
0.681000
0.535000
nan
0.584000
nan
nan
nan
0.268000
0.389000
0.511000
nan
nan
0.681000
nan
nan
nan
nan
0.414000
0.560000
nan
0.730000
1.000000
0.730000
nan
0.779000
nan
0.900000
nan
0.633000
nan
nan
nan
nan
nan
nan
0.341000
nan
0.973000
nan
0.779000
nan
0.803000
nan
nan
nan
nan
0.754000
0.876000
nan
nan
nan
nan
nan
1.000000
0.730000
0.195000
0.341000
nan
0.268000
nan
nan
0.511000
nan
0.414000
0.779000
1.000000
0.706000
nan
nan
nan
0.608000
nan
0.268000
0.462000
nan
nan
nan
nan
0.414000
nan
0.341000
0.181000
0.560000
0.730000
0.219000
0.511000
nan
nan
nan
0.365000
nan
