Coverage: 15436.363636
0.003000
nan
0.006000
nan
nan
nan
nan
0.030000
0.036000
0.003000
0.024000
0.003000
0.018000
0.018000
0.024000
nan
nan
0.060000
nan
0.054000
nan
nan
0.042000
0.096000
nan
0.229000
0.205000
0.217000
0.229000
0.211000
0.361000
0.355000
0.301000
0.403000
nan
0.247000
0.457000
0.536000
0.337000
0.361000
nan
0.548000
0.379000
0.241000
nan
nan
nan
0.494000
nan
0.957000
nan
nan
0.457000
nan
nan
nan
nan
nan
0.722000
0.764000
nan
0.722000
0.313000
0.469000
0.794000
nan
0.843000
nan
nan
nan
0.740000
0.800000
1.000000
0.602000
nan
nan
nan
nan
nan
1.000000
1.000000
0.794000
nan
0.686000
0.518000
nan
0.207000
nan
0.443000
nan
0.721000
nan
nan
nan
nan
0.297000
0.173000
0.381000
nan
nan
nan
0.337000
nan
nan
nan
nan
nan
nan
nan
nan
nan
1.000000
0.449000
nan
nan
nan
nan
nan
0.144000
nan
nan
0.347000
0.340000
nan
0.851000
0.963000
nan
nan
nan
0.504000
0.829000
0.777000
nan
0.938000
nan
0.461000
0.328000
0.631000
nan
nan
nan
0.764000
0.860000
1.000000
nan
nan
0.144000
0.297000
nan
0.362000
0.248000
0.167000
0.170000
0.144000
nan
0.588000
0.755000
0.932000
nan
0.331000
0.297000
0.427000
0.504000
nan
nan
0.610000
0.427000
0.675000
1.000000
nan
0.755000
0.566000
nan
nan
0.514000
0.907000
nan
nan
nan
0.526000
0.161000
nan
0.764000
0.554000
0.825000
0.718000
0.915000
nan
nan
0.735000
0.731000
nan
nan
0.660000
1.000000
nan
0.947000
nan
0.764000
nan
0.776000
nan
nan
0.628000
nan
nan
nan
nan
0.809000
nan
0.612000
0.300000
nan
0.847000
nan
nan
nan
nan
nan
nan
0.921000
0.654000
0.870000
nan
nan
nan
0.200000
0.986000
nan
nan
1.000000
nan
0.374000
nan
nan
nan
nan
nan
nan
0.409000
0.448000
0.628000
1.000000
nan
nan
nan
nan
nan
nan
nan
nan
0.309000
nan
0.309000
nan
nan
nan
0.264000
0.171000
0.142000
0.235000
nan
0.931000
0.499000
0.786000
0.374000
nan
0.345000
nan
0.338000
0.351000
nan
0.619000
nan
nan
nan
0.544000
0.822000
nan
0.544000
0.451000
nan
nan
0.735000
0.277000
0.255000
0.138000
0.138000
0.138000
0.135000
0.275000
0.328000
0.291000
0.362000
0.610000
nan
nan
nan
nan
nan
nan
0.548000
nan
0.446000
0.548000
nan
0.461000
0.514000
0.619000
0.505000
0.477000
0.662000
0.700000
nan
nan
0.511000
1.000000
nan
nan
nan
nan
nan
0.232000
nan
0.147000
nan
0.147000
nan
nan
0.904000
0.495000
nan
0.285000
nan
0.167000
nan
0.322000
nan
0.712000
nan
nan
nan
0.861000
0.947000
nan
0.777000
nan
nan
nan
0.724000
0.539000
0.833000
nan
nan
nan
1.000000
nan
0.526000
0.368000
nan
nan
nan
nan
nan
nan
0.870000
0.539000
0.554000
nan
0.399000
nan
0.796000
nan
nan
nan
0.696000
0.693000
0.601000
0.724000
nan
nan
1.000000
0.155000
0.613000
0.365000
0.449000
nan
nan
nan
nan
nan
nan
nan
nan
nan
nan
nan
nan
nan
0.430000
nan
0.666000
nan
0.436000
0.529000
nan
nan
