Coverage: 5029.577465
0.154000
0.154000
0.261000
nan
0.457000
0.379000
0.796000
0.379000
0.640000
0.653000
nan
0.496000
0.548000
nan
nan
nan
0.731000
0.418000
0.352000
nan
nan
0.196000
nan
0.548000
0.783000
nan
nan
0.849000
0.679000
0.783000
nan
nan
0.274000
0.154000
nan
nan
1.000000
nan
nan
0.666000
0.770000
0.770000
nan
0.614000
0.705000
0.822000
0.901000
nan
0.535000
nan
nan
nan
0.470000
1.000000
nan
nan
0.483000
0.614000
0.796000
nan
1.000000
0.653000
0.888000
nan
0.379000
0.496000
0.692000
0.705000
0.914000
nan
0.796000
nan
nan
0.444000
0.431000
0.183000
0.366000
nan
0.496000
nan
0.588000
nan
nan
0.271000
0.385000
0.328000
nan
nan
0.860000
0.724000
0.645000
0.713000
nan
nan
0.848000
nan
0.758000
0.600000
nan
0.498000
0.690000
0.848000
nan
nan
nan
0.338000
nan
0.732000
1.000000
0.518000
nan
0.945000
nan
nan
nan
nan
0.675000
nan
0.371000
0.630000
nan
nan
0.439000
nan
nan
0.216000
nan
nan
0.585000
nan
0.304000
0.664000
0.732000
nan
nan
0.664000
1.000000
nan
0.360000
nan
0.383000
0.213000
nan
nan
nan
0.799000
nan
nan
0.743000
nan
nan
nan
nan
nan
nan
1.000000
nan
nan
nan
nan
nan
0.506000
nan
nan
0.216000
0.675000
0.664000
nan
nan
nan
0.360000
nan
nan
0.349000
nan
0.225000
0.281000
0.270000
nan
nan
nan
nan
nan
0.664000
0.461000
nan
0.473000
0.608000
nan
nan
0.597000
nan
0.661000
nan
0.526000
nan
0.504000
0.560000
0.963000
0.314000
nan
0.504000
0.549000
0.403000
nan
0.325000
0.213000
0.448000
nan
nan
0.207000
nan
0.207000
