Coverage: 1133.707865
0.014000
0.014000
nan
0.091000
0.030000
nan
nan
0.060000
nan
0.181000
nan
0.030000
0.014000
nan
nan
nan
0.181000
0.121000
0.121000
nan
0.181000
0.181000
nan
0.060000
0.483000
0.423000
nan
0.453000
nan
nan
nan
nan
nan
0.181000
0.060000
nan
nan
nan
nan
nan
nan
nan
nan
0.967000
nan
nan
nan
nan
0.151000
nan
nan
nan
0.242000
nan
nan
nan
0.242000
0.242000
0.363000
0.967000
nan
0.665000
nan
nan
nan
0.393000
nan
nan
0.544000
nan
0.332000
0.302000
nan
0.785000
0.967000
0.091000
0.453000
0.423000
nan
0.604000
nan
nan
1.000000
0.332000
nan
0.695000
nan
nan
nan
0.695000
nan
nan
0.181000
nan
nan
nan
1.000000
nan
nan
nan
nan
0.181000
nan
nan
0.665000
0.725000
1.000000
nan
nan
0.937000
nan
nan
0.242000
0.091000
0.514000
0.216000
0.541000
0.297000
0.595000
nan
0.730000
nan
0.784000
0.351000
0.216000
0.378000
0.189000
nan
nan
nan
0.297000
0.405000
0.514000
1.000000
0.459000
0.297000
0.135000
0.108000
0.189000
0.568000
0.486000
0.703000
nan
1.000000
0.405000
1.000000
0.351000
0.351000
nan
nan
nan
nan
0.216000
nan
nan
0.108000
nan
0.270000
1.000000
nan
0.622000
0.649000
0.676000
nan
0.189000
nan
0.135000
0.162000
nan
0.108000
0.108000
0.135000
0.243000
0.486000
nan
nan
0.609000
0.577000
0.737000
nan
0.160000
0.352000
0.609000
nan
nan
0.705000
0.963000
1.000000
nan
nan
nan
nan
nan
0.815000
0.370000
nan
0.852000
0.741000
0.852000
0.815000
nan
nan
nan
nan
0.593000
nan
0.889000
0.704000
nan
nan
nan
0.296000
1.000000
nan
1.000000
1.000000
nan
0.889000
0.889000
nan
0.481000
0.481000
nan
nan
0.815000
0.926000
0.519000
0.333000
nan
nan
nan
nan
0.519000
0.259000
nan
nan
0.630000
0.630000
0.704000
nan
0.296000
0.519000
0.667000
nan
nan
0.519000
0.741000
0.111000
nan
nan
nan
nan
0.370000
0.370000
0.370000
0.519000
nan
0.333000
0.111000
nan
0.333000
nan
0.111000
nan
nan
0.111000
nan
