Coverage: 8410.609037
nan
0.090000
nan
0.149000
0.255000
nan
0.090000
nan
0.090000
0.255000
0.096000
nan
nan
0.213000
0.415000
0.159000
0.149000
0.425000
nan
0.330000
nan
0.308000
0.617000
nan
nan
nan
0.138000
0.319000
0.202000
nan
0.393000
0.468000
0.372000
nan
0.489000
0.457000
nan
0.319000
nan
0.447000
0.468000
0.702000
nan
0.542000
0.595000
0.287000
0.649000
0.872000
nan
nan
nan
nan
0.659000
nan
nan
nan
0.670000
nan
0.861000
0.797000
1.000000
nan
nan
nan
nan
0.925000
0.840000
nan
nan
0.936000
0.861000
1.000000
0.542000
0.723000
nan
0.447000
0.744000
nan
0.510000
0.861000
0.925000
nan
nan
nan
1.000000
0.780000
0.686000
0.772000
0.541000
nan
0.917000
0.758000
nan
nan
0.440000
0.534000
1.000000
nan
nan
0.765000
0.881000
nan
0.520000
nan
0.996000
nan
1.000000
nan
nan
0.476000
0.375000
nan
nan
nan
nan
0.751000
nan
0.642000
nan
0.577000
0.642000
nan
nan
0.686000
nan
nan
nan
nan
nan
nan
nan
0.287000
nan
nan
nan
0.361000
nan
0.642000
0.953000
0.549000
nan
0.794000
0.974000
0.671000
0.354000
nan
0.556000
0.491000
0.419000
0.419000
nan
0.287000
0.419000
0.491000
nan
nan
nan
0.505000
nan
0.375000
0.938000
0.866000
nan
nan
nan
0.287000
0.534000
0.462000
0.946000
1.000000
0.657000
0.303000
0.808000
0.613000
0.764000
0.865000
nan
0.358000
nan
0.311000
nan
1.000000
nan
nan
nan
0.818000
nan
0.209000
0.514000
nan
nan
nan
nan
nan
nan
nan
nan
0.176000
0.172000
0.649000
0.723000
0.385000
0.372000
nan
nan
nan
nan
0.682000
0.466000
0.899000
0.378000
nan
0.919000
0.588000
0.257000
0.716000
0.703000
nan
nan
nan
nan
nan
nan
0.899000
0.824000
0.953000
nan
nan
0.172000
0.243000
nan
nan
nan
0.797000
0.811000
nan
nan
0.365000
nan
0.872000
0.426000
0.824000
0.291000
0.209000
0.172000
0.182000
0.520000
0.736000
nan
0.264000
0.284000
nan
nan
nan
0.304000
1.000000
1.000000
nan
0.770000
1.000000
nan
nan
0.250000
nan
0.669000
0.865000
nan
0.515000
nan
nan
nan
0.671000
nan
nan
0.225000
nan
nan
nan
nan
nan
0.907000
nan
nan
0.494000
0.515000
nan
0.697000
0.638000
nan
nan
0.408000
0.279000
0.274000
nan
nan
0.354000
0.601000
nan
0.343000
nan
0.124000
0.687000
nan
0.676000
nan
0.756000
nan
0.381000
0.317000
0.730000
0.333000
0.676000
0.724000
nan
nan
0.338000
0.365000
0.397000
0.976000
nan
nan
nan
nan
nan
nan
nan
0.456000
0.531000
0.628000
nan
0.617000
0.333000
nan
1.000000
0.542000
0.397000
0.150000
0.124000
0.124000
0.526000
0.520000
0.467000
1.000000
nan
nan
0.612000
0.638000
nan
nan
0.418000
nan
nan
nan
0.488000
0.435000
nan
nan
nan
nan
nan
0.231000
nan
nan
nan
1.000000
nan
nan
1.000000
nan
nan
nan
nan
nan
0.777000
nan
nan
0.884000
nan
nan
0.734000
1.000000
nan
nan
nan
nan
nan
0.517000
nan
nan
nan
nan
nan
0.464000
nan
0.575000
nan
nan
0.565000
0.459000
nan
0.716000
0.941000
0.911000
nan
nan
0.476000
nan
nan
0.360000
nan
nan
0.976000
nan
0.235000
0.385000
0.190000
0.195000
0.175000
nan
nan
0.220000
0.521000
nan
nan
nan
nan
nan
0.124000
nan
0.124000
nan
nan
nan
nan
0.155000
nan
nan
0.145000
0.124000
0.215000
nan
nan
0.205000
0.150000
nan
nan
nan
nan
1.000000
nan
nan
nan
nan
nan
nan
0.997000
nan
0.666000
nan
nan
0.571000
nan
nan
0.776000
0.496000
nan
0.591000
nan
nan
nan
0.410000
0.521000
0.385000
nan
0.481000
nan
nan
0.816000
nan
nan
0.661000
0.320000
0.380000
0.471000
nan
0.621000
0.531000
0.521000
nan
nan
nan
nan
0.653000
nan
0.472000
nan
0.223000
0.140000
0.269000
0.197000
0.145000
0.384000
0.264000
0.767000
nan
nan
nan
nan
nan
