Coverage: 12903.810624
0.030000
nan
nan
nan
0.365000
0.239000
0.453000
0.291000
nan
nan
0.030000
nan
0.420000
0.524000
nan
nan
nan
nan
nan
nan
0.304000
0.644000
0.411000
0.307000
nan
nan
nan
0.091000
0.030000
0.065000
nan
nan
0.443000
0.120000
nan
0.039000
0.210000
nan
nan
0.301000
nan
nan
0.598000
nan
nan
nan
0.446000
0.511000
nan
1.000000
nan
nan
0.204000
nan
nan
nan
nan
1.000000
0.631000
nan
0.621000
0.812000
nan
nan
nan
0.530000
0.847000
0.673000
nan
nan
0.275000
nan
0.563000
nan
0.136000
nan
0.217000
nan
nan
nan
nan
nan
nan
nan
0.220000
nan
nan
nan
0.951000
0.142000
nan
0.126000
nan
1.000000
0.699000
nan
0.889000
nan
nan
0.201000
nan
0.171000
nan
nan
nan
nan
nan
nan
0.993000
nan
0.294000
0.171000
nan
0.223000
nan
0.437000
1.000000
0.770000
nan
0.799000
nan
nan
0.774000
nan
nan
nan
nan
nan
0.331000
0.538000
nan
nan
0.236000
0.251000
nan
nan
1.000000
nan
0.749000
nan
nan
nan
0.436000
0.676000
0.890000
0.403000
0.618000
nan
0.501000
nan
nan
nan
nan
nan
0.262000
nan
0.247000
0.287000
0.323000
nan
1.000000
0.738000
nan
nan
0.217000
nan
0.217000
nan
nan
nan
nan
nan
0.302000
nan
0.243000
nan
0.229000
nan
nan
0.545000
0.400000
nan
0.912000
0.661000
0.418000
nan
0.389000
nan
nan
0.749000
0.385000
nan
0.436000
0.614000
0.276000
nan
0.294000
0.229000
nan
nan
0.523000
nan
0.262000
nan
0.316000
nan
0.701000
nan
0.422000
0.217000
0.273000
0.323000
nan
0.640000
0.901000
0.429000
0.304000
0.279000
0.499000
0.429000
nan
0.491000
nan
nan
0.241000
nan
0.720000
nan
nan
nan
nan
nan
0.587000
0.637000
nan
0.537000
0.458000
nan
0.337000
0.296000
0.279000
0.250000
0.219000
0.219000
0.412000
nan
0.400000
0.612000
0.300000
0.283000
1.000000
nan
nan
nan
nan
nan
nan
nan
0.820000
0.824000
0.604000
nan
0.445000
0.608000
nan
nan
0.508000
0.508000
0.375000
0.549000
nan
0.653000
0.470000
nan
nan
nan
0.758000
0.362000
nan
0.928000
nan
0.766000
0.824000
nan
nan
nan
nan
nan
nan
1.000000
1.000000
nan
nan
0.828000
0.608000
0.358000
0.966000
nan
0.770000
nan
0.316000
0.287000
0.219000
0.146000
0.149000
nan
nan
0.907000
nan
0.607000
0.376000
nan
nan
nan
nan
nan
nan
nan
nan
nan
nan
0.099000
nan
nan
0.840000
nan
nan
nan
nan
0.297000
nan
nan
nan
nan
nan
nan
0.986000
0.749000
0.163000
nan
0.111000
0.140000
0.169000
0.181000
nan
0.187000
0.230000
0.364000
nan
0.819000
nan
nan
0.210000
0.111000
nan
0.201000
nan
0.169000
nan
nan
0.551000
nan
0.574000
0.484000
nan
0.504000
nan
nan
nan
0.408000
0.621000
0.770000
nan
0.653000
nan
nan
0.746000
1.000000
0.557000
nan
nan
nan
nan
nan
0.569000
0.528000
nan
1.000000
nan
nan
nan
0.093000
nan
nan
0.746000
nan
nan
nan
nan
nan
nan
0.093000
nan
0.225000
0.093000
nan
0.653000
nan
0.697000
0.790000
0.808000
nan
nan
nan
0.219000
nan
0.286000
nan
nan
nan
0.370000
nan
nan
nan
1.000000
0.720000
nan
0.580000
nan
nan
nan
nan
nan
1.000000
0.839000
nan
0.439000
0.668000
nan
0.473000
nan
nan
0.696000
nan
0.198000
0.272000
nan
0.238000
0.171000
0.742000
0.568000
nan
0.430000
0.098000
nan
nan
0.327000
0.223000
nan
nan
nan
nan
nan
nan
nan
0.290000
0.134000
nan
nan
0.159000
nan
0.076000
0.235000
0.189000
nan
nan
0.864000
0.995000
nan
nan
nan
nan
nan
nan
0.217000
nan
0.076000
0.076000
nan
nan
nan
0.076000
0.708000
1.000000
nan
0.296000
nan
nan
nan
0.232000
nan
nan
0.421000
nan
0.113000
nan
nan
nan
0.140000
0.278000
nan
nan
nan
nan
0.732000
nan
0.705000
0.873000
nan
nan
nan
0.324000
0.378000
0.162000
0.497000
0.705000
nan
nan
nan
nan
1.000000
0.461000
0.244000
0.613000
0.434000
0.559000
0.739000
nan
0.420000
nan
0.541000
nan
0.448000
nan
nan
nan
nan
1.000000
0.510000
1.000000
0.229000
0.194000
nan
nan
nan
0.399000
nan
nan
nan
0.399000
0.645000
nan
nan
0.569000
0.687000
0.895000
nan
nan
nan
0.541000
nan
0.489000
0.184000
0.305000
0.406000
nan
0.250000
nan
0.146000
nan
nan
0.631000
nan
nan
nan
0.222000
0.531000
nan
0.340000
nan
0.198000
nan
nan
0.624000
0.725000
nan
nan
nan
nan
nan
nan
nan
0.798000
nan
nan
0.604000
nan
nan
0.316000
nan
0.246000
nan
nan
nan
0.753000
0.812000
0.343000
0.472000
0.337000
0.663000
0.503000
nan
0.305000
nan
nan
nan
nan
0.160000
nan
nan
nan
nan
0.139000
nan
1.000000
0.857000
0.131000
0.131000
0.131000
nan
0.610000
0.610000
nan
nan
0.679000
0.314000
0.527000
0.072000
0.090000
0.238000
0.255000
1.000000
nan
0.576000
nan
nan
0.114000
0.062000
0.093000
nan
0.286000
0.186000
0.053000
0.053000
0.053000
0.203000
nan
0.334000
nan
nan
nan
nan
nan
0.296000
0.455000
0.486000
nan
nan
nan
nan
nan
0.700000
nan
nan
nan
nan
0.472000
nan
nan
nan
nan
nan
nan
0.958000
nan
nan
nan
nan
nan
0.303000
0.076000
nan
0.421000
1.000000
nan
0.421000
0.693000
0.586000
nan
nan
nan
nan
0.303000
nan
0.572000
1.000000
nan
nan
nan
nan
0.955000
0.617000
nan
0.362000
0.117000
nan
0.169000
nan
0.419000
0.748000
0.886000
0.791000
nan
0.476000
0.080000
nan
nan
nan
0.203000
nan
nan
nan
nan
nan
nan
nan
nan
nan
nan
0.445000
nan
nan
nan
nan
0.338000
0.156000
0.146000
nan
nan
0.156000
0.172000
nan
nan
0.369000
nan
nan
nan
nan
0.478000
nan
nan
nan
nan
0.515000
nan
0.291000
nan
0.213000
0.634000
nan
0.567000
nan
0.681000
nan
0.338000
nan
0.106000
nan
0.307000
nan
nan
0.364000
0.509000
nan
0.468000
0.328000
1.000000
nan
nan
nan
nan
nan
nan
nan
nan
nan
nan
nan
nan
1.000000
nan
nan
0.806000
nan
0.572000
nan
nan
0.203000
0.473000
nan
nan
nan
nan
nan
nan
nan
0.130000
0.166000
nan
0.244000
nan
0.213000
0.265000
0.359000
nan
nan
0.114000
nan
nan
nan
nan
nan
nan
nan
nan
nan
0.177000
0.156000
0.307000
0.291000
nan
0.229000
nan
nan
nan
nan
nan
nan
nan
nan
nan
0.224000
nan
nan
nan
0.106000
