Coverage: 823.756906
nan
nan
0.143000
0.190000
0.000000
nan
nan
0.000000
0.000000
nan
0.238000
0.095000
nan
0.190000
nan
0.095000
nan
0.143000
0.000000
0.095000
0.000000
nan
0.000000
nan
nan
0.286000
0.286000
0.286000
nan
nan
nan
0.238000
0.190000
nan
0.524000
nan
nan
nan
0.619000
nan
nan
0.238000
0.143000
0.333000
0.714000
0.381000
0.667000
0.180000
nan
nan
nan
nan
0.495000
nan
nan
nan
nan
nan
nan
nan
nan
nan
nan
0.270000
nan
0.450000
nan
0.270000
nan
nan
nan
nan
0.495000
nan
nan
0.100000
nan
nan
nan
0.495000
nan
nan
nan
nan
0.811000
0.315000
0.946000
0.721000
nan
nan
0.586000
0.766000
0.405000
nan
0.270000
0.946000
nan
nan
0.766000
nan
0.180000
1.000000
nan
0.315000
0.856000
1.000000
nan
nan
nan
nan
0.467000
nan
nan
0.807000
0.849000
nan
nan
0.764000
nan
nan
0.425000
nan
nan
0.127000
0.382000
nan
0.722000
nan
0.977000
0.679000
nan
1.000000
0.637000
0.510000
0.297000
nan
0.637000
0.637000
0.255000
nan
nan
nan
nan
nan
nan
nan
0.594000
nan
nan
nan
nan
0.170000
0.104000
nan
nan
0.255000
nan
nan
0.170000
nan
nan
nan
nan
nan
nan
nan
nan
0.170000
0.297000
nan
nan
nan
nan
nan
nan
nan
nan
nan
0.255000
0.297000
0.104000
