Coverage: 12036.852207
nan
nan
nan
nan
nan
0.241000
0.311000
0.306000
nan
0.281000
0.341000
nan
nan
nan
nan
nan
0.326000
0.386000
0.502000
nan
0.647000
nan
nan
nan
0.607000
0.452000
nan
0.512000
0.542000
0.452000
0.421000
0.356000
0.622000
nan
nan
0.472000
0.597000
0.652000
nan
nan
nan
0.838000
0.677000
0.768000
0.492000
0.617000
0.567000
0.773000
nan
0.898000
nan
nan
0.421000
nan
nan
nan
nan
0.983000
0.472000
0.557000
nan
0.657000
0.622000
nan
0.311000
0.547000
0.306000
0.707000
0.687000
nan
0.728000
nan
1.000000
0.647000
nan
nan
0.230000
0.230000
0.416000
0.848000
1.000000
nan
nan
nan
0.230000
nan
nan
nan
nan
1.000000
0.743000
nan
0.733000
nan
nan
0.318000
0.318000
nan
nan
nan
nan
nan
0.597000
0.851000
nan
nan
0.786000
1.000000
nan
0.838000
1.000000
nan
0.522000
nan
0.338000
nan
nan
nan
0.325000
nan
1.000000
nan
0.803000
nan
nan
0.808000
0.821000
0.746000
nan
nan
0.689000
0.465000
nan
0.518000
0.575000
0.579000
0.540000
nan
0.693000
nan
0.636000
0.966000
0.834000
nan
0.724000
0.619000
nan
nan
nan
nan
nan
0.566000
0.452000
0.557000
0.794000
0.983000
0.575000
nan
0.957000
0.645000
0.571000
0.654000
0.395000
nan
0.610000
nan
0.614000
0.680000
0.755000
0.913000
0.492000
0.654000
0.944000
nan
0.351000
nan
0.318000
1.000000
nan
nan
nan
0.450000
nan
0.331000
0.790000
0.640000
nan
0.380000
nan
0.331000
nan
0.282000
nan
nan
nan
nan
0.455000
nan
0.720000
0.490000
nan
0.693000
0.830000
nan
nan
0.517000
0.578000
nan
nan
nan
nan
0.936000
0.618000
nan
0.614000
0.282000
0.282000
0.539000
nan
0.578000
0.658000
nan
0.565000
0.759000
0.671000
nan
0.552000
nan
nan
0.764000
nan
0.812000
0.724000
0.932000
0.618000
nan
0.291000
0.406000
0.883000
1.000000
nan
0.918000
nan
nan
nan
nan
1.000000
0.958000
0.653000
nan
0.561000
nan
0.494000
0.976000
0.790000
0.543000
nan
nan
0.494000
nan
nan
0.366000
nan
nan
nan
0.587000
0.583000
nan
nan
0.720000
0.800000
0.826000
nan
0.635000
nan
0.644000
nan
0.631000
nan
nan
0.986000
0.946000
nan
0.937000
1.000000
0.733000
nan
0.622000
0.928000
0.795000
nan
0.844000
nan
nan
nan
0.817000
nan
0.542000
nan
nan
0.591000
0.880000
0.995000
nan
1.000000
nan
nan
nan
nan
0.875000
0.689000
nan
0.564000
0.684000
nan
1.000000
nan
0.662000
nan
nan
nan
nan
0.866000
0.760000
nan
nan
0.389000
nan
0.831000
0.977000
0.817000
0.835000
nan
nan
0.729000
nan
0.551000
0.546000
0.893000
nan
0.804000
nan
0.533000
0.389000
0.409000
0.560000
0.875000
nan
nan
nan
nan
nan
0.702000
0.389000
nan
0.631000
0.675000
0.844000
nan
0.795000
nan
nan
0.582000
0.702000
nan
0.798000
0.847000
nan
0.874000
0.863000
1.000000
0.268000
0.697000
0.847000
nan
nan
nan
nan
nan
nan
0.434000
nan
0.327000
0.359000
0.611000
0.472000
nan
0.798000
nan
0.841000
1.000000
1.000000
0.638000
0.279000
0.311000
0.265000
0.265000
0.305000
nan
nan
0.265000
0.648000
nan
0.965000
0.681000
0.745000
nan
0.573000
nan
nan
0.643000
0.718000
0.927000
0.890000
nan
0.509000
0.563000
nan
0.579000
nan
nan
0.750000
0.338000
0.691000
0.525000
nan
nan
0.493000
0.481000
0.644000
0.372000
0.393000
nan
0.623000
nan
nan
nan
0.619000
0.577000
nan
0.523000
0.414000
1.000000
0.625000
0.135000
0.219000
0.204000
0.399000
0.378000
nan
nan
nan
0.718000
0.763000
0.459000
0.534000
nan
nan
nan
nan
1.000000
nan
nan
nan
nan
nan
0.730000
0.868000
nan
0.564000
nan
nan
nan
nan
0.883000
0.706000
0.877000
nan
nan
nan
nan
nan
0.108000
nan
0.075000
0.073000
nan
nan
0.225000
0.871000
0.880000
nan
0.715000
0.697000
nan
0.558000
nan
0.303000
nan
0.073000
nan
0.111000
0.528000
0.826000
1.000000
nan
0.252000
nan
0.073000
nan
nan
nan
0.351000
0.643000
0.676000
nan
nan
0.144000
0.180000
0.153000
nan
