Coverage: 2230.612245
nan
0.100000
nan
nan
nan
nan
0.250000
nan
0.200000
0.100000
nan
nan
0.150000
0.200000
nan
0.100000
0.400000
nan
nan
0.150000
nan
0.300000
0.300000
0.100000
0.250000
nan
nan
nan
0.300000
0.850000
0.350000
0.500000
nan
0.400000
0.150000
0.300000
nan
nan
nan
0.200000
0.550000
0.550000
0.900000
0.800000
nan
0.600000
nan
0.150000
nan
nan
nan
nan
0.350000
nan
nan
nan
nan
nan
0.400000
0.150000
0.400000
1.000000
nan
0.550000
0.500000
0.400000
nan
0.500000
nan
nan
nan
0.350000
0.700000
0.800000
1.000000
0.650000
nan
0.900000
nan
0.700000
nan
nan
0.900000
nan
nan
1.000000
0.550000
1.000000
nan
0.750000
0.350000
nan
0.900000
0.485000
0.512000
0.647000
nan
0.593000
0.620000
0.350000
0.162000
nan
nan
nan
nan
0.512000
nan
0.377000
nan
0.243000
nan
nan
nan
nan
nan
0.108000
nan
0.512000
nan
nan
nan
0.755000
0.458000
0.081000
nan
nan
0.674000
0.081000
nan
nan
0.863000
nan
nan
nan
nan
nan
nan
nan
nan
nan
nan
0.296000
nan
nan
nan
1.000000
0.593000
nan
nan
0.728000
nan
nan
nan
nan
1.000000
0.108000
nan
0.431000
nan
0.081000
0.782000
0.216000
nan
nan
nan
1.000000
0.970000
nan
0.539000
0.566000
nan
0.458000
nan
nan
nan
nan
nan
0.809000
nan
nan
nan
0.782000
0.755000
0.647000
0.296000
0.162000
nan
0.836000
nan
0.593000
nan
0.377000
nan
0.108000
0.216000
0.108000
0.081000
0.327000
0.360000
0.196000
nan
nan
nan
0.392000
0.269000
nan
1.000000
0.385000
nan
0.654000
0.346000
0.308000
nan
nan
0.423000
nan
nan
0.462000
0.423000
0.462000
0.731000
0.692000
0.231000
0.500000
nan
0.692000
0.346000
0.269000
0.188000
0.462000
nan
nan
0.769000
nan
0.846000
nan
nan
nan
0.885000
0.769000
1.000000
1.000000
1.000000
nan
nan
0.846000
0.500000
nan
0.500000
0.808000
nan
nan
nan
0.385000
0.423000
nan
0.500000
nan
0.731000
0.500000
0.462000
nan
nan
nan
0.269000
nan
nan
0.654000
0.462000
nan
0.231000
0.231000
nan
nan
nan
0.500000
nan
nan
nan
0.188000
nan
nan
0.188000
nan
1.000000
nan
nan
nan
0.385000
nan
nan
nan
nan
nan
