Coverage: 15427.257240
0.100000
0.100000
0.200000
nan
nan
0.139000
0.250000
nan
nan
nan
0.156000
0.100000
0.222000
0.111000
0.106000
0.417000
0.195000
0.261000
0.295000
0.311000
0.156000
nan
0.139000
nan
nan
nan
0.250000
0.278000
nan
nan
nan
0.222000
0.300000
0.539000
0.206000
nan
nan
0.295000
nan
0.434000
nan
nan
nan
0.695000
nan
nan
nan
nan
nan
0.550000
nan
nan
0.334000
0.406000
nan
nan
nan
0.573000
nan
nan
nan
0.539000
0.578000
0.712000
0.756000
0.979000
0.245000
0.234000
nan
nan
nan
nan
nan
0.534000
nan
0.740000
0.751000
nan
0.573000
1.000000
0.528000
0.651000
0.506000
nan
nan
nan
0.884000
1.000000
0.823000
0.745000
nan
1.000000
0.594000
nan
nan
0.181000
nan
nan
nan
0.276000
0.265000
0.515000
nan
nan
1.000000
0.572000
nan
0.315000
0.430000
0.345000
0.394000
0.473000
nan
nan
0.274000
nan
nan
nan
0.170000
nan
0.271000
0.487000
nan
0.739000
nan
nan
0.670000
nan
nan
0.621000
0.268000
nan
0.170000
0.222000
nan
nan
nan
0.599000
0.594000
0.547000
1.000000
0.170000
0.178000
nan
nan
nan
0.323000
0.274000
0.339000
0.304000
nan
0.501000
0.712000
0.583000
nan
0.350000
0.402000
0.728000
0.627000
nan
nan
0.263000
nan
nan
0.421000
0.709000
nan
1.000000
0.958000
0.476000
0.531000
0.432000
0.348000
nan
nan
nan
0.805000
nan
nan
nan
nan
0.816000
nan
nan
0.547000
nan
nan
nan
0.438000
nan
1.000000
0.614000
0.435000
0.988000
0.773000
nan
0.368000
nan
0.301000
nan
nan
nan
nan
nan
nan
nan
nan
nan
nan
nan
0.564000
nan
0.594000
nan
nan
0.318000
nan
nan
nan
nan
0.658000
nan
nan
nan
0.458000
nan
1.000000
0.304000
nan
nan
0.271000
0.357000
0.388000
nan
0.681000
1.000000
0.876000
nan
nan
0.463000
nan
nan
0.243000
0.435000
0.410000
nan
0.550000
0.276000
0.363000
0.633000
nan
nan
nan
0.357000
nan
nan
0.235000
nan
nan
0.254000
0.235000
0.628000
0.703000
nan
nan
nan
0.312000
0.235000
nan
nan
0.251000
nan
nan
0.240000
nan
nan
0.438000
0.929000
0.854000
0.896000
nan
nan
nan
nan
nan
0.653000
0.287000
0.349000
nan
0.427000
nan
0.818000
0.407000
nan
nan
0.422000
1.000000
0.562000
nan
nan
0.130000
1.000000
nan
nan
nan
nan
nan
nan
nan
nan
nan
0.240000
nan
nan
nan
nan
0.224000
nan
0.705000
nan
nan
0.188000
0.328000
nan
nan
0.705000
0.623000
0.601000
nan
0.789000
nan
0.685000
0.737000
nan
nan
nan
nan
0.477000
0.636000
nan
1.000000
nan
0.562000
nan
0.679000
0.695000
0.734000
nan
nan
0.455000
nan
nan
0.461000
0.357000
nan
0.247000
0.224000
0.481000
0.354000
0.864000
nan
0.497000
0.244000
0.445000
0.364000
nan
0.442000
nan
0.393000
0.471000
0.588000
nan
nan
0.455000
0.283000
nan
nan
0.240000
nan
nan
nan
0.948000
0.406000
nan
0.182000
0.321000
nan
0.942000
nan
0.130000
0.201000
0.130000
0.140000
nan
0.125000
0.985000
nan
1.000000
nan
0.974000
1.000000
nan
0.125000
nan
nan
nan
nan
nan
0.468000
nan
0.487000
nan
0.253000
nan
nan
0.766000
0.634000
0.819000
nan
0.510000
0.287000
nan
0.245000
nan
nan
nan
0.510000
nan
0.604000
0.404000
nan
nan
nan
nan
nan
nan
nan
0.495000
0.472000
nan
nan
nan
nan
nan
0.238000
0.362000
0.378000
nan
nan
nan
nan
nan
nan
nan
nan
nan
nan
0.513000
0.589000
nan
0.884000
0.623000
0.585000
0.540000
nan
0.227000
0.253000
0.302000
nan
0.242000
0.215000
nan
nan
nan
0.272000
nan
nan
nan
0.480000
0.344000
0.321000
0.472000
1.000000
0.506000
0.476000
nan
0.257000
nan
0.506000
0.253000
0.177000
0.130000
0.158000
0.359000
0.154000
0.297000
0.365000
0.531000
0.302000
0.345000
nan
nan
nan
0.352000
0.196000
nan
0.206000
0.300000
0.403000
nan
0.337000
0.506000
nan
0.300000
nan
0.393000
0.161000
0.637000
0.579000
nan
0.496000
0.617000
nan
nan
nan
1.000000
nan
nan
nan
nan
nan
nan
nan
nan
0.508000
1.000000
nan
0.511000
0.629000
0.564000
nan
nan
0.398000
0.738000
0.790000
nan
nan
0.564000
nan
0.383000
0.531000
0.627000
0.466000
nan
nan
0.350000
0.617000
nan
nan
nan
0.841000
0.660000
nan
0.373000
0.743000
nan
nan
nan
nan
0.715000
nan
nan
0.564000
nan
nan
nan
0.342000
nan
nan
nan
nan
nan
1.000000
0.159000
0.234000
nan
0.136000
