Coverage: 5345.161290
0.157000
nan
0.268000
nan
0.231000
0.195000
nan
nan
nan
0.389000
0.377000
nan
0.353000
nan
0.255000
0.450000
0.462000
nan
0.157000
nan
nan
0.328000
nan
nan
0.268000
0.219000
nan
nan
0.414000
0.669000
0.341000
0.511000
nan
0.255000
nan
nan
0.377000
0.157000
nan
0.645000
0.523000
0.912000
0.608000
1.000000
0.706000
0.547000
0.182000
0.268000
nan
0.170000
nan
nan
0.572000
0.474000
nan
nan
nan
0.316000
0.450000
nan
nan
nan
nan
0.742000
0.669000
0.754000
0.693000
nan
nan
nan
nan
nan
nan
0.754000
0.499000
nan
nan
nan
0.523000
nan
0.620000
1.000000
nan
0.450000
nan
0.803000
0.973000
0.803000
1.000000
nan
0.505000
nan
nan
0.729000
0.523000
nan
0.420000
0.514000
0.570000
nan
0.551000
nan
0.701000
0.766000
0.383000
nan
nan
nan
nan
0.308000
nan
nan
nan
nan
0.943000
1.000000
nan
nan
0.813000
0.523000
0.607000
nan
0.635000
0.570000
1.000000
nan
nan
nan
0.738000
nan
0.869000
nan
nan
0.579000
0.738000
nan
nan
0.785000
nan
nan
0.495000
nan
0.392000
nan
nan
0.364000
0.327000
nan
0.682000
nan
0.645000
nan
0.262000
nan
0.271000
0.262000
1.000000
0.775000
0.247000
0.542000
0.719000
0.355000
0.280000
nan
nan
0.252000
nan
0.420000
nan
nan
0.617000
0.299000
0.458000
0.589000
nan
nan
0.247000
nan
nan
0.392000
nan
0.247000
nan
0.775000
nan
nan
