Coverage: 10417.791411
nan
nan
nan
nan
0.007000
nan
0.014000
nan
0.007000
0.007000
0.014000
nan
0.007000
0.021000
0.326000
0.028000
0.028000
0.007000
nan
0.028000
nan
nan
nan
0.014000
0.057000
0.177000
0.340000
nan
0.156000
0.283000
nan
0.241000
nan
0.333000
nan
0.163000
0.453000
nan
nan
0.482000
0.489000
0.340000
nan
0.220000
nan
nan
nan
nan
nan
0.446000
nan
nan
0.305000
nan
nan
nan
0.545000
0.829000
0.595000
nan
nan
0.602000
0.595000
nan
nan
0.574000
nan
nan
0.814000
0.907000
nan
nan
nan
0.737000
nan
nan
1.000000
nan
nan
0.616000
0.744000
0.630000
0.829000
nan
nan
nan
0.666000
0.751000
0.885000
nan
0.864000
1.000000
1.000000
0.673000
nan
0.836000
0.298000
nan
nan
nan
0.293000
nan
nan
0.987000
nan
nan
nan
1.000000
nan
0.983000
nan
nan
0.817000
nan
nan
0.780000
0.699000
0.685000
nan
nan
0.860000
nan
0.699000
0.609000
0.491000
nan
0.529000
0.742000
nan
0.501000
0.605000
0.638000
nan
nan
1.000000
0.283000
0.283000
0.383000
0.638000
0.992000
nan
nan
nan
nan
0.383000
0.283000
0.586000
0.468000
0.288000
0.902000
nan
nan
0.841000
nan
0.633000
nan
nan
0.354000
0.402000
0.628000
nan
nan
nan
0.605000
0.378000
0.562000
0.491000
nan
1.000000
0.860000
nan
0.449000
0.369000
0.354000
nan
0.751000
0.817000
nan
nan
nan
0.463000
nan
nan
0.345000
0.775000
0.747000
nan
0.672000
nan
nan
0.775000
0.569000
0.927000
0.623000
0.737000
0.813000
nan
0.899000
nan
nan
nan
0.282000
0.591000
0.341000
0.715000
0.661000
nan
0.802000
nan
0.894000
nan
0.666000
0.493000
nan
nan
0.488000
nan
nan
0.943000
0.526000
nan
nan
nan
nan
nan
0.374000
0.276000
1.000000
nan
0.997000
nan
0.320000
0.276000
0.807000
nan
nan
nan
0.639000
nan
nan
1.000000
nan
0.878000
0.856000
nan
0.320000
0.461000
0.769000
nan
nan
nan
0.276000
0.444000
0.499000
0.883000
nan
0.737000
0.845000
1.000000
nan
nan
0.883000
nan
nan
0.406000
0.493000
nan
0.531000
0.769000
0.834000
nan
0.629000
nan
0.444000
nan
0.732000
0.430000
nan
0.208000
0.530000
0.464000
0.665000
0.700000
nan
0.710000
nan
nan
nan
nan
0.773000
nan
nan
nan
nan
0.450000
0.679000
0.409000
nan
0.700000
1.000000
0.412000
0.513000
0.478000
0.624000
0.707000
nan
nan
nan
nan
0.700000
nan
0.540000
0.502000
nan
0.471000
0.662000
0.592000
nan
0.613000
nan
nan
nan
nan
1.000000
0.651000
nan
0.592000
0.475000
0.696000
nan
0.641000
0.686000
0.461000
0.516000
1.000000
0.482000
0.485000
0.506000
0.405000
nan
0.502000
nan
0.994000
nan
0.249000
0.208000
0.208000
nan
0.360000
0.208000
0.353000
0.388000
nan
nan
0.340000
0.277000
nan
nan
nan
nan
nan
nan
0.571000
nan
nan
1.000000
0.783000
nan
0.764000
0.575000
1.000000
nan
0.688000
0.979000
nan
nan
0.824000
nan
0.628000
nan
nan
nan
nan
0.749000
nan
nan
nan
0.907000
nan
nan
nan
0.848000
0.710000
0.666000
0.702000
nan
nan
nan
nan
nan
0.571000
0.678000
nan
0.507000
0.496000
0.817000
nan
0.805000
nan
0.527000
0.702000
nan
nan
0.496000
0.396000
0.424000
nan
nan
nan
nan
0.908000
nan
nan
nan
nan
nan
nan
0.974000
0.986000
nan
nan
nan
nan
0.733000
0.662000
0.480000
0.765000
0.511000
nan
0.595000
nan
nan
nan
nan
0.646000
0.381000
nan
0.333000
0.267000
nan
nan
0.305000
0.460000
nan
nan
0.682000
nan
nan
nan
0.571000
0.733000
nan
0.587000
nan
nan
0.267000
1.000000
0.904000
0.622000
0.606000
0.846000
0.531000
0.456000
0.817000
nan
0.328000
nan
0.236000
0.319000
0.265000
0.419000
0.328000
0.402000
nan
nan
nan
nan
nan
nan
