Coverage: 2711.170213
nan
nan
0.159000
0.319000
nan
0.080000
0.359000
nan
0.279000
nan
nan
0.120000
0.319000
0.279000
0.239000
0.120000
0.279000
nan
nan
0.058000
nan
0.438000
0.438000
nan
0.398000
nan
nan
nan
0.058000
0.120000
0.058000
nan
1.000000
0.398000
0.279000
0.438000
nan
0.159000
nan
nan
nan
nan
nan
nan
nan
0.359000
0.159000
0.319000
nan
nan
nan
nan
0.199000
nan
nan
nan
nan
nan
nan
0.558000
0.478000
nan
1.000000
nan
0.598000
0.956000
nan
nan
nan
0.637000
nan
0.637000
nan
nan
nan
nan
nan
0.916000
nan
nan
nan
0.598000
0.677000
0.637000
0.598000
nan
nan
nan
nan
0.279000
nan
0.478000
0.199000
1.000000
nan
nan
nan
nan
nan
nan
nan
nan
nan
nan
0.234000
nan
0.546000
nan
nan
0.741000
0.936000
0.936000
0.858000
0.429000
nan
nan
nan
nan
0.305000
0.344000
nan
1.000000
0.649000
nan
0.763000
nan
nan
nan
0.267000
0.267000
nan
1.000000
0.496000
nan
nan
0.840000
0.725000
nan
0.344000
nan
0.229000
0.229000
0.267000
0.076000
nan
nan
0.382000
0.191000
nan
0.458000
0.305000
0.305000
0.382000
0.649000
0.344000
nan
0.611000
0.267000
0.458000
0.191000
0.153000
nan
0.153000
nan
nan
0.382000
nan
0.382000
nan
0.382000
0.229000
0.191000
nan
0.305000
nan
0.000000
nan
0.000000
nan
0.153000
0.305000
0.000000
nan
0.000000
nan
nan
nan
nan
