Coverage: 1640.571429
nan
nan
nan
0.265000
nan
nan
nan
nan
nan
0.221000
0.221000
0.177000
0.221000
0.309000
nan
0.128000
0.618000
nan
nan
nan
nan
0.442000
nan
0.265000
nan
0.309000
0.353000
nan
nan
nan
0.177000
0.751000
0.839000
nan
0.530000
nan
nan
nan
0.177000
0.839000
0.486000
nan
nan
nan
0.574000
nan
0.927000
0.530000
0.751000
nan
nan
nan
0.128000
nan
nan
nan
0.706000
nan
0.265000
nan
nan
nan
nan
nan
nan
0.397000
0.486000
nan
nan
nan
nan
nan
nan
0.309000
nan
nan
0.128000
nan
0.927000
0.397000
0.795000
0.927000
nan
0.517000
0.452000
0.388000
nan
0.355000
0.746000
nan
0.746000
nan
0.679000
0.679000
0.517000
nan
0.549000
0.452000
0.517000
0.355000
nan
0.323000
0.388000
nan
1.000000
0.348000
0.716000
nan
nan
0.123000
0.368000
nan
nan
nan
0.389000
0.573000
nan
0.287000
nan
nan
nan
0.450000
nan
0.246000
nan
nan
0.164000
0.082000
nan
nan
0.041000
0.164000
nan
nan
0.328000
nan
0.123000
nan
0.061000
0.389000
0.368000
nan
0.266000
nan
nan
nan
nan
nan
1.000000
0.921000
nan
1.000000
nan
nan
0.041000
0.041000
0.041000
0.061000
nan
nan
0.184000
nan
0.778000
nan
nan
nan
0.246000
nan
0.102000
0.307000
0.082000
0.123000
nan
nan
0.041000
