Coverage: 6510.416667
nan
nan
nan
0.137000
nan
0.137000
0.331000
nan
0.426000
0.284000
nan
0.199000
0.142000
nan
0.137000
0.407000
0.530000
nan
nan
nan
nan
0.284000
0.435000
0.350000
nan
0.369000
nan
nan
0.218000
nan
0.303000
0.360000
0.398000
nan
0.502000
nan
0.549000
0.473000
nan
nan
0.303000
0.644000
nan
0.625000
0.691000
0.672000
0.663000
nan
nan
nan
nan
nan
0.521000
nan
nan
nan
0.473000
0.426000
0.521000
nan
0.663000
nan
nan
nan
nan
0.984000
0.909000
nan
nan
0.776000
nan
nan
0.502000
nan
nan
nan
0.634000
nan
0.748000
nan
0.805000
1.000000
nan
0.265000
0.473000
0.502000
nan
1.000000
0.634000
0.842000
0.521000
nan
0.615000
nan
0.549000
nan
nan
nan
nan
1.000000
0.629000
nan
0.590000
0.839000
nan
nan
nan
nan
nan
0.989000
nan
0.511000
nan
0.485000
0.891000
nan
0.852000
0.635000
0.144000
0.282000
0.498000
nan
0.727000
0.956000
nan
nan
0.924000
0.485000
nan
nan
0.301000
0.098000
nan
0.091000
nan
0.170000
nan
0.091000
0.118000
0.164000
0.091000
nan
nan
0.668000
0.609000
1.000000
nan
nan
nan
nan
nan
nan
0.216000
nan
nan
0.308000
nan
nan
nan
0.118000
0.223000
nan
0.681000
1.000000
0.622000
nan
nan
0.413000
nan
0.098000
0.105000
0.183000
0.347000
nan
nan
nan
0.753000
nan
nan
nan
nan
0.452000
nan
0.400000
0.832000
nan
nan
0.976000
1.000000
nan
0.419000
0.406000
nan
nan
0.649000
nan
nan
nan
0.825000
nan
nan
0.727000
nan
0.424000
nan
0.424000
0.437000
nan
0.500000
nan
nan
nan
0.196000
0.196000
nan
1.000000
nan
nan
nan
0.906000
nan
0.367000
0.222000
nan
0.513000
0.672000
nan
nan
nan
nan
nan
nan
nan
nan
0.405000
nan
nan
0.380000
nan
0.748000
nan
0.456000
0.754000
nan
nan
0.672000
0.576000
nan
nan
0.184000
nan
0.234000
nan
nan
0.507000
nan
nan
nan
nan
nan
nan
nan
0.488000
nan
0.608000
0.583000
0.697000
nan
0.393000
0.247000
nan
0.260000
nan
0.621000
0.678000
nan
nan
1.000000
nan
nan
nan
nan
0.108000
0.146000
0.691000
nan
0.646000
1.000000
0.640000
0.760000
0.659000
nan
nan
0.108000
0.108000
0.127000
0.133000
0.754000
nan
0.786000
0.874000
nan
nan
nan
0.108000
nan
nan
0.184000
nan
nan
nan
nan
nan
0.317000
nan
0.522000
nan
nan
0.483000
nan
0.952000
nan
nan
nan
nan
0.731000
nan
0.678000
0.952000
1.000000
nan
0.744000
nan
0.222000
nan
0.235000
nan
1.000000
nan
nan
nan
nan
nan
nan
nan
0.822000
nan
nan
nan
0.731000
0.870000
nan
nan
0.718000
nan
nan
0.925000
0.925000
nan
nan
0.483000
0.511000
nan
0.957000
0.759000
0.718000
0.511000
nan
0.989000
0.538000
nan
0.773000
0.456000
0.677000
0.677000
0.746000
0.566000
0.525000
1.000000
nan
0.815000
nan
0.580000
nan
0.359000
nan
0.677000
0.193000
0.387000
0.207000
0.177000
0.177000
0.345000
0.345000
0.235000
0.262000
nan
nan
0.359000
0.193000
nan
nan
0.318000
0.566000
nan
0.248000
nan
nan
nan
0.568000
0.583000
nan
0.218000
nan
0.233000
nan
0.291000
0.233000
0.350000
0.393000
nan
0.364000
nan
nan
nan
nan
nan
0.277000
nan
0.204000
nan
0.172000
