Coverage: 1877.777778
0.155000
nan
0.570000
0.228000
nan
0.484000
0.199000
0.541000
0.155000
nan
0.313000
nan
0.256000
nan
nan
nan
0.370000
0.199000
nan
0.171000
0.684000
0.285000
nan
nan
nan
nan
0.155000
nan
nan
nan
nan
0.541000
0.456000
0.798000
nan
nan
0.627000
0.940000
0.798000
0.513000
0.513000
nan
nan
nan
nan
nan
0.199000
nan
0.484000
nan
nan
nan
0.313000
nan
nan
0.855000
1.000000
0.769000
nan
0.712000
nan
0.541000
0.826000
nan
0.684000
nan
nan
nan
nan
nan
nan
nan
nan
nan
nan
nan
0.684000
1.000000
1.000000
0.769000
0.627000
0.855000
nan
nan
0.826000
nan
0.370000
0.513000
0.940000
0.684000
0.627000
nan
nan
nan
0.167000
nan
nan
nan
0.638000
0.944000
nan
0.916000
0.805000
0.838000
nan
0.838000
nan
0.486000
nan
nan
nan
0.351000
nan
0.405000
0.514000
0.676000
nan
nan
0.649000
nan
1.000000
1.000000
nan
0.432000
nan
0.108000
nan
nan
0.135000
nan
nan
0.093000
nan
nan
nan
0.514000
1.000000
0.216000
nan
0.676000
0.297000
nan
nan
1.000000
0.514000
0.459000
0.459000
0.432000
nan
0.405000
nan
0.243000
0.757000
nan
nan
0.108000
nan
nan
0.135000
0.297000
nan
nan
nan
nan
nan
0.162000
0.270000
0.486000
0.378000
nan
nan
nan
0.216000
0.270000
0.324000
0.378000
0.216000
0.093000
0.297000
nan
nan
nan
nan
0.135000
0.432000
0.270000
0.093000
nan
nan
