Coverage: 4584.753363
0.029000
0.029000
nan
0.045000
0.029000
0.090000
0.120000
nan
0.090000
0.090000
0.165000
0.165000
0.165000
0.075000
0.286000
0.135000
nan
0.180000
nan
0.241000
nan
0.361000
0.331000
nan
0.496000
0.361000
nan
0.391000
0.662000
nan
nan
nan
0.150000
0.571000
0.466000
0.391000
0.391000
0.707000
0.346000
nan
0.692000
0.782000
nan
0.301000
0.541000
0.331000
1.000000
nan
nan
nan
nan
nan
0.406000
nan
nan
nan
nan
nan
nan
nan
nan
0.842000
nan
0.872000
nan
nan
nan
nan
nan
0.767000
nan
nan
nan
nan
nan
nan
nan
nan
nan
nan
0.707000
nan
nan
0.316000
0.256000
0.902000
nan
nan
nan
0.812000
nan
0.406000
nan
1.000000
nan
nan
nan
nan
0.346000
0.496000
1.000000
0.823000
nan
nan
nan
nan
nan
nan
0.359000
nan
nan
nan
nan
0.442000
0.215000
nan
0.610000
nan
nan
nan
nan
nan
0.478000
0.550000
nan
nan
nan
nan
0.598000
nan
nan
nan
0.705000
nan
nan
nan
nan
0.932000
0.741000
0.395000
0.646000
0.442000
nan
1.000000
nan
0.717000
nan
nan
0.980000
nan
nan
1.000000
0.646000
nan
0.538000
0.777000
nan
0.658000
0.406000
0.610000
0.526000
0.526000
nan
0.502000
nan
0.693000
nan
0.466000
nan
0.729000
nan
1.000000
nan
nan
0.197000
0.197000
nan
nan
nan
0.849000
nan
0.861000
0.753000
nan
nan
nan
nan
0.383000
0.323000
nan
nan
nan
nan
nan
nan
0.395000
nan
nan
0.574000
0.311000
0.197000
0.526000
0.813000
nan
nan
nan
nan
nan
0.442000
nan
nan
nan
0.622000
nan
nan
nan
0.203000
nan
0.897000
nan
0.658000
0.299000
nan
