Coverage: 3567.613636
nan
0.144000
0.363000
nan
nan
0.431000
0.476000
0.567000
0.385000
nan
nan
0.839000
nan
nan
nan
nan
nan
0.363000
nan
nan
nan
nan
nan
0.144000
nan
nan
0.144000
0.181000
nan
nan
nan
0.204000
nan
nan
nan
nan
0.635000
0.476000
nan
nan
nan
nan
nan
nan
nan
nan
0.590000
nan
0.340000
0.590000
nan
nan
0.227000
nan
nan
0.454000
0.658000
nan
0.635000
0.816000
nan
nan
nan
0.952000
0.930000
nan
nan
0.907000
nan
1.000000
0.612000
0.703000
nan
nan
0.726000
nan
0.726000
0.590000
0.635000
nan
nan
0.748000
0.590000
0.612000
nan
nan
nan
nan
nan
nan
0.629000
0.629000
nan
0.889000
0.737000
0.966000
nan
0.803000
0.933000
nan
nan
nan
0.347000
nan
1.000000
0.369000
0.499000
0.672000
0.390000
nan
nan
0.651000
0.230000
1.000000
nan
nan
nan
0.476000
nan
nan
0.807000
0.580000
0.497000
nan
0.290000
nan
0.414000
nan
0.745000
0.518000
nan
0.621000
nan
0.435000
0.278000
1.000000
nan
nan
0.414000
nan
0.373000
nan
nan
nan
0.911000
0.890000
0.311000
0.311000
0.683000
nan
0.580000
nan
0.331000
nan
0.373000
nan
0.890000
0.642000
nan
0.373000
0.476000
0.476000
0.518000
nan
nan
0.580000
0.663000
nan
0.725000
nan
0.538000
nan
0.311000
nan
0.278000
nan
