Coverage: 1978.378378
0.075000
nan
0.075000
0.092000
0.075000
0.492000
nan
nan
0.184000
0.246000
nan
0.369000
0.307000
0.246000
0.184000
0.338000
0.123000
nan
nan
0.399000
0.215000
nan
0.184000
0.276000
0.522000
0.768000
0.430000
nan
nan
nan
0.492000
nan
0.584000
0.522000
nan
0.092000
nan
nan
0.522000
0.399000
0.676000
nan
nan
nan
nan
nan
0.492000
0.645000
nan
nan
nan
nan
0.338000
0.369000
nan
nan
0.369000
nan
0.676000
0.614000
1.000000
nan
0.707000
nan
nan
nan
nan
0.645000
0.584000
nan
nan
1.000000
0.614000
nan
0.707000
nan
0.215000
nan
nan
nan
nan
0.092000
0.860000
nan
nan
nan
nan
nan
0.771000
nan
nan
nan
nan
0.385000
nan
0.987000
0.826000
nan
0.826000
0.881000
nan
nan
0.462000
1.000000
nan
0.535000
0.657000
1.000000
0.706000
nan
nan
nan
nan
0.584000
nan
nan
0.827000
nan
0.511000
0.657000
0.487000
0.584000
nan
nan
0.730000
nan
nan
0.462000
0.608000
nan
nan
nan
nan
0.852000
nan
0.487000
0.203000
nan
nan
nan
nan
nan
nan
nan
1.000000
0.876000
nan
nan
0.341000
0.925000
nan
0.633000
0.633000
0.389000
nan
nan
0.292000
0.389000
0.511000
nan
0.584000
nan
0.754000
nan
0.560000
0.414000
0.754000
nan
nan
0.203000
0.292000
0.779000
nan
0.925000
0.535000
0.389000
0.511000
0.316000
nan
nan
0.268000
0.203000
nan
0.243000
nan
