Coverage: 13346.853147
0.100000
0.100000
0.214000
0.100000
0.170000
0.157000
0.107000
0.189000
nan
0.176000
0.207000
0.201000
1.000000
0.314000
nan
nan
nan
0.289000
nan
0.270000
0.327000
0.415000
0.497000
nan
nan
nan
nan
nan
0.421000
0.629000
nan
nan
nan
0.478000
0.754000
nan
0.641000
0.528000
nan
0.415000
0.585000
nan
0.786000
0.415000
0.270000
nan
0.547000
0.295000
0.396000
nan
nan
nan
0.365000
nan
nan
nan
nan
0.635000
0.861000
nan
nan
0.453000
0.779000
0.773000
nan
0.993000
nan
nan
nan
nan
nan
nan
nan
nan
0.339000
nan
nan
nan
nan
nan
0.717000
0.823000
nan
nan
0.698000
0.264000
0.446000
0.402000
0.534000
nan
nan
0.924000
nan
nan
1.000000
nan
nan
1.000000
0.580000
0.690000
nan
nan
0.523000
nan
nan
0.510000
nan
nan
0.613000
0.853000
0.673000
nan
nan
0.630000
nan
nan
nan
nan
nan
0.277000
0.200000
0.330000
nan
nan
nan
0.433000
0.707000
nan
nan
nan
nan
nan
nan
nan
0.543000
0.377000
0.710000
0.587000
nan
nan
0.483000
nan
nan
nan
nan
0.833000
0.740000
0.837000
0.830000
nan
nan
0.557000
nan
0.597000
0.660000
0.957000
nan
0.803000
nan
nan
nan
0.293000
nan
0.650000
nan
nan
nan
0.963000
nan
0.827000
nan
0.650000
0.650000
nan
0.467000
nan
nan
1.000000
0.172000
0.172000
0.172000
0.183000
nan
nan
0.183000
nan
0.243000
0.217000
0.307000
nan
1.000000
nan
nan
0.423000
0.437000
nan
1.000000
0.913000
0.367000
0.227000
0.620000
nan
0.609000
nan
0.481000
0.928000
nan
0.886000
nan
0.609000
nan
0.554000
nan
nan
nan
nan
1.000000
1.000000
nan
0.460000
0.422000
0.478000
0.422000
nan
0.858000
nan
nan
0.505000
0.768000
1.000000
nan
0.852000
0.561000
0.654000
nan
nan
nan
0.429000
0.443000
0.703000
0.523000
nan
0.530000
nan
0.474000
nan
nan
nan
nan
0.422000
0.433000
nan
nan
0.616000
0.460000
0.637000
nan
nan
0.582000
0.429000
0.654000
0.561000
0.654000
0.768000
nan
nan
0.734000
nan
0.803000
0.644000
0.682000
nan
0.453000
0.602000
nan
nan
0.678000
0.699000
0.917000
nan
0.595000
0.779000
0.838000
0.772000
nan
nan
0.637000
nan
0.212000
0.116000
0.418000
nan
nan
0.722000
0.512000
nan
nan
nan
nan
nan
0.466000
0.778000
0.651000
nan
0.210000
0.455000
0.510000
nan
0.524000
0.485000
nan
nan
nan
nan
0.674000
0.143000
nan
nan
0.150000
1.000000
nan
nan
nan
nan
0.116000
nan
0.116000
0.125000
nan
nan
nan
nan
1.000000
0.905000
nan
0.469000
0.277000
0.134000
nan
nan
nan
nan
nan
0.545000
nan
1.000000
0.411000
0.185000
0.252000
0.302000
0.725000
0.379000
nan
nan
nan
0.325000
0.240000
0.316000
0.690000
nan
nan
0.351000
0.339000
nan
nan
nan
nan
nan
0.138000
nan
0.549000
0.252000
nan
0.143000
nan
nan
nan
nan
nan
0.441000
0.388000
0.628000
nan
0.593000
nan
nan
nan
0.379000
0.630000
0.820000
nan
nan
1.000000
nan
1.000000
nan
1.000000
0.823000
nan
0.688000
nan
nan
0.200000
0.698000
nan
nan
0.168000
0.188000
nan
0.081000
0.148000
0.210000
0.085000
nan
0.228000
0.210000
nan
0.210000
0.250000
0.288000
nan
0.460000
0.625000
nan
nan
nan
nan
0.190000
0.333000
nan
0.793000
nan
nan
nan
0.723000
nan
0.575000
0.763000
0.688000
nan
0.170000
0.081000
0.081000
0.140000
0.248000
nan
0.653000
0.353000
0.310000
nan
nan
nan
0.168000
nan
nan
0.378000
0.308000
0.388000
nan
0.493000
0.480000
nan
0.453000
nan
nan
0.468000
nan
0.468000
0.405000
nan
0.458000
0.443000
0.410000
nan
0.365000
0.974000
nan
nan
nan
0.980000
nan
nan
0.879000
0.837000
nan
0.473000
0.652000
0.514000
0.754000
nan
nan
0.957000
0.664000
nan
nan
nan
nan
0.365000
0.317000
1.000000
1.000000
nan
nan
nan
nan
0.419000
nan
0.449000
nan
nan
nan
0.784000
1.000000
nan
0.275000
0.239000
nan
nan
0.347000
0.903000
0.365000
nan
0.383000
0.628000
0.802000
0.556000
0.173000
0.197000
0.156000
0.156000
0.431000
nan
nan
nan
0.341000
nan
0.263000
0.305000
0.407000
0.538000
0.383000
0.568000
0.736000
nan
0.754000
0.891000
0.855000
nan
nan
nan
nan
nan
nan
nan
0.437000
0.485000
nan
0.164000
0.257000
0.437000
0.251000
0.287000
0.452000
nan
nan
nan
nan
nan
nan
0.668000
nan
0.146000
