Coverage: 2493.150685
nan
nan
0.165000
nan
nan
nan
nan
nan
nan
nan
nan
nan
nan
0.475000
nan
0.237000
0.593000
nan
nan
0.317000
0.811000
nan
nan
nan
0.277000
nan
nan
0.165000
0.297000
0.455000
0.495000
nan
0.396000
nan
nan
0.475000
0.415000
nan
nan
0.989000
nan
0.534000
nan
0.653000
nan
0.554000
0.336000
0.593000
0.772000
nan
nan
nan
0.356000
nan
nan
nan
nan
nan
nan
1.000000
nan
nan
0.435000
nan
1.000000
1.000000
nan
nan
nan
0.653000
nan
nan
0.673000
nan
0.633000
nan
nan
nan
nan
nan
0.930000
nan
0.633000
nan
nan
nan
0.673000
nan
nan
nan
nan
0.495000
0.633000
0.574000
0.514000
nan
0.712000
nan
0.653000
0.673000
0.930000
nan
nan
0.257000
0.376000
0.712000
nan
nan
nan
0.336000
nan
0.198000
0.165000
0.831000
0.772000
0.732000
0.613000
0.864000
nan
nan
0.504000
0.552000
nan
nan
nan
0.552000
1.000000
0.912000
0.744000
nan
nan
0.936000
0.444000
nan
0.690000
0.715000
nan
0.567000
0.665000
0.980000
0.739000
nan
0.468000
nan
nan
nan
0.518000
nan
0.690000
0.493000
0.592000
nan
0.690000
0.370000
nan
nan
0.690000
0.542000
0.789000
nan
nan
nan
0.493000
0.592000
0.518000
nan
nan
0.370000
nan
nan
1.000000
nan
nan
nan
0.690000
0.715000
0.468000
nan
nan
nan
0.468000
0.246000
0.542000
0.542000
nan
nan
1.000000
0.468000
0.148000
0.616000
0.468000
0.394000
0.493000
nan
nan
0.271000
0.271000
nan
0.271000
0.097000
nan
0.109000
nan
nan
nan
0.090000
0.062000
nan
nan
0.076000
nan
0.480000
0.278000
0.455000
0.759000
nan
0.986000
nan
0.062000
