Coverage: 24004.545455
0.158000
nan
nan
nan
nan
nan
nan
0.199000
0.302000
nan
0.188000
0.204000
0.300000
0.158000
nan
0.224000
0.378000
0.316000
nan
0.350000
nan
nan
0.286000
nan
nan
0.357000
0.298000
0.366000
nan
nan
0.357000
0.476000
nan
0.408000
0.605000
0.552000
nan
0.346000
nan
0.279000
0.421000
nan
0.243000
1.000000
nan
0.556000
nan
0.353000
nan
nan
nan
nan
0.172000
0.982000
nan
nan
0.522000
nan
0.689000
0.946000
1.000000
0.799000
nan
nan
0.469000
nan
nan
nan
nan
0.948000
nan
0.895000
0.918000
0.710000
nan
0.339000
nan
nan
nan
0.343000
nan
0.323000
nan
nan
nan
0.911000
nan
nan
0.751000
nan
nan
nan
0.169000
0.575000
nan
nan
nan
nan
0.962000
nan
nan
1.000000
nan
0.158000
0.479000
0.370000
nan
0.397000
0.446000
nan
nan
0.125000
nan
nan
nan
nan
0.254000
0.178000
nan
0.452000
0.957000
0.602000
0.303000
0.354000
0.374000
0.944000
nan
nan
0.544000
1.000000
nan
nan
nan
nan
0.319000
0.471000
0.506000
0.441000
nan
nan
nan
nan
0.461000
nan
nan
0.131000
0.116000
nan
nan
0.132000
nan
0.128000
nan
nan
nan
nan
nan
nan
nan
nan
nan
0.488000
nan
0.216000
nan
1.000000
nan
nan
0.119000
0.140000
nan
nan
nan
1.000000
0.730000
0.589000
0.859000
nan
nan
0.186000
nan
nan
0.432000
nan
nan
0.116000
nan
0.116000
0.479000
0.366000
nan
nan
0.706000
0.354000
nan
nan
nan
nan
0.263000
0.318000
0.287000
nan
0.517000
0.248000
0.222000
0.321000
nan
nan
nan
0.166000
nan
0.216000
nan
0.397000
nan
nan
1.000000
0.894000
0.964000
0.559000
0.758000
0.661000
1.000000
nan
nan
nan
nan
0.598000
0.384000
nan
0.732000
0.685000
nan
0.645000
nan
0.830000
0.953000
nan
0.678000
0.598000
0.774000
0.790000
0.945000
nan
nan
nan
0.942000
0.590000
nan
0.510000
0.659000
nan
nan
nan
1.000000
nan
nan
nan
nan
nan
nan
0.731000
nan
0.884000
nan
nan
nan
nan
0.854000
0.990000
0.790000
nan
nan
nan
0.886000
0.761000
0.932000
0.878000
0.683000
nan
nan
0.313000
0.305000
0.550000
0.398000
0.689000
nan
nan
nan
0.689000
0.603000
0.566000
nan
0.411000
0.305000
0.318000
0.448000
0.707000
nan
0.790000
0.721000
nan
0.910000
nan
0.869000
nan
0.684000
0.387000
0.428000
0.376000
0.313000
0.581000
0.450000
0.561000
1.000000
nan
nan
nan
nan
nan
0.600000
nan
nan
nan
nan
nan
nan
nan
0.301000
nan
