Coverage: 495.854922
0.000000
nan
nan
0.000000
nan
nan
nan
0.346000
0.693000
0.000000
0.606000
nan
nan
0.173000
0.000000
nan
nan
0.000000
0.260000
0.519000
0.866000
nan
nan
0.346000
nan
0.693000
0.000000
0.000000
nan
0.000000
nan
0.173000
0.260000
nan
nan
0.173000
0.173000
0.000000
0.173000
nan
0.000000
0.519000
0.952000
nan
nan
0.000000
nan
nan
nan
nan
nan
nan
0.087000
0.779000
nan
nan
nan
0.260000
nan
nan
1.000000
1.000000
nan
0.346000
nan
0.173000
nan
nan
1.000000
nan
nan
0.260000
nan
nan
nan
0.173000
0.173000
0.606000
0.173000
nan
0.519000
0.346000
0.000000
0.346000
nan
nan
nan
nan
0.519000
nan
nan
nan
nan
0.444000
nan
0.266000
nan
0.355000
nan
0.532000
nan
nan
0.976000
nan
nan
nan
nan
nan
nan
0.182000
0.273000
nan
nan
0.273000
nan
nan
0.182000
0.273000
0.273000
0.041000
0.091000
nan
0.041000
0.545000
nan
0.364000
1.000000
0.545000
0.273000
0.364000
0.727000
nan
0.545000
nan
nan
nan
nan
0.364000
nan
0.273000
0.636000
0.545000
nan
nan
nan
0.273000
nan
nan
nan
0.041000
nan
0.273000
nan
nan
0.364000
0.182000
nan
nan
0.364000
0.727000
1.000000
0.727000
nan
nan
1.000000
0.364000
0.636000
0.182000
0.909000
0.273000
nan
nan
0.364000
nan
nan
nan
0.455000
0.182000
nan
nan
0.273000
nan
nan
0.091000
nan
nan
0.545000
0.364000
0.273000
nan
nan
0.091000
nan
