Coverage: 682.062780
0.093000
nan
nan
0.257000
nan
nan
nan
0.257000
0.257000
nan
0.193000
0.257000
nan
nan
0.450000
0.129000
nan
0.450000
nan
nan
nan
nan
0.257000
0.514000
nan
0.579000
0.093000
0.514000
nan
nan
0.193000
nan
0.579000
nan
nan
0.514000
0.386000
nan
0.093000
0.129000
nan
0.257000
0.257000
0.514000
nan
0.322000
nan
nan
0.772000
nan
nan
nan
0.836000
nan
nan
nan
nan
nan
nan
1.000000
nan
0.514000
0.965000
nan
0.257000
nan
0.450000
nan
0.322000
nan
0.257000
1.000000
nan
nan
0.643000
nan
0.322000
nan
nan
nan
0.193000
nan
0.514000
nan
0.579000
nan
0.129000
1.000000
0.965000
nan
0.386000
nan
nan
0.322000
nan
nan
0.707000
nan
0.643000
0.772000
0.836000
nan
nan
0.514000
nan
nan
0.386000
0.363000
0.060000
nan
0.725000
nan
0.725000
0.665000
nan
nan
0.785000
nan
nan
0.363000
nan
0.060000
0.483000
0.604000
nan
0.846000
0.060000
0.181000
0.775000
0.835000
0.119000
nan
0.775000
0.238000
1.000000
0.715000
nan
nan
nan
0.073000
0.179000
0.835000
nan
nan
0.119000
0.238000
0.119000
nan
nan
0.715000
0.358000
0.358000
0.656000
nan
0.358000
nan
0.073000
nan
0.477000
nan
nan
nan
nan
0.417000
1.000000
nan
nan
1.000000
0.835000
0.656000
0.477000
0.835000
nan
nan
0.537000
nan
0.298000
nan
0.179000
nan
0.835000
0.477000
0.656000
0.715000
nan
0.238000
0.537000
nan
nan
0.954000
nan
0.085000
nan
1.000000
nan
0.118000
0.235000
0.941000
nan
0.294000
nan
nan
nan
nan
0.765000
nan
nan
0.647000
0.176000
0.529000
0.118000
nan
nan
nan
nan
nan
0.412000
nan
nan
0.294000
nan
nan
nan
