Coverage: 1783.146067
0.066000
nan
nan
nan
nan
nan
nan
0.266000
0.066000
0.133000
nan
nan
nan
nan
nan
nan
0.299000
0.066000
0.266000
nan
nan
0.133000
nan
0.166000
nan
nan
nan
0.233000
0.399000
nan
0.365000
0.066000
nan
nan
0.365000
0.299000
nan
0.066000
0.299000
0.199000
nan
0.066000
0.233000
nan
nan
nan
0.432000
nan
0.365000
0.332000
nan
nan
0.598000
nan
nan
nan
nan
nan
nan
nan
nan
0.864000
0.731000
nan
0.332000
nan
nan
nan
nan
0.631000
nan
0.100000
nan
0.498000
0.242000
nan
0.112000
nan
0.134000
nan
nan
nan
0.819000
nan
0.618000
0.538000
0.699000
0.242000
0.592000
0.565000
nan
0.215000
nan
nan
nan
nan
nan
nan
nan
0.780000
nan
0.350000
0.457000
nan
0.430000
1.000000
0.973000
0.780000
nan
0.350000
0.592000
0.308000
nan
nan
nan
nan
0.576000
nan
nan
0.884000
nan
0.617000
nan
0.637000
0.699000
nan
0.761000
nan
1.000000
0.432000
0.966000
nan
0.617000
0.288000
nan
0.761000
nan
nan
0.534000
0.206000
nan
0.555000
nan
nan
nan
nan
nan
0.534000
nan
nan
1.000000
nan
nan
nan
nan
0.391000
nan
nan
nan
0.473000
0.091000
0.678000
0.617000
0.226000
0.432000
nan
nan
nan
nan
0.452000
0.144000
nan
nan
0.185000
0.091000
nan
0.308000
nan
