Coverage: 1551.851852
0.019000
nan
0.248000
0.019000
nan
0.019000
0.083000
0.165000
nan
nan
0.248000
nan
0.455000
0.331000
0.455000
0.041000
nan
nan
nan
0.083000
0.083000
nan
0.413000
0.248000
nan
0.413000
0.413000
nan
0.248000
0.331000
nan
0.413000
0.083000
nan
0.455000
0.248000
nan
0.289000
0.455000
nan
0.620000
nan
nan
0.372000
nan
nan
0.496000
0.248000
nan
nan
nan
nan
0.455000
0.785000
nan
nan
0.537000
0.455000
0.537000
nan
nan
0.331000
nan
0.124000
nan
nan
nan
nan
0.785000
0.620000
0.702000
1.000000
0.537000
0.785000
0.455000
nan
nan
0.426000
0.355000
0.885000
nan
nan
0.885000
nan
0.532000
0.780000
nan
nan
0.390000
0.415000
nan
1.000000
0.830000
0.178000
nan
0.919000
0.444000
0.711000
1.000000
0.474000
nan
0.504000
0.533000
0.652000
1.000000
nan
nan
0.800000
0.622000
nan
0.237000
nan
nan
0.415000
0.593000
0.385000
0.474000
nan
nan
nan
0.296000
nan
nan
0.385000
nan
0.652000
0.474000
nan
nan
0.089000
0.148000
0.119000
nan
0.356000
nan
0.089000
nan
nan
0.385000
0.089000
0.089000
nan
nan
nan
0.504000
0.444000
nan
0.741000
0.356000
nan
nan
0.385000
0.563000
0.267000
0.770000
0.533000
nan
0.326000
nan
0.444000
nan
nan
