Coverage: 1579.802956
nan
0.000000
0.000000
0.000000
0.136000
nan
0.000000
0.000000
0.091000
0.182000
0.273000
nan
0.000000
0.000000
nan
nan
nan
0.136000
0.182000
0.273000
0.045000
nan
0.182000
0.000000
0.273000
0.500000
0.409000
0.091000
nan
0.136000
0.273000
nan
0.318000
nan
0.455000
nan
nan
0.364000
0.500000
0.227000
nan
nan
nan
nan
nan
0.409000
0.909000
nan
0.636000
0.636000
nan
nan
0.545000
nan
nan
nan
0.455000
nan
0.909000
0.591000
0.591000
0.636000
nan
nan
0.682000
nan
0.364000
0.455000
nan
nan
1.000000
0.909000
nan
0.864000
nan
nan
nan
1.000000
nan
nan
0.409000
1.000000
nan
nan
0.409000
1.000000
0.409000
nan
nan
nan
nan
nan
nan
nan
0.144000
0.107000
0.107000
0.240000
nan
nan
nan
nan
nan
nan
0.312000
nan
nan
nan
nan
0.672000
0.360000
0.912000
1.000000
nan
nan
nan
nan
nan
0.456000
0.399000
nan
0.324000
0.980000
nan
nan
0.923000
0.848000
nan
0.823000
0.723000
0.923000
nan
nan
0.324000
1.000000
nan
1.000000
0.748000
0.474000
0.798000
nan
0.175000
0.274000
nan
0.111000
0.274000
nan
0.224000
nan
0.274000
nan
0.449000
nan
0.698000
nan
nan
0.648000
0.524000
0.823000
0.324000
0.599000
nan
0.823000
nan
0.723000
0.424000
nan
0.648000
nan
nan
nan
0.449000
0.424000
0.873000
nan
nan
0.399000
0.524000
0.249000
nan
nan
nan
0.125000
0.549000
0.524000
0.595000
nan
nan
nan
0.129000
0.207000
0.362000
0.115000
nan
0.181000
nan
nan
0.155000
0.310000
0.517000
nan
nan
0.115000
