Coverage: 2442.331288
0.126000
0.126000
nan
0.174000
nan
0.304000
nan
0.435000
nan
0.126000
nan
0.174000
0.435000
0.609000
nan
0.652000
0.348000
0.348000
0.826000
nan
0.391000
0.652000
0.174000
nan
0.348000
1.000000
nan
0.391000
0.304000
nan
nan
0.870000
0.435000
0.565000
0.478000
1.000000
nan
0.957000
0.304000
0.739000
0.304000
nan
0.913000
0.565000
0.565000
nan
nan
nan
0.478000
nan
nan
nan
0.696000
0.870000
nan
nan
0.435000
nan
0.870000
0.913000
nan
0.783000
nan
1.000000
0.783000
nan
0.472000
nan
nan
0.540000
nan
nan
nan
nan
0.574000
nan
0.439000
nan
0.439000
nan
0.540000
0.824000
0.574000
0.824000
nan
0.432000
0.504000
nan
nan
0.432000
nan
nan
0.576000
nan
0.504000
0.480000
nan
0.648000
0.840000
0.864000
0.600000
nan
nan
nan
0.624000
nan
0.888000
0.648000
nan
0.864000
0.456000
0.504000
nan
nan
0.528000
1.000000
0.216000
0.384000
nan
nan
0.552000
nan
0.888000
0.672000
nan
0.816000
nan
nan
nan
0.216000
nan
nan
0.432000
1.000000
0.864000
0.360000
0.312000
0.552000
1.000000
nan
nan
nan
nan
0.096000
nan
0.144000
0.240000
0.960000
nan
nan
nan
0.936000
nan
nan
nan
0.048000
nan
0.048000
0.048000
nan
nan
nan
0.048000
