Coverage: 1384.177215
0.066000
0.066000
0.271000
0.066000
0.498000
0.724000
nan
nan
0.226000
0.407000
0.362000
0.136000
nan
nan
0.452000
0.271000
nan
nan
nan
nan
0.814000
0.498000
nan
nan
0.317000
nan
nan
0.543000
0.543000
0.588000
0.181000
nan
nan
0.181000
0.090000
0.407000
0.860000
0.271000
0.769000
0.271000
1.000000
0.724000
nan
nan
1.000000
0.588000
nan
0.362000
0.679000
0.588000
nan
nan
0.407000
nan
nan
nan
0.580000
nan
nan
nan
0.539000
nan
nan
0.373000
0.456000
0.166000
0.705000
0.580000
nan
0.539000
0.871000
nan
nan
0.952000
nan
0.580000
nan
nan
nan
0.249000
nan
nan
nan
0.415000
0.871000
nan
nan
0.788000
0.746000
nan
1.000000
0.791000
1.000000
nan
1.000000
nan
0.979000
0.527000
0.753000
0.377000
0.339000
nan
nan
0.791000
0.904000
nan
0.791000
nan
nan
nan
nan
0.753000
0.452000
0.753000
nan
nan
0.414000
nan
0.377000
nan
nan
0.490000
0.339000
nan
nan
0.753000
nan
nan
0.377000
nan
nan
0.339000
nan
0.414000
0.113000
0.226000
0.565000
nan
nan
nan
nan
0.527000
0.753000
nan
nan
0.092000
nan
nan
nan
0.092000
0.151000
nan
0.565000
nan
0.490000
nan
nan
0.092000
