Coverage: 20376.853253
0.054000
nan
0.088000
0.076000
nan
0.074000
0.144000
0.135000
0.119000
0.088000
0.119000
0.197000
nan
0.355000
0.054000
0.054000
0.146000
0.109000
0.181000
0.236000
nan
nan
nan
0.101000
nan
0.240000
0.334000
nan
nan
nan
0.273000
nan
nan
nan
0.234000
0.287000
0.213000
nan
0.154000
nan
nan
nan
nan
0.306000
0.279000
0.254000
nan
nan
nan
nan
nan
nan
0.295000
1.000000
nan
nan
0.759000
nan
0.501000
0.866000
nan
nan
nan
nan
1.000000
0.946000
nan
nan
nan
nan
nan
nan
nan
nan
0.246000
0.236000
0.209000
nan
0.271000
0.228000
0.421000
1.000000
0.359000
0.330000
0.566000
0.345000
0.398000
0.470000
0.778000
0.494000
nan
nan
nan
0.529000
0.509000
0.430000
0.298000
nan
nan
nan
nan
nan
nan
0.816000
nan
nan
1.000000
nan
1.000000
0.746000
0.681000
nan
0.327000
0.280000
0.480000
0.497000
nan
nan
nan
0.932000
nan
nan
0.829000
nan
0.477000
0.865000
nan
nan
nan
nan
0.432000
nan
nan
nan
nan
nan
nan
0.672000
nan
0.701000
0.885000
nan
nan
nan
nan
0.683000
nan
nan
nan
nan
nan
0.365000
0.441000
nan
nan
0.303000
nan
1.000000
nan
nan
0.601000
nan
nan
nan
nan
0.811000
nan
0.172000
nan
nan
0.172000
0.264000
nan
0.614000
nan
nan
nan
nan
0.925000
nan
nan
0.278000
nan
nan
nan
0.238000
nan
nan
0.217000
0.242000
0.195000
0.172000
0.385000
nan
0.529000
nan
nan
nan
nan
0.596000
nan
0.471000
nan
nan
nan
nan
0.603000
nan
0.560000
nan
0.401000
nan
nan
nan
nan
0.240000
0.260000
0.352000
0.329000
0.608000
0.795000
0.526000
0.534000
nan
nan
nan
0.467000
0.769000
0.787000
nan
nan
nan
nan
1.000000
1.000000
nan
nan
0.463000
nan
0.433000
nan
0.287000
nan
nan
0.821000
nan
nan
0.802000
0.616000
nan
0.634000
nan
0.649000
0.780000
0.765000
nan
0.717000
nan
nan
nan
nan
0.851000
0.982000
0.467000
0.653000
0.407000
0.709000
0.739000
nan
0.377000
nan
nan
0.399000
0.275000
nan
nan
0.332000
nan
nan
nan
0.713000
nan
nan
0.713000
nan
0.668000
nan
0.929000
0.675000
0.668000
0.549000
nan
0.463000
0.590000
1.000000
nan
0.340000
nan
nan
0.340000
nan
nan
0.275000
0.340000
nan
0.642000
nan
nan
0.567000
0.683000
nan
nan
nan
0.373000
nan
0.275000
nan
0.260000
nan
0.501000
0.648000
nan
0.470000
nan
nan
0.167000
0.558000
nan
nan
nan
nan
0.416000
0.467000
nan
nan
nan
nan
nan
0.728000
nan
0.651000
0.481000
0.541000
0.549000
0.490000
0.617000
nan
nan
nan
nan
nan
0.447000
0.402000
nan
nan
nan
0.433000
0.427000
0.589000
0.711000
nan
0.521000
0.243000
0.507000
0.586000
0.716000
0.742000
nan
0.413000
0.527000
nan
0.379000
0.841000
0.685000
nan
1.000000
nan
0.490000
0.159000
0.181000
0.159000
0.159000
0.495000
0.824000
0.821000
nan
0.926000
1.000000
nan
0.685000
nan
nan
nan
nan
nan
0.977000
0.861000
1.000000
nan
nan
nan
0.201000
0.229000
nan
0.170000
nan
0.728000
nan
0.300000
nan
0.215000
nan
nan
nan
nan
0.387000
nan
1.000000
0.920000
nan
0.539000
0.759000
0.475000
0.522000
nan
0.530000
nan
nan
0.168000
0.320000
0.443000
0.275000
nan
nan
nan
0.418000
0.560000
nan
0.423000
0.752000
nan
nan
0.537000
nan
0.866000
0.575000
0.575000
0.916000
nan
nan
nan
0.168000
0.564000
nan
nan
nan
nan
0.830000
nan
nan
nan
0.985000
0.808000
nan
nan
nan
1.000000
nan
nan
nan
0.653000
nan
nan
nan
0.385000
0.484000
0.696000
nan
nan
0.188000
0.168000
0.302000
nan
1.000000
nan
nan
0.808000
0.602000
0.336000
0.707000
0.817000
nan
nan
0.770000
nan
nan
nan
nan
nan
0.177000
0.183000
nan
0.313000
nan
nan
0.667000
nan
0.343000
0.273000
nan
nan
nan
nan
nan
0.266000
nan
0.154000
nan
0.167000
0.145000
0.145000
nan
0.665000
nan
nan
0.478000
nan
nan
nan
0.207000
0.228000
nan
0.252000
0.340000
0.262000
0.270000
0.145000
0.561000
0.500000
nan
nan
nan
1.000000
nan
0.224000
0.232000
nan
nan
0.182000
nan
0.634000
0.466000
0.485000
0.321000
0.349000
0.872000
nan
nan
nan
0.634000
0.794000
nan
0.424000
0.489000
nan
nan
nan
nan
nan
0.438000
0.565000
0.673000
0.357000
nan
nan
nan
0.707000
0.570000
nan
0.454000
0.640000
0.614000
nan
0.883000
nan
nan
nan
1.000000
nan
nan
nan
nan
0.810000
0.769000
nan
nan
0.600000
1.000000
nan
nan
nan
nan
nan
nan
nan
0.771000
0.999000
0.981000
0.515000
0.578000
nan
0.229000
nan
nan
nan
0.534000
nan
nan
nan
nan
nan
0.235000
0.443000
nan
nan
nan
nan
nan
0.465000
nan
nan
nan
0.451000
0.518000
nan
0.415000
0.196000
nan
nan
nan
0.887000
0.728000
nan
0.494000
0.554000
nan
nan
nan
nan
nan
nan
nan
0.612000
nan
0.554000
nan
nan
nan
0.480000
0.325000
0.196000
