Coverage: 95.081967
0.000000
nan
0.000000
0.000000
nan
0.000000
0.000000
0.000000
0.645000
nan
nan
0.000000
nan
nan
1.000000
0.000000
0.000000
0.000000
nan
nan
nan
0.000000
nan
nan
nan
nan
nan
0.000000
nan
nan
0.645000
nan
0.645000
0.000000
nan
0.645000
0.000000
0.000000
0.000000
0.645000
nan
nan
1.000000
0.645000
0.000000
0.645000
0.000000
0.000000
nan
nan
nan
nan
0.645000
nan
nan
nan
0.645000
nan
0.000000
0.000000
nan
0.000000
0.000000
0.645000
0.000000
0.000000
0.000000
0.645000
nan
0.645000
0.000000
nan
nan
nan
nan
0.000000
0.000000
0.000000
0.000000
0.000000
nan
nan
1.000000
0.000000
nan
nan
0.000000
0.645000
0.500000
0.250000
0.000000
nan
0.500000
0.500000
0.500000
nan
nan
0.500000
nan
0.000000
nan
0.000000
0.000000
nan
nan
nan
nan
nan
0.000000
nan
nan
nan
0.500000
nan
0.500000
0.250000
0.000000
0.000000
nan
0.000000
nan
nan
0.500000
nan
nan
0.000000
nan
nan
0.750000
nan
nan
0.000000
nan
nan
nan
nan
0.000000
0.500000
0.000000
0.000000
0.500000
nan
0.000000
nan
0.000000
0.000000
0.000000
nan
0.000000
0.500000
1.000000
nan
nan
0.000000
nan
0.000000
1.000000
0.250000
nan
0.000000
0.750000
0.000000
1.000000
nan
0.250000
nan
1.000000
0.000000
0.000000
0.500000
0.000000
nan
0.500000
0.500000
0.500000
0.000000
nan
nan
0.000000
nan
nan
0.000000
nan
