Coverage: 3136.619718
0.089000
0.089000
nan
0.126000
nan
0.231000
0.398000
nan
0.199000
nan
nan
nan
nan
0.231000
nan
0.147000
nan
nan
0.147000
0.189000
nan
nan
nan
0.220000
nan
0.273000
0.210000
nan
0.220000
0.241000
0.325000
nan
nan
nan
nan
0.503000
0.524000
0.262000
nan
0.325000
0.314000
0.273000
nan
nan
0.503000
nan
nan
nan
0.294000
0.398000
nan
nan
0.430000
nan
nan
nan
nan
nan
nan
0.545000
nan
nan
nan
0.828000
nan
0.755000
nan
nan
0.220000
0.168000
nan
nan
nan
nan
nan
0.115000
0.089000
1.000000
nan
0.482000
nan
1.000000
nan
nan
0.105000
0.094000
nan
nan
nan
0.252000
0.398000
nan
nan
0.335000
1.000000
nan
nan
0.597000
nan
0.587000
0.828000
nan
nan
nan
nan
nan
nan
0.744000
nan
0.304000
0.839000
nan
0.697000
0.768000
0.575000
nan
nan
0.737000
nan
nan
nan
nan
1.000000
nan
nan
nan
0.503000
nan
0.485000
nan
nan
nan
nan
nan
1.000000
0.719000
0.737000
0.719000
nan
0.557000
0.288000
nan
nan
nan
0.665000
0.683000
0.773000
0.539000
0.701000
nan
nan
0.629000
nan
nan
nan
0.467000
nan
0.647000
0.647000
0.827000
1.000000
0.557000
nan
nan
0.809000
nan
nan
nan
0.377000
0.611000
nan
nan
0.467000
0.178000
0.593000
0.503000
0.431000
0.863000
nan
0.503000
0.521000
nan
nan
nan
0.288000
0.252000
nan
nan
0.359000
nan
nan
nan
nan
0.467000
0.377000
0.234000
0.665000
0.252000
0.178000
0.198000
nan
0.647000
nan
0.377000
nan
nan
nan
nan
0.305000
0.178000
nan
nan
nan
