Coverage: 10006.956522
0.005000
nan
nan
nan
nan
nan
0.067000
0.005000
nan
nan
0.011000
0.022000
0.005000
0.089000
0.033000
0.022000
0.067000
0.055000
nan
nan
nan
0.100000
0.022000
0.111000
nan
nan
0.111000
nan
0.089000
0.100000
nan
nan
0.055000
0.089000
0.189000
0.111000
0.189000
0.111000
0.133000
0.233000
0.277000
0.388000
nan
0.577000
nan
0.577000
0.244000
0.655000
0.588000
0.943000
nan
nan
0.377000
nan
nan
nan
nan
0.388000
nan
nan
0.622000
nan
0.444000
0.599000
0.499000
0.411000
0.988000
nan
0.910000
0.533000
1.000000
0.966000
nan
nan
0.533000
nan
1.000000
0.555000
1.000000
nan
nan
0.366000
nan
0.228000
1.000000
nan
nan
0.355000
nan
0.344000
0.228000
0.344000
0.903000
0.404000
nan
0.408000
0.480000
0.408000
0.483000
0.536000
0.589000
0.298000
nan
nan
nan
nan
nan
0.228000
nan
nan
nan
0.525000
0.914000
0.948000
nan
0.408000
0.246000
nan
nan
0.257000
nan
0.635000
nan
0.419000
0.521000
0.676000
nan
0.740000
nan
nan
nan
0.529000
nan
0.472000
nan
nan
nan
0.710000
nan
0.846000
nan
0.540000
0.665000
nan
0.521000
0.631000
0.714000
nan
nan
0.366000
nan
0.680000
0.710000
1.000000
nan
0.408000
0.631000
nan
nan
0.344000
0.366000
nan
0.238000
0.242000
nan
nan
0.831000
nan
0.461000
0.907000
1.000000
nan
nan
0.793000
0.675000
0.903000
nan
0.557000
0.509000
nan
nan
0.647000
0.533000
0.456000
0.305000
0.305000
nan
0.928000
0.785000
0.944000
0.903000
nan
nan
nan
nan
0.639000
nan
nan
nan
nan
0.659000
0.639000
nan
0.883000
nan
0.989000
nan
nan
0.773000
nan
1.000000
0.647000
nan
nan
0.484000
0.745000
0.598000
nan
0.745000
nan
0.553000
nan
nan
nan
nan
0.671000
nan
nan
0.419000
nan
nan
nan
0.627000
0.761000
nan
nan
0.537000
0.549000
0.732000
nan
nan
nan
1.000000
0.700000
0.879000
0.728000
nan
0.374000
0.334000
0.305000
nan
1.000000
0.911000
nan
0.907000
0.680000
nan
nan
0.838000
nan
0.614000
nan
0.651000
nan
nan
0.635000
0.732000
0.997000
nan
nan
0.688000
0.910000
0.346000
0.956000
0.762000
nan
nan
nan
nan
nan
0.457000
nan
0.854000
nan
nan
0.591000
nan
nan
1.000000
0.545000
nan
0.725000
0.734000
nan
0.707000
nan
1.000000
0.794000
0.840000
nan
nan
nan
0.924000
0.776000
0.610000
nan
0.997000
1.000000
0.619000
nan
nan
nan
nan
nan
0.882000
0.536000
nan
0.513000
0.540000
0.536000
nan
nan
nan
nan
nan
0.785000
0.711000
0.559000
0.614000
nan
0.573000
nan
0.233000
0.489000
0.388000
0.679000
nan
0.651000
0.914000
nan
nan
nan
0.233000
nan
0.420000
0.233000
nan
nan
0.236000
nan
0.582000
nan
0.296000
nan
0.332000
nan
0.665000
nan
nan
0.328000
nan
nan
nan
0.734000
nan
nan
0.614000
0.884000
0.944000
0.831000
nan
0.777000
0.410000
0.796000
0.712000
nan
0.603000
nan
nan
nan
nan
nan
0.694000
0.869000
nan
0.706000
0.796000
0.887000
0.284000
0.814000
0.760000
nan
nan
0.839000
0.646000
1.000000
0.712000
0.627000
0.210000
0.428000
0.790000
nan
nan
0.646000
0.549000
0.911000
0.627000
nan
0.772000
nan
nan
nan
nan
1.000000
0.380000
0.210000
0.591000
0.555000
nan
nan
nan
nan
nan
0.284000
nan
nan
nan
0.308000
nan
0.633000
nan
nan
nan
0.265000
nan
nan
0.241000
nan
0.210000
nan
nan
0.271000
0.296000
0.229000
0.627000
0.416000
0.350000
0.410000
nan
0.465000
nan
0.253000
1.000000
nan
0.231000
0.889000
0.572000
0.207000
nan
nan
