Coverage: 2751.807229
nan
0.046000
nan
0.224000
nan
0.261000
nan
0.046000
0.130000
0.046000
nan
nan
0.056000
0.354000
nan
0.112000
nan
nan
0.596000
0.429000
0.522000
nan
nan
nan
nan
nan
0.541000
0.485000
0.429000
0.447000
nan
nan
0.149000
0.354000
nan
nan
0.503000
nan
nan
0.391000
0.391000
0.671000
0.522000
0.559000
nan
nan
0.559000
nan
0.559000
0.466000
nan
nan
0.671000
0.615000
nan
nan
nan
nan
0.522000
0.205000
nan
nan
nan
0.429000
0.932000
0.969000
nan
1.000000
nan
nan
nan
nan
nan
nan
0.708000
nan
nan
0.317000
nan
0.559000
nan
nan
0.410000
nan
nan
nan
nan
nan
1.000000
nan
nan
nan
nan
nan
nan
nan
0.857000
0.559000
0.913000
0.280000
0.205000
0.559000
0.447000
1.000000
0.578000
0.820000
0.354000
nan
nan
0.477000
1.000000
0.707000
0.619000
nan
nan
0.672000
0.389000
nan
0.990000
nan
nan
nan
0.760000
0.407000
0.477000
nan
nan
0.371000
0.124000
nan
nan
nan
nan
nan
nan
0.566000
nan
1.000000
0.760000
nan
nan
0.495000
0.442000
nan
0.513000
0.371000
nan
nan
0.424000
0.283000
nan
0.831000
0.513000
0.831000
0.104000
0.230000
nan
nan
0.318000
nan
0.343000
nan
0.667000
0.485000
0.626000
0.586000
nan
nan
0.566000
nan
0.109000
0.075000
nan
nan
1.000000
nan
0.969000
nan
nan
0.283000
0.586000
nan
nan
nan
nan
nan
nan
nan
0.647000
0.889000
nan
0.626000
0.546000
0.889000
nan
nan
0.788000
0.586000
nan
0.788000
0.505000
0.505000
nan
0.455000
nan
nan
nan
0.386000
0.432000
0.341000
nan
nan
0.341000
0.045000
nan
0.545000
0.545000
0.614000
0.409000
nan
0.545000
nan
0.341000
nan
nan
0.295000
0.318000
0.455000
nan
0.273000
0.295000
0.295000
nan
nan
nan
0.545000
nan
0.432000
0.750000
0.182000
0.364000
nan
nan
0.386000
nan
0.250000
0.045000
0.091000
0.045000
