Coverage: 3578.443114
0.136000
nan
0.512000
0.539000
0.329000
nan
nan
0.136000
0.136000
nan
0.512000
0.591000
nan
nan
nan
nan
0.158000
nan
0.420000
0.512000
nan
0.368000
nan
0.407000
0.854000
0.302000
nan
0.604000
0.591000
nan
1.000000
0.631000
0.815000
nan
0.565000
nan
0.986000
0.946000
nan
nan
0.329000
0.526000
nan
0.263000
nan
nan
nan
0.565000
0.762000
0.604000
nan
nan
0.368000
nan
nan
nan
0.473000
0.841000
0.618000
0.460000
nan
0.539000
1.000000
1.000000
0.657000
nan
0.447000
0.420000
0.329000
0.447000
0.644000
0.683000
nan
0.539000
nan
0.749000
0.552000
0.302000
0.473000
0.223000
0.874000
0.931000
0.912000
0.969000
0.817000
nan
nan
0.532000
0.551000
1.000000
0.931000
0.509000
nan
0.570000
0.915000
1.000000
nan
0.753000
0.854000
nan
nan
0.773000
0.895000
nan
0.671000
0.590000
0.915000
0.753000
1.000000
0.712000
0.529000
0.325000
0.509000
nan
0.549000
0.651000
nan
nan
nan
nan
0.875000
0.671000
0.488000
0.407000
0.590000
0.773000
0.712000
0.946000
nan
0.529000
0.488000
0.273000
0.305000
0.407000
0.427000
nan
nan
0.427000
nan
0.488000
nan
0.468000
0.407000
0.671000
0.262000
nan
0.273000
nan
nan
0.468000
0.227000
0.542000
nan
0.239000
nan
nan
0.227000
nan
0.304000
0.227000
nan
nan
nan
0.304000
0.260000
0.260000
nan
