Coverage: 3325.766871
0.071000
0.071000
0.116000
0.174000
nan
0.087000
0.116000
nan
0.608000
nan
0.463000
0.318000
0.492000
nan
0.781000
nan
0.289000
0.318000
0.434000
0.347000
0.839000
nan
nan
0.087000
0.318000
0.071000
0.695000
nan
nan
nan
nan
0.318000
nan
nan
nan
nan
0.724000
nan
nan
0.724000
nan
0.984000
0.550000
nan
nan
nan
0.666000
nan
0.666000
nan
nan
nan
1.000000
nan
nan
0.868000
0.550000
0.405000
0.318000
0.666000
nan
nan
nan
0.289000
0.232000
0.405000
0.984000
0.744000
0.260000
0.661000
0.971000
0.661000
0.744000
0.799000
0.496000
nan
nan
nan
nan
nan
nan
nan
nan
nan
1.000000
0.689000
0.496000
0.496000
0.799000
0.288000
0.419000
nan
nan
0.654000
0.733000
nan
0.707000
0.471000
nan
0.497000
0.654000
0.576000
nan
0.524000
nan
nan
0.890000
nan
nan
nan
nan
0.812000
nan
nan
0.259000
nan
nan
nan
0.628000
nan
0.916000
0.288000
nan
0.942000
0.576000
0.497000
nan
0.524000
nan
nan
nan
nan
nan
nan
0.393000
1.000000
nan
nan
0.419000
nan
0.916000
1.000000
nan
0.419000
nan
0.550000
0.366000
0.259000
0.602000
nan
nan
0.576000
0.916000
0.681000
0.393000
0.340000
nan
0.524000
nan
0.654000
nan
nan
nan
