Coverage: 4296.534653
0.247000
nan
nan
nan
0.425000
nan
nan
0.482000
0.496000
nan
nan
0.283000
0.247000
nan
nan
nan
nan
0.255000
0.340000
nan
nan
0.439000
0.247000
nan
nan
0.609000
nan
0.539000
nan
0.638000
0.539000
nan
0.638000
0.624000
0.567000
nan
nan
nan
nan
0.553000
nan
nan
1.000000
0.680000
nan
0.680000
0.680000
nan
0.269000
0.425000
nan
nan
0.553000
nan
nan
nan
0.652000
0.709000
0.992000
0.624000
0.780000
nan
nan
1.000000
nan
0.695000
nan
nan
0.553000
0.808000
0.893000
0.383000
0.283000
0.595000
nan
0.907000
0.524000
0.454000
0.595000
0.496000
0.482000
0.822000
nan
nan
1.000000
nan
nan
nan
nan
0.666000
0.737000
0.369000
nan
0.411000
0.329000
0.456000
0.456000
0.316000
0.304000
nan
nan
0.620000
0.380000
nan
0.734000
0.595000
nan
0.392000
0.544000
0.671000
nan
nan
nan
0.418000
nan
nan
nan
0.924000
0.380000
nan
0.304000
nan
nan
0.595000
nan
0.722000
0.608000
nan
0.848000
0.823000
0.405000
nan
nan
0.620000
nan
nan
nan
0.823000
0.494000
1.000000
0.646000
nan
0.392000
nan
nan
nan
nan
nan
nan
0.671000
1.000000
nan
nan
nan
nan
nan
0.224000
0.278000
nan
nan
nan
nan
0.418000
0.810000
nan
0.633000
nan
0.456000
0.481000
0.722000
0.671000
nan
nan
0.620000
nan
nan
1.000000
nan
0.595000
0.722000
0.709000
0.253000
0.217000
nan
nan
nan
nan
nan
nan
nan
nan
nan
nan
0.217000
0.367000
nan
nan
1.000000
nan
0.380000
0.241000
0.201000
