Coverage: 1550.373134
0.000000
0.000000
0.000000
0.083000
nan
nan
nan
nan
nan
0.207000
nan
0.413000
0.207000
0.372000
nan
0.455000
0.372000
nan
0.372000
0.331000
0.455000
0.331000
nan
nan
0.083000
0.000000
nan
0.207000
nan
0.248000
0.455000
nan
0.083000
nan
nan
nan
0.207000
0.372000
0.124000
0.785000
nan
0.579000
nan
0.702000
nan
0.289000
0.785000
0.413000
0.248000
0.455000
nan
nan
0.909000
nan
nan
nan
nan
1.000000
0.579000
nan
0.702000
nan
0.661000
nan
0.909000
nan
nan
0.579000
nan
nan
0.165000
0.165000
nan
nan
0.661000
nan
nan
0.289000
0.083000
0.496000
0.331000
nan
0.579000
0.165000
nan
0.537000
nan
1.000000
1.000000
0.978000
1.000000
nan
nan
0.855000
nan
nan
nan
0.692000
nan
nan
0.367000
0.530000
nan
0.815000
nan
0.222000
0.244000
0.652000
0.570000
nan
nan
nan
nan
0.244000
0.733000
0.815000
nan
0.611000
nan
0.896000
nan
0.244000
nan
0.530000
nan
0.448000
nan
0.692000
nan
nan
0.570000
nan
nan
nan
nan
nan
0.489000
0.222000
0.244000
nan
nan
nan
0.530000
nan
nan
0.937000
nan
nan
nan
nan
nan
0.326000
0.692000
nan
nan
1.000000
nan
nan
nan
nan
nan
0.530000
0.448000
0.774000
0.301000
0.387000
nan
nan
0.602000
0.473000
nan
nan
nan
0.387000
0.645000
nan
0.903000
0.559000
0.516000
0.817000
0.430000
0.201000
nan
nan
nan
1.000000
nan
nan
0.602000
nan
nan
nan
0.430000
nan
nan
nan
0.645000
nan
nan
nan
0.968000
nan
0.688000
0.543000
nan
nan
nan
nan
nan
nan
0.407000
0.271000
0.407000
nan
0.724000
0.679000
0.814000
nan
nan
0.769000
0.679000
nan
nan
0.181000
0.633000
nan
0.271000
nan
0.633000
0.452000
0.633000
nan
nan
nan
0.271000
nan
0.724000
0.090000
nan
nan
0.905000
nan
nan
nan
nan
nan
nan
nan
nan
1.000000
0.588000
0.498000
0.271000
0.136000
0.090000
0.181000
0.090000
nan
0.181000
0.498000
0.905000
nan
nan
0.090000
nan
nan
nan
nan
