Coverage: 1583.168317
nan
0.087000
nan
0.178000
nan
nan
0.498000
0.249000
0.142000
0.142000
0.107000
nan
nan
nan
nan
0.320000
0.320000
0.285000
0.178000
0.214000
nan
nan
nan
0.534000
nan
0.178000
0.498000
0.087000
nan
0.605000
0.087000
0.356000
0.569000
0.427000
nan
nan
nan
0.320000
nan
nan
0.569000
nan
nan
1.000000
nan
nan
0.285000
0.249000
0.641000
0.641000
nan
nan
0.142000
nan
nan
nan
0.747000
nan
nan
nan
nan
nan
0.463000
nan
0.249000
nan
nan
0.569000
0.463000
0.676000
nan
nan
0.463000
nan
0.961000
0.961000
nan
nan
nan
nan
1.000000
0.676000
1.000000
nan
nan
0.534000
0.391000
0.427000
nan
0.249000
0.142000
0.178000
nan
0.214000
nan
0.498000
0.142000
0.452000
nan
nan
0.355000
nan
nan
1.000000
0.419000
nan
0.774000
0.387000
nan
0.452000
0.613000
0.194000
0.194000
nan
0.194000
nan
0.935000
nan
0.104000
0.323000
nan
0.161000
nan
0.548000
0.161000
0.548000
0.452000
0.323000
0.419000
nan
1.000000
0.258000
0.613000
0.419000
0.136000
nan
0.290000
nan
1.000000
nan
0.161000
nan
0.258000
nan
1.000000
nan
nan
0.452000
0.742000
0.839000
0.613000
nan
0.677000
nan
nan
nan
0.452000
0.774000
nan
0.387000
0.613000
nan
nan
nan
0.419000
nan
1.000000
0.290000
0.226000
0.387000
nan
0.258000
nan
nan
nan
nan
0.387000
0.258000
0.355000
nan
nan
nan
nan
0.136000
0.516000
nan
nan
0.387000
nan
nan
0.387000
0.065000
0.065000
0.258000
0.645000
nan
nan
nan
nan
0.548000
0.387000
0.065000
