Coverage: 61639.370079
0.156000
nan
nan
nan
0.403000
0.619000
nan
nan
nan
nan
1.000000
nan
nan
0.570000
0.509000
nan
0.181000
nan
0.203000
0.171000
0.405000
nan
nan
nan
nan
nan
nan
nan
nan
nan
0.156000
nan
0.156000
nan
nan
nan
0.647000
nan
nan
0.615000
0.273000
0.307000
0.575000
nan
nan
nan
0.755000
0.716000
nan
nan
nan
nan
0.560000
nan
nan
nan
nan
1.000000
nan
1.000000
0.897000
nan
0.853000
nan
0.870000
0.983000
0.518000
0.343000
0.504000
0.654000
nan
nan
nan
nan
nan
nan
nan
nan
0.328000
nan
nan
0.445000
nan
nan
nan
nan
nan
0.239000
nan
nan
nan
0.653000
0.900000
nan
nan
0.713000
nan
0.727000
0.574000
nan
nan
0.340000
nan
0.518000
nan
nan
nan
nan
nan
0.454000
0.420000
nan
0.315000
0.259000
nan
0.445000
0.293000
0.304000
nan
0.434000
0.358000
0.635000
nan
nan
nan
nan
nan
0.108000
0.082000
0.199000
0.118000
nan
nan
nan
nan
nan
nan
0.117000
0.109000
0.152000
0.196000
0.208000
nan
0.116000
nan
0.206000
nan
0.228000
0.296000
nan
0.452000
nan
nan
0.644000
nan
nan
0.111000
nan
0.890000
0.440000
0.605000
0.807000
nan
nan
nan
nan
nan
0.584000
nan
0.584000
nan
0.641000
0.528000
0.500000
nan
0.479000
0.487000
0.757000
nan
nan
nan
0.638000
nan
nan
nan
0.480000
nan
1.000000
0.106000
nan
nan
0.165000
0.337000
nan
nan
nan
nan
0.140000
nan
0.082000
0.855000
0.638000
0.942000
1.000000
nan
0.084000
nan
0.082000
nan
nan
nan
nan
0.177000
nan
0.141000
nan
0.347000
0.519000
0.930000
nan
nan
nan
nan
0.701000
1.000000
nan
0.100000
nan
nan
0.328000
0.733000
nan
nan
1.000000
0.948000
0.748000
nan
0.881000
1.000000
nan
1.000000
nan
nan
0.968000
nan
0.125000
0.155000
0.119000
0.396000
nan
nan
nan
nan
nan
0.537000
nan
nan
0.538000
0.262000
0.309000
nan
0.322000
0.300000
0.329000
0.572000
nan
nan
0.240000
nan
nan
nan
nan
nan
nan
0.212000
nan
nan
0.319000
0.335000
nan
nan
nan
0.228000
0.408000
nan
nan
nan
0.282000
0.329000
nan
nan
nan
0.226000
0.292000
0.357000
nan
nan
nan
0.300000
nan
nan
0.397000
0.196000
0.257000
nan
nan
0.360000
0.328000
nan
0.267000
nan
0.305000
nan
nan
nan
nan
0.309000
nan
0.397000
0.119000
0.119000
0.233000
0.142000
0.257000
0.246000
nan
0.196000
nan
nan
nan
nan
nan
0.193000
nan
nan
0.623000
nan
nan
nan
nan
0.614000
0.587000
nan
0.514000
0.377000
0.436000
0.663000
nan
nan
nan
0.474000
nan
0.474000
nan
nan
nan
0.490000
0.607000
0.583000
nan
0.474000
0.478000
nan
nan
nan
nan
1.000000
nan
nan
nan
nan
nan
nan
nan
nan
0.336000
nan
nan
nan
nan
0.117000
nan
nan
nan
0.850000
nan
nan
nan
nan
0.093000
nan
nan
0.142000
0.093000
0.609000
1.000000
nan
nan
nan
0.688000
nan
nan
0.144000
0.134000
nan
nan
0.093000
nan
nan
0.272000
0.443000
nan
1.000000
0.771000
0.301000
nan
nan
nan
nan
0.199000
nan
0.243000
0.181000
0.253000
0.279000
nan
0.431000
0.420000
0.589000
0.773000
nan
nan
0.804000
0.546000
0.457000
0.503000
0.357000
0.741000
nan
nan
0.790000
0.824000
0.652000
nan
0.373000
nan
nan
nan
nan
nan
nan
1.000000
0.950000
0.925000
0.914000
0.516000
0.582000
nan
0.945000
0.931000
nan
0.825000
0.476000
nan
nan
nan
0.877000
0.853000
nan
nan
nan
nan
0.240000
0.508000
1.000000
nan
nan
nan
0.576000
0.714000
nan
nan
nan
0.789000
nan
nan
nan
nan
nan
nan
nan
nan
0.455000
nan
nan
0.222000
0.379000
0.429000
0.409000
nan
0.367000
nan
0.547000
nan
nan
nan
0.222000
nan
