Coverage: 16760.122699
nan
0.011000
0.018000
0.011000
0.014000
nan
nan
0.011000
nan
0.041000
0.064000
0.051000
0.184000
0.170000
0.046000
0.239000
0.299000
0.060000
0.069000
0.165000
0.221000
0.331000
0.184000
0.257000
0.303000
0.257000
nan
0.473000
nan
nan
0.482000
0.482000
nan
0.620000
0.340000
0.299000
0.432000
0.322000
0.381000
nan
nan
nan
0.423000
0.354000
0.450000
0.345000
0.414000
0.611000
0.386000
0.983000
nan
nan
0.639000
nan
nan
0.956000
nan
0.386000
0.992000
nan
nan
nan
0.767000
0.740000
1.000000
1.000000
nan
nan
1.000000
0.648000
nan
0.983000
0.517000
0.648000
0.934000
nan
0.207000
0.128000
0.207000
nan
0.724000
nan
nan
0.508000
0.696000
nan
0.213000
0.233000
nan
nan
0.503000
nan
0.520000
nan
nan
nan
nan
nan
nan
0.281000
0.222000
nan
nan
nan
nan
0.542000
nan
nan
nan
nan
0.773000
0.693000
nan
nan
0.829000
nan
nan
nan
0.878000
nan
nan
nan
nan
0.491000
1.000000
nan
0.591000
nan
0.727000
0.531000
nan
0.500000
0.560000
0.781000
0.491000
0.508000
nan
nan
0.528000
0.665000
nan
0.494000
nan
0.403000
nan
nan
0.474000
0.267000
0.247000
0.406000
1.000000
1.000000
0.631000
0.304000
0.159000
0.145000
0.088000
0.072000
0.072000
0.072000
0.077000
0.364000
0.289000
0.430000
0.553000
nan
0.285000
0.421000
0.267000
0.472000
0.388000
nan
nan
nan
0.514000
0.649000
nan
0.340000
0.298000
0.267000
0.436000
nan
0.427000
0.541000
nan
0.403000
0.520000
nan
0.418000
nan
nan
0.589000
nan
0.562000
nan
nan
nan
nan
nan
nan
nan
0.424000
nan
nan
nan
nan
0.394000
nan
nan
nan
nan
0.529000
nan
nan
nan
0.358000
nan
nan
nan
nan
0.397000
0.616000
0.267000
0.685000
0.493000
nan
nan
0.427000
0.427000
0.685000
nan
0.860000
0.709000
nan
nan
nan
0.334000
0.373000
0.433000
0.553000
nan
nan
nan
0.412000
0.358000
0.457000
nan
0.715000
nan
1.000000
nan
0.856000
nan
0.926000
nan
0.784000
0.526000
nan
1.000000
1.000000
0.476000
nan
nan
0.919000
nan
nan
nan
nan
nan
0.845000
nan
1.000000
0.678000
nan
nan
nan
nan
0.737000
nan
nan
0.989000
0.787000
nan
nan
nan
nan
nan
nan
nan
nan
nan
nan
nan
nan
nan
nan
0.742000
nan
1.000000
nan
nan
nan
nan
0.757000
0.855000
nan
0.620000
nan
nan
nan
nan
0.488000
nan
nan
nan
nan
nan
0.628000
0.556000
nan
0.797000
nan
0.134000
0.750000
nan
nan
0.306000
nan
nan
0.134000
0.306000
0.685000
0.177000
nan
nan
nan
nan
nan
nan
nan
nan
nan
nan
0.217000
nan
nan
nan
0.725000
nan
nan
nan
1.000000
0.934000
0.982000
nan
0.737000
0.374000
0.471000
0.578000
nan
0.595000
nan
nan
nan
0.491000
0.837000
0.546000
nan
0.894000
nan
nan
0.366000
nan
nan
nan
nan
nan
nan
nan
0.541000
0.620000
nan
0.575000
0.546000
0.755000
0.827000
nan
nan
0.835000
0.838000
nan
nan
nan
nan
0.889000
nan
nan
0.213000
0.135000
0.165000
0.457000
nan
nan
nan
nan
nan
1.000000
0.903000
nan
0.271000
0.275000
nan
nan
nan
nan
0.282000
0.656000
0.683000
nan
0.656000
nan
nan
nan
0.577000
1.000000
nan
nan
nan
nan
nan
nan
nan
nan
0.645000
nan
0.316000
nan
0.515000
nan
0.515000
0.474000
nan
nan
0.367000
0.707000
0.735000
nan
0.814000
0.539000
0.817000
nan
0.275000
0.429000
0.484000
0.821000
0.752000
nan
0.618000
nan
nan
nan
0.336000
0.446000
0.831000
0.632000
nan
0.378000
0.536000
0.515000
nan
nan
nan
0.481000
0.687000
0.470000
nan
nan
0.209000
nan
0.567000
nan
nan
nan
0.135000
nan
0.137000
nan
nan
0.135000
