Coverage: 2316.477273
nan
nan
nan
nan
nan
0.068000
nan
nan
0.408000
nan
0.113000
0.249000
nan
nan
0.056000
0.249000
0.794000
0.056000
0.227000
0.567000
nan
nan
nan
nan
nan
nan
0.204000
nan
nan
nan
nan
0.056000
nan
nan
nan
nan
1.000000
nan
0.771000
0.113000
nan
1.000000
nan
0.295000
0.590000
0.385000
0.839000
1.000000
nan
nan
nan
nan
0.431000
nan
nan
nan
0.612000
0.816000
0.567000
0.385000
nan
nan
0.726000
nan
nan
0.522000
nan
nan
nan
0.975000
nan
nan
0.839000
0.340000
0.567000
0.680000
nan
0.703000
0.839000
0.929000
nan
0.557000
0.627000
0.720000
nan
nan
nan
nan
0.464000
0.836000
0.988000
nan
nan
0.673000
0.580000
0.720000
0.673000
nan
0.929000
nan
nan
nan
nan
0.789000
0.952000
nan
0.580000
0.808000
0.499000
0.224000
0.224000
nan
nan
0.950000
0.879000
0.808000
1.000000
nan
nan
nan
nan
0.736000
0.760000
0.309000
0.309000
nan
nan
nan
nan
0.974000
nan
0.451000
nan
1.000000
nan
0.665000
nan
nan
0.261000
0.523000
0.475000
nan
nan
nan
0.689000
0.499000
0.903000
nan
nan
nan
nan
0.523000
0.665000
nan
nan
0.309000
0.309000
nan
0.499000
nan
0.428000
nan
nan
0.238000
0.356000
nan
nan
0.224000
0.523000
0.594000
nan
nan
0.618000
nan
0.238000
nan
