Coverage: 9559.919028
nan
nan
nan
0.097000
nan
nan
0.073000
0.160000
nan
0.077000
nan
0.073000
0.073000
nan
nan
nan
0.132000
0.188000
0.118000
0.195000
0.285000
0.174000
nan
0.223000
nan
nan
nan
0.251000
0.195000
nan
0.404000
0.397000
0.265000
nan
0.390000
0.216000
nan
0.251000
nan
0.313000
0.404000
0.473000
nan
0.223000
0.313000
nan
nan
0.585000
0.529000
nan
nan
nan
0.313000
nan
nan
0.369000
nan
nan
nan
0.689000
nan
nan
0.620000
nan
0.494000
0.501000
nan
0.759000
nan
nan
0.661000
nan
nan
nan
0.543000
nan
nan
nan
nan
0.989000
1.000000
0.891000
1.000000
0.397000
nan
0.348000
nan
0.216000
0.223000
1.000000
nan
nan
nan
0.529000
nan
0.446000
nan
nan
nan
nan
nan
0.689000
0.508000
0.507000
0.689000
0.414000
nan
nan
nan
1.000000
0.723000
nan
nan
0.328000
0.328000
0.370000
nan
nan
nan
nan
nan
0.794000
0.656000
0.954000
nan
nan
nan
0.761000
nan
0.838000
0.783000
0.750000
nan
0.458000
0.623000
0.331000
nan
0.750000
0.849000
0.717000
0.689000
0.954000
nan
0.739000
0.761000
0.827000
0.441000
0.888000
nan
0.480000
0.563000
nan
nan
0.408000
nan
nan
0.756000
0.712000
0.684000
nan
0.623000
nan
nan
nan
nan
0.794000
nan
0.342000
0.328000
0.717000
nan
nan
nan
nan
nan
nan
0.618000
nan
nan
nan
0.949000
0.745000
0.899000
nan
0.883000
0.822000
nan
0.789000
0.982000
nan
nan
1.000000
0.883000
nan
1.000000
0.293000
nan
0.728000
0.293000
0.293000
0.418000
nan
0.457000
nan
0.533000
0.778000
nan
0.468000
0.371000
nan
nan
nan
0.609000
nan
nan
0.454000
nan
nan
nan
nan
nan
nan
nan
nan
0.544000
nan
nan
nan
1.000000
nan
nan
nan
nan
nan
0.717000
0.558000
0.425000
0.717000
0.753000
0.396000
0.674000
0.778000
0.601000
nan
1.000000
nan
0.475000
nan
nan
nan
nan
nan
nan
0.619000
0.857000
0.519000
nan
0.818000
nan
0.710000
0.692000
nan
nan
nan
nan
1.000000
0.742000
nan
0.583000
0.674000
0.659000
0.403000
0.511000
0.295000
0.342000
nan
nan
nan
0.310000
0.746000
0.749000
nan
nan
nan
0.994000
0.854000
nan
0.580000
0.688000
nan
nan
nan
0.537000
0.918000
nan
0.472000
nan
0.383000
0.666000
nan
nan
nan
nan
0.932000
nan
nan
0.578000
nan
0.532000
nan
nan
0.528000
1.000000
0.982000
nan
0.903000
0.786000
0.903000
0.778000
nan
1.000000
0.399000
0.570000
0.491000
nan
0.337000
nan
nan
nan
nan
nan
0.337000
0.474000
nan
0.557000
nan
nan
0.142000
0.154000
0.175000
0.142000
nan
nan
0.736000
0.711000
nan
0.266000
0.250000
nan
nan
nan
0.142000
nan
0.312000
nan
1.000000
nan
0.724000
nan
nan
0.636000
0.699000
nan
0.753000
0.537000
0.562000
0.462000
nan
nan
0.320000
0.753000
0.187000
0.179000
0.175000
nan
0.657000
nan
nan
0.437000
0.736000
0.474000
0.641000
0.815000
0.595000
nan
nan
0.476000
0.720000
nan
nan
nan
nan
nan
1.000000
0.517000
0.459000
nan
0.523000
nan
nan
0.709000
nan
0.511000
0.755000
nan
0.536000
0.755000
1.000000
0.292000
0.420000
0.542000
nan
nan
nan
nan
0.469000
nan
nan
0.979000
0.652000
nan
0.737000
0.670000
1.000000
0.658000
nan
nan
nan
nan
nan
0.365000
0.132000
0.207000
0.378000
nan
nan
nan
0.883000
0.670000
0.664000
0.670000
nan
0.566000
nan
nan
nan
nan
0.865000
0.469000
0.895000
0.524000
nan
nan
nan
0.305000
nan
nan
0.420000
0.353000
0.129000
0.135000
0.658000
nan
nan
nan
0.451000
0.798000
0.798000
nan
nan
nan
nan
0.262000
nan
0.853000
0.816000
0.627000
0.633000
0.700000
nan
0.134000
0.087000
0.087000
nan
nan
0.261000
nan
0.255000
0.274000
0.586000
nan
nan
nan
0.087000
