Coverage: 2045.728643
nan
0.094000
0.127000
0.297000
0.106000
nan
0.487000
nan
nan
nan
nan
nan
0.094000
0.275000
0.127000
nan
0.106000
0.233000
nan
0.360000
0.106000
nan
0.572000
0.487000
nan
nan
0.593000
0.445000
nan
0.572000
nan
0.339000
0.445000
0.381000
0.275000
0.551000
nan
0.094000
0.614000
0.551000
nan
nan
nan
nan
nan
nan
nan
0.614000
0.551000
0.424000
nan
nan
0.530000
1.000000
nan
nan
0.826000
nan
0.932000
0.847000
nan
0.212000
nan
nan
0.784000
nan
0.466000
nan
nan
0.339000
0.275000
0.593000
nan
0.614000
nan
0.742000
nan
0.445000
nan
nan
nan
nan
nan
0.657000
0.826000
1.000000
nan
nan
nan
nan
nan
nan
nan
nan
nan
1.000000
nan
0.953000
nan
nan
nan
nan
0.254000
nan
nan
0.720000
0.805000
nan
0.473000
nan
nan
0.863000
0.658000
nan
0.740000
0.904000
nan
nan
0.329000
nan
0.761000
0.904000
nan
0.863000
1.000000
0.822000
1.000000
nan
nan
0.473000
0.637000
0.555000
0.267000
0.452000
0.391000
0.391000
nan
nan
nan
nan
0.658000
nan
nan
0.185000
1.000000
0.514000
nan
0.106000
nan
0.432000
0.411000
nan
nan
nan
0.576000
0.822000
0.802000
0.966000
nan
0.164000
nan
0.514000
nan
0.678000
0.946000
nan
0.123000
nan
0.247000
0.534000
0.247000
0.329000
0.226000
nan
0.411000
nan
0.370000
0.185000
0.164000
0.452000
0.206000
nan
nan
0.267000
0.106000
0.123000
0.329000
0.123000
nan
0.349000
0.308000
0.432000
0.267000
nan
nan
0.123000
0.206000
nan
0.089000
