Coverage: 34640.869565
nan
nan
nan
nan
0.003000
nan
nan
0.006000
nan
0.008000
nan
nan
0.004000
nan
nan
nan
nan
nan
0.006000
nan
nan
nan
nan
nan
0.003000
0.017000
nan
0.008000
0.003000
0.004000
0.011000
0.004000
0.015000
0.006000
nan
nan
nan
nan
0.080000
nan
0.093000
0.112000
nan
nan
0.070000
0.085000
nan
nan
0.211000
0.384000
nan
nan
0.141000
nan
nan
nan
nan
nan
nan
0.473000
nan
0.408000
0.425000
0.442000
0.492000
nan
0.399000
nan
0.281000
0.666000
nan
nan
nan
0.976000
nan
nan
0.959000
nan
nan
0.283000
0.180000
nan
0.178000
nan
0.437000
0.180000
0.190000
0.450000
0.355000
1.000000
nan
0.108000
0.216000
nan
0.815000
0.315000
0.129000
0.532000
0.797000
1.000000
nan
1.000000
0.694000
nan
nan
0.560000
nan
nan
0.271000
0.483000
0.263000
nan
nan
0.181000
nan
0.899000
nan
nan
nan
nan
0.230000
nan
nan
0.181000
nan
nan
0.181000
0.906000
0.895000
0.843000
0.498000
0.664000
0.735000
0.557000
0.578000
nan
0.661000
nan
nan
0.797000
nan
0.947000
nan
nan
nan
0.953000
0.803000
0.565000
0.327000
0.932000
nan
0.930000
nan
nan
0.767000
0.770000
nan
nan
nan
nan
nan
nan
nan
0.438000
0.449000
nan
0.755000
0.550000
0.971000
0.747000
0.880000
1.000000
nan
nan
0.900000
1.000000
0.826000
0.920000
0.989000
nan
nan
0.250000
nan
nan
0.208000
nan
0.248000
0.454000
nan
nan
nan
0.733000
nan
1.000000
nan
0.335000
nan
nan
0.862000
0.544000
nan
0.939000
nan
nan
0.113000
0.164000
0.444000
nan
0.158000
nan
nan
nan
nan
0.198000
0.372000
nan
0.109000
nan
nan
0.191000
0.290000
0.457000
0.420000
0.430000
nan
0.107000
nan
0.069000
0.069000
0.069000
