Coverage: 1309.714286
0.017000
nan
0.017000
0.257000
nan
0.294000
0.074000
0.184000
0.331000
nan
nan
nan
0.441000
nan
nan
0.147000
0.478000
0.257000
0.404000
nan
0.184000
0.184000
0.184000
0.184000
0.588000
nan
nan
nan
0.404000
0.368000
0.588000
0.515000
nan
nan
0.037000
0.074000
0.809000
nan
nan
nan
0.441000
nan
0.809000
0.772000
0.110000
0.404000
0.699000
0.846000
nan
nan
nan
nan
0.404000
0.625000
nan
nan
0.441000
nan
0.809000
0.588000
nan
0.221000
0.221000
nan
nan
nan
nan
nan
nan
0.478000
1.000000
1.000000
nan
nan
nan
nan
0.147000
0.017000
nan
0.294000
0.184000
0.331000
nan
0.257000
1.000000
0.699000
nan
nan
0.919000
1.000000
nan
0.367000
nan
nan
nan
nan
0.467000
0.490000
nan
0.805000
0.525000
0.350000
nan
0.490000
nan
nan
nan
0.560000
0.560000
0.525000
0.280000
nan
nan
nan
0.350000
0.210000
1.000000
1.000000
0.595000
0.770000
0.525000
nan
nan
0.665000
nan
1.000000
nan
0.315000
0.665000
0.630000
nan
0.630000
0.525000
0.840000
nan
0.525000
nan
0.525000
0.070000
0.070000
nan
nan
nan
nan
nan
0.560000
0.210000
0.210000
0.060000
nan
nan
0.420000
nan
0.490000
nan
0.420000
0.455000
0.350000
0.315000
nan
0.060000
nan
0.560000
0.280000
0.105000
0.420000
nan
0.315000
nan
0.105000
0.490000
0.210000
0.440000
0.513000
0.053000
