Coverage: 5093.203883
nan
0.012000
0.012000
0.035000
nan
0.012000
0.081000
0.023000
0.046000
0.012000
0.046000
0.058000
0.070000
nan
0.105000
0.081000
0.139000
0.139000
0.093000
0.093000
0.279000
0.267000
0.151000
nan
0.244000
0.232000
nan
0.256000
nan
0.221000
nan
0.197000
0.151000
0.232000
0.430000
nan
nan
0.279000
nan
nan
nan
0.116000
nan
nan
nan
nan
0.499000
0.453000
0.546000
nan
nan
nan
0.383000
nan
nan
nan
nan
0.348000
0.720000
0.395000
nan
0.499000
nan
0.418000
0.441000
0.639000
0.511000
nan
nan
0.743000
nan
0.952000
0.918000
0.825000
nan
nan
nan
0.987000
nan
nan
1.000000
1.000000
nan
1.000000
0.522000
0.560000
nan
0.373000
0.597000
0.433000
nan
nan
0.627000
nan
nan
0.418000
nan
nan
0.858000
nan
nan
nan
nan
0.754000
nan
0.530000
nan
nan
nan
nan
nan
nan
nan
0.530000
0.530000
0.634000
0.642000
nan
nan
nan
nan
nan
nan
nan
0.396000
1.000000
1.000000
nan
nan
0.560000
0.317000
0.317000
nan
0.373000
nan
nan
nan
nan
nan
nan
nan
nan
nan
0.493000
nan
nan
0.709000
nan
0.522000
nan
nan
0.425000
0.567000
nan
nan
nan
0.403000
nan
1.000000
0.866000
nan
0.425000
nan
nan
0.910000
0.493000
0.754000
0.396000
0.604000
0.470000
nan
0.317000
0.597000
nan
1.000000
nan
nan
0.321000
0.366000
0.567000
nan
nan
0.642000
0.410000
nan
0.791000
0.425000
0.530000
nan
nan
nan
0.649000
0.500000
nan
0.590000
nan
1.000000
0.281000
0.227000
0.281000
0.263000
0.254000
0.581000
0.372000
0.662000
nan
0.554000
nan
nan
0.172000
0.163000
0.227000
nan
nan
nan
0.299000
0.626000
0.699000
0.762000
0.898000
0.653000
nan
nan
0.181000
0.209000
nan
nan
nan
0.172000
nan
nan
nan
0.599000
0.490000
nan
nan
nan
nan
nan
nan
nan
nan
0.844000
nan
0.254000
0.163000
nan
0.699000
0.871000
nan
nan
nan
nan
0.980000
1.000000
0.690000
0.408000
0.372000
nan
0.608000
0.608000
nan
0.390000
0.780000
0.572000
0.327000
nan
nan
0.563000
nan
0.581000
0.463000
0.871000
nan
nan
0.653000
0.454000
nan
0.163000
nan
nan
1.000000
0.399000
0.154000
0.064000
nan
nan
nan
0.463000
0.445000
0.463000
nan
nan
0.109000
nan
1.000000
0.309000
0.272000
0.390000
0.181000
nan
0.073000
nan
nan
nan
0.054000
0.054000
nan
0.054000
