Coverage: 105541.549296
nan
nan
nan
nan
0.247000
0.320000
0.340000
0.277000
0.372000
nan
nan
nan
0.142000
nan
nan
0.209000
0.173000
0.152000
nan
0.142000
nan
0.533000
0.645000
0.769000
nan
nan
0.433000
0.227000
nan
0.142000
nan
nan
nan
nan
nan
0.509000
nan
0.588000
nan
0.461000
0.620000
0.418000
0.449000
nan
nan
nan
nan
1.000000
nan
nan
nan
nan
0.499000
nan
nan
nan
nan
0.980000
0.762000
0.708000
nan
0.306000
nan
nan
nan
nan
0.981000
nan
nan
nan
nan
0.962000
0.665000
1.000000
0.799000
0.992000
nan
nan
0.697000
0.624000
0.624000
0.737000
0.561000
nan
0.443000
0.490000
0.531000
nan
nan
nan
nan
nan
nan
nan
nan
0.324000
nan
0.406000
nan
nan
nan
nan
0.306000
0.270000
0.588000
nan
nan
nan
0.812000
nan
nan
nan
nan
1.000000
nan
nan
nan
nan
nan
0.232000
0.060000
0.110000
nan
nan
0.059000
0.059000
nan
nan
nan
nan
nan
0.059000
nan
nan
0.176000
nan
0.085000
0.089000
0.091000
0.484000
0.059000
nan
0.320000
0.479000
nan
nan
0.601000
nan
nan
0.896000
0.444000
0.262000
0.128000
0.187000
0.253000
0.446000
0.687000
nan
nan
nan
nan
0.987000
nan
0.952000
0.895000
0.754000
0.524000
0.535000
0.413000
nan
nan
nan
0.365000
nan
0.519000
0.518000
0.322000
nan
nan
nan
0.126000
nan
nan
0.166000
0.117000
nan
nan
nan
nan
nan
0.600000
0.721000
nan
1.000000
0.918000
nan
0.742000
nan
nan
nan
1.000000
0.945000
0.810000
0.473000
nan
0.261000
nan
0.144000
0.975000
nan
1.000000
nan
nan
nan
nan
nan
0.167000
nan
0.830000
nan
nan
nan
nan
nan
1.000000
nan
nan
nan
0.188000
nan
nan
0.361000
nan
1.000000
nan
nan
nan
nan
nan
0.144000
nan
nan
1.000000
0.247000
0.965000
nan
0.921000
0.122000
0.980000
0.914000
0.074000
nan
nan
0.108000
0.167000
0.382000
nan
nan
0.274000
0.186000
0.152000
0.172000
0.267000
nan
0.092000
0.091000
0.137000
0.071000
0.066000
0.092000
0.105000
0.103000
nan
nan
0.046000
0.061000
nan
nan
0.073000
0.082000
0.090000
0.056000
0.069000
nan
0.058000
nan
nan
nan
nan
0.065000
0.046000
nan
0.125000
0.101000
nan
0.106000
0.095000
0.092000
nan
nan
0.072000
0.046000
0.094000
0.058000
0.106000
0.493000
nan
0.672000
nan
0.853000
0.538000
0.450000
nan
nan
0.285000
nan
nan
nan
nan
nan
nan
nan
0.872000
0.990000
nan
0.506000
0.491000
0.357000
0.361000
nan
nan
nan
0.378000
nan
nan
0.937000
0.746000
0.987000
nan
nan
0.997000
0.554000
nan
nan
nan
nan
nan
nan
nan
0.915000
nan
0.539000
0.274000
0.371000
0.190000
0.345000
nan
0.910000
nan
0.790000
nan
0.701000
nan
nan
0.711000
nan
nan
nan
0.583000
nan
0.694000
nan
nan
nan
0.828000
nan
nan
nan
nan
0.426000
nan
0.775000
0.925000
nan
1.000000
0.879000
1.000000
nan
nan
nan
nan
0.211000
0.190000
nan
0.756000
nan
nan
0.530000
0.734000
0.569000
0.864000
0.754000
nan
0.713000
0.634000
0.648000
nan
0.583000
nan
0.771000
nan
0.845000
nan
0.561000
nan
nan
1.000000
nan
nan
0.716000
nan
nan
nan
nan
0.287000
0.149000
