Coverage: 3707.262570
0.181000
nan
0.203000
0.181000
0.588000
0.284000
nan
0.426000
0.588000
0.527000
0.467000
nan
0.487000
0.181000
0.527000
0.365000
nan
0.588000
0.446000
nan
0.609000
0.284000
0.426000
0.426000
nan
0.325000
0.243000
nan
nan
0.365000
0.264000
nan
0.365000
0.365000
nan
nan
nan
1.000000
nan
nan
0.284000
nan
0.568000
nan
nan
nan
1.000000
nan
0.751000
0.730000
nan
nan
0.223000
0.284000
nan
nan
nan
0.609000
nan
0.507000
0.568000
0.771000
nan
nan
nan
nan
0.669000
0.852000
0.933000
1.000000
0.629000
0.609000
0.771000
nan
nan
nan
nan
0.730000
0.710000
nan
0.811000
0.527000
nan
nan
nan
0.507000
0.751000
0.402000
0.335000
0.536000
0.754000
nan
0.603000
nan
0.653000
0.653000
nan
0.519000
0.385000
0.737000
nan
0.486000
nan
nan
nan
0.318000
0.637000
0.235000
1.000000
nan
nan
nan
nan
nan
nan
1.000000
nan
0.469000
nan
0.486000
nan
nan
nan
0.687000
nan
0.436000
nan
0.452000
nan
1.000000
0.302000
0.402000
nan
nan
nan
nan
0.871000
0.134000
0.318000
nan
nan
nan
nan
0.436000
0.268000
0.519000
nan
0.302000
0.536000
0.385000
0.184000
0.108000
0.235000
nan
nan
0.108000
nan
0.402000
0.201000
0.235000
nan
nan
nan
0.369000
0.369000
0.452000
0.369000
nan
0.335000
nan
nan
0.352000
0.586000
nan
0.704000
nan
0.117000
nan
0.108000
