Coverage: 3212.195122
0.210000
0.210000
nan
nan
0.278000
nan
nan
nan
0.365000
0.336000
0.210000
nan
0.307000
nan
nan
0.336000
nan
0.409000
nan
nan
0.365000
0.468000
nan
nan
0.512000
nan
0.497000
nan
nan
0.439000
nan
0.746000
nan
0.819000
0.658000
0.629000
nan
0.556000
0.673000
nan
0.541000
0.658000
nan
nan
nan
nan
0.468000
nan
0.468000
nan
nan
nan
0.512000
nan
nan
nan
nan
0.746000
nan
nan
nan
0.936000
0.863000
nan
1.000000
nan
0.789000
nan
nan
nan
nan
1.000000
nan
0.848000
0.234000
0.716000
1.000000
0.731000
0.365000
0.789000
0.921000
0.365000
0.599000
0.629000
nan
0.687000
nan
nan
0.629000
nan
nan
nan
nan
nan
nan
nan
nan
nan
nan
nan
nan
nan
0.278000
nan
0.746000
nan
0.819000
0.629000
0.760000
0.731000
nan
1.000000
1.000000
nan
0.978000
0.372000
nan
0.391000
0.333000
0.372000
nan
nan
0.783000
0.861000
nan
0.744000
0.783000
nan
0.802000
nan
1.000000
nan
nan
0.685000
nan
0.705000
0.783000
nan
0.450000
0.602000
nan
nan
0.842000
0.818000
0.960000
nan
0.722000
0.457000
0.481000
0.530000
0.530000
0.433000
0.409000
0.505000
nan
0.842000
0.818000
0.505000
nan
nan
0.578000
0.794000
0.505000
0.650000
0.602000
nan
0.602000
0.530000
0.901000
0.231000
0.361000
nan
0.274000
0.505000
nan
nan
0.818000
nan
0.259000
0.409000
0.457000
0.554000
0.313000
0.229000
0.371000
0.200000
0.400000
0.771000
0.429000
0.200000
0.229000
0.514000
0.343000
0.429000
0.743000
nan
nan
0.200000
nan
nan
0.257000
0.229000
0.543000
nan
0.200000
