Coverage: 7415.277778
nan
nan
nan
nan
0.237000
0.165000
0.396000
nan
0.302000
0.381000
0.237000
nan
0.273000
nan
nan
nan
nan
nan
0.180000
0.165000
0.165000
0.280000
0.374000
nan
nan
nan
0.388000
nan
0.331000
0.345000
nan
nan
0.489000
0.669000
nan
nan
nan
nan
0.568000
nan
nan
nan
0.209000
0.352000
0.245000
nan
0.662000
0.777000
0.467000
nan
nan
nan
0.309000
nan
nan
nan
0.475000
nan
0.532000
nan
0.611000
0.748000
nan
0.503000
0.345000
nan
nan
nan
nan
nan
0.352000
0.381000
nan
0.568000
0.467000
1.000000
0.539000
0.245000
nan
nan
nan
0.230000
nan
nan
nan
nan
nan
nan
0.266000
nan
1.000000
0.676000
0.482000
0.956000
nan
nan
nan
0.324000
0.245000
0.201000
nan
nan
0.165000
0.316000
nan
nan
1.000000
0.843000
0.780000
nan
nan
0.195000
nan
0.606000
1.000000
1.000000
nan
nan
nan
nan
0.092000
0.084000
nan
nan
0.753000
nan
nan
0.251000
0.362000
nan
0.551000
0.725000
0.780000
nan
0.815000
0.920000
nan
0.098000
nan
nan
nan
0.767000
nan
0.899000
nan
nan
0.962000
nan
1.000000
0.683000
nan
0.739000
0.265000
0.146000
0.111000
nan
0.237000
0.551000
nan
0.760000
0.592000
0.787000
0.544000
nan
0.153000
nan
nan
0.265000
nan
nan
nan
0.084000
0.098000
nan
nan
nan
0.474000
0.362000
0.530000
nan
nan
nan
0.787000
0.801000
nan
nan
0.495000
nan
nan
nan
nan
nan
nan
nan
0.369000
nan
0.432000
0.300000
nan
0.537000
nan
nan
nan
nan
0.153000
nan
nan
0.502000
nan
nan
0.578000
0.390000
0.474000
nan
nan
0.075000
