Coverage: 1651.578947
0.117000
nan
0.205000
0.176000
nan
nan
nan
nan
0.117000
0.264000
0.264000
nan
nan
nan
nan
0.411000
nan
nan
0.411000
nan
0.352000
nan
nan
0.469000
nan
nan
0.352000
nan
nan
0.411000
nan
0.704000
0.411000
0.352000
0.293000
0.117000
0.469000
nan
nan
nan
nan
nan
0.733000
nan
0.293000
0.235000
nan
nan
nan
0.293000
nan
nan
1.000000
nan
nan
nan
nan
nan
nan
0.792000
nan
0.762000
nan
nan
0.587000
0.909000
0.587000
0.938000
0.323000
nan
nan
nan
nan
nan
0.616000
0.762000
0.850000
nan
0.264000
0.117000
nan
1.000000
nan
0.850000
0.323000
nan
nan
nan
nan
nan
1.000000
nan
nan
nan
0.440000
0.397000
nan
nan
nan
nan
nan
0.793000
nan
0.458000
nan
0.549000
0.984000
nan
0.732000
0.824000
0.984000
nan
nan
0.885000
0.488000
0.666000
0.792000
nan
nan
0.317000
0.824000
nan
nan
nan
0.222000
nan
nan
nan
nan
nan
0.539000
nan
0.412000
nan
nan
nan
0.349000
0.285000
0.983000
nan
nan
nan
0.729000
0.824000
0.824000
0.254000
1.000000
0.475000
nan
0.412000
0.571000
nan
nan
nan
0.412000
nan
0.602000
nan
nan
0.317000
0.222000
0.539000
0.222000
0.412000
0.254000
0.602000
0.634000
nan
nan
0.380000
0.539000
0.222000
nan
0.349000
nan
0.254000
nan
0.666000
nan
0.856000
nan
0.380000
0.507000
nan
0.254000
0.444000
nan
nan
0.222000
nan
