Coverage: 12691.071429
0.071000
0.071000
0.187000
nan
0.071000
0.081000
0.100000
0.181000
nan
0.143000
0.162000
nan
0.193000
nan
0.249000
0.193000
0.249000
nan
0.399000
0.230000
nan
0.131000
0.193000
0.374000
0.125000
0.336000
0.330000
nan
nan
nan
0.417000
0.230000
0.218000
0.461000
0.648000
nan
0.561000
nan
0.554000
0.523000
nan
nan
nan
nan
0.523000
0.442000
0.916000
nan
nan
0.878000
nan
nan
0.230000
0.635000
nan
nan
0.723000
0.330000
0.411000
nan
nan
0.536000
nan
0.723000
nan
1.000000
1.000000
nan
1.000000
nan
nan
0.698000
nan
nan
nan
0.467000
nan
0.268000
nan
0.598000
0.916000
0.997000
0.922000
nan
nan
0.464000
0.518000
nan
0.464000
0.303000
0.303000
nan
0.410000
0.518000
nan
0.487000
nan
nan
1.000000
0.320000
nan
nan
0.311000
nan
nan
0.342000
0.455000
nan
0.410000
nan
nan
nan
nan
0.608000
0.942000
0.572000
nan
0.730000
0.797000
1.000000
0.811000
nan
nan
nan
0.369000
nan
0.460000
0.369000
nan
0.315000
nan
0.532000
0.658000
1.000000
nan
0.469000
0.523000
0.342000
0.550000
0.595000
nan
0.455000
0.303000
0.356000
0.541000
nan
nan
0.536000
nan
0.955000
0.793000
nan
0.644000
0.847000
nan
nan
nan
0.554000
0.978000
nan
nan
nan
nan
nan
0.320000
0.743000
0.613000
nan
0.590000
nan
nan
0.680000
nan
nan
nan
nan
nan
0.563000
0.775000
0.376000
0.744000
0.527000
nan
0.860000
nan
nan
nan
nan
nan
nan
nan
0.523000
0.152000
0.159000
0.256000
0.531000
0.593000
0.205000
nan
nan
nan
nan
nan
nan
nan
0.899000
nan
0.667000
0.655000
nan
0.430000
0.717000
nan
0.802000
nan
nan
nan
nan
nan
nan
1.000000
nan
nan
0.895000
0.574000
nan
0.729000
0.523000
0.655000
nan
0.651000
0.496000
0.756000
0.810000
nan
nan
0.934000
0.899000
0.907000
nan
0.845000
0.403000
0.624000
0.655000
nan
nan
1.000000
0.589000
0.915000
0.601000
nan
0.558000
0.395000
0.202000
0.152000
0.152000
0.659000
nan
nan
nan
0.310000
0.628000
1.000000
nan
nan
nan
nan
0.717000
0.798000
0.596000
0.604000
0.863000
nan
nan
nan
nan
nan
0.485000
0.471000
0.326000
nan
nan
0.596000
nan
0.418000
0.800000
nan
nan
nan
0.670000
nan
0.474000
0.424000
nan
nan
nan
nan
nan
nan
nan
nan
0.220000
nan
0.315000
1.000000
nan
nan
0.575000
0.283000
0.289000
0.238000
0.442000
nan
0.527000
nan
0.466000
nan
0.853000
0.900000
nan
0.381000
0.765000
0.514000
nan
nan
nan
nan
nan
0.593000
nan
nan
nan
nan
nan
0.837000
0.787000
0.805000
nan
0.787000
0.935000
0.599000
0.305000
0.667000
0.866000
nan
nan
nan
nan
0.241000
0.204000
nan
0.185000
0.185000
0.185000
0.522000
1.000000
nan
0.983000
nan
0.524000
nan
0.527000
nan
0.387000
nan
nan
0.466000
nan
nan
1.000000
0.971000
1.000000
0.759000
nan
0.997000
0.264000
0.480000
nan
0.384000
0.567000
nan
0.770000
0.942000
nan
nan
0.360000
0.349000
nan
0.936000
1.000000
nan
nan
1.000000
nan
nan
nan
nan
nan
nan
nan
nan
0.201000
0.191000
0.389000
nan
0.642000
nan
nan
0.474000
0.357000
0.610000
nan
0.578000
0.889000
0.418000
nan
0.450000
0.285000
nan
0.191000
nan
nan
0.468000
nan
0.500000
0.759000
0.221000
nan
nan
nan
nan
0.262000
nan
nan
nan
0.212000
0.523000
nan
nan
0.355000
0.683000
nan
nan
nan
nan
0.191000
0.727000
nan
0.619000
0.442000
nan
0.276000
0.471000
nan
nan
nan
nan
0.587000
0.631000
0.535000
0.564000
nan
0.407000
0.461000
nan
0.477000
nan
0.995000
0.722000
nan
0.588000
nan
0.531000
0.564000
0.693000
0.732000
nan
nan
nan
0.569000
0.775000
nan
0.698000
0.493000
0.626000
0.713000
nan
nan
nan
0.971000
0.641000
nan
0.665000
0.904000
nan
nan
nan
1.000000
nan
nan
nan
nan
nan
nan
nan
0.918000
1.000000
nan
1.000000
nan
nan
nan
nan
nan
0.626000
0.588000
nan
nan
0.846000
nan
0.416000
nan
nan
nan
nan
0.206000
0.445000
0.569000
0.722000
nan
0.512000
0.349000
0.569000
nan
nan
nan
nan
nan
0.206000
nan
nan
0.493000
nan
0.560000
0.823000
0.636000
0.655000
0.851000
0.220000
0.273000
nan
0.316000
0.244000
nan
0.258000
0.320000
nan
0.277000
0.206000
0.206000
