Coverage: 1882.456140
nan
nan
nan
0.109000
nan
nan
0.109000
0.254000
0.761000
1.000000
nan
nan
0.222000
nan
nan
0.349000
nan
0.285000
nan
0.109000
nan
0.380000
0.127000
0.475000
1.000000
nan
nan
0.507000
nan
nan
nan
nan
0.507000
nan
0.190000
nan
0.317000
nan
nan
nan
nan
0.824000
nan
nan
nan
0.602000
nan
0.634000
nan
nan
nan
nan
1.000000
nan
nan
nan
0.761000
0.539000
0.919000
nan
nan
0.380000
nan
0.824000
0.634000
0.634000
0.824000
nan
0.507000
nan
nan
0.507000
0.634000
nan
nan
0.507000
nan
nan
nan
nan
0.317000
nan
0.602000
0.512000
0.512000
0.799000
0.895000
nan
0.895000
nan
nan
nan
nan
nan
nan
nan
0.735000
nan
0.608000
0.959000
nan
0.895000
0.288000
0.991000
0.959000
nan
nan
0.320000
0.608000
nan
0.416000
0.645000
0.129000
nan
0.226000
0.355000
0.047000
0.047000
nan
0.581000
nan
nan
nan
0.097000
nan
0.290000
nan
0.323000
0.677000
nan
0.290000
nan
0.387000
0.258000
nan
0.742000
nan
1.000000
nan
0.903000
0.806000
nan
0.065000
0.323000
nan
nan
nan
nan
nan
0.161000
nan
0.677000
0.935000
1.000000
0.484000
1.000000
nan
0.742000
nan
0.677000
nan
0.613000
0.484000
0.387000
0.290000
nan
0.194000
0.355000
nan
nan
0.047000
