Coverage: 14407.103825
0.031000
0.031000
0.139000
0.046000
0.059000
0.063000
0.031000
0.038000
0.068000
0.194000
0.152000
0.101000
0.114000
0.380000
0.266000
0.198000
nan
0.371000
0.257000
0.545000
0.338000
nan
0.270000
nan
nan
nan
0.342000
nan
0.511000
0.283000
0.393000
0.431000
0.207000
0.443000
nan
nan
0.456000
nan
nan
nan
nan
nan
nan
0.393000
nan
nan
nan
0.435000
nan
nan
nan
nan
0.456000
1.000000
nan
nan
0.912000
0.561000
0.283000
0.384000
0.502000
0.844000
nan
nan
nan
1.000000
nan
0.713000
0.675000
nan
nan
1.000000
nan
0.705000
0.705000
0.861000
0.621000
nan
nan
0.262000
nan
nan
nan
0.498000
nan
nan
nan
0.350000
nan
nan
0.213000
nan
nan
1.000000
0.616000
nan
nan
nan
nan
nan
0.479000
nan
nan
1.000000
1.000000
nan
nan
nan
nan
0.723000
0.696000
0.771000
0.962000
nan
0.691000
0.510000
0.217000
0.293000
nan
nan
nan
0.408000
0.829000
nan
0.944000
0.864000
nan
0.785000
nan
0.971000
nan
nan
0.767000
0.833000
nan
nan
nan
0.749000
0.718000
0.567000
nan
0.496000
0.191000
0.745000
0.381000
0.758000
0.736000
nan
0.519000
0.541000
nan
0.501000
0.337000
nan
nan
0.643000
nan
0.217000
0.386000
0.208000
nan
nan
nan
nan
nan
nan
nan
0.301000
0.563000
0.350000
0.683000
0.461000
nan
nan
0.186000
nan
nan
0.186000
0.186000
nan
0.315000
nan
0.652000
0.660000
0.972000
nan
0.927000
0.399000
nan
0.242000
nan
nan
0.388000
nan
nan
0.478000
nan
0.242000
nan
0.613000
0.933000
nan
nan
0.652000
nan
nan
0.635000
nan
nan
0.478000
nan
0.877000
0.680000
nan
nan
nan
0.680000
nan
nan
0.759000
0.899000
nan
0.646000
nan
0.708000
0.584000
nan
1.000000
0.832000
0.764000
0.764000
nan
nan
0.736000
0.629000
0.854000
0.388000
0.584000
nan
0.242000
0.635000
0.320000
nan
0.545000
0.922000
nan
nan
nan
0.910000
1.000000
0.624000
0.849000
nan
0.371000
0.264000
0.646000
0.618000
0.472000
nan
0.562000
1.000000
nan
nan
0.736000
0.944000
nan
nan
nan
0.955000
0.742000
nan
nan
0.624000
nan
nan
nan
0.477000
nan
0.469000
nan
nan
nan
nan
0.825000
0.344000
0.553000
0.571000
0.723000
0.560000
nan
nan
0.708000
0.605000
nan
nan
nan
nan
0.341000
0.764000
0.439000
nan
0.307000
0.314000
0.394000
nan
nan
nan
0.341000
0.526000
nan
0.291000
0.848000
0.462000
nan
0.234000
0.242000
nan
0.670000
0.685000
0.594000
0.643000
1.000000
nan
nan
nan
nan
0.234000
nan
nan
nan
nan
nan
nan
1.000000
0.730000
0.836000
nan
0.375000
0.518000
nan
0.560000
0.927000
nan
nan
0.658000
0.556000
0.708000
0.780000
nan
nan
nan
nan
0.624000
0.704000
0.484000
0.761000
0.658000
nan
nan
1.000000
nan
0.522000
nan
nan
0.234000
0.594000
nan
0.746000
nan
1.000000
nan
0.543000
nan
nan
0.524000
1.000000
0.653000
0.352000
0.624000
nan
0.729000
0.976000
1.000000
0.957000
0.957000
0.824000
0.472000
0.776000
0.729000
0.538000
0.791000
nan
nan
0.853000
0.638000
nan
nan
nan
nan
0.572000
0.757000
0.548000
nan
nan
0.305000
nan
0.495000
0.519000
nan
0.491000
0.691000
0.543000
nan
0.605000
nan
nan
nan
nan
nan
0.872000
0.190000
nan
0.324000
0.190000
0.195000
0.633000
0.262000
nan
0.362000
nan
0.367000
nan
nan
0.343000
0.295000
0.195000
nan
0.381000
0.367000
0.300000
0.400000
nan
0.267000
0.477000
nan
nan
0.197000
0.163000
0.347000
0.194000
0.265000
0.156000
nan
0.239000
0.595000
0.442000
0.175000
0.423000
nan
0.456000
nan
nan
0.224000
nan
0.239000
0.298000
nan
nan
nan
0.274000
0.213000
nan
0.224000
0.232000
0.392000
nan
nan
nan
0.605000
nan
nan
nan
nan
nan
0.671000
nan
0.338000
0.498000
nan
nan
nan
nan
0.914000
nan
nan
1.000000
nan
1.000000
nan
0.796000
nan
0.879000
0.940000
nan
nan
0.461000
nan
0.808000
0.768000
nan
nan
nan
nan
nan
nan
nan
nan
nan
nan
0.739000
nan
nan
nan
nan
nan
nan
0.194000
0.146000
nan
0.732000
0.439000
0.683000
0.848000
nan
0.853000
nan
nan
nan
0.425000
0.657000
0.822000
1.000000
nan
0.477000
0.458000
0.782000
nan
nan
0.136000
