Coverage: 4515.697674
0.107000
nan
0.107000
nan
nan
nan
0.321000
0.107000
0.232000
nan
0.143000
nan
nan
nan
0.518000
nan
0.625000
0.250000
nan
0.607000
0.143000
0.125000
nan
nan
0.107000
0.125000
0.714000
nan
0.589000
0.589000
nan
nan
0.232000
nan
nan
0.143000
0.107000
nan
nan
0.518000
nan
0.268000
0.125000
0.446000
nan
0.179000
0.321000
0.554000
1.000000
nan
nan
nan
nan
nan
nan
nan
0.732000
0.446000
nan
0.500000
nan
nan
1.000000
0.304000
0.661000
nan
nan
0.541000
0.581000
0.541000
0.842000
0.802000
nan
0.681000
nan
nan
0.521000
nan
0.661000
nan
0.581000
nan
nan
nan
nan
nan
nan
nan
nan
1.000000
nan
nan
nan
nan
0.581000
0.902000
0.902000
nan
1.000000
0.902000
0.721000
nan
nan
nan
nan
nan
nan
nan
0.844000
0.889000
0.733000
1.000000
nan
nan
0.489000
0.489000
nan
nan
nan
nan
0.422000
nan
0.667000
nan
nan
nan
0.333000
0.378000
nan
nan
0.578000
nan
0.356000
nan
0.400000
0.267000
0.244000
0.143000
nan
0.178000
0.800000
nan
nan
0.356000
0.756000
nan
0.222000
nan
nan
0.311000
nan
nan
0.356000
nan
0.267000
0.533000
0.244000
nan
nan
0.200000
nan
0.289000
nan
0.178000
0.200000
0.143000
nan
nan
nan
0.156000
nan
0.143000
