Coverage: 8492.352941
nan
nan
nan
nan
0.491000
nan
nan
0.431000
0.242000
0.505000
0.390000
0.525000
nan
0.377000
0.505000
0.706000
nan
0.720000
0.417000
0.545000
nan
0.404000
0.370000
0.518000
0.686000
0.518000
0.224000
0.383000
0.646000
nan
nan
0.545000
0.552000
0.969000
0.774000
1.000000
0.505000
nan
0.646000
0.868000
nan
nan
nan
nan
nan
nan
0.585000
0.868000
0.780000
nan
nan
nan
0.491000
nan
nan
nan
nan
nan
nan
0.632000
1.000000
nan
nan
nan
nan
nan
nan
1.000000
nan
nan
nan
nan
0.478000
0.854000
0.679000
nan
0.451000
nan
nan
0.457000
0.841000
nan
nan
nan
0.989000
nan
0.572000
nan
nan
0.224000
nan
0.336000
0.224000
nan
0.545000
0.612000
0.437000
nan
nan
nan
0.632000
nan
0.755000
nan
0.377000
0.464000
0.628000
0.598000
nan
0.666000
nan
nan
0.763000
nan
0.434000
0.793000
0.763000
nan
nan
0.830000
0.404000
0.628000
0.606000
nan
0.942000
0.621000
0.441000
0.486000
nan
nan
0.377000
0.583000
0.830000
nan
nan
nan
0.808000
0.920000
0.830000
nan
nan
nan
0.890000
0.628000
nan
0.591000
nan
0.456000
0.389000
nan
nan
0.673000
0.456000
0.464000
0.681000
nan
nan
nan
nan
nan
0.755000
nan
1.000000
0.531000
0.576000
0.471000
0.920000
0.419000
nan
0.696000
nan
nan
nan
nan
nan
nan
0.628000
0.471000
0.651000
1.000000
0.681000
1.000000
nan
0.531000
nan
0.377000
nan
nan
nan
nan
nan
nan
nan
0.860000
0.367000
0.343000
0.710000
nan
nan
0.624000
0.658000
nan
nan
0.729000
0.782000
nan
nan
nan
0.218000
0.524000
nan
nan
0.691000
1.000000
nan
0.338000
0.257000
nan
0.863000
0.891000
0.948000
nan
0.462000
0.496000
0.524000
1.000000
nan
nan
nan
0.218000
0.596000
0.705000
0.767000
0.257000
nan
0.434000
0.886000
nan
0.467000
0.863000
nan
0.982000
0.753000
nan
nan
0.558000
0.448000
0.681000
nan
nan
0.658000
nan
nan
nan
0.429000
0.653000
1.000000
nan
0.472000
nan
nan
0.472000
0.234000
0.362000
nan
nan
nan
nan
nan
0.672000
nan
0.586000
0.362000
nan
nan
nan
nan
nan
nan
0.558000
0.577000
0.686000
nan
nan
nan
nan
nan
0.672000
nan
nan
0.218000
0.225000
nan
nan
0.864000
nan
0.731000
nan
1.000000
0.612000
0.479000
nan
nan
1.000000
nan
0.844000
0.612000
nan
0.771000
nan
nan
0.552000
nan
nan
0.459000
nan
0.572000
1.000000
0.918000
0.805000
nan
0.884000
nan
0.525000
nan
nan
0.638000
nan
0.532000
nan
0.711000
0.585000
nan
nan
nan
0.911000
0.838000
nan
nan
nan
0.778000
0.971000
0.938000
nan
nan
nan
nan
0.851000
0.225000
nan
nan
0.731000
nan
nan
nan
nan
0.366000
0.293000
nan
nan
0.598000
nan
nan
0.831000
nan
nan
nan
0.718000
0.652000
0.844000
0.652000
0.472000
nan
nan
0.233000
0.279000
0.225000
0.931000
0.552000
0.725000
0.445000
0.711000
0.638000
0.718000
0.765000
nan
nan
nan
0.634000
0.787000
0.822000
nan
0.634000
0.704000
nan
nan
0.690000
nan
0.578000
nan
0.676000
nan
nan
1.000000
0.996000
nan
0.641000
0.627000
0.509000
nan
0.481000
nan
nan
0.906000
nan
nan
0.752000
0.683000
nan
1.000000
0.731000
0.731000
0.773000
0.787000
nan
nan
0.759000
0.604000
nan
0.583000
nan
0.492000
0.984000
nan
nan
nan
0.977000
0.759000
nan
nan
0.850000
0.689000
nan
0.334000
nan
0.447000
nan
0.632000
0.871000
nan
0.682000
nan
0.759000
nan
0.696000
0.625000
0.492000
nan
0.618000
nan
1.000000
0.995000
nan
nan
nan
nan
nan
nan
nan
nan
0.344000
nan
nan
0.970000
nan
0.604000
nan
0.928000
0.738000
nan
0.632000
0.928000
nan
nan
1.000000
nan
nan
nan
0.758000
0.546000
0.787000
0.489000
0.340000
0.673000
0.907000
nan
0.376000
nan
0.517000
0.503000
nan
0.241000
0.730000
0.730000
nan
0.369000
0.808000
nan
0.214000
0.214000
