Coverage: 2866.396761
nan
0.138000
0.259000
0.276000
nan
0.138000
0.311000
nan
nan
0.345000
0.501000
nan
nan
0.380000
0.276000
nan
nan
nan
0.173000
0.622000
nan
nan
nan
nan
0.311000
0.311000
nan
nan
nan
nan
nan
0.466000
0.397000
nan
0.328000
0.311000
0.345000
nan
nan
nan
nan
nan
0.138000
0.656000
0.397000
nan
nan
0.432000
0.449000
nan
nan
nan
0.276000
nan
nan
nan
1.000000
nan
nan
nan
nan
nan
nan
nan
nan
1.000000
nan
0.535000
nan
0.294000
nan
nan
nan
nan
0.812000
nan
nan
0.691000
nan
nan
nan
0.328000
nan
0.794000
0.242000
nan
nan
0.501000
0.415000
0.173000
nan
nan
nan
nan
nan
0.380000
0.138000
0.466000
nan
0.725000
0.587000
nan
nan
0.535000
nan
nan
nan
0.829000
0.812000
1.000000
nan
0.380000
nan
nan
nan
nan
nan
0.207000
nan
0.363000
0.380000
0.656000
0.928000
nan
0.701000
nan
nan
0.333000
nan
nan
0.193000
nan
nan
nan
0.193000
nan
nan
0.788000
nan
0.981000
nan
0.771000
0.928000
0.368000
0.718000
nan
0.385000
nan
0.648000
nan
0.701000
nan
0.981000
1.000000
1.000000
0.420000
0.718000
0.587000
nan
0.257000
0.182000
nan
0.202000
0.220000
0.239000
0.936000
nan
0.551000
0.661000
0.239000
0.349000
nan
nan
0.679000
nan
0.294000
nan
nan
nan
nan
0.808000
0.367000
nan
0.239000
nan
0.294000
0.440000
nan
nan
nan
1.000000
nan
nan
nan
0.532000
0.606000
nan
0.440000
nan
0.964000
0.716000
0.771000
nan
nan
nan
nan
0.239000
nan
0.982000
nan
nan
nan
nan
0.202000
nan
nan
0.294000
0.679000
nan
nan
nan
0.514000
nan
nan
0.326000
0.250000
0.710000
nan
nan
0.441000
0.171000
0.845000
0.749000
0.288000
0.576000
0.499000
0.345000
nan
0.633000
0.211000
0.384000
0.614000
nan
0.326000
0.384000
0.192000
0.171000
