Coverage: 1242.439024
0.078000
nan
0.078000
0.117000
nan
0.196000
nan
0.157000
0.157000
nan
0.196000
0.078000
nan
0.157000
0.078000
0.352000
0.117000
0.470000
nan
0.117000
0.431000
0.352000
0.431000
0.431000
nan
nan
nan
0.313000
nan
0.391000
0.352000
nan
nan
0.078000
0.196000
0.626000
nan
nan
0.587000
nan
nan
0.744000
0.548000
nan
nan
nan
0.665000
0.783000
0.705000
nan
nan
nan
0.470000
nan
nan
nan
nan
nan
0.783000
nan
0.431000
nan
nan
nan
nan
0.744000
nan
0.665000
nan
nan
0.470000
0.626000
nan
nan
nan
nan
nan
0.548000
1.000000
0.783000
0.900000
0.978000
nan
0.626000
nan
nan
nan
1.000000
nan
nan
0.861000
nan
nan
1.000000
0.978000
0.978000
0.861000
0.822000
nan
0.682000
nan
0.455000
nan
0.500000
nan
nan
0.818000
nan
nan
nan
0.591000
1.000000
nan
0.636000
0.636000
0.636000
nan
nan
1.000000
1.000000
nan
0.591000
0.545000
nan
nan
nan
nan
1.000000
0.500000
0.773000
0.636000
1.000000
nan
0.500000
nan
0.182000
0.227000
nan
0.409000
0.147000
0.864000
0.727000
0.818000
nan
nan
0.273000
nan
nan
nan
nan
nan
0.318000
nan
0.545000
nan
0.318000
nan
0.409000
0.273000
0.727000
nan
0.182000
nan
nan
0.955000
0.273000
0.864000
0.727000
1.000000
0.455000
nan
nan
0.147000
0.182000
nan
nan
0.318000
0.545000
0.318000
0.273000
nan
nan
nan
nan
nan
0.682000
nan
nan
0.147000
0.364000
0.364000
0.318000
nan
nan
nan
nan
0.273000
0.455000
nan
0.182000
nan
0.364000
nan
nan
0.136000
