Coverage: 16231.013917
nan
nan
0.002000
nan
nan
nan
0.005000
0.005000
nan
0.002000
0.009000
0.002000
nan
nan
0.005000
nan
nan
0.009000
nan
0.096000
0.092000
0.055000
0.041000
0.142000
0.055000
0.124000
0.105000
0.142000
nan
nan
0.147000
0.128000
nan
0.321000
0.243000
0.206000
0.224000
0.229000
nan
nan
0.389000
nan
0.403000
0.728000
0.330000
0.321000
0.220000
0.394000
0.261000
nan
nan
nan
0.453000
nan
nan
0.705000
nan
0.614000
nan
0.463000
nan
nan
0.600000
1.000000
nan
0.696000
0.449000
0.472000
0.362000
0.449000
nan
1.000000
nan
nan
nan
0.751000
1.000000
0.467000
nan
nan
nan
nan
nan
0.467000
nan
nan
nan
nan
0.453000
nan
nan
0.856000
nan
nan
0.333000
nan
nan
nan
nan
nan
nan
0.166000
nan
nan
nan
0.590000
nan
nan
0.478000
0.886000
0.710000
nan
0.705000
nan
0.951000
0.828000
nan
nan
0.428000
nan
0.652000
nan
0.543000
nan
0.691000
0.431000
0.473000
nan
0.431000
0.445000
nan
nan
0.166000
0.166000
0.302000
0.185000
1.000000
nan
1.000000
0.886000
nan
nan
nan
nan
0.775000
0.903000
nan
0.680000
nan
0.624000
nan
0.621000
0.643000
0.786000
nan
nan
nan
0.881000
0.568000
0.405000
0.632000
0.545000
0.817000
0.772000
nan
nan
0.624000
0.626000
nan
nan
nan
nan
1.000000
0.895000
0.632000
0.596000
0.397000
0.439000
0.749000
nan
0.383000
nan
0.182000
nan
0.288000
0.455000
0.482000
0.494000
nan
nan
0.361000
0.341000
nan
0.340000
nan
nan
0.539000
nan
0.246000
0.820000
0.636000
nan
nan
nan
0.503000
0.517000
nan
nan
0.299000
nan
0.679000
nan
0.870000
nan
nan
nan
nan
0.363000
0.931000
0.455000
0.704000
nan
nan
0.615000
nan
nan
nan
nan
0.250000
0.209000
0.250000
nan
nan
nan
0.209000
nan
nan
0.509000
nan
nan
nan
0.980000
nan
nan
nan
nan
0.503000
0.400000
0.254000
nan
nan
nan
0.211000
0.373000
nan
nan
0.759000
0.708000
nan
1.000000
nan
0.258000
0.377000
0.209000
nan
nan
1.000000
0.767000
nan
nan
nan
nan
nan
0.377000
1.000000
0.544000
0.689000
0.576000
nan
0.771000
nan
nan
0.320000
nan
nan
0.755000
0.699000
nan
0.663000
0.726000
1.000000
0.282000
nan
nan
nan
nan
0.364000
0.737000
nan
nan
nan
0.962000
1.000000
nan
0.565000
nan
0.493000
nan
0.739000
nan
0.678000
0.706000
nan
nan
nan
nan
nan
nan
nan
nan
0.780000
nan
0.601000
nan
nan
0.808000
0.968000
nan
0.726000
nan
0.755000
nan
nan
nan
1.000000
0.801000
0.493000
0.926000
0.644000
0.606000
0.726000
nan
nan
nan
nan
0.249000
0.195000
nan
nan
nan
0.803000
nan
nan
0.583000
nan
nan
nan
nan
0.644000
nan
0.875000
0.747000
nan
0.239000
0.449000
0.670000
0.482000
0.480000
0.680000
nan
nan
0.177000
nan
0.447000
0.277000
0.334000
0.172000
0.257000
0.172000
nan
0.393000
0.357000
0.367000
0.372000
0.172000
nan
0.172000
nan
0.938000
0.646000
0.412000
nan
0.487000
nan
nan
nan
0.727000
nan
0.561000
0.574000
nan
nan
nan
0.311000
0.577000
nan
nan
0.334000
0.438000
0.428000
nan
0.406000
nan
nan
nan
0.678000
0.529000
nan
0.526000
0.438000
0.636000
0.457000
nan
0.216000
nan
nan
nan
nan
nan
0.808000
nan
1.000000
nan
nan
nan
nan
nan
nan
1.000000
nan
nan
nan
nan
nan
nan
nan
0.860000
0.467000
nan
0.675000
1.000000
0.590000
nan
nan
nan
0.587000
nan
0.451000
0.451000
0.454000
0.467000
nan
0.363000
0.503000
0.665000
nan
0.610000
0.587000
nan
0.506000
0.587000
nan
nan
nan
nan
nan
nan
nan
0.318000
nan
0.273000
0.402000
0.328000
nan
nan
nan
nan
0.311000
0.571000
nan
nan
0.216000
0.216000
nan
nan
nan
nan
nan
0.227000
0.250000
nan
nan
nan
