Coverage: 1556.451613
nan
0.000000
0.000000
0.055000
0.000000
0.083000
nan
0.110000
nan
0.055000
nan
0.000000
0.028000
nan
0.000000
nan
0.000000
0.165000
0.248000
nan
0.275000
0.220000
0.248000
nan
nan
0.358000
0.110000
0.110000
0.358000
nan
nan
nan
nan
0.551000
0.468000
nan
nan
nan
0.165000
nan
1.000000
nan
0.193000
nan
0.000000
nan
nan
0.854000
nan
nan
nan
nan
0.083000
nan
nan
nan
nan
1.000000
0.386000
0.275000
0.799000
nan
0.909000
0.551000
nan
0.331000
nan
nan
nan
nan
nan
nan
0.386000
0.193000
0.634000
0.165000
0.496000
nan
0.909000
0.854000
nan
0.420000
nan
nan
nan
nan
nan
0.446000
nan
0.986000
nan
0.630000
nan
nan
0.420000
nan
0.840000
nan
nan
nan
nan
nan
nan
nan
nan
0.525000
0.499000
nan
0.474000
0.474000
0.673000
nan
nan
1.000000
nan
nan
nan
nan
0.399000
0.898000
nan
nan
nan
0.948000
nan
nan
1.000000
nan
nan
nan
nan
nan
nan
0.274000
0.499000
nan
nan
nan
nan
0.648000
0.549000
1.000000
0.673000
0.499000
0.599000
nan
nan
nan
0.349000
0.474000
nan
nan
0.274000
0.200000
nan
nan
0.773000
0.623000
0.549000
0.249000
nan
0.224000
0.299000
0.274000
0.125000
0.399000
0.324000
0.399000
0.324000
0.249000
0.150000
nan
0.249000
nan
nan
0.200000
nan
0.075000
nan
0.175000
nan
0.150000
nan
0.061000
0.061000
0.061000
