Coverage: 1683.333333
nan
0.076000
nan
0.153000
0.153000
0.076000
nan
nan
0.076000
0.229000
0.153000
nan
0.305000
nan
0.153000
nan
nan
0.153000
0.153000
nan
0.305000
0.076000
nan
0.382000
0.229000
0.305000
nan
nan
nan
0.229000
0.382000
nan
nan
nan
0.305000
0.763000
nan
nan
0.153000
nan
0.458000
0.763000
nan
0.458000
nan
0.687000
0.153000
0.382000
nan
nan
nan
nan
0.153000
nan
nan
nan
nan
nan
1.000000
0.840000
0.305000
0.382000
nan
0.611000
0.534000
nan
0.916000
nan
nan
0.611000
nan
nan
nan
0.763000
0.458000
nan
nan
0.916000
nan
nan
0.353000
nan
nan
0.294000
0.353000
0.588000
0.529000
0.706000
nan
0.706000
0.647000
nan
nan
0.789000
0.810000
0.588000
0.331000
nan
nan
nan
0.331000
0.620000
nan
0.413000
nan
nan
nan
nan
0.909000
nan
nan
0.661000
nan
1.000000
0.289000
nan
1.000000
nan
nan
nan
nan
nan
nan
nan
nan
nan
nan
nan
0.331000
nan
0.331000
nan
0.165000
nan
0.165000
nan
0.744000
0.620000
1.000000
nan
0.289000
nan
0.248000
0.496000
0.207000
nan
0.165000
nan
0.207000
0.620000
nan
0.785000
nan
0.248000
0.826000
nan
0.165000
nan
nan
nan
0.413000
0.289000
nan
0.289000
nan
0.331000
0.289000
nan
0.289000
0.331000
0.248000
nan
nan
nan
0.207000
0.331000
nan
0.537000
0.165000
nan
