Coverage: 13691.866029
0.024000
0.024000
0.024000
0.036000
0.031000
nan
nan
0.036000
nan
0.031000
0.071000
0.152000
0.089000
0.085000
nan
0.187000
nan
0.183000
0.098000
0.241000
nan
0.281000
0.196000
nan
0.330000
nan
0.299000
nan
0.223000
0.201000
0.441000
0.254000
nan
nan
nan
0.339000
nan
nan
0.535000
0.481000
nan
0.682000
0.276000
0.276000
0.464000
nan
0.566000
nan
0.352000
0.985000
nan
nan
0.339000
nan
nan
nan
nan
0.704000
nan
nan
0.638000
0.571000
0.914000
nan
nan
0.633000
1.000000
nan
1.000000
nan
0.499000
nan
nan
0.767000
nan
nan
0.896000
0.513000
nan
nan
nan
nan
nan
0.366000
1.000000
nan
nan
nan
nan
0.740000
0.678000
nan
0.566000
nan
nan
0.342000
nan
nan
1.000000
nan
nan
0.691000
nan
0.432000
nan
0.352000
nan
nan
0.815000
nan
1.000000
0.898000
nan
0.670000
0.453000
0.442000
nan
nan
0.732000
nan
nan
nan
0.580000
nan
0.729000
nan
nan
0.459000
nan
0.618000
nan
0.604000
0.390000
0.784000
0.843000
0.860000
0.477000
nan
nan
nan
nan
nan
nan
0.739000
nan
0.981000
nan
nan
nan
nan
nan
nan
nan
0.425000
0.331000
0.459000
nan
0.656000
0.611000
0.501000
nan
nan
nan
nan
nan
nan
nan
0.677000
1.000000
0.691000
0.439000
0.515000
nan
nan
nan
nan
0.684000
nan
nan
0.642000
0.570000
0.604000
nan
0.421000
nan
nan
0.556000
nan
nan
0.594000
0.377000
nan
0.470000
nan
0.439000
nan
nan
0.356000
0.549000
0.449000
nan
0.331000
nan
nan
nan
0.331000
0.895000
nan
nan
nan
nan
nan
nan
nan
nan
0.453000
nan
0.922000
nan
nan
1.000000
nan
0.928000
1.000000
nan
0.976000
0.734000
0.566000
0.863000
nan
0.701000
0.539000
nan
nan
0.426000
0.378000
0.680000
0.901000
0.804000
nan
nan
nan
nan
0.254000
0.388000
nan
0.804000
nan
nan
0.863000
0.275000
0.210000
0.475000
0.248000
0.674000
0.723000
nan
nan
0.583000
0.717000
0.426000
0.777000
0.604000
nan
0.782000
nan
0.583000
0.523000
0.340000
nan
nan
nan
0.550000
nan
nan
0.798000
nan
0.647000
0.636000
0.771000
nan
nan
0.798000
nan
0.642000
0.955000
nan
nan
nan
nan
0.890000
0.198000
0.198000
nan
nan
0.198000
nan
1.000000
nan
nan
nan
0.906000
0.486000
0.509000
nan
0.608000
0.220000
nan
0.176000
0.177000
nan
nan
0.861000
nan
0.559000
nan
0.486000
0.582000
0.864000
0.256000
nan
0.490000
0.447000
0.227000
nan
nan
0.700000
nan
0.526000
nan
nan
0.361000
0.588000
0.723000
nan
nan
0.424000
0.227000
0.490000
0.572000
0.424000
0.332000
0.651000
nan
nan
0.746000
nan
nan
0.989000
nan
nan
0.825000
nan
nan
0.176000
0.250000
0.176000
0.233000
0.730000
nan
nan
1.000000
0.822000
0.582000
nan
nan
0.312000
0.549000
nan
nan
nan
nan
nan
0.874000
0.808000
0.802000
nan
nan
1.000000
0.690000
1.000000
0.651000
nan
nan
0.920000
nan
0.923000
nan
nan
nan
0.417000
0.245000
0.843000
nan
0.730000
0.754000
0.448000
nan
nan
nan
nan
0.714000
0.856000
nan
0.872000
nan
0.628000
nan
0.309000
nan
nan
0.690000
nan
0.939000
nan
0.966000
nan
0.657000
nan
nan
nan
0.657000
0.805000
nan
nan
nan
nan
1.000000
nan
nan
nan
0.429000
nan
0.250000
nan
nan
0.245000
nan
nan
0.612000
0.301000
0.456000
nan
0.652000
1.000000
0.510000
nan
nan
0.797000
nan
nan
0.357000
0.523000
0.389000
nan
nan
nan
0.633000
0.462000
1.000000
nan
0.711000
0.698000
nan
nan
nan
nan
0.352000
nan
0.250000
0.818000
0.883000
nan
nan
0.569000
0.499000
0.389000
nan
nan
nan
0.585000
nan
0.856000
0.682000
nan
nan
0.550000
nan
nan
nan
0.245000
0.397000
0.464000
nan
0.730000
nan
nan
0.516000
0.625000
0.591000
0.759000
nan
nan
nan
0.431000
nan
0.639000
0.331000
nan
nan
0.755000
0.413000
0.888000
nan
nan
0.584000
1.000000
0.550000
0.567000
0.830000
0.427000
nan
nan
0.680000
0.957000
nan
0.755000
0.937000
0.892000
0.636000
nan
0.551000
nan
nan
nan
0.622000
nan
nan
nan
0.492000
nan
nan
0.392000
0.437000
nan
nan
nan
0.862000
1.000000
0.448000
0.459000
0.463000
nan
nan
0.648000
nan
0.803000
nan
nan
0.414000
nan
0.751000
0.496000
nan
nan
nan
nan
1.000000
nan
nan
nan
nan
nan
0.814000
nan
0.440000
nan
nan
0.907000
nan
0.311000
0.718000
nan
nan
nan
0.485000
0.548000
0.437000
nan
nan
nan
0.287000
0.566000
nan
0.242000
0.271000
0.255000
nan
nan
0.665000
nan
0.390000
0.335000
nan
0.510000
0.410000
0.287000
0.554000
0.621000
0.681000
nan
0.122000
nan
0.122000
nan
0.207000
0.191000
nan
0.231000
nan
0.287000
nan
nan
nan
0.279000
0.135000
0.122000
