Coverage: 7652.688172
nan
nan
0.000000
0.000000
0.000000
0.000000
0.468000
0.000000
nan
0.000000
0.481000
0.000000
nan
0.000000
0.130000
0.130000
0.870000
0.078000
0.117000
0.156000
0.143000
0.234000
0.130000
0.377000
nan
0.104000
0.182000
0.610000
0.636000
0.286000
0.351000
0.286000
nan
0.481000
0.338000
nan
0.065000
nan
nan
nan
0.416000
nan
0.481000
nan
0.390000
nan
0.299000
nan
nan
nan
nan
nan
0.468000
nan
nan
0.909000
nan
0.299000
0.312000
0.675000
nan
nan
nan
0.948000
0.922000
nan
nan
nan
nan
nan
1.000000
1.000000
nan
0.844000
0.442000
nan
nan
nan
nan
nan
0.961000
1.000000
1.000000
0.987000
nan
0.379000
nan
0.158000
0.172000
0.158000
nan
nan
0.320000
0.714000
nan
0.645000
0.561000
0.670000
nan
0.192000
0.113000
nan
nan
nan
0.315000
0.832000
0.591000
nan
nan
0.586000
nan
nan
0.591000
nan
nan
nan
nan
nan
nan
0.862000
nan
0.438000
nan
1.000000
nan
0.079000
nan
0.606000
nan
0.123000
nan
nan
0.167000
nan
nan
nan
0.650000
0.458000
nan
nan
nan
0.640000
nan
nan
nan
0.076000
0.076000
nan
0.076000
0.079000
0.970000
nan
nan
nan
nan
nan
0.537000
0.488000
1.000000
0.685000
nan
nan
nan
0.670000
0.704000
0.926000
nan
nan
nan
0.473000
0.383000
0.387000
0.473000
nan
nan
0.711000
0.401000
nan
nan
nan
nan
nan
nan
nan
nan
0.315000
0.108000
0.108000
0.113000
0.324000
0.275000
nan
nan
0.130000
0.245000
nan
0.281000
0.114000
nan
0.257000
0.232000
nan
0.122000
0.481000
0.383000
nan
nan
0.616000
0.257000
1.000000
0.550000
nan
nan
nan
nan
1.000000
0.636000
nan
nan
nan
nan
0.518000
nan
nan
nan
nan
nan
1.000000
nan
nan
nan
nan
nan
nan
0.538000
nan
nan
nan
nan
nan
0.473000
nan
nan
0.514000
nan
nan
0.554000
0.330000
nan
0.334000
0.391000
0.400000
nan
nan
0.200000
0.102000
0.098000
nan
0.310000
nan
nan
nan
0.130000
0.245000
0.322000
nan
nan
0.579000
0.538000
nan
nan
nan
0.098000
0.151000
0.171000
nan
nan
nan
nan
