Coverage: 1259.459459
0.000000
0.000000
0.000000
0.047000
nan
nan
nan
nan
nan
0.047000
nan
0.000000
nan
nan
0.047000
0.000000
0.377000
0.000000
0.000000
0.000000
nan
nan
0.000000
nan
0.000000
0.142000
0.000000
0.094000
0.000000
nan
nan
nan
0.189000
0.000000
0.047000
nan
nan
0.472000
0.142000
nan
0.000000
0.566000
0.189000
0.236000
nan
0.094000
0.330000
0.142000
nan
nan
nan
nan
0.283000
nan
nan
nan
nan
0.142000
0.802000
nan
nan
nan
0.613000
nan
0.849000
nan
nan
nan
0.472000
nan
0.425000
nan
nan
nan
1.000000
nan
nan
nan
nan
nan
0.613000
0.896000
nan
nan
nan
0.472000
0.660000
1.000000
nan
0.896000
0.613000
nan
0.519000
nan
nan
nan
0.425000
0.330000
1.000000
0.613000
nan
nan
nan
nan
0.398000
0.505000
nan
0.345000
0.478000
0.425000
nan
0.505000
0.744000
nan
0.130000
nan
nan
nan
0.425000
nan
1.000000
nan
nan
0.398000
0.611000
nan
0.130000
nan
nan
nan
0.372000
0.292000
0.292000
nan
nan
0.166000
0.249000
nan
nan
nan
0.333000
nan
nan
0.123000
nan
nan
0.499000
nan
0.166000
0.194000
nan
nan
0.978000
0.804000
nan
nan
0.526000
nan
1.000000
0.914000
nan
0.305000
1.000000
nan
0.499000
0.443000
0.416000
0.720000
0.637000
0.471000
0.249000
nan
nan
0.360000
nan
nan
0.776000
0.471000
0.471000
0.499000
nan
0.637000
0.526000
nan
0.471000
nan
nan
0.166000
0.305000
nan
nan
nan
nan
0.665000
0.748000
nan
nan
nan
nan
0.443000
0.606000
nan
0.404000
0.404000
nan
0.346000
nan
0.375000
nan
0.231000
0.491000
0.491000
0.115000
0.202000
0.606000
0.346000
0.115000
0.173000
0.260000
nan
nan
0.115000
