Coverage: 1885.714286
nan
nan
nan
0.131000
nan
nan
nan
nan
nan
nan
0.131000
nan
nan
nan
nan
nan
0.816000
0.384000
0.336000
nan
0.336000
0.192000
nan
nan
nan
0.168000
0.576000
0.144000
nan
0.144000
0.768000
nan
0.456000
0.456000
0.264000
nan
0.840000
nan
0.192000
nan
nan
nan
nan
0.960000
0.131000
0.336000
0.432000
0.696000
0.552000
1.000000
nan
nan
0.519000
nan
nan
nan
nan
nan
nan
nan
0.370000
nan
nan
nan
0.494000
nan
nan
nan
nan
nan
0.420000
nan
0.691000
0.864000
nan
nan
nan
1.000000
nan
nan
nan
nan
0.593000
nan
nan
nan
0.691000
0.741000
0.469000
0.445000
nan
0.222000
0.272000
nan
0.593000
0.691000
1.000000
nan
nan
nan
0.494000
0.667000
nan
nan
0.667000
nan
nan
nan
nan
0.222000
nan
nan
nan
nan
nan
nan
0.519000
nan
0.519000
0.346000
nan
0.222000
0.321000
0.431000
0.431000
nan
nan
nan
0.102000
nan
nan
nan
0.533000
nan
0.533000
0.533000
0.279000
nan
nan
0.431000
0.102000
nan
0.228000
0.457000
nan
0.203000
nan
nan
nan
0.482000
nan
0.152000
nan
nan
nan
0.102000
0.203000
0.228000
nan
0.228000
nan
0.152000
0.330000
0.330000
0.203000
nan
0.102000
nan
