Coverage: 17229.330709
nan
0.007000
0.019000
0.007000
0.010000
0.007000
nan
0.014000
0.010000
nan
nan
0.014000
0.014000
0.033000
nan
0.048000
0.096000
0.115000
0.124000
0.158000
0.115000
0.124000
nan
0.163000
0.158000
0.191000
0.316000
0.268000
nan
0.459000
0.435000
0.742000
0.421000
0.435000
nan
nan
0.392000
0.416000
nan
0.330000
0.225000
nan
nan
nan
0.234000
nan
0.254000
0.574000
1.000000
nan
nan
nan
0.239000
0.842000
nan
nan
nan
0.612000
0.713000
1.000000
nan
nan
nan
nan
nan
nan
0.823000
nan
1.000000
nan
0.220000
0.158000
nan
nan
nan
nan
nan
0.646000
0.330000
0.239000
0.148000
0.091000
0.100000
0.345000
nan
nan
nan
0.088000
nan
nan
nan
0.302000
nan
nan
0.930000
nan
nan
nan
nan
nan
nan
nan
0.240000
0.253000
nan
0.262000
nan
nan
nan
0.674000
nan
0.513000
0.340000
nan
nan
nan
nan
0.828000
nan
1.000000
nan
nan
nan
nan
0.268000
nan
0.157000
nan
0.089000
0.604000
nan
nan
0.715000
nan
nan
nan
nan
0.330000
nan
nan
0.345000
nan
nan
nan
nan
0.228000
0.206000
nan
nan
nan
nan
1.000000
nan
nan
nan
nan
nan
nan
nan
nan
nan
0.143000
0.168000
0.170000
0.157000
nan
nan
nan
nan
0.477000
0.240000
nan
0.111000
0.189000
0.088000
nan
0.126000
0.272000
nan
0.211000
0.130000
0.115000
nan
0.830000
nan
0.600000
nan
nan
nan
1.000000
0.894000
0.598000
nan
0.530000
nan
nan
nan
nan
nan
0.272000
nan
nan
0.409000
nan
0.802000
nan
nan
0.088000
nan
0.438000
0.128000
nan
nan
0.223000
nan
nan
nan
nan
nan
nan
nan
0.198000
0.246000
nan
nan
0.920000
1.000000
0.338000
nan
nan
0.163000
0.194000
0.198000
nan
nan
0.097000
nan
nan
nan
0.225000
0.242000
nan
0.280000
0.307000
nan
nan
0.152000
nan
nan
nan
0.282000
0.478000
0.674000
0.365000
nan
nan
nan
0.184000
nan
nan
0.182000
0.225000
0.248000
nan
0.572000
0.536000
0.424000
nan
0.097000
0.445000
0.745000
nan
nan
0.962000
0.699000
1.000000
nan
nan
0.157000
nan
0.369000
nan
nan
nan
nan
nan
nan
nan
0.236000
nan
0.501000
nan
1.000000
nan
nan
0.109000
nan
0.115000
nan
nan
0.192000
nan
0.167000
nan
0.712000
0.136000
0.102000
0.097000
0.213000
nan
nan
0.862000
0.682000
nan
0.476000
0.221000
nan
nan
nan
0.597000
nan
0.198000
0.417000
nan
0.225000
nan
nan
nan
0.461000
0.417000
nan
0.464000
0.390000
0.400000
nan
0.440000
0.565000
nan
nan
nan
nan
nan
0.464000
nan
0.451000
nan
nan
0.952000
0.629000
0.901000
1.000000
nan
nan
0.403000
nan
nan
nan
nan
0.410000
0.373000
0.323000
nan
0.219000
0.488000
0.293000
nan
nan
nan
nan
nan
nan
nan
nan
0.296000
nan
0.531000
nan
0.437000
nan
nan
nan
0.575000
0.985000
nan
0.629000
1.000000
nan
nan
0.160000
nan
nan
nan
nan
0.854000
nan
nan
nan
nan
nan
nan
0.343000
0.205000
nan
0.175000
0.160000
nan
0.160000
nan
0.299000
0.353000
0.807000
0.541000
0.737000
nan
0.703000
0.522000
nan
0.900000
0.922000
nan
nan
nan
0.255000
nan
nan
nan
nan
nan
1.000000
0.629000
nan
0.444000
0.411000
0.558000
0.307000
0.643000
0.408000
nan
0.578000
nan
0.432000
0.384000
0.428000
nan
0.404000
nan
nan
1.000000
nan
0.760000
0.538000
nan
nan
nan
0.651000
nan
0.715000
nan
0.711000
0.687000
0.501000
nan
nan
nan
nan
nan
0.873000
0.627000
0.724000
nan
0.441000
nan
0.639000
nan
0.582000
nan
0.780000
nan
0.590000
0.546000
0.574000
nan
0.590000
nan
0.550000
0.695000
0.663000
nan
nan
0.364000
nan
nan
nan
nan
nan
nan
nan
nan
nan
nan
0.250000
0.250000
0.299000
nan
0.558000
0.368000
nan
0.250000
