Coverage: 268457.976654
nan
0.002000
nan
nan
0.002000
nan
nan
nan
nan
nan
nan
0.002000
nan
nan
0.002000
nan
nan
nan
nan
nan
nan
0.002000
nan
0.002000
0.003000
nan
nan
0.010000
0.009000
0.009000
0.002000
nan
0.008000
nan
nan
nan
nan
nan
0.037000
nan
0.053000
0.049000
nan
nan
0.055000
0.077000
nan
nan
0.151000
0.503000
nan
nan
0.187000
nan
nan
nan
0.462000
0.407000
nan
0.477000
nan
0.702000
0.119000
0.115000
0.127000
0.132000
0.554000
0.696000
0.700000
0.803000
0.474000
nan
nan
nan
nan
0.469000
0.288000
0.193000
0.525000
1.000000
1.000000
0.254000
0.285000
0.435000
0.252000
0.383000
0.610000
0.394000
0.214000
1.000000
nan
nan
0.197000
nan
nan
nan
nan
0.265000
0.053000
0.040000
0.071000
0.040000
nan
0.485000
nan
0.055000
nan
0.099000
0.052000
nan
0.040000
nan
0.199000
0.214000
0.819000
1.000000
nan
nan
0.742000
nan
nan
0.093000
nan
nan
nan
0.190000
0.044000
nan
0.138000
nan
0.165000
nan
nan
nan
nan
nan
0.060000
0.138000
nan
nan
nan
0.111000
nan
nan
1.000000
nan
0.875000
0.672000
nan
nan
0.501000
nan
nan
nan
nan
nan
nan
0.715000
0.302000
0.258000
0.617000
0.688000
nan
nan
nan
0.855000
0.832000
nan
nan
0.789000
0.567000
0.724000
1.000000
0.503000
0.741000
nan
nan
nan
0.280000
0.348000
nan
0.227000
0.299000
nan
0.248000
nan
nan
nan
nan
nan
0.445000
0.394000
nan
0.600000
0.483000
0.809000
0.656000
0.632000
1.000000
nan
nan
0.461000
nan
0.982000
0.547000
0.882000
nan
nan
0.165000
nan
nan
0.147000
nan
0.172000
0.340000
nan
nan
nan
0.566000
nan
1.000000
nan
0.264000
nan
nan
0.648000
0.458000
nan
0.742000
nan
nan
0.080000
0.103000
0.268000
nan
0.092000
nan
nan
nan
nan
0.139000
0.300000
nan
0.085000
nan
nan
0.130000
0.299000
0.429000
0.374000
0.374000
nan
0.095000
nan
0.046000
0.046000
0.046000
