Coverage: 29776.459144
nan
nan
nan
nan
0.011000
0.011000
0.015000
0.011000
nan
nan
0.015000
nan
0.026000
0.011000
0.081000
0.242000
0.140000
0.154000
0.165000
nan
0.283000
0.228000
nan
0.239000
nan
0.173000
0.341000
0.275000
nan
0.536000
0.371000
nan
0.349000
nan
0.378000
0.345000
0.352000
0.290000
nan
nan
nan
0.378000
nan
0.389000
0.264000
0.382000
nan
0.338000
nan
nan
nan
nan
0.382000
nan
nan
nan
nan
1.000000
0.811000
0.947000
nan
nan
0.830000
0.984000
0.712000
nan
0.881000
nan
nan
1.000000
0.925000
nan
0.613000
nan
0.173000
0.158000
0.220000
nan
0.624000
nan
0.631000
0.264000
0.929000
1.000000
nan
nan
nan
0.808000
nan
0.243000
nan
nan
0.307000
0.344000
nan
0.578000
nan
0.616000
nan
0.287000
nan
nan
nan
nan
0.372000
0.803000
1.000000
nan
0.917000
nan
nan
0.944000
nan
0.846000
nan
nan
nan
nan
0.694000
nan
0.994000
nan
nan
nan
0.752000
nan
nan
0.531000
nan
0.508000
nan
0.360000
0.458000
nan
0.531000
0.243000
0.281000
0.504000
0.327000
0.513000
0.470000
0.506000
0.439000
0.403000
nan
nan
0.456000
0.671000
0.574000
nan
0.616000
0.759000
0.799000
0.243000
nan
0.321000
nan
0.258000
0.604000
nan
0.771000
0.502000
nan
0.694000
1.000000
0.708000
0.909000
nan
0.742000
0.602000
nan
0.519000
nan
nan
nan
0.510000
1.000000
nan
nan
0.625000
0.655000
nan
nan
0.403000
0.358000
nan
nan
nan
0.671000
nan
nan
0.578000
0.537000
nan
0.468000
nan
0.426000
nan
nan
nan
nan
nan
0.184000
nan
0.098000
0.270000
0.527000
0.140000
nan
nan
0.730000
0.731000
nan
nan
0.728000
nan
0.194000
nan
nan
nan
0.098000
nan
0.098000
0.340000
0.355000
0.331000
0.413000
nan
nan
nan
nan
0.757000
nan
nan
0.864000
nan
0.767000
0.698000
0.841000
nan
0.348000
nan
nan
nan
nan
nan
nan
0.442000
nan
0.509000
nan
0.514000
0.648000
nan
1.000000
nan
nan
nan
nan
0.236000
nan
nan
0.104000
nan
nan
nan
nan
nan
1.000000
0.430000
nan
nan
nan
nan
nan
nan
1.000000
nan
nan
nan
nan
nan
0.358000
0.256000
nan
0.779000
0.205000
0.122000
0.502000
0.573000
0.210000
0.213000
nan
0.544000
0.548000
0.306000
nan
nan
0.288000
0.310000
0.235000
1.000000
1.000000
0.800000
nan
0.594000
0.564000
0.798000
nan
nan
0.913000
nan
0.881000
nan
nan
nan
nan
nan
0.723000
nan
nan
nan
0.654000
nan
nan
nan
nan
nan
nan
0.411000
nan
nan
0.478000
nan
0.277000
0.660000
nan
0.851000
nan
nan
0.406000
0.475000
0.538000
nan
0.626000
0.369000
0.405000
0.548000
nan
nan
0.868000
nan
nan
0.261000
0.233000
0.329000
nan
0.183000
0.682000
nan
0.280000
0.746000
nan
nan
0.838000
nan
0.510000
0.781000
nan
nan
nan
nan
nan
nan
0.186000
nan
nan
0.329000
nan
0.578000
nan
nan
nan
0.183000
nan
nan
nan
0.183000
nan
1.000000
0.705000
0.622000
0.798000
nan
nan
0.797000
nan
0.513000
nan
nan
nan
0.380000
nan
0.505000
0.680000
0.913000
nan
nan
0.290000
0.338000
0.304000
0.405000
nan
0.350000
nan
nan
nan
nan
0.446000
0.298000
nan
0.365000
0.350000
0.281000
0.599000
nan
nan
0.361000
0.454000
0.606000
nan
0.312000
0.260000
nan
nan
0.129000
0.302000
nan
1.000000
nan
0.900000
0.606000
nan
0.361000
nan
nan
0.167000
0.204000
nan
nan
nan
0.784000
1.000000
nan
nan
nan
nan
nan
nan
nan
0.620000
nan
0.212000
nan
0.268000
nan
0.724000
0.743000
nan
nan
0.127000
nan
0.680000
1.000000
nan
nan
0.127000
0.127000
nan
0.632000
nan
0.654000
0.723000
nan
0.620000
0.457000
0.249000
nan
0.140000
nan
nan
nan
0.289000
nan
nan
nan
0.658000
0.512000
nan
nan
nan
nan
0.377000
0.196000
nan
0.490000
0.735000
nan
nan
nan
nan
0.408000
0.276000
nan
