Coverage: 3603.734440
nan
0.093000
0.251000
nan
0.093000
0.110000
nan
0.110000
0.251000
nan
0.126000
nan
0.126000
nan
0.204000
nan
nan
nan
0.456000
0.393000
0.267000
0.157000
nan
nan
0.110000
nan
0.189000
nan
nan
nan
0.456000
nan
nan
0.220000
nan
0.093000
0.299000
nan
0.613000
0.471000
0.126000
nan
0.660000
0.691000
nan
0.958000
0.974000
0.786000
0.801000
0.644000
nan
nan
0.503000
nan
nan
nan
0.581000
0.518000
0.738000
nan
0.361000
0.566000
0.346000
0.126000
nan
nan
0.314000
1.000000
0.550000
0.974000
0.723000
0.880000
nan
0.833000
1.000000
nan
0.943000
nan
nan
nan
nan
nan
nan
nan
0.974000
nan
0.738000
1.000000
nan
nan
nan
nan
0.880000
0.219000
0.181000
nan
0.181000
nan
1.000000
nan
nan
nan
0.305000
nan
0.248000
nan
0.696000
nan
nan
nan
0.400000
nan
nan
nan
nan
0.534000
nan
0.505000
1.000000
nan
0.257000
nan
0.467000
0.457000
nan
0.686000
1.000000
0.638000
nan
0.372000
nan
nan
nan
0.715000
nan
nan
0.295000
nan
nan
nan
0.515000
0.438000
0.515000
0.638000
0.372000
nan
nan
0.219000
nan
nan
0.231000
nan
0.495000
0.938000
nan
0.976000
nan
nan
nan
0.396000
nan
0.208000
0.248000
nan
0.347000
0.231000
0.661000
nan
nan
0.694000
0.495000
nan
nan
nan
0.264000
0.208000
0.380000
nan
nan
nan
0.297000
0.611000
nan
nan
nan
0.644000
0.479000
0.446000
0.545000
0.347000
nan
0.429000
0.429000
nan
nan
0.517000
nan
0.705000
nan
nan
0.682000
0.329000
0.423000
0.400000
nan
1.000000
nan
0.400000
nan
nan
nan
nan
nan
nan
0.165000
nan
0.141000
0.423000
0.541000
0.588000
nan
0.517000
0.846000
0.752000
nan
nan
0.588000
nan
0.447000
nan
0.376000
0.447000
0.470000
nan
nan
0.115000
0.423000
nan
0.564000
0.115000
0.115000
