Coverage: 12935.204082
0.014000
0.014000
0.030000
nan
0.014000
0.098000
0.151000
nan
0.106000
0.091000
0.136000
nan
nan
0.076000
0.167000
nan
0.136000
nan
0.189000
nan
nan
0.189000
0.159000
0.091000
nan
0.174000
0.273000
0.220000
0.242000
0.310000
nan
0.348000
0.469000
0.454000
0.575000
0.439000
0.212000
0.598000
nan
nan
nan
nan
0.197000
0.416000
0.447000
nan
nan
0.530000
nan
nan
nan
nan
0.371000
nan
nan
nan
0.356000
0.553000
0.500000
0.636000
0.992000
nan
nan
nan
1.000000
nan
1.000000
nan
nan
0.606000
nan
0.712000
0.318000
nan
nan
nan
0.553000
0.530000
0.704000
nan
nan
nan
nan
0.598000
nan
nan
0.492000
nan
nan
nan
1.000000
0.946000
0.455000
nan
nan
0.493000
0.569000
nan
nan
0.310000
nan
nan
0.425000
0.484000
0.408000
0.506000
0.667000
nan
nan
0.901000
0.569000
0.561000
0.506000
0.544000
nan
nan
0.404000
nan
0.773000
nan
0.680000
nan
nan
0.540000
0.914000
0.625000
nan
0.884000
0.642000
nan
0.421000
0.391000
0.752000
0.854000
nan
nan
0.310000
nan
0.629000
0.455000
0.918000
nan
nan
0.684000
0.705000
nan
nan
0.480000
nan
nan
1.000000
0.527000
0.778000
0.663000
0.986000
0.739000
1.000000
0.722000
1.000000
nan
nan
0.684000
nan
0.310000
nan
0.361000
nan
nan
nan
0.412000
nan
nan
0.922000
0.943000
0.786000
0.752000
nan
0.831000
0.959000
nan
0.907000
1.000000
nan
nan
0.539000
0.786000
nan
nan
0.400000
0.431000
0.462000
nan
0.563000
1.000000
nan
nan
nan
nan
nan
nan
0.400000
nan
nan
0.817000
0.636000
0.511000
0.382000
0.504000
nan
0.702000
nan
0.473000
nan
nan
0.355000
nan
nan
nan
nan
nan
nan
0.925000
nan
0.900000
nan
nan
0.956000
nan
0.588000
0.834000
nan
nan
nan
0.928000
0.723000
nan
nan
0.758000
0.963000
0.692000
nan
nan
0.511000
0.768000
1.000000
0.994000
0.883000
0.667000
nan
nan
0.820000
nan
nan
nan
0.490000
0.723000
nan
0.751000
0.813000
nan
nan
nan
nan
0.311000
nan
nan
nan
nan
0.323000
nan
0.313000
0.311000
0.636000
nan
nan
0.807000
nan
nan
nan
nan
0.588000
0.751000
0.311000
nan
nan
nan
nan
0.751000
0.872000
0.577000
0.658000
nan
nan
0.701000
0.680000
nan
nan
0.634000
nan
nan
1.000000
0.694000
nan
nan
0.783000
0.431000
nan
nan
0.310000
0.844000
1.000000
0.868000
nan
nan
0.352000
nan
nan
nan
nan
0.078000
0.076000
nan
0.676000
0.943000
0.915000
0.523000
0.513000
0.676000
nan
0.861000
0.701000
0.125000
nan
nan
0.076000
0.310000
nan
0.349000
0.235000
0.189000
0.076000
nan
nan
1.000000
0.886000
nan
0.527000
0.402000
nan
0.865000
0.666000
0.833000
0.569000
nan
0.598000
0.804000
0.619000
0.641000
0.662000
0.918000
0.701000
nan
0.630000
nan
0.904000
nan
0.763000
nan
nan
0.711000
nan
nan
0.875000
nan
0.409000
0.406000
nan
nan
nan
0.119000
nan
nan
0.154000
nan
nan
1.000000
nan
nan
nan
0.128000
nan
nan
0.308000
0.576000
1.000000
0.671000
nan
0.393000
0.812000
0.953000
0.704000
nan
nan
nan
0.770000
0.917000
0.858000
nan
nan
0.691000
1.000000
nan
0.119000
0.138000
nan
0.119000
nan
0.246000
0.187000
nan
0.233000
nan
0.160000
nan
0.128000
0.259000
nan
nan
nan
0.632000
0.861000
nan
nan
0.839000
0.527000
nan
0.534000
0.658000
0.875000
0.478000
nan
nan
nan
0.593000
nan
0.449000
0.157000
0.655000
0.311000
0.508000
0.396000
nan
0.226000
0.203000
0.685000
0.855000
nan
0.700000
nan
nan
nan
0.656000
nan
0.959000
0.736000
0.776000
0.183000
0.178000
nan
0.178000
0.352000
nan
nan
0.192000
nan
0.433000
nan
nan
nan
0.290000
0.178000
0.245000
0.406000
nan
nan
nan
nan
0.339000
0.312000
nan
1.000000
0.433000
0.758000
0.816000
nan
0.879000
0.388000
0.650000
0.668000
0.395000
nan
0.950000
0.781000
nan
nan
0.586000
0.559000
nan
nan
nan
nan
nan
0.572000
0.822000
nan
0.622000
0.800000
0.641000
0.754000
0.545000
0.863000
nan
nan
nan
nan
0.532000
0.395000
nan
1.000000
nan
nan
1.000000
nan
nan
nan
0.713000
0.818000
nan
0.677000
nan
0.868000
0.436000
0.995000
0.863000
nan
nan
nan
0.292000
nan
0.879000
0.643000
0.786000
nan
0.569000
0.379000
0.301000
0.384000
0.500000
nan
nan
0.537000
nan
nan
nan
nan
nan
0.490000
nan
0.555000
nan
0.509000
0.592000
0.578000
0.298000
0.361000
0.453000
0.578000
nan
0.393000
0.467000
nan
0.444000
nan
0.435000
0.298000
nan
nan
nan
