Coverage: 1219.230769
0.000000
nan
0.085000
nan
0.042000
0.169000
0.211000
0.296000
0.338000
0.000000
nan
nan
0.000000
0.000000
0.127000
0.127000
0.254000
0.169000
0.254000
nan
0.338000
nan
0.550000
0.254000
nan
nan
nan
0.423000
0.296000
0.254000
0.634000
0.296000
nan
nan
0.550000
0.296000
nan
nan
0.042000
0.000000
nan
nan
0.169000
nan
nan
0.085000
nan
nan
0.507000
nan
nan
nan
0.085000
nan
nan
nan
nan
0.507000
nan
nan
0.888000
0.507000
nan
nan
0.592000
0.677000
0.338000
1.000000
0.507000
nan
0.803000
1.000000
nan
0.761000
nan
1.000000
nan
0.761000
0.803000
nan
0.930000
0.254000
0.423000
0.254000
nan
nan
0.127000
nan
nan
nan
0.254000
nan
nan
0.190000
0.856000
nan
nan
1.000000
1.000000
nan
0.539000
nan
0.349000
nan
0.158000
0.222000
0.158000
nan
nan
nan
nan
nan
0.222000
nan
nan
0.919000
0.792000
nan
1.000000
0.761000
0.507000
0.634000
nan
0.983000
0.697000
nan
0.412000
nan
nan
0.158000
0.539000
0.697000
0.887000
0.285000
0.507000
0.254000
0.697000
nan
0.507000
0.729000
0.983000
0.824000
0.602000
nan
0.571000
0.887000
0.807000
0.477000
0.367000
0.880000
0.403000
nan
0.293000
0.770000
0.440000
0.330000
nan
0.928000
0.880000
nan
0.844000
nan
nan
nan
0.550000
nan
0.514000
0.183000
nan
nan
nan
nan
0.625000
0.583000
0.208000
nan
nan
nan
nan
0.208000
nan
0.417000
0.250000
nan
0.333000
nan
0.583000
0.625000
nan
nan
0.500000
nan
nan
0.583000
1.000000
0.833000
0.250000
0.542000
0.917000
nan
0.833000
0.250000
0.333000
nan
0.542000
nan
0.250000
nan
0.250000
0.500000
0.417000
nan
nan
nan
nan
nan
nan
0.208000
nan
0.250000
nan
nan
nan
0.500000
0.375000
0.542000
nan
0.250000
0.333000
0.208000
0.208000
0.250000
0.292000
nan
