Coverage: 2529.460581
0.158000
nan
nan
nan
nan
0.500000
nan
0.184000
nan
0.263000
0.632000
nan
nan
nan
nan
0.184000
0.289000
nan
nan
nan
nan
0.368000
nan
0.368000
nan
nan
nan
nan
nan
0.342000
0.158000
0.211000
0.158000
0.316000
0.421000
nan
nan
0.579000
0.711000
0.395000
0.421000
nan
0.316000
nan
nan
nan
0.605000
0.526000
nan
nan
nan
nan
0.158000
nan
nan
nan
0.474000
nan
0.474000
0.895000
0.632000
nan
0.526000
nan
nan
nan
1.000000
nan
0.789000
0.605000
0.658000
0.737000
0.658000
0.974000
nan
nan
0.658000
0.763000
1.000000
0.368000
0.342000
0.316000
nan
nan
nan
nan
nan
1.000000
0.263000
0.526000
0.737000
0.711000
1.000000
nan
nan
nan
0.526000
nan
nan
0.605000
nan
nan
0.237000
nan
1.000000
0.504000
nan
nan
0.243000
nan
0.799000
0.504000
nan
0.434000
0.148000
0.148000
0.730000
0.712000
0.539000
0.382000
nan
nan
0.400000
0.286000
0.412000
nan
0.501000
0.608000
nan
nan
nan
nan
0.555000
0.770000
nan
0.698000
nan
nan
nan
nan
0.841000
0.995000
0.841000
nan
nan
0.841000
1.000000
nan
nan
0.805000
nan
0.555000
0.519000
nan
0.591000
0.501000
0.752000
nan
nan
nan
0.573000
0.376000
0.430000
nan
nan
nan
nan
nan
0.268000
nan
nan
nan
1.000000
nan
nan
nan
nan
nan
0.115000
0.501000
nan
0.358000
nan
nan
nan
nan
0.501000
nan
nan
0.877000
nan
nan
0.913000
0.573000
nan
nan
nan
0.608000
nan
nan
nan
nan
nan
0.394000
0.304000
nan
nan
nan
0.268000
nan
0.447000
0.268000
0.716000
0.203000
0.534000
0.239000
nan
nan
nan
nan
nan
0.082000
0.147000
0.092000
0.221000
0.295000
0.276000
nan
0.902000
nan
0.571000
nan
0.552000
nan
nan
nan
nan
nan
nan
nan
0.082000
