Coverage: 1114.814815
0.056000
0.056000
nan
0.153000
0.077000
0.077000
0.056000
0.077000
nan
0.498000
nan
0.460000
nan
0.460000
0.268000
0.230000
0.307000
0.192000
nan
nan
0.192000
nan
0.230000
0.460000
0.192000
0.230000
nan
0.153000
0.383000
0.307000
0.268000
nan
nan
nan
0.958000
0.307000
nan
nan
nan
nan
nan
0.843000
0.536000
nan
0.077000
0.077000
0.268000
nan
0.690000
nan
nan
nan
0.345000
nan
nan
nan
nan
0.460000
0.230000
nan
nan
nan
0.766000
nan
0.153000
nan
nan
nan
nan
0.805000
nan
nan
nan
nan
nan
0.920000
nan
nan
nan
nan
nan
0.613000
0.651000
1.000000
0.958000
1.000000
1.000000
nan
nan
0.843000
nan
0.345000
0.575000
nan
0.766000
0.728000
nan
nan
0.153000
nan
nan
nan
0.320000
0.320000
nan
nan
0.560000
nan
nan
0.280000
0.098000
nan
nan
nan
0.520000
nan
nan
0.440000
nan
nan
nan
0.200000
nan
1.000000
1.000000
nan
0.240000
0.320000
0.160000
0.520000
0.120000
0.200000
0.560000
nan
nan
0.120000
nan
nan
nan
nan
nan
0.600000
nan
nan
0.320000
nan
nan
0.400000
0.098000
nan
nan
0.120000
nan
0.520000
0.320000
0.680000
nan
0.360000
0.760000
1.000000
0.600000
nan
0.582000
nan
nan
0.880000
nan
0.630000
nan
0.776000
nan
nan
0.679000
nan
nan
0.824000
nan
0.727000
0.242000
nan
0.485000
0.388000
1.000000
0.242000
0.630000
0.533000
0.106000
0.194000
0.194000
0.339000
nan
0.194000
nan
0.533000
0.570000
0.285000
0.741000
0.627000
0.570000
0.342000
0.456000
0.570000
nan
0.114000
nan
nan
nan
nan
nan
nan
0.399000
nan
0.969000
1.000000
0.627000
0.228000
0.684000
0.456000
nan
0.114000
0.342000
0.228000
0.399000
nan
nan
0.285000
nan
0.114000
0.399000
nan
nan
0.627000
0.114000
0.228000
0.171000
0.741000
0.228000
nan
nan
nan
0.570000
nan
nan
