Coverage: 11126.938776
nan
0.066000
0.066000
nan
nan
nan
0.066000
nan
0.107000
0.176000
nan
0.069000
nan
0.069000
nan
0.088000
0.252000
0.107000
0.390000
0.170000
nan
0.352000
nan
0.321000
nan
nan
0.308000
0.264000
0.214000
0.509000
0.358000
nan
nan
0.428000
0.208000
0.478000
nan
nan
nan
nan
nan
nan
nan
0.239000
0.233000
nan
nan
nan
0.453000
nan
nan
nan
0.214000
0.358000
nan
nan
0.358000
0.371000
0.409000
0.516000
0.660000
nan
nan
0.547000
0.579000
0.365000
nan
0.308000
nan
0.799000
0.736000
nan
0.629000
0.723000
nan
nan
1.000000
nan
nan
0.799000
nan
nan
0.522000
0.679000
nan
1.000000
nan
0.572000
nan
nan
nan
nan
nan
1.000000
nan
1.000000
nan
nan
nan
nan
nan
nan
0.943000
nan
0.887000
nan
nan
nan
0.597000
0.714000
0.578000
nan
0.879000
0.471000
0.743000
0.874000
0.947000
nan
0.549000
0.650000
nan
nan
0.364000
0.816000
nan
nan
0.485000
0.403000
0.752000
nan
0.597000
0.816000
nan
0.655000
0.874000
nan
1.000000
nan
0.835000
0.646000
0.578000
0.879000
nan
0.714000
0.583000
1.000000
nan
0.626000
0.864000
0.442000
1.000000
nan
nan
0.631000
0.422000
nan
nan
0.549000
nan
nan
0.583000
nan
nan
0.743000
0.888000
0.655000
nan
nan
nan
0.432000
0.432000
0.369000
nan
0.393000
nan
0.165000
0.189000
0.165000
0.165000
0.306000
1.000000
nan
nan
nan
nan
nan
0.733000
0.684000
0.570000
nan
0.690000
0.551000
0.781000
nan
nan
0.599000
nan
0.661000
nan
0.790000
nan
0.603000
0.632000
0.594000
0.809000
nan
nan
nan
0.341000
0.341000
0.341000
0.661000
nan
0.881000
0.623000
nan
0.623000
0.623000
nan
nan
nan
0.790000
0.651000
0.613000
0.800000
0.551000
0.359000
0.680000
0.603000
nan
0.455000
nan
nan
nan
0.747000
nan
0.570000
0.369000
0.642000
0.723000
nan
nan
nan
0.594000
nan
0.489000
nan
0.829000
0.608000
nan
nan
0.670000
nan
nan
nan
0.369000
1.000000
0.752000
nan
nan
nan
nan
nan
0.651000
0.958000
0.556000
nan
0.704000
nan
1.000000
nan
nan
nan
0.843000
0.905000
nan
1.000000
0.852000
nan
0.758000
nan
nan
nan
0.765000
nan
0.651000
nan
nan
0.916000
0.894000
nan
nan
nan
nan
0.740000
nan
nan
nan
nan
nan
nan
0.250000
nan
0.294000
nan
nan
nan
nan
0.434000
nan
0.530000
nan
nan
nan
nan
nan
nan
0.857000
nan
nan
0.666000
0.820000
nan
0.865000
nan
nan
0.927000
nan
nan
nan
0.887000
1.000000
0.817000
nan
nan
0.250000
0.250000
nan
nan
0.522000
0.338000
nan
0.659000
nan
0.831000
1.000000
nan
nan
nan
0.445000
nan
0.408000
0.603000
nan
nan
0.751000
0.375000
0.331000
0.375000
nan
nan
0.644000
0.603000
nan
nan
nan
nan
nan
0.412000
0.458000
nan
nan
0.540000
0.332000
0.529000
nan
nan
1.000000
nan
nan
nan
nan
nan
nan
nan
nan
0.642000
0.547000
0.660000
0.660000
nan
nan
nan
0.399000
nan
0.300000
0.265000
nan
nan
nan
0.370000
0.448000
nan
0.314000
0.321000
0.391000
0.324000
0.391000
nan
0.405000
0.496000
0.776000
nan
nan
nan
nan
nan
nan
nan
nan
nan
nan
nan
nan
0.682000
nan
nan
nan
nan
nan
nan
nan
nan
nan
0.499000
nan
1.000000
1.000000
0.506000
nan
0.452000
nan
0.388000
0.229000
nan
nan
nan
nan
0.321000
nan
nan
0.469000
nan
0.510000
0.840000
0.894000
nan
0.422000
nan
nan
nan
0.307000
0.783000
nan
nan
0.618000
0.297000
nan
nan
0.169000
nan
nan
0.113000
0.142000
nan
0.395000
nan
nan
0.155000
nan
nan
nan
0.280000
nan
nan
nan
0.584000
0.135000
0.113000
0.113000
