Coverage: 2555.368421
0.149000
nan
nan
nan
nan
nan
0.492000
nan
nan
nan
0.753000
nan
nan
nan
0.521000
0.695000
0.318000
0.463000
nan
0.289000
0.149000
nan
nan
nan
nan
nan
0.608000
0.149000
0.376000
0.347000
0.666000
0.695000
nan
nan
nan
nan
nan
nan
nan
nan
0.318000
0.260000
nan
0.376000
nan
nan
nan
nan
0.492000
nan
nan
nan
0.695000
nan
nan
nan
0.434000
nan
nan
nan
0.753000
nan
nan
0.666000
nan
0.868000
nan
nan
0.955000
nan
0.724000
nan
0.695000
nan
0.724000
0.376000
0.955000
nan
0.868000
0.521000
1.000000
nan
0.260000
0.608000
0.550000
nan
nan
nan
0.492000
0.434000
0.637000
0.839000
0.955000
nan
nan
0.695000
1.000000
nan
0.579000
0.753000
0.984000
1.000000
0.926000
nan
nan
0.579000
nan
nan
nan
nan
nan
0.984000
1.000000
nan
nan
0.737000
0.827000
0.670000
0.939000
nan
0.581000
nan
0.223000
0.268000
0.402000
0.268000
0.201000
0.179000
0.648000
0.223000
nan
0.112000
0.089000
0.894000
0.223000
nan
0.469000
0.268000
nan
nan
0.760000
0.313000
0.335000
0.603000
nan
nan
0.179000
0.223000
0.291000
0.156000
nan
nan
0.179000
nan
0.112000
nan
0.447000
0.134000
0.067000
0.032000
0.045000
0.067000
1.000000
0.067000
nan
0.032000
0.112000
nan
0.179000
nan
0.156000
nan
nan
0.045000
0.134000
nan
nan
nan
0.670000
0.536000
0.849000
1.000000
nan
nan
0.514000
nan
nan
nan
0.032000
nan
nan
nan
nan
0.135000
0.457000
0.474000
0.305000
nan
nan
0.135000
nan
0.321000
0.169000
nan
0.305000
nan
0.677000
0.152000
0.186000
nan
nan
0.203000
nan
0.372000
nan
0.237000
nan
nan
0.220000
nan
0.541000
0.169000
nan
0.728000
0.389000
0.372000
nan
nan
0.406000
nan
0.575000
1.000000
nan
0.440000
0.914000
0.981000
nan
nan
nan
nan
nan
nan
nan
nan
nan
0.220000
nan
1.000000
nan
nan
nan
nan
nan
nan
nan
nan
nan
nan
nan
nan
nan
0.051000
0.034000
0.068000
0.034000
nan
nan
nan
nan
0.406000
0.406000
0.846000
0.795000
0.321000
0.017000
nan
0.017000
nan
nan
nan
nan
nan
0.017000
0.017000
nan
nan
0.474000
nan
nan
nan
nan
nan
nan
0.186000
0.203000
nan
nan
0.305000
nan
0.728000
0.085000
0.085000
nan
nan
1.000000
nan
0.491000
0.676000
0.444000
0.657000
0.947000
0.734000
0.213000
nan
0.309000
0.386000
nan
nan
0.792000
nan
0.116000
nan
0.116000
nan
0.502000
0.097000
0.251000
0.464000
0.067000
0.831000
nan
nan
nan
0.116000
0.290000
nan
nan
nan
0.174000
0.213000
nan
nan
0.773000
nan
nan
0.077000
nan
nan
0.067000
nan
1.000000
nan
nan
nan
nan
nan
nan
0.271000
nan
0.174000
nan
nan
0.135000
nan
nan
nan
nan
nan
nan
nan
0.086000
nan
nan
0.912000
0.582000
0.543000
nan
nan
0.835000
0.621000
nan
0.835000
nan
nan
0.699000
nan
nan
0.388000
nan
0.738000
nan
nan
nan
nan
nan
nan
nan
nan
0.543000
nan
0.640000
nan
nan
nan
0.873000
1.000000
nan
0.932000
0.757000
nan
0.543000
0.543000
1.000000
0.621000
nan
0.446000
nan
nan
nan
nan
nan
nan
0.776000
1.000000
nan
0.585000
0.936000
0.877000
nan
0.390000
0.468000
nan
nan
nan
nan
nan
nan
0.331000
0.760000
0.643000
0.780000
0.526000
0.487000
0.448000
nan
0.448000
nan
0.448000
nan
0.819000
0.429000
nan
nan
0.468000
nan
nan
0.877000
nan
nan
0.624000
nan
nan
0.682000
nan
nan
nan
0.487000
0.370000
0.106000
nan
0.409000
nan
0.487000
0.117000
0.106000
