Coverage: 2475.000000
0.015000
nan
0.015000
nan
0.015000
nan
0.062000
nan
0.077000
0.031000
nan
0.015000
nan
0.046000
nan
0.292000
nan
0.169000
0.154000
0.246000
0.123000
nan
nan
0.077000
nan
0.262000
nan
nan
nan
nan
0.338000
0.308000
nan
0.123000
0.062000
nan
0.092000
nan
0.123000
0.231000
0.154000
nan
0.277000
0.215000
nan
nan
nan
0.369000
0.108000
0.831000
nan
nan
0.138000
nan
nan
nan
0.231000
nan
nan
0.662000
nan
nan
nan
0.062000
nan
0.400000
nan
nan
0.246000
0.600000
nan
nan
nan
nan
0.585000
nan
nan
1.000000
nan
nan
nan
nan
0.246000
nan
0.462000
nan
nan
nan
nan
0.477000
nan
nan
0.385000
0.431000
nan
0.523000
1.000000
nan
nan
nan
nan
nan
nan
nan
nan
1.000000
nan
nan
nan
nan
nan
1.000000
nan
nan
nan
nan
0.454000
nan
0.435000
0.397000
nan
nan
nan
nan
0.378000
0.269000
0.449000
0.763000
nan
nan
0.853000
0.741000
nan
0.539000
0.471000
0.898000
0.853000
0.988000
nan
nan
nan
0.426000
nan
nan
nan
nan
0.561000
nan
nan
0.539000
0.359000
0.741000
0.920000
nan
0.763000
1.000000
0.853000
nan
0.382000
0.185000
nan
0.561000
nan
0.471000
0.426000
0.763000
0.763000
0.516000
0.808000
nan
0.718000
nan
0.314000
0.426000
0.516000
nan
0.247000
0.314000
nan
0.404000
nan
nan
0.763000
0.292000
nan
0.471000
0.651000
nan
nan
0.808000
0.404000
1.000000
nan
nan
nan
0.185000
nan
nan
nan
nan
nan
0.185000
nan
nan
nan
nan
0.247000
nan
