Coverage: 3650.970874
nan
nan
0.212000
0.227000
nan
nan
0.369000
nan
nan
0.597000
0.284000
0.455000
0.212000
nan
nan
nan
0.256000
nan
0.212000
nan
0.881000
nan
0.653000
nan
nan
nan
nan
0.369000
nan
nan
0.398000
0.284000
nan
0.540000
0.852000
nan
0.483000
nan
0.511000
nan
0.284000
0.369000
nan
0.369000
0.426000
nan
0.455000
0.938000
0.256000
0.795000
nan
nan
0.284000
nan
nan
nan
nan
nan
nan
0.483000
0.852000
nan
1.000000
0.511000
nan
0.256000
0.881000
0.739000
nan
nan
0.568000
nan
0.227000
nan
nan
nan
0.426000
0.710000
0.653000
0.369000
0.653000
0.313000
nan
nan
1.000000
0.881000
0.824000
1.000000
0.767000
nan
0.483000
0.313000
nan
0.313000
0.912000
0.668000
0.554000
0.228000
nan
0.472000
0.163000
0.212000
0.684000
0.635000
0.407000
0.326000
nan
nan
nan
nan
0.309000
0.928000
nan
0.554000
0.749000
0.489000
nan
nan
0.603000
0.423000
0.651000
0.472000
nan
nan
nan
nan
nan
nan
nan
nan
0.554000
1.000000
nan
nan
nan
nan
1.000000
nan
nan
nan
nan
nan
nan
nan
nan
nan
nan
0.570000
0.847000
0.619000
nan
0.635000
nan
nan
0.684000
nan
0.423000
nan
0.733000
nan
1.000000
nan
0.358000
0.326000
0.554000
nan
nan
0.326000
0.521000
nan
nan
nan
0.505000
nan
nan
0.603000
nan
nan
nan
0.863000
0.749000
0.863000
nan
0.081000
0.077000
0.081000
0.077000
0.293000
0.651000
nan
0.244000
0.407000
nan
nan
0.195000
0.261000
0.261000
nan
nan
nan
nan
0.212000
nan
0.081000
nan
0.072000
