Coverage: 10330.617978
nan
0.020000
nan
nan
0.042000
0.025000
0.058000
0.067000
0.020000
0.020000
0.117000
0.350000
0.067000
0.033000
0.058000
0.483000
0.466000
0.133000
0.150000
0.291000
nan
0.183000
0.191000
nan
0.117000
0.275000
0.266000
nan
0.200000
0.699000
nan
0.216000
0.316000
0.483000
0.375000
nan
0.158000
nan
nan
nan
0.400000
nan
0.816000
nan
0.707000
nan
nan
0.441000
0.566000
0.291000
nan
nan
0.366000
nan
nan
nan
nan
nan
nan
0.608000
0.583000
nan
0.807000
nan
0.499000
nan
0.807000
0.799000
nan
nan
nan
nan
1.000000
nan
nan
0.891000
nan
0.757000
0.940000
nan
nan
0.924000
1.000000
nan
0.841000
1.000000
0.445000
nan
nan
0.293000
nan
nan
0.489000
nan
0.992000
0.619000
nan
0.377000
0.474000
nan
nan
0.542000
nan
0.397000
nan
0.334000
0.295000
0.624000
0.910000
nan
0.682000
0.503000
0.629000
0.726000
0.406000
1.000000
nan
nan
nan
nan
0.590000
nan
nan
0.392000
nan
nan
0.518000
0.842000
0.634000
0.319000
0.721000
0.469000
0.542000
0.953000
nan
1.000000
0.905000
nan
0.871000
nan
nan
0.702000
0.615000
0.823000
0.402000
0.556000
0.707000
0.677000
0.944000
nan
nan
0.576000
0.769000
0.436000
0.315000
0.556000
nan
nan
nan
nan
1.000000
nan
nan
nan
0.293000
0.293000
0.697000
nan
nan
nan
0.702000
0.736000
nan
nan
nan
nan
0.651000
nan
0.914000
nan
0.275000
0.307000
nan
0.356000
0.247000
nan
nan
nan
nan
0.882000
nan
nan
nan
nan
0.417000
0.821000
0.530000
0.850000
0.570000
nan
0.356000
nan
nan
nan
nan
0.991000
1.000000
nan
0.692000
nan
nan
0.485000
0.489000
nan
nan
0.967000
nan
nan
nan
0.477000
0.380000
nan
0.756000
0.651000
0.801000
nan
0.866000
nan
0.797000
1.000000
0.983000
0.740000
0.554000
nan
nan
0.518000
0.149000
0.218000
0.352000
0.206000
0.619000
0.667000
nan
0.368000
0.206000
0.214000
0.263000
nan
nan
nan
0.190000
nan
nan
nan
0.149000
nan
0.983000
nan
nan
0.812000
1.000000
nan
nan
0.336000
nan
0.138000
0.143000
0.147000
nan
nan
0.161000
0.263000
nan
nan
nan
nan
nan
nan
0.718000
0.242000
1.000000
nan
nan
nan
nan
nan
nan
0.729000
nan
0.799000
1.000000
nan
nan
nan
nan
nan
nan
nan
0.869000
0.634000
nan
nan
0.557000
0.634000
0.676000
nan
0.820000
0.575000
0.592000
nan
0.631000
0.494000
nan
0.652000
0.301000
nan
0.301000
nan
0.427000
0.512000
0.441000
0.494000
0.533000
nan
0.564000
nan
nan
0.624000
nan
0.540000
0.508000
nan
0.214000
nan
0.186000
0.238000
0.470000
0.392000
0.364000
0.596000
0.399000
0.378000
0.221000
nan
nan
nan
nan
nan
0.508000
nan
nan
nan
nan
0.126000
0.126000
0.126000
