Coverage: 1075.409836
0.000000
0.000000
0.117000
0.000000
0.117000
0.000000
0.000000
0.117000
0.000000
nan
0.234000
0.000000
0.000000
nan
0.000000
nan
0.117000
0.117000
0.351000
nan
nan
nan
0.292000
0.468000
0.351000
0.175000
0.000000
nan
0.234000
0.409000
0.292000
nan
0.234000
0.117000
0.351000
nan
nan
nan
0.117000
0.234000
nan
0.351000
nan
1.000000
0.351000
0.175000
0.234000
0.468000
0.175000
0.409000
nan
nan
0.058000
nan
nan
nan
0.409000
0.234000
0.409000
nan
nan
0.643000
0.936000
nan
0.409000
nan
0.351000
nan
1.000000
0.409000
nan
nan
1.000000
nan
nan
nan
nan
nan
nan
nan
0.760000
0.585000
0.925000
0.487000
0.925000
nan
nan
0.827000
0.730000
0.779000
nan
0.114000
1.000000
0.730000
0.888000
nan
nan
nan
0.937000
0.543000
nan
0.345000
0.987000
0.592000
nan
nan
nan
nan
0.987000
0.543000
nan
nan
nan
0.444000
0.839000
nan
0.937000
0.987000
0.247000
nan
nan
nan
nan
0.493000
nan
0.493000
0.493000
0.247000
0.740000
nan
nan
0.740000
nan
nan
1.000000
nan
0.691000
nan
nan
nan
0.543000
0.888000
0.987000
nan
1.000000
0.345000
0.740000
0.444000
nan
0.197000
0.395000
0.247000
nan
0.592000
0.592000
0.197000
nan
0.296000
nan
0.082000
0.789000
nan
0.197000
nan
nan
0.197000
0.395000
nan
nan
0.082000
nan
nan
nan
0.300000
0.100000
0.150000
0.250000
0.250000
0.550000
nan
0.200000
0.050000
0.050000
