Coverage: 16853.594771
0.056000
0.056000
0.134000
0.075000
0.056000
0.168000
nan
nan
nan
nan
nan
nan
nan
nan
nan
0.315000
1.000000
nan
0.088000
nan
0.087000
0.103000
0.056000
0.057000
0.064000
0.951000
0.345000
0.366000
nan
nan
nan
0.322000
nan
nan
nan
nan
0.165000
nan
0.139000
nan
0.745000
0.377000
0.341000
0.412000
nan
nan
nan
0.385000
0.336000
0.629000
nan
nan
0.364000
nan
nan
nan
0.451000
0.634000
1.000000
0.412000
0.381000
nan
0.833000
nan
1.000000
0.448000
0.408000
0.446000
nan
0.924000
0.616000
nan
0.528000
nan
nan
0.415000
nan
nan
nan
nan
0.209000
nan
0.216000
nan
0.186000
nan
0.426000
nan
nan
0.438000
nan
0.203000
0.181000
nan
0.245000
nan
nan
nan
0.123000
nan
0.135000
nan
0.373000
0.282000
0.679000
0.781000
nan
0.712000
0.570000
nan
0.275000
nan
nan
nan
0.244000
0.117000
0.117000
0.446000
nan
0.598000
nan
nan
nan
0.603000
0.776000
nan
0.714000
0.693000
nan
0.387000
nan
nan
nan
nan
nan
0.907000
nan
nan
nan
0.187000
1.000000
nan
0.757000
nan
nan
0.280000
0.140000
0.171000
0.657000
0.857000
0.740000
nan
nan
nan
0.648000
0.783000
nan
nan
nan
0.306000
0.422000
nan
1.000000
nan
nan
0.299000
0.294000
nan
nan
nan
nan
nan
0.721000
0.363000
0.396000
0.183000
0.244000
nan
0.190000
0.117000
nan
nan
nan
nan
nan
nan
0.821000
nan
0.926000
0.821000
nan
0.624000
nan
nan
nan
1.000000
nan
0.415000
0.615000
nan
nan
nan
0.293000
1.000000
0.147000
nan
nan
0.179000
nan
nan
0.415000
nan
nan
nan
0.666000
nan
nan
nan
nan
0.405000
0.448000
nan
nan
0.348000
nan
1.000000
0.844000
nan
0.693000
0.342000
0.293000
0.287000
nan
0.147000
0.887000
1.000000
nan
0.817000
0.929000
nan
0.932000
0.766000
nan
0.838000
nan
0.983000
0.920000
0.560000
nan
0.469000
0.147000
nan
0.251000
nan
0.272000
0.200000
nan
nan
nan
nan
nan
0.197000
0.442000
0.517000
0.563000
nan
0.775000
nan
nan
0.923000
nan
nan
0.629000
0.708000
0.523000
nan
0.148000
0.179000
nan
0.971000
nan
nan
0.457000
0.381000
0.502000
0.887000
0.741000
nan
nan
0.702000
0.454000
0.598000
0.670000
0.969000
nan
nan
1.000000
0.623000
0.228000
0.531000
0.296000
0.274000
0.531000
nan
nan
0.459000
0.321000
0.897000
1.000000
nan
nan
nan
0.222000
nan
0.222000
nan
0.342000
0.873000
nan
nan
0.222000
nan
nan
nan
0.239000
0.224000
nan
nan
nan
0.274000
nan
nan
nan
nan
0.242000
nan
0.260000
nan
nan
nan
0.267000
0.477000
nan
1.000000
0.399000
0.552000
0.591000
0.548000
0.605000
nan
nan
0.769000
nan
0.637000
nan
0.470000
nan
nan
0.659000
0.584000
0.652000
0.438000
0.750000
0.574000
nan
nan
0.317000
0.314000
0.398000
nan
0.589000
nan
0.682000
nan
nan
0.653000
0.546000
nan
0.678000
0.610000
0.622000
0.644000
nan
0.821000
0.926000
nan
nan
nan
0.962000
nan
0.767000
nan
nan
nan
0.467000
0.564000
nan
0.575000
nan
1.000000
nan
nan
nan
nan
nan
nan
nan
1.000000
nan
nan
nan
0.380000
0.383000
0.770000
0.944000
0.586000
0.770000
1.000000
nan
0.481000
0.474000
0.633000
0.445000
0.752000
nan
0.662000
0.904000
nan
nan
nan
nan
nan
0.543000
0.778000
0.637000
nan
nan
0.405000
nan
0.796000
nan
0.441000
0.362000
0.332000
0.619000
nan
0.391000
nan
nan
nan
nan
nan
nan
nan
0.456000
0.441000
0.716000
nan
nan
