Coverage: 3870.918367
nan
nan
nan
nan
nan
0.235000
0.424000
nan
0.204000
0.487000
0.267000
0.549000
0.180000
nan
0.408000
0.377000
0.597000
0.518000
nan
nan
0.298000
0.565000
0.879000
1.000000
0.408000
0.180000
0.283000
0.471000
0.251000
0.518000
0.377000
0.392000
0.180000
nan
nan
0.188000
0.361000
nan
0.298000
0.534000
nan
0.801000
0.565000
0.565000
0.848000
0.706000
0.675000
nan
0.377000
0.455000
nan
nan
0.424000
nan
nan
nan
nan
nan
0.612000
0.848000
0.581000
nan
nan
0.612000
nan
nan
1.000000
nan
nan
nan
nan
1.000000
nan
nan
0.848000
0.628000
nan
nan
nan
nan
0.392000
0.691000
0.518000
nan
0.235000
0.424000
0.505000
0.400000
nan
nan
0.589000
0.421000
nan
nan
nan
nan
nan
1.000000
0.988000
nan
nan
0.820000
nan
nan
nan
0.967000
nan
0.484000
0.946000
nan
0.715000
0.568000
0.778000
0.841000
nan
nan
0.673000
nan
0.610000
0.748000
nan
0.577000
0.877000
0.984000
nan
0.984000
nan
nan
nan
nan
nan
0.449000
0.706000
nan
nan
nan
nan
nan
nan
0.385000
0.620000
0.513000
nan
0.513000
0.449000
nan
0.449000
0.321000
0.406000
nan
0.229000
0.261000
nan
1.000000
nan
0.620000
0.513000
0.855000
0.791000
0.834000
0.599000
0.278000
0.342000
0.535000
0.706000
0.577000
1.000000
0.748000
0.185000
nan
0.385000
0.513000
0.543000
0.761000
nan
nan
0.717000
0.174000
0.370000
0.109000
0.370000
0.391000
nan
nan
0.326000
nan
0.413000
0.326000
nan
nan
0.109000
0.283000
0.196000
nan
0.261000
0.109000
