Coverage: 25560.843373
0.046000
0.046000
nan
0.126000
0.073000
nan
0.131000
0.325000
nan
nan
nan
0.126000
0.415000
0.378000
nan
nan
nan
nan
0.057000
0.046000
nan
0.172000
nan
0.628000
nan
0.206000
nan
nan
0.188000
nan
0.353000
0.465000
0.410000
nan
nan
0.621000
nan
nan
nan
0.477000
0.440000
0.582000
0.667000
0.518000
0.850000
0.811000
nan
0.559000
0.429000
nan
nan
nan
0.811000
nan
nan
nan
nan
0.644000
0.770000
0.715000
nan
1.000000
0.655000
nan
nan
1.000000
0.472000
0.529000
0.575000
0.566000
0.341000
nan
0.692000
nan
1.000000
0.630000
nan
0.965000
nan
0.577000
nan
nan
nan
nan
0.747000
nan
nan
0.417000
nan
nan
nan
0.653000
0.857000
0.697000
nan
nan
0.599000
0.693000
0.775000
nan
0.161000
nan
nan
0.238000
0.247000
nan
nan
0.621000
nan
0.530000
nan
nan
nan
0.154000
nan
nan
0.115000
nan
0.760000
0.577000
nan
0.411000
0.539000
0.700000
0.337000
0.501000
nan
nan
nan
0.115000
nan
nan
nan
0.115000
0.129000
0.131000
0.150000
nan
0.143000
nan
0.525000
0.326000
0.728000
0.991000
nan
0.370000
0.216000
nan
nan
nan
0.233000
0.268000
0.240000
0.433000
nan
nan
nan
1.000000
nan
nan
0.285000
0.270000
nan
0.136000
nan
0.246000
0.465000
nan
nan
nan
nan
0.399000
0.271000
0.457000
1.000000
nan
0.422000
nan
0.322000
0.443000
nan
nan
0.192000
0.200000
0.195000
nan
nan
nan
nan
1.000000
0.447000
0.669000
0.445000
nan
0.814000
0.225000
0.217000
0.217000
0.385000
nan
nan
nan
0.379000
nan
0.393000
nan
0.218000
nan
0.284000
nan
0.341000
nan
0.875000
1.000000
0.615000
0.296000
0.745000
0.634000
0.757000
0.960000
nan
nan
0.315000
nan
nan
nan
0.513000
nan
nan
nan
0.329000
0.270000
0.470000
nan
nan
nan
nan
nan
nan
1.000000
nan
nan
nan
nan
0.624000
0.419000
nan
0.858000
nan
0.821000
nan
nan
nan
nan
0.691000
nan
nan
0.551000
nan
nan
nan
0.582000
nan
nan
nan
0.691000
nan
nan
nan
nan
nan
0.230000
nan
0.350000
nan
0.338000
0.423000
nan
0.217000
nan
nan
0.496000
0.307000
0.425000
nan
0.742000
nan
nan
nan
nan
0.334000
0.589000
nan
0.833000
0.910000
1.000000
nan
nan
nan
nan
0.702000
nan
nan
0.684000
1.000000
0.940000
0.831000
0.374000
nan
0.194000
nan
nan
nan
nan
0.212000
nan
0.187000
0.272000
nan
nan
nan
0.735000
0.878000
nan
nan
0.372000
nan
nan
0.871000
1.000000
1.000000
nan
0.323000
nan
0.127000
0.077000
nan
nan
0.187000
0.492000
0.252000
0.840000
nan
nan
nan
nan
nan
0.107000
0.085000
nan
0.093000
0.751000
0.838000
0.612000
nan
0.519000
nan
nan
0.742000
0.417000
0.688000
0.764000
0.267000
0.330000
nan
nan
0.077000
0.077000
nan
nan
0.172000
0.272000
0.623000
nan
0.521000
nan
nan
nan
nan
nan
nan
0.742000
0.216000
0.310000
0.336000
0.710000
0.532000
nan
nan
nan
0.656000
nan
nan
nan
nan
0.658000
0.569000
nan
0.439000
0.485000
0.638000
0.661000
0.706000
0.994000
nan
nan
nan
nan
0.540000
nan
nan
0.376000
0.213000
nan
0.176000
1.000000
nan
nan
nan
nan
nan
nan
nan
0.253000
0.176000
0.238000
nan
nan
0.227000
nan
nan
nan
nan
nan
nan
0.747000
nan
0.663000
0.816000
nan
nan
0.833000
nan
nan
1.000000
nan
0.764000
nan
nan
nan
nan
nan
nan
nan
1.000000
nan
nan
nan
0.652000
0.336000
nan
nan
nan
0.428000
0.882000
0.922000
0.396000
0.531000
0.457000
nan
0.345000
nan
nan
nan
nan
nan
nan
nan
0.356000
0.359000
0.520000
0.399000
nan
nan
0.563000
0.729000
0.333000
nan
0.213000
0.176000
0.471000
nan
0.468000
0.482000
0.916000
0.250000
nan
nan
