Coverage: 9157.438017
nan
nan
nan
0.062000
0.062000
0.073000
nan
nan
nan
nan
0.079000
0.062000
nan
0.106000
nan
0.112000
0.185000
nan
0.139000
0.066000
0.191000
0.152000
nan
0.224000
nan
0.257000
nan
nan
0.409000
0.205000
0.403000
0.396000
nan
0.244000
0.317000
0.389000
nan
nan
0.422000
0.561000
nan
nan
0.422000
0.238000
0.403000
0.356000
0.779000
0.831000
0.416000
0.792000
nan
nan
0.449000
nan
nan
nan
nan
nan
0.581000
0.706000
0.963000
nan
0.838000
nan
nan
1.000000
nan
nan
0.257000
0.792000
0.633000
nan
nan
nan
0.812000
0.812000
nan
nan
0.561000
nan
nan
nan
nan
0.640000
nan
nan
nan
nan
nan
0.858000
nan
nan
nan
1.000000
nan
0.831000
nan
nan
nan
0.218000
0.996000
1.000000
0.561000
1.000000
nan
nan
nan
0.421000
0.297000
nan
1.000000
nan
0.572000
nan
nan
0.858000
0.356000
0.852000
0.745000
nan
0.691000
nan
nan
nan
0.933000
0.513000
0.448000
0.464000
0.739000
0.583000
nan
0.593000
0.507000
0.950000
1.000000
0.502000
0.496000
0.701000
nan
0.426000
0.588000
nan
nan
0.432000
0.415000
nan
nan
nan
0.674000
nan
0.480000
nan
0.809000
0.669000
0.324000
0.324000
nan
nan
nan
nan
0.415000
0.507000
0.610000
nan
0.523000
nan
nan
0.291000
0.464000
0.545000
nan
nan
nan
0.448000
0.367000
0.513000
0.291000
0.291000
0.383000
0.340000
nan
nan
nan
0.437000
0.415000
0.500000
0.405000
0.471000
0.452000
nan
nan
0.405000
0.271000
0.368000
0.500000
nan
0.518000
0.697000
0.650000
nan
0.302000
nan
nan
nan
nan
0.716000
nan
nan
0.292000
0.509000
0.443000
0.528000
0.471000
nan
nan
0.377000
0.271000
0.603000
0.490000
nan
0.669000
nan
0.726000
nan
0.547000
0.566000
nan
0.537000
0.566000
0.584000
0.763000
nan
nan
0.867000
0.650000
nan
nan
0.782000
nan
0.877000
0.594000
0.782000
0.688000
0.990000
nan
0.877000
nan
nan
0.839000
0.980000
1.000000
1.000000
0.867000
nan
1.000000
0.584000
0.462000
nan
0.302000
0.271000
nan
0.368000
nan
nan
0.415000
nan
0.586000
nan
0.468000
nan
0.286000
0.385000
nan
0.324000
nan
nan
0.297000
nan
nan
0.438000
0.518000
0.526000
0.430000
nan
nan
0.194000
nan
nan
0.312000
0.188000
nan
0.647000
0.838000
nan
0.366000
nan
0.453000
0.796000
nan
0.194000
1.000000
nan
nan
nan
nan
nan
nan
nan
nan
0.640000
nan
nan
0.647000
nan
0.621000
nan
nan
0.495000
0.655000
0.228000
0.617000
0.678000
0.564000
0.602000
0.316000
nan
nan
nan
nan
nan
0.225000
nan
nan
0.933000
1.000000
nan
0.392000
0.407000
nan
0.188000
0.286000
0.188000
0.537000
1.000000
nan
0.335000
0.430000
0.548000
nan
nan
0.720000
0.552000
0.282000
0.556000
0.327000
0.238000
0.247000
nan
0.476000
0.372000
0.745000
nan
nan
nan
nan
nan
0.701000
0.797000
1.000000
nan
0.571000
0.281000
0.532000
0.571000
0.450000
0.883000
nan
nan
0.671000
0.736000
0.818000
0.861000
nan
0.896000
nan
nan
0.680000
nan
nan
0.619000
nan
0.485000
0.476000
nan
0.727000
0.727000
0.788000
nan
0.753000
nan
0.749000
nan
0.545000
nan
nan
nan
nan
0.221000
nan
nan
nan
1.000000
1.000000
0.623000
nan
0.154000
0.194000
0.201000
nan
0.771000
nan
0.597000
nan
nan
nan
0.835000
0.693000
0.823000
nan
nan
1.000000
nan
0.900000
nan
nan
0.610000
0.745000
0.511000
0.498000
0.602000
0.619000
0.931000
nan
nan
nan
nan
nan
0.654000
nan
0.273000
0.169000
nan
nan
0.706000
0.368000
nan
0.723000
0.554000
nan
0.797000
0.407000
nan
nan
nan
nan
0.398000
nan
nan
0.281000
0.117000
0.545000
0.385000
0.472000
0.680000
0.610000
nan
1.000000
0.545000
0.242000
0.134000
0.102000
0.104000
0.102000
nan
