Coverage: 7852.083886
0.000000
nan
0.000000
nan
0.000000
nan
nan
0.000000
0.500000
1.000000
nan
0.000000
0.000000
1.000000
nan
0.000000
0.000000
0.000000
nan
nan
nan
0.000000
nan
nan
0.500000
1.000000
nan
nan
nan
nan
0.000000
nan
0.500000
nan
1.000000
0.000000
nan
0.000000
nan
nan
nan
nan
0.000000
0.000000
1.000000
0.000000
nan
0.000000
0.000000
0.500000
0.000000
nan
1.000000
0.000000
nan
1.000000
0.000000
nan
0.000000
nan
nan
nan
nan
0.000000
1.000000
nan
0.000000
nan
0.000000
nan
0.500000
nan
0.000000
0.000000
0.000000
0.000000
0.500000
nan
nan
nan
1.000000
nan
nan
nan
0.500000
nan
1.000000
0.500000
0.500000
nan
nan
1.000000
1.000000
1.000000
nan
nan
0.000000
nan
0.000000
0.000000
0.667000
nan
nan
0.000000
0.333000
nan
0.333000
nan
nan
nan
nan
nan
1.000000
nan
0.333000
nan
0.333000
nan
nan
nan
0.667000
0.000000
0.333000
0.667000
nan
0.333000
nan
0.000000
nan
nan
nan
nan
nan
nan
nan
nan
0.000000
nan
nan
nan
nan
nan
nan
0.000000
nan
nan
nan
1.000000
1.000000
nan
nan
1.000000
nan
0.667000
nan
0.000000
nan
0.000000
nan
0.000000
0.667000
0.667000
1.000000
0.333000
0.667000
0.000000
0.667000
0.667000
0.333000
1.000000
nan
nan
0.000000
nan
nan
0.667000
nan
nan
nan
0.667000
0.667000
nan
nan
nan
nan
nan
0.000000
0.000000
0.000000
0.333000
nan
0.000000
0.000000
0.000000
0.000000
nan
0.000000
0.000000
0.000000
nan
0.220000
nan
nan
nan
nan
0.000000
nan
0.000000
nan
nan
0.000000
0.440000
nan
0.000000
nan
nan
0.000000
nan
nan
nan
0.000000
nan
nan
0.000000
0.000000
nan
nan
nan
0.440000
0.000000
nan
nan
0.000000
0.440000
0.440000
nan
nan
nan
nan
nan
nan
1.000000
nan
nan
0.220000
0.000000
nan
0.220000
0.000000
0.879000
nan
0.000000
nan
0.000000
0.440000
1.000000
0.000000
0.440000
nan
0.440000
0.440000
nan
0.440000
0.440000
0.000000
0.000000
0.000000
0.659000
1.000000
nan
0.440000
0.659000
nan
nan
nan
0.220000
0.000000
0.220000
0.220000
0.000000
0.220000
0.000000
0.440000
0.220000
nan
0.000000
nan
nan
0.000000
nan
0.000000
0.667000
nan
0.667000
0.000000
0.000000
0.000000
nan
0.000000
0.000000
nan
nan
0.000000
nan
0.667000
nan
nan
0.000000
nan
0.000000
0.333000
nan
0.667000
1.000000
nan
0.000000
0.667000
0.000000
nan
0.667000
nan
nan
1.000000
nan
nan
nan
nan
nan
1.000000
nan
nan
0.000000
nan
0.000000
nan
nan
0.333000
nan
0.667000
nan
0.000000
nan
nan
nan
nan
0.000000
nan
nan
nan
nan
0.000000
nan
0.000000
0.333000
nan
0.000000
nan
0.333000
nan
0.333000
nan
0.000000
0.000000
0.000000
nan
0.000000
0.000000
0.000000
0.667000
0.000000
1.000000
nan
nan
nan
nan
nan
nan
nan
nan
0.667000
1.000000
nan
nan
nan
nan
nan
nan
nan
0.000000
0.667000
0.333000
nan
0.667000
0.000000
0.000000
0.500000
0.000000
0.000000
nan
0.500000
0.500000
0.500000
0.750000
0.500000
nan
0.250000
nan
0.000000
0.250000
0.000000
nan
nan
0.000000
nan
nan
0.000000
nan
nan
nan
nan
nan
0.000000
0.000000
nan
nan
nan
nan
nan
0.000000
nan
nan
0.000000
nan
0.000000
nan
nan
nan
0.500000
0.000000
nan
0.000000
0.000000
1.000000
0.500000
nan
1.000000
nan
nan
nan
0.000000
nan
nan
0.000000
nan
nan
0.000000
nan
nan
nan
0.250000
nan
0.500000
0.750000
nan
0.500000
nan
1.000000
nan
nan
nan
0.000000
nan
0.000000
nan
0.250000
0.500000
nan
nan
nan
nan
nan
nan
0.000000
0.250000
nan
nan
nan
0.250000
0.000000
0.000000
nan
nan
nan
nan
0.250000
nan
nan
nan
nan
nan
nan
0.000000
nan
nan
0.000000
nan
nan
nan
nan
nan
0.000000
nan
nan
1.000000
nan
0.000000
0.500000
nan
nan
nan
nan
0.000000
0.250000
nan
nan
0.000000
0.250000
nan
nan
nan
nan
0.000000
nan
nan
nan
0.000000
nan
0.500000
0.000000
0.500000
nan
0.250000
0.000000
0.000000
nan
0.000000
0.000000
0.250000
nan
0.250000
nan
1.000000
0.500000
nan
nan
0.250000
nan
nan
1.000000
0.500000
0.000000
0.500000
nan
nan
nan
nan
nan
nan
nan
nan
0.500000
0.000000
0.250000
nan
nan
0.000000
nan
nan
nan
nan
0.000000
nan
nan
0.000000
nan
1.000000
nan
0.000000
0.000000
nan
0.000000
nan
nan
0.000000
0.500000
1.000000
nan
0.000000
nan
nan
nan
nan
0.000000
nan
0.500000
0.000000
nan
0.500000
nan
nan
nan
0.000000
nan
0.000000
0.000000
0.000000
nan
nan
0.000000
nan
0.250000
0.000000
0.000000
nan
nan
nan
1.000000
0.000000
0.124000
nan
0.000000
0.000000
0.062000
0.000000
0.000000
nan
0.000000
0.062000
0.062000
nan
nan
nan
0.062000
0.093000
0.311000
0.062000
0.342000
0.062000
nan
0.000000
0.186000
0.311000
0.093000
0.062000
0.000000
0.311000
0.217000
nan
0.155000
0.186000
nan
nan
nan
0.031000
nan
nan
0.466000
nan
nan
nan
nan
nan
0.342000
0.248000
0.683000
nan
0.559000
0.311000
nan
nan
nan
nan
0.870000
0.901000
0.590000
nan
1.000000
0.342000
0.217000
0.776000
0.280000
0.714000
0.559000
nan
0.932000
0.870000
nan
0.776000
nan
nan
nan
1.000000
1.000000
nan
nan
nan
0.776000
nan
nan
0.528000
0.295000
nan
nan
0.377000
0.148000
0.311000
0.262000
nan
0.656000
0.120000
0.120000
0.262000
0.197000
0.344000
0.311000
nan
0.213000
nan
0.262000
nan
nan
0.590000
nan
0.623000
nan
0.328000
0.541000
nan
0.639000
0.705000
nan
nan
nan
nan
nan
0.492000
0.574000
nan
0.344000
0.426000
0.120000
nan
0.689000
nan
nan
0.590000
nan
0.885000
nan
nan
1.000000
nan
nan
nan
nan
0.803000
nan
nan
nan
0.508000
0.607000
0.984000
0.869000
nan
0.852000
0.803000
nan
0.246000
nan
0.541000
nan
nan
nan
0.492000
nan
0.869000
nan
nan
nan
nan
nan
1.000000
1.000000
nan
0.410000
nan
0.754000
0.639000
0.623000
nan
0.885000
0.492000
1.000000
0.934000
nan
0.588000
0.671000
nan
0.432000
0.597000
0.294000
0.349000
0.413000
nan
0.570000
nan
0.671000
nan
0.634000
0.763000
0.450000
0.551000
nan
0.524000
0.965000
nan
0.882000
nan
nan
nan
0.680000
0.698000
nan
0.808000
0.689000
nan
0.735000
0.910000
nan
0.763000
nan
nan
nan
nan
0.257000
nan
0.312000
0.237000
nan
nan
0.312000
nan
1.000000
1.000000
0.312000
0.358000
0.358000
0.404000
0.597000
0.763000
nan
0.818000
nan
nan
nan
0.671000
0.237000
0.294000
0.560000
0.689000
1.000000
0.882000
nan
0.459000
nan
0.579000
0.533000
0.680000
0.237000
0.386000
0.882000
nan
nan
0.493000
nan
1.000000
nan
0.283000
nan
nan
nan
nan
0.383000
0.228000
nan
0.895000
nan
0.803000
nan
0.675000
nan
0.675000
0.210000
nan
nan
nan
0.730000
0.210000
nan
1.000000
nan
0.694000
0.666000
nan
nan
0.803000
nan
nan
0.593000
0.858000
nan
nan
nan
0.319000
0.995000
nan
nan
0.612000
0.648000
nan
0.466000
nan
nan
nan
nan
1.000000
0.557000
nan
0.602000
0.703000
nan
0.639000
nan
0.438000
0.411000
0.484000
nan
nan
0.520000
nan
nan
nan
nan
0.758000
nan
nan
nan
nan
0.429000
0.694000
nan
nan
0.557000
nan
0.749000
0.246000
0.210000
0.210000
0.338000
0.265000
0.539000
0.612000
0.593000
0.575000
nan
nan
nan
0.246000
nan
0.256000
0.639000
nan
0.456000
0.500000
0.500000
nan
nan
nan
0.269000
0.315000
0.284000
0.523000
nan
1.000000
0.600000
0.184000
0.184000
0.307000
0.292000
0.438000
0.400000
nan
nan
nan
0.354000
0.461000
0.723000
nan
0.523000
nan
nan
0.676000
nan
0.507000
0.776000
0.561000
nan
0.607000
0.807000
0.484000
0.500000
0.799000
0.799000
0.638000
0.992000
0.730000
0.930000
1.000000
nan
nan
0.184000
0.184000
nan
nan
0.945000
0.400000
nan
nan
0.246000
nan
0.184000
nan
nan
0.184000
nan
nan
nan
nan
0.853000
0.323000
nan
nan
0.238000
nan
nan
0.284000
nan
0.269000
0.254000
nan
nan
0.208000
0.661000
1.000000
0.830000
nan
0.751000
nan
0.523000
nan
0.778000
0.496000
nan
1.000000
nan
nan
0.657000
nan
nan
0.429000
0.436000
0.496000
0.570000
nan
0.784000
nan
nan
nan
nan
0.664000
nan
nan
nan
0.530000
0.381000
nan
nan
0.831000
0.691000
nan
nan
nan
nan
0.731000
0.396000
0.536000
0.697000
nan
nan
nan
0.778000
nan
0.838000
0.483000
0.872000
nan
nan
0.650000
0.952000
nan
0.744000
nan
0.630000
0.818000
nan
0.463000
0.381000
nan
nan
0.456000
0.381000
0.650000
0.691000
0.610000
nan
0.536000
nan
0.630000
0.771000
1.000000
0.456000
0.556000
1.000000
0.664000
nan
0.436000
nan
0.530000
0.845000
0.885000
0.697000
0.610000
nan
0.612000
nan
0.262000
0.679000
0.800000
nan
nan
0.726000
0.921000
nan
0.726000
0.679000
0.968000
nan
nan
0.645000
0.524000
nan
0.982000
nan
nan
0.350000
0.477000
nan
nan
0.316000
nan
nan
0.296000
nan
nan
nan
nan
0.733000
0.861000
nan
nan
0.867000
nan
0.807000
nan
1.000000
0.733000
0.585000
nan
nan
nan
nan
nan
1.000000
nan
0.235000
0.235000
0.235000
0.504000
nan
nan
1.000000
nan
nan
nan
0.834000
0.511000
0.753000
0.834000
0.780000
0.592000
nan
0.787000
nan
0.854000
nan
nan
nan
nan
nan
0.383000
nan
0.464000
0.524000
0.336000
nan
0.390000
0.424000
0.410000
nan
0.276000
0.424000
nan
nan
nan
nan
0.733000
0.255000
0.235000
0.477000
0.411000
0.492000
0.753000
nan
0.897000
0.760000
0.809000
0.666000
nan
0.847000
0.822000
nan
nan
0.479000
0.834000
0.729000
0.461000
0.610000
nan
0.554000
0.548000
nan
1.000000
nan
0.492000
0.511000
0.747000
0.791000
0.579000
nan
0.866000
0.654000
nan
0.772000
nan
nan
nan
0.296000
nan
nan
0.940000
0.959000
0.760000
0.753000
nan
0.296000
0.296000
0.567000
1.000000
nan
nan
nan
0.747000
0.629000
nan
0.729000
0.791000
nan
nan
0.928000
0.809000
0.841000
0.635000
0.498000
0.479000
0.567000
nan
nan
0.324000
0.797000
0.492000
nan
nan
0.492000
1.000000
0.728000
0.471000
0.490000
nan
0.578000
0.903000
nan
nan
0.369000
0.500000
0.563000
0.981000
0.650000
0.641000
nan
nan
1.000000
0.432000
0.636000
nan
0.320000
nan
nan
0.539000
nan
0.573000
nan
0.874000
1.000000
nan
0.495000
nan
nan
0.500000
nan
nan
nan
nan
nan
0.917000
0.859000
1.000000
0.699000
0.549000
nan
0.515000
0.379000
0.971000
nan
nan
nan
0.286000
0.510000
0.529000
nan
0.985000
nan
nan
nan
nan
nan
0.286000
nan
nan
nan
0.762000
nan
nan
0.859000
nan
nan
nan
nan
nan
nan
nan
0.505000
0.335000
nan
0.956000
nan
0.752000
0.752000
nan
nan
0.670000
0.879000
1.000000
0.549000
0.670000
0.840000
0.286000
nan
0.879000
nan
0.835000
0.775000
nan
0.542000
0.978000
0.578000
0.821000
nan
nan
nan
nan
nan
0.664000
nan
0.796000
1.000000
0.532000
nan
nan
0.375000
nan
0.715000
nan
0.573000
nan
nan
0.167000
0.157000
nan
nan
0.096000
nan
0.096000
nan
nan
nan
1.000000
nan
1.000000
nan
0.203000
0.167000
nan
0.127000
nan
0.096000
0.258000
0.335000
nan
nan
0.573000
nan
0.816000
nan
0.983000
0.294000
0.416000
0.765000
0.943000
0.558000
0.411000
0.684000
0.867000
0.588000
0.699000
nan
0.299000
0.096000
nan
0.770000
0.938000
0.451000
0.684000
nan
0.573000
0.634000
0.811000
nan
0.720000
0.618000
nan
nan
0.233000
0.730000
nan
0.437000
nan
nan
0.516000
0.917000
0.960000
nan
nan
0.747000
nan
nan
0.790000
0.990000
0.632000
0.595000
0.887000
nan
nan
0.777000
0.547000
nan
0.480000
nan
nan
nan
nan
0.911000
0.850000
0.486000
0.522000
nan
0.717000
0.413000
0.565000
0.650000
0.814000
nan
0.395000
0.425000
nan
1.000000
0.583000
0.905000
nan
0.443000
nan
nan
0.395000
0.498000
0.395000
nan
nan
0.498000
nan
0.644000
0.783000
0.838000
nan
0.765000
0.960000
0.559000
0.577000
0.613000
1.000000
nan
nan
0.729000
1.000000
0.686000
nan
0.547000
nan
0.680000
0.486000
nan
nan
nan
nan
0.717000
0.395000
0.474000
0.538000
0.769000
nan
nan
0.515000
nan
0.312000
nan
nan
0.324000
0.405000
0.255000
0.231000
1.000000
nan
nan
nan
nan
nan
nan
nan
0.301000
0.376000
nan
nan
0.677000
nan
0.607000
0.978000
0.486000
0.249000
0.100000
0.266000
nan
0.185000
nan
0.272000
0.544000
0.850000
nan
0.492000
0.544000
nan
0.602000
nan
nan
nan
nan
0.278000
0.110000
0.607000
0.388000
nan
0.220000
0.370000
nan
0.249000
nan
0.324000
1.000000
nan
1.000000
0.469000
nan
nan
nan
nan
0.100000
nan
0.706000
0.920000
nan
nan
nan
0.613000
0.353000
0.330000
nan
0.121000
0.100000
0.208000
nan
nan
0.145000
0.752000
nan
nan
0.370000
nan
0.550000
0.498000
0.442000
0.834000
0.333000
0.638000
0.463000
nan
nan
0.196000
0.283000
0.360000
nan
0.578000
0.621000
nan
0.452000
0.594000
nan
0.376000
0.856000
0.371000
0.692000
0.643000
nan
0.616000
0.910000
nan
nan
0.349000
nan
0.218000
nan
nan
nan
nan
0.943000
0.583000
0.801000
nan
nan
0.534000
0.676000
nan
nan
1.000000
0.725000
0.905000
nan
nan
0.262000
0.245000
nan
nan
nan
nan
0.283000
0.485000
nan
0.354000
nan
0.229000
0.181000
nan
1.000000
nan
nan
nan
0.338000
nan
nan
0.294000
0.409000
0.425000
0.643000
nan
nan
nan
0.181000
0.181000
1.000000
nan
nan
0.812000
0.796000
0.420000
0.354000
nan
nan
0.834000
nan
0.449000
0.481000
nan
nan
0.227000
0.345000
nan
0.948000
0.653000
nan
nan
nan
nan
0.771000
nan
1.000000
nan
nan
1.000000
1.000000
0.295000
0.599000
0.363000
0.567000
0.793000
nan
0.830000
0.485000
nan
nan
0.322000
0.168000
nan
nan
0.730000
nan
0.812000
nan
nan
0.698000
nan
0.916000
nan
0.585000
0.721000
nan
0.639000
nan
0.671000
0.322000
0.299000
nan
0.172000
nan
0.135000
0.626000
0.685000
nan
nan
nan
0.694000
0.762000
0.612000
nan
0.145000
nan
0.135000
nan
nan
nan
0.676000
0.381000
0.363000
0.707000
0.657000
0.571000
0.503000
nan
nan
0.417000
0.490000
nan
nan
nan
0.272000
nan
nan
0.517000
nan
nan
0.135000
0.110000
nan
0.105000
0.105000
nan
0.202000
0.634000
0.182000
nan
nan
0.139000
0.739000
0.456000
0.864000
1.000000
0.110000
nan
0.120000
0.134000
nan
0.255000
nan
nan
0.802000
nan
nan
0.269000
0.134000
0.768000
0.792000
0.519000
0.447000
0.744000
0.898000
0.581000
0.624000
0.629000
nan
0.744000
nan
0.250000
0.346000
0.230000
0.202000
0.346000
nan
nan
nan
0.725000
nan
0.192000
nan
0.355000
0.720000
0.908000
nan
0.206000
0.182000
nan
1.000000
nan
nan
0.499000
nan
0.206000
nan
nan
0.317000
nan
nan
0.351000
nan
0.797000
nan
nan
0.154000
0.105000
nan
1.000000
nan
nan
nan
nan
nan
nan
nan
nan
0.355000
nan
nan
nan
nan
1.000000
0.980000
0.730000
nan
0.329000
0.372000
0.708000
nan
0.479000
0.751000
0.923000
nan
0.780000
0.751000
1.000000
nan
0.708000
nan
nan
0.844000
0.873000
0.837000
nan
0.816000
nan
nan
0.816000
0.859000
0.880000
nan
0.289000
0.329000
0.289000
0.289000
nan
nan
0.701000
nan
nan
1.000000
nan
nan
nan
0.694000
0.458000
0.301000
0.372000
0.372000
nan
nan
nan
nan
nan
nan
0.766000
0.544000
0.665000
nan
0.608000
0.551000
nan
nan
nan
0.658000
0.687000
0.644000
0.823000
0.594000
nan
0.673000
0.651000
0.594000
0.587000
nan
0.501000
0.751000
0.465000
0.608000
nan
nan
0.637000
0.963000
nan
nan
nan
nan
0.153000
0.174000
0.365000
nan
nan
1.000000
0.822000
nan
nan
nan
0.266000
0.233000
0.390000
0.581000
nan
nan
0.681000
0.490000
0.814000
0.540000
0.590000
nan
nan
0.457000
0.449000
0.880000
nan
nan
0.482000
0.914000
1.000000
0.449000
0.615000
0.390000
0.847000
0.382000
nan
0.199000
0.153000
nan
0.424000
0.257000
0.449000
0.507000
nan
nan
nan
nan
0.282000
0.714000
0.698000
0.922000
nan
0.241000
nan
nan
nan
nan
0.440000
0.565000
0.473000
0.498000
nan
1.000000
0.307000
0.266000
0.407000
0.224000
0.581000
0.631000
nan
nan
nan
0.153000
nan
nan
nan
0.158000
nan
0.552000
0.374000
nan
0.786000
nan
0.128000
nan
0.167000
0.240000
0.385000
nan
nan
0.123000
nan
0.558000
nan
0.123000
nan
0.357000
0.418000
0.692000
0.508000
0.418000
nan
nan
0.123000
0.123000
0.368000
0.608000
0.407000
nan
0.519000
nan
0.686000
0.563000
nan
nan
nan
0.530000
0.982000
nan
nan
0.390000
0.251000
0.669000
1.000000
0.368000
0.407000
nan
0.608000
nan
0.530000
0.257000
nan
0.184000
0.357000
0.402000
0.619000
0.558000
0.262000
1.000000
nan
0.206000
nan
0.190000
0.864000
0.574000
1.000000
nan
0.240000
0.201000
0.195000
nan
0.190000
0.237000
nan
0.594000
0.301000
0.470000
0.409000
nan
nan
nan
nan
nan
nan
0.381000
nan
nan
nan
0.759000
0.474000
0.454000
1.000000
0.281000
nan
nan
0.642000
0.470000
0.321000
nan
0.301000
0.393000
0.333000
0.718000
nan
nan
nan
nan
nan
nan
0.791000
nan
nan
0.775000
0.650000
0.718000
0.718000
nan
0.594000
nan
1.000000
0.321000
0.261000
0.538000
0.642000
nan
0.225000
nan
1.000000
nan
nan
nan
0.433000
0.454000
0.446000
nan
nan
nan
0.253000
nan
nan
nan
0.177000
nan
0.959000
nan
nan
0.807000
0.341000
nan
0.170000
nan
nan
0.971000
0.217000
nan
0.170000
nan
0.570000
0.425000
0.213000
nan
0.170000
nan
0.959000
0.530000
0.377000
nan
0.160000
0.160000
0.270000
0.160000
0.601000
1.000000
0.317000
nan
0.568000
0.998000
nan
0.798000
0.561000
0.681000
0.754000
nan
nan
nan
nan
1.000000
0.561000
0.299000
nan
0.182000
nan
nan
0.200000
nan
0.233000
nan
0.572000
0.240000
0.160000
nan
0.204000
nan
0.324000
0.681000
nan
0.605000
0.528000
nan
0.495000
0.554000
1.000000
0.244000
nan
nan
nan
nan
0.339000
nan
nan
0.463000
0.463000
0.335000
0.681000
0.878000
nan
nan
0.226000
0.477000
nan
0.667000
0.889000
0.834000
0.725000
nan
0.565000
0.397000
0.532000
0.718000
nan
0.488000
0.408000
0.499000
0.727000
0.911000
nan
nan
nan
0.184000
0.387000
0.279000
0.364000
0.515000
0.727000
0.836000
nan
nan
0.845000
nan
0.515000
0.548000
nan
0.468000
nan
0.718000
nan
nan
nan
nan
0.198000
nan
0.298000
nan
0.368000
nan
0.269000
0.184000
nan
0.401000
nan
0.222000
0.264000
0.184000
0.217000
0.189000
nan
0.595000
0.949000
0.845000
0.869000
nan
0.628000
0.505000
0.420000
nan
0.538000
nan
0.595000
0.774000
nan
0.893000
nan
0.841000
0.864000
nan
0.987000
0.387000
0.770000
0.883000
nan
nan
0.595000
0.803000
0.945000
nan
0.581000
1.000000
nan
0.789000
1.000000
1.000000
nan
0.213000
0.154000
0.306000
0.524000
0.187000
nan
nan
nan
0.198000
0.555000
nan
nan
0.406000
nan
0.267000
0.514000
nan
nan
nan
0.103000
0.152000
0.229000
nan
nan
nan
nan
0.098000
nan
0.598000
0.280000
nan
0.093000
0.231000
0.213000
0.180000
0.213000
1.000000
0.141000
nan
0.108000
nan
nan
0.139000
0.177000
0.093000
0.152000
0.139000
0.105000
0.360000
0.198000
1.000000
0.963000
nan
0.917000
nan
nan
nan
nan
nan
0.239000
nan
nan
nan
nan
0.277000
nan
nan
nan
nan
0.976000
0.971000
nan
nan
0.788000
nan
0.460000
nan
nan
nan
0.272000
nan
nan
0.848000
nan
0.283000
0.216000
0.128000
nan
nan
nan
nan
nan
nan
0.229000
nan
nan
0.205000
0.093000
1.000000
nan
1.000000
nan
nan
nan
nan
nan
0.214000
nan
0.205000
0.205000
0.325000
0.595000
nan
0.633000
0.441000
0.415000
nan
0.334000
0.462000
0.826000
nan
1.000000
nan
0.933000
0.988000
nan
0.539000
nan
0.518000
nan
nan
nan
1.000000
0.684000
0.907000
nan
0.757000
nan
nan
nan
nan
nan
nan
nan
0.218000
nan
nan
0.188000
nan
0.257000
nan
0.197000
nan
0.569000
0.174000
0.210000
0.740000
0.317000
0.441000
0.257000
0.376000
0.222000
0.321000
0.689000
nan
0.877000
0.864000
0.625000
0.950000
nan
0.637000
nan
nan
nan
nan
nan
nan
0.522000
0.578000
0.890000
nan
0.800000
nan
nan
nan
0.174000
nan
nan
nan
0.174000
nan
nan
0.261000
0.252000
nan
0.295000
nan
0.436000
0.475000
0.234000
0.475000
0.513000
0.480000
0.695000
0.541000
0.657000
nan
nan
nan
nan
nan
0.419000
0.922000
0.497000
nan
0.982000
0.690000
0.695000
0.751000
0.607000
nan
nan
0.701000
nan
nan
0.944000
0.497000
0.392000
nan
0.938000
0.464000
0.530000
0.497000
nan
nan
nan
0.828000
0.497000
nan
0.723000
nan
0.762000
0.784000
0.745000
0.646000
0.723000
nan
0.502000
0.944000
nan
nan
0.767000
nan
nan
0.320000
0.304000
0.234000
0.304000
nan
1.000000
0.949000
0.453000
nan
0.234000
1.000000
1.000000
0.988000
nan
nan
0.237000
nan
0.370000
0.839000
0.711000
nan
nan
nan
1.000000
0.846000
nan
nan
nan
nan
0.538000
0.442000
0.620000
nan
nan
nan
nan
1.000000
nan
nan
0.477000
nan
nan
nan
nan
nan
nan
0.312000
0.581000
nan
nan
0.768000
0.898000
0.885000
nan
0.542000
0.573000
0.529000
nan
nan
0.334000
nan
0.265000
0.147000
0.312000
nan
nan
0.178000
nan
0.182000
nan
0.187000
0.117000
nan
nan
nan
0.867000
nan
0.195000
0.086000
0.234000
nan
nan
nan
0.217000
nan
0.239000
0.412000
0.373000
nan
nan
0.421000
1.000000
nan
0.086000
nan
0.265000
nan
nan
nan
0.920000
0.833000
0.876000
0.998000
nan
0.776000
0.616000
nan
0.152000
0.091000
nan
0.095000
nan
0.195000
0.178000
0.325000
nan
nan
0.156000
nan
0.086000
0.953000
0.423000
nan
1.000000
0.801000
1.000000
1.000000
0.443000
0.516000
nan
nan
nan
nan
0.205000
0.119000
0.212000
nan
nan
nan
0.146000
nan
0.066000
nan
0.232000
0.159000
nan
nan
nan
nan
0.033000
nan
nan
nan
nan
0.384000
nan
0.423000
0.576000
0.463000
nan
0.496000
0.258000
0.410000
0.483000
nan
0.232000
0.410000
0.205000
0.245000
0.304000
nan
0.304000
0.172000
0.152000
0.212000
0.245000
nan
nan
0.298000
0.245000
nan
nan
nan
nan
0.351000
nan
nan
nan
0.139000
0.132000
nan
nan
nan
nan
0.046000
0.073000
nan
nan
0.026000
nan
0.013000
0.013000
0.020000
0.053000
nan
0.026000
0.013000
nan
0.013000
nan
nan
0.040000
0.900000
nan
0.800000
nan
nan
0.000000
nan
nan
nan
nan
nan
0.200000
nan
nan
0.100000
1.000000
0.300000
0.400000
nan
0.400000
nan
nan
0.500000
0.900000
nan
nan
nan
nan
0.000000
0.100000
nan
0.100000
nan
nan
0.200000
nan
0.800000
0.300000
nan
nan
nan
0.300000
0.400000
nan
0.000000
nan
0.100000
nan
nan
nan
nan
0.200000
nan
0.200000
0.000000
0.400000
1.000000
nan
nan
nan
0.000000
nan
0.100000
0.300000
nan
nan
nan
0.200000
0.300000
0.600000
nan
0.900000
1.000000
nan
nan
1.000000
nan
0.800000
0.500000
nan
0.200000
0.200000
0.200000
nan
nan
0.300000
nan
0.900000
0.100000
nan
nan
0.200000
nan
0.400000
0.400000
0.900000
nan
0.100000
nan
0.000000
nan
nan
nan
nan
nan
0.800000
0.000000
nan
0.074000
0.074000
nan
nan
0.037000
nan
nan
nan
nan
nan
0.056000
nan
nan
0.130000
nan
nan
0.000000
0.000000
0.000000
nan
0.074000
nan
0.112000
0.000000
0.000000
0.037000
nan
nan
0.093000
0.130000
0.037000
0.112000
nan
0.056000
0.074000
nan
nan
nan
0.056000
nan
nan
nan
0.204000
0.316000
0.353000
nan
nan
0.242000
0.112000
0.483000
nan
0.186000
nan
0.167000
nan
nan
0.335000
0.130000
0.353000
0.223000
nan
nan
0.409000
nan
nan
0.446000
nan
0.576000
0.483000
nan
0.483000
0.502000
nan
0.390000
nan
nan
0.558000
0.186000
0.762000
0.706000
nan
nan
0.799000
0.836000
0.706000
nan
1.000000
1.000000
nan
1.000000
0.432000
nan
0.315000
nan
nan
nan
nan
0.459000
nan
nan
nan
0.597000
0.448000
nan
0.581000
nan
0.528000
0.405000
0.384000
nan
nan
0.459000
0.341000
0.773000
nan
0.576000
0.698000
nan
0.698000
0.688000
0.571000
nan
nan
nan
nan
0.480000
nan
nan
nan
0.315000
0.315000
nan
nan
nan
nan
nan
nan
nan
0.976000
nan
0.773000
0.773000
nan
0.661000
0.357000
0.389000
nan
nan
nan
nan
nan
0.443000
0.762000
nan
0.757000
0.853000
0.938000
nan
nan
0.581000
nan
nan
nan
nan
nan
nan
nan
nan
0.842000
0.741000
0.789000
nan
nan
nan
nan
0.677000
1.000000
nan
nan
0.512000
nan
nan
nan
0.997000
1.000000
nan
1.000000
nan
nan
nan
nan
nan
nan
nan
0.752000
nan
nan
nan
nan
nan
0.480000
nan
0.432000
0.544000
0.864000
0.571000
0.517000
nan
nan
nan
nan
nan
0.395000
0.357000
nan
0.406000
nan
nan
0.148000
0.365000
nan
0.410000
0.807000
0.465000
0.447000
0.505000
1.000000
0.501000
nan
nan
nan
nan
0.392000
0.695000
nan
nan
nan
0.465000
0.586000
0.483000
0.514000
0.907000
nan
nan
0.266000
0.293000
nan
0.343000
nan
nan
nan
0.537000
nan
0.568000
nan
nan
0.627000
0.916000
nan
0.753000
0.483000
0.911000
nan
nan
0.266000
nan
nan
0.798000
0.532000
0.532000
nan
nan
0.388000
nan
0.613000
nan
0.722000
nan
0.622000
nan
0.460000
nan
nan
nan
0.148000
0.148000
0.194000
0.180000
nan
0.582000
1.000000
nan
0.776000
1.000000
nan
nan
nan
0.158000
nan
nan
nan
nan
0.474000
0.690000
nan
nan
nan
nan
0.424000
nan
0.406000
0.722000
nan
nan
0.356000
nan
0.440000
0.817000
nan
nan
nan
nan
0.555000
0.697000
0.534000
0.650000
0.749000
0.587000
1.000000
0.980000
nan
0.445000
0.613000
nan
0.325000
0.770000
0.608000
nan
0.550000
nan
nan
1.000000
nan
0.734000
0.487000
0.461000
nan
0.419000
nan
nan
nan
0.254000
nan
1.000000
nan
0.891000
0.964000
nan
0.372000
nan
nan
0.430000
0.802000
0.807000
0.870000
0.456000
nan
0.254000
nan
nan
nan
nan
nan
0.351000
nan
nan
nan
0.550000
0.870000
0.566000
nan
0.697000
0.896000
0.749000
nan
0.781000
0.644000
nan
0.409000
0.655000
0.257000
0.254000
0.592000
0.734000
nan
0.802000
nan
nan
nan
nan
nan
0.639000
0.581000
0.805000
nan
nan
nan
nan
0.449000
0.312000
0.224000
nan
0.547000
0.635000
nan
nan
0.474000
0.537000
0.698000
0.639000
0.371000
nan
0.234000
nan
0.264000
0.801000
nan
0.781000
0.483000
nan
0.884000
0.571000
0.713000
0.644000
nan
0.810000
nan
nan
nan
1.000000
0.781000
0.957000
nan
0.268000
nan
0.249000
nan
0.971000
0.981000
0.957000
nan
nan
0.522000
nan
0.439000
nan
nan
0.596000
nan
nan
nan
nan
nan
0.659000
nan
0.713000
0.527000
nan
nan
0.981000
0.971000
nan
1.000000
0.566000
nan
nan
0.488000
0.474000
0.376000
0.459000
nan
nan
nan
0.683000
nan
1.000000
0.571000
0.224000
0.224000
0.342000
nan
nan
nan
nan
0.946000
nan
nan
0.414000
nan
1.000000
0.558000
0.299000
nan
0.299000
nan
nan
nan
nan
nan
nan
0.407000
0.669000
nan
0.710000
nan
nan
0.514000
nan
0.695000
nan
nan
nan
nan
nan
nan
0.980000
nan
0.743000
0.802000
nan
nan
0.429000
0.847000
0.669000
nan
0.599000
nan
0.495000
nan
nan
0.717000
nan
nan
0.458000
0.470000
0.713000
1.000000
0.614000
0.547000
0.348000
nan
nan
nan
nan
nan
nan
0.876000
0.580000
nan
nan
0.451000
nan
0.495000
nan
nan
0.462000
0.340000
nan
0.799000
nan
0.699000
0.680000
nan
nan
0.736000
0.725000
nan
0.329000
0.433000
0.621000
nan
nan
nan
nan
0.695000
nan
nan
0.299000
0.299000
nan
nan
0.547000
0.691000
0.736000
0.765000
nan
nan
nan
1.000000
0.588000
nan
0.226000
0.251000
nan
nan
0.464000
nan
0.379000
0.358000
0.322000
0.657000
0.739000
nan
nan
nan
nan
nan
nan
nan
nan
0.308000
0.387000
nan
nan
0.849000
nan
nan
1.000000
nan
0.512000
0.801000
nan
1.000000
nan
nan
nan
nan
nan
nan
0.226000
nan
nan
nan
0.364000
0.316000
nan
nan
nan
0.689000
nan
0.470000
nan
nan
nan
0.275000
nan
0.273000
nan
nan
0.621000
0.314000
0.600000
0.728000
1.000000
nan
nan
nan
nan
0.421000
0.571000
0.628000
nan
nan
nan
0.510000
0.443000
0.618000
nan
0.868000
nan
nan
0.593000
nan
nan
0.685000
nan
0.671000
nan
0.603000
nan
nan
0.728000
0.585000
0.386000
0.650000
nan
0.671000
nan
0.639000
nan
0.810000
0.403000
nan
nan
0.728000
nan
0.660000
nan
0.503000
0.593000
nan
nan
nan
nan
nan
nan
0.774000
1.000000
nan
0.565000
nan
0.577000
0.678000
nan
0.527000
0.389000
nan
nan
nan
nan
0.652000
0.376000
0.594000
nan
nan
0.527000
nan
0.427000
0.581000
nan
0.320000
nan
nan
nan
0.665000
0.573000
nan
nan
0.347000
nan
0.414000
nan
0.435000
nan
nan
0.320000
