Coverage: 82705.220613
0.000000
nan
0.625000
nan
0.250000
0.250000
0.250000
0.625000
nan
0.125000
nan
0.250000
0.500000
nan
0.625000
nan
nan
0.625000
nan
0.500000
0.500000
nan
0.500000
0.000000
nan
nan
nan
nan
0.000000
nan
0.875000
nan
nan
nan
nan
nan
1.000000
0.500000
0.375000
0.500000
nan
nan
nan
nan
nan
0.250000
nan
0.375000
nan
0.500000
0.750000
0.500000
nan
0.375000
nan
0.750000
nan
0.375000
0.250000
0.000000
0.125000
nan
nan
nan
1.000000
0.250000
nan
nan
0.625000
1.000000
1.000000
nan
nan
nan
0.000000
0.750000
0.250000
nan
1.000000
nan
0.000000
0.375000
0.375000
0.000000
nan
0.000000
nan
1.000000
0.625000
nan
1.000000
0.625000
0.524000
0.314000
nan
nan
0.105000
nan
nan
0.733000
nan
nan
0.524000
nan
0.000000
nan
nan
nan
nan
nan
0.105000
0.628000
0.314000
nan
0.000000
nan
nan
0.733000
0.000000
nan
0.209000
nan
1.000000
nan
nan
nan
nan
nan
0.628000
0.419000
nan
1.000000
0.838000
nan
nan
nan
nan
0.524000
nan
nan
0.524000
0.524000
nan
nan
0.314000
1.000000
0.209000
nan
nan
0.628000
nan
0.314000
nan
nan
nan
nan
nan
nan
nan
0.942000
nan
0.209000
0.419000
nan
nan
0.209000
nan
0.314000
nan
nan
0.524000
nan
0.628000
nan
0.733000
nan
nan
nan
nan
0.000000
nan
0.524000
nan
0.419000
nan
nan
nan
nan
nan
nan
0.628000
nan
nan
0.105000
0.105000
0.628000
0.209000
nan
nan
0.000000
0.209000
0.524000
nan
0.838000
nan
nan
nan
0.419000
0.209000
nan
0.733000
nan
0.105000
1.000000
nan
nan
1.000000
nan
0.222000
nan
0.222000
0.444000
nan
0.444000
0.333000
nan
nan
0.444000
nan
nan
nan
nan
nan
nan
1.000000
0.778000
nan
nan
0.556000
nan
0.444000
nan
nan
nan
0.111000
0.222000
0.222000
0.556000
nan
0.556000
nan
nan
nan
0.333000
nan
nan
0.444000
0.222000
nan
0.111000
nan
0.333000
0.444000
nan
nan
nan
nan
0.333000
nan
nan
0.333000
nan
0.444000
nan
0.333000
nan
nan
0.333000
nan
0.556000
nan
1.000000
0.667000
0.333000
0.333000
nan
nan
1.000000
nan
nan
0.667000
0.556000
0.111000
nan
0.333000
nan
0.222000
0.333000
0.111000
nan
nan
0.111000
0.111000
0.889000
nan
nan
nan
1.000000
0.778000
0.222000
0.111000
0.556000
0.111000
0.105000
0.000000
0.314000
0.105000
0.419000
nan
nan
nan
1.000000
1.000000
0.419000
0.209000
nan
nan
0.524000
nan
nan
nan
0.733000
nan
nan
0.314000
nan
nan
nan
0.000000
nan
nan
0.209000
0.209000
nan
nan
0.942000
0.209000
nan
nan
1.000000
0.314000
0.000000
0.105000
nan
0.209000
0.419000
0.314000
0.838000
0.419000
0.314000
0.000000
0.105000
0.419000
nan
0.209000
0.000000
0.209000
0.209000
nan
0.000000
nan
0.209000
0.105000
0.105000
nan
0.314000
0.314000
nan
nan
0.419000
0.000000
nan
nan
0.314000
0.524000
0.000000
nan
nan
0.314000
nan
nan
nan
nan
nan
nan
0.419000
0.524000
nan
0.209000
nan
nan
0.209000
nan
0.200000
nan
1.000000
nan
0.400000
0.200000
nan
nan
0.600000
nan
nan
nan
1.000000
nan
0.400000
nan
0.400000
nan
0.800000
nan
0.000000
nan
0.400000
0.000000
nan
nan
0.400000
nan
0.000000
nan
0.400000
nan
0.000000
nan
0.000000
nan
0.200000
1.000000
0.600000
0.000000
0.000000
0.000000
0.000000
0.000000
0.000000
nan
nan
0.400000
0.400000
nan
0.000000
0.400000
0.000000
0.200000
nan
nan
0.000000
0.000000
nan
0.000000
0.000000
nan
nan
nan
nan
0.000000
0.400000
0.000000
0.200000
nan
nan
0.400000
nan
nan
nan
nan
0.800000
nan
0.000000
0.000000
nan
0.600000
0.200000
0.200000
0.000000
0.400000
1.000000
0.000000
0.000000
0.313000
nan
nan
0.625000
nan
nan
nan
nan
nan
0.000000
0.000000
1.000000
0.313000
nan
nan
0.625000
0.313000
0.000000
0.313000
0.000000
1.000000
0.000000
0.000000
0.000000
0.000000
0.000000
0.000000
0.000000
0.000000
nan
0.000000
nan
nan
0.000000
0.313000
0.000000
0.000000
0.000000
0.000000
nan
nan
nan
nan
nan
nan
nan
nan
nan
nan
nan
nan
nan
nan
nan
nan
nan
nan
nan
nan
nan
nan
nan
nan
nan
nan
nan
nan
nan
nan
nan
nan
nan
nan
nan
nan
nan
nan
nan
nan
nan
nan
nan
nan
nan
nan
nan
nan
nan
nan
nan
nan
nan
nan
nan
nan
nan
nan
nan
nan
nan
nan
nan
nan
nan
nan
nan
nan
nan
nan
nan
nan
nan
nan
nan
nan
nan
nan
nan
nan
nan
nan
nan
nan
nan
nan
nan
nan
nan
nan
nan
nan
nan
nan
0.000000
nan
nan
0.000000
0.000000
0.000000
nan
nan
nan
0.000000
0.000000
0.000000
nan
nan
0.000000
0.000000
nan
nan
nan
nan
nan
nan
nan
nan
0.000000
1.000000
0.000000
nan
0.000000
nan
nan
nan
0.000000
0.000000
0.000000
nan
0.000000
nan
nan
nan
0.000000
0.000000
0.000000
0.000000
0.000000
nan
0.000000
0.000000
nan
0.000000
nan
0.000000
nan
nan
1.000000
nan
0.000000
0.000000
0.000000
0.500000
0.000000
nan
0.000000
0.000000
0.000000
nan
nan
nan
0.500000
nan
nan
1.000000
nan
nan
nan
nan
nan
nan
nan
0.000000
0.000000
nan
nan
0.000000
0.500000
1.000000
0.000000
nan
nan
nan
nan
1.000000
nan
0.000000
1.000000
nan
0.500000
0.000000
nan
nan
1.000000
1.000000
nan
nan
0.000000
nan
nan
nan
0.000000
nan
0.000000
0.000000
0.000000
0.000000
1.000000
nan
0.000000
nan
nan
0.000000
nan
0.000000
0.000000
0.000000
0.000000
nan
0.000000
nan
1.000000
0.000000
0.000000
nan
0.000000
nan
nan
0.000000
0.000000
0.000000
nan
0.000000
nan
nan
nan
0.000000
nan
nan
0.000000
0.000000
0.000000
nan
nan
nan
nan
nan
nan
nan
nan
nan
0.000000
0.000000
0.000000
0.000000
1.000000
0.000000
nan
nan
nan
nan
nan
0.000000
nan
0.000000
nan
nan
nan
nan
nan
nan
nan
0.000000
nan
0.000000
nan
0.000000
nan
0.000000
0.000000
0.000000
nan
0.000000
0.000000
1.000000
nan
nan
1.000000
0.000000
0.000000
nan
0.000000
nan
0.000000
nan
0.000000
nan
nan
0.000000
nan
0.000000
0.000000
nan
0.000000
0.000000
1.000000
nan
nan
nan
0.000000
1.000000
0.000000
0.000000
nan
0.000000
0.000000
0.000000
nan
nan
nan
0.000000
0.000000
0.000000
0.000000
0.000000
nan
0.000000
nan
0.000000
nan
0.000000
0.000000
0.000000
nan
nan
0.000000
0.000000
nan
0.002000
0.000000
0.002000
nan
0.000000
0.004000
0.000000
nan
0.000000
nan
nan
nan
nan
nan
nan
nan
nan
0.001000
nan
0.000000
nan
0.002000
0.000000
0.000000
nan
nan
nan
nan
0.002000
0.000000
nan
nan
nan
0.002000
nan
nan
0.000000
nan
nan
nan
nan
0.004000
nan
nan
0.002000
nan
nan
nan
nan
nan
nan
nan
0.015000
nan
nan
nan
0.014000
0.009000
0.004000
0.006000
nan
nan
0.017000
0.059000
0.014000
0.049000
nan
nan
0.129000
nan
nan
nan
0.210000
0.158000
0.292000
nan
0.810000
0.953000
nan
nan
nan
nan
0.963000
1.000000
1.000000
0.865000
1.000000
0.963000
nan
0.453000
0.316000
0.427000
0.277000
0.243000
0.257000
0.123000
nan
0.451000
0.037000
nan
0.046000
0.035000
nan
0.035000
0.037000
0.035000
0.035000
0.037000
0.134000
0.208000
0.082000
nan
0.320000
0.532000
nan
0.382000
0.701000
0.879000
0.642000
0.968000
0.339000
0.341000
0.496000
0.282000
nan
0.231000
0.231000
0.635000
0.602000
nan
0.632000
nan
nan
nan
0.708000
0.736000
0.703000
nan
nan
0.684000
0.634000
nan
nan
0.614000
nan
nan
nan
nan
nan
1.000000
0.743000
0.836000
nan
0.812000
0.984000
1.000000
nan
1.000000
nan
nan
0.650000
0.642000
nan
nan
0.138000
nan
0.131000
0.854000
0.769000
nan
0.083000
nan
0.188000
0.709000
0.077000
nan
nan
nan
nan
0.086000
nan
0.545000
nan
0.169000
0.080000
0.102000
nan
1.000000
0.518000
0.365000
0.597000
0.884000
0.220000
nan
nan
0.614000
0.752000
1.000000
nan
nan
0.087000
nan
0.166000
0.068000
nan
0.068000
nan
nan
0.325000
0.068000
nan
0.815000
0.681000
0.680000
0.612000
nan
nan
0.552000
0.467000
0.675000
0.181000
nan
0.093000
nan
0.097000
0.086000
0.791000
0.835000
nan
0.172000
0.112000
0.632000
0.461000
0.422000
0.539000
nan
1.000000
nan
nan
0.624000
0.616000
1.000000
0.442000
nan
nan
0.349000
0.380000
0.538000
0.177000
nan
0.127000
nan
0.194000
0.164000
nan
nan
0.959000
nan
0.102000
nan
0.400000
nan
0.233000
nan
nan
0.225000
nan
nan
nan
nan
nan
0.908000
nan
1.000000
0.787000
0.575000
0.916000
0.655000
nan
0.387000
0.367000
nan
0.308000
nan
0.183000
nan
nan
0.169000
nan
0.086000
0.564000
0.517000
0.486000
0.992000
nan
0.291000
nan
0.076000
0.121000
nan
0.281000
nan
0.296000
nan
0.306000
0.092000
0.076000
0.182000
0.180000
0.230000
0.254000
nan
1.000000
0.863000
nan
0.333000
0.099000
0.114000
nan
0.076000
nan
nan
0.114000
0.111000
nan
nan
0.573000
nan
0.076000
nan
0.076000
nan
0.661000
nan
0.558000
nan
0.616000
0.325000
0.748000
0.417000
nan
nan
nan
nan
0.156000
nan
0.094000
nan
nan
nan
nan
nan
nan
0.582000
0.204000
0.609000
0.510000
nan
nan
nan
0.896000
0.778000
nan
nan
0.707000
0.689000
0.550000
0.889000
nan
0.410000
nan
nan
0.076000
0.315000
0.541000
0.421000
0.374000
nan
nan
nan
0.903000
0.655000
0.442000
0.732000
0.682000
0.850000
nan
nan
nan
0.249000
nan
nan
0.758000
0.628000
0.469000
0.913000
1.000000
nan
0.982000
1.000000
nan
0.377000
0.510000
nan
0.410000
nan
nan
nan
nan
0.999000
1.000000
nan
nan
nan
0.559000
0.582000
nan
0.385000
0.339000
0.862000
0.168000
nan
0.152000
0.113000
nan
0.114000
nan
nan
nan
nan
nan
nan
nan
nan
0.111000
nan
nan
0.056000
nan
0.077000
nan
nan
nan
0.460000
0.356000
nan
0.435000
nan
nan
0.576000
0.516000
0.314000
nan
nan
nan
0.702000
nan
nan
nan
0.157000
0.064000
0.367000
nan
0.647000
nan
0.772000
0.155000
0.086000
nan
0.168000
nan
nan
nan
nan
0.132000
nan
0.835000
nan
nan
0.940000
0.293000
0.111000
nan
nan
nan
0.336000
0.091000
1.000000
1.000000
0.823000
0.900000
nan
nan
nan
0.062000
0.056000
0.166000
nan
nan
nan
1.000000
nan
0.061000
0.263000
0.056000
nan
0.087000
nan
nan
0.128000
nan
nan
0.278000
nan
nan
0.893000
nan
0.157000
0.278000
nan
nan
nan
0.170000
0.436000
0.795000
0.566000
1.000000
0.612000
nan
nan
0.811000
0.819000
1.000000
0.600000
nan
0.461000
nan
nan
0.237000
0.239000
0.080000
nan
nan
nan
0.224000
0.408000
0.939000
0.928000
nan
nan
nan
0.331000
nan
0.159000
0.101000
nan
nan
0.403000
nan
0.249000
0.151000
nan
nan
nan
nan
nan
0.109000
nan
0.708000
0.865000
0.750000
0.197000
0.174000
nan
0.182000
nan
nan
0.212000
nan
nan
0.105000
nan
0.097000
nan
0.372000
nan
nan
0.971000
0.581000
nan
0.079000
nan
nan
0.079000
nan
nan
1.000000
0.309000
0.234000
0.261000
0.344000
nan
0.860000
nan
0.328000
0.325000
nan
nan
0.308000
0.816000
nan
nan
nan
nan
0.349000
nan
0.079000
nan
nan
0.103000
0.096000
nan
0.104000
nan
nan
nan
nan
nan
0.522000
0.432000
nan
0.652000
0.301000
nan
nan
0.232000
0.134000
0.251000
0.320000
nan
nan
nan
0.578000
1.000000
0.648000
0.608000
nan
0.641000
nan
nan
0.049000
nan
0.078000
0.053000
nan
0.075000
0.120000
nan
0.553000
nan
0.406000
0.976000
0.113000
nan
nan
0.046000
0.344000
nan
nan
0.161000
nan
1.000000
0.715000
0.155000
0.367000
0.162000
0.178000
0.792000
1.000000
0.659000
0.859000
nan
nan
nan
nan
nan
nan
nan
nan
0.811000
nan
nan
0.060000
nan
nan
nan
nan
nan
0.352000
0.215000
nan
0.056000
nan
0.046000
0.046000
nan
nan
nan
nan
nan
0.108000
0.949000
nan
0.181000
0.088000
0.069000
0.079000
0.158000
0.075000
nan
0.562000
nan
nan
0.085000
nan
0.235000
0.154000
nan
0.213000
nan
0.173000
nan
0.158000
nan
0.080000
nan
nan
nan
0.226000
0.173000
0.360000
1.000000
0.621000
nan
nan
0.642000
nan
0.196000
0.106000
0.076000
0.088000
nan
nan
nan
nan
1.000000
0.158000
0.173000
0.182000
nan
nan
0.102000
0.146000
0.194000
nan
nan
nan
0.229000
nan
0.527000
nan
nan
nan
0.588000
0.582000
0.745000
0.783000
nan
nan
nan
nan
0.169000
nan
nan
0.186000
0.169000
nan
0.128000
0.135000
1.000000
nan
0.633000
0.674000
nan
nan
nan
0.130000
nan
nan
0.113000
0.075000
nan
0.411000
nan
nan
0.453000
0.493000
0.075000
0.087000
nan
nan
0.169000
0.078000
0.175000
0.290000
nan
0.224000
0.244000
0.441000
nan
nan
nan
0.426000
0.478000
1.000000
0.179000
0.190000
nan
0.192000
0.343000
1.000000
0.615000
0.736000
nan
0.256000
nan
0.138000
0.180000
0.118000
0.213000
0.365000
nan
0.116000
nan
nan
nan
nan
nan
0.102000
nan
nan
nan
0.102000
nan
nan
0.717000
nan
nan
nan
nan
nan
nan
nan
1.000000
nan
nan
nan
nan
nan
nan
nan
nan
nan
nan
nan
nan
nan
nan
nan
0.356000
nan
nan
0.644000
nan
nan
nan
nan
nan
nan
0.560000
nan
0.578000
nan
nan
0.335000
nan
nan
nan
nan
nan
nan
0.249000
nan
nan
0.188000
nan
0.688000
0.304000
nan
nan
nan
nan
0.277000
0.169000
0.302000
nan
nan
0.448000
0.173000
0.108000
nan
nan
0.263000
0.643000
0.391000
0.223000
0.162000
nan
0.102000
0.130000
nan
0.154000
0.111000
nan
nan
0.086000
0.184000
nan
nan
nan
nan
nan
0.691000
nan
nan
nan
nan
0.574000
0.793000
nan
0.203000
nan
nan
nan
1.000000
nan
nan
nan
nan
nan
nan
nan
0.392000
nan
nan
nan
nan
0.663000
nan
nan
0.545000
nan
0.260000
nan
nan
nan
nan
nan
nan
0.084000
0.065000
nan
nan
0.764000
0.498000
0.439000
0.239000
0.447000
0.463000
nan
0.636000
nan
0.116000
nan
0.065000
0.065000
0.373000
nan
nan
0.080000
nan
nan
nan
nan
0.077000
nan
nan
0.334000
nan
nan
1.000000
0.957000
nan
0.121000
0.110000
nan
0.151000
0.114000
0.084000
nan
nan
nan
0.071000
0.220000
nan
nan
0.065000
nan
nan
nan
0.419000
nan
nan
nan
nan
0.463000
0.507000
nan
nan
nan
0.216000
0.608000
nan
0.655000
0.972000
nan
0.897000
nan
0.420000
0.406000
nan
nan
0.113000
0.237000
nan
nan
nan
nan
nan
nan
1.000000
0.813000
nan
nan
0.098000
0.175000
nan
nan
nan
nan
0.176000
0.146000
nan
nan
nan
1.000000
0.813000
nan
nan
0.188000
nan
nan
nan
0.063000
nan
nan
0.073000
0.186000
nan
0.862000
0.858000
1.000000
nan
nan
0.523000
0.259000
nan
nan
0.180000
0.126000
nan
0.226000
0.983000
0.114000
0.124000
nan
0.093000
nan
0.820000
0.603000
0.344000
nan
0.066000
nan
nan
nan
nan
0.150000
nan
0.194000
1.000000
nan
nan
nan
nan
nan
nan
nan
nan
nan
nan
0.093000
nan
0.053000
nan
nan
nan
0.125000
nan
nan
0.111000
nan
0.078000
nan
0.053000
nan
nan
nan
nan
nan
nan
nan
nan
nan
nan
nan
nan
nan
nan
nan
nan
0.594000
nan
nan
nan
nan
0.534000
0.407000
nan
0.431000
nan
0.404000
nan
nan
nan
0.522000
nan
nan
nan
nan
nan
0.175000
nan
0.259000
nan
nan
0.384000
nan
nan
nan
nan
nan
nan
nan
0.093000
nan
0.757000
0.742000
nan
nan
nan
nan
0.163000
nan
nan
nan
0.053000
nan
0.032000
0.032000
nan
nan
nan
nan
0.087000
nan
nan
nan
nan
nan
nan
nan
0.044000
nan
0.372000
0.034000
nan
nan
0.048000
0.074000
0.086000
0.050000
0.037000
nan
0.141000
0.298000
nan
0.158000
0.178000
nan
0.587000
0.690000
nan
0.996000
nan
nan
0.063000
nan
nan
nan
nan
0.064000
0.088000
0.128000
nan
0.365000
0.561000
nan
nan
0.107000
0.883000
0.721000
0.733000
1.000000
nan
nan
nan
1.000000
nan
nan
nan
nan
nan
nan
0.093000
nan
0.055000
nan
0.051000
0.036000
0.038000
nan
0.107000
0.046000
nan
0.120000
0.055000
0.148000
0.387000
nan
nan
1.000000
nan
nan
nan
nan
nan
nan
nan
0.833000
nan
0.298000
0.739000
nan
nan
nan
nan
0.032000
0.474000
nan
0.032000
nan
0.460000
0.121000
0.088000
0.065000
nan
nan
1.000000
0.124000
0.054000
0.557000
nan
1.000000
nan
0.046000
nan
0.040000
nan
nan
nan
0.081000
0.101000
1.000000
0.122000
0.227000
nan
0.455000
0.045000
0.040000
0.516000
nan
nan
nan
nan
nan
nan
nan
nan
0.078000
nan
nan
0.778000
0.106000
0.118000
nan
nan
0.143000
nan
0.041000
0.241000
0.335000
nan
0.133000
0.045000
nan
nan
nan
0.040000
nan
nan
nan
nan
nan
nan
nan
0.600000
0.284000
0.208000
0.229000
0.161000
nan
0.160000
0.316000
0.575000
0.300000
nan
0.132000
nan
0.068000
0.112000
0.110000
0.129000
nan
0.707000
nan
0.452000
nan
nan
0.986000
nan
nan
nan
nan
nan
nan
nan
0.153000
nan
0.498000
nan
0.111000
nan
nan
nan
nan
nan
nan
nan
nan
nan
0.098000
0.740000
nan
0.866000
nan
1.000000
nan
1.000000
nan
0.571000
nan
nan
nan
0.686000
nan
1.000000
nan
nan
nan
0.826000
nan
0.641000
nan
0.800000
nan
0.436000
nan
0.359000
nan
0.264000
nan
0.372000
nan
nan
nan
nan
nan
nan
nan
0.224000
nan
0.156000
nan
0.168000
0.165000
0.106000
0.192000
0.146000
nan
0.167000
nan
0.118000
0.094000
0.096000
nan
0.113000
0.103000
nan
nan
0.147000
nan
nan
nan
0.071000
nan
nan
nan
0.050000
nan
nan
0.046000
0.038000
0.044000
nan
nan
0.092000
nan
nan
nan
nan
nan
nan
nan
0.010000
0.013000
nan
0.038000
nan
nan
nan
nan
0.058000
0.049000
0.025000
0.051000
0.028000
nan
nan
0.009000
nan
0.016000
0.009000
nan
nan
nan
0.012000
nan
nan
0.013000
nan
0.009000
0.012000
0.011000
nan
1.000000
0.333000
nan
0.750000
nan
0.333000
nan
nan
nan
nan
0.750000
0.038000
nan
nan
0.167000
nan
0.750000
0.333000
0.500000
nan
nan
nan
0.500000
nan
0.250000
1.000000
0.333000
nan
0.583000
0.750000
1.000000
nan
0.417000
nan
0.333000
0.500000
0.500000
0.167000
nan
0.500000
nan
0.250000
0.167000
0.250000
0.333000
0.083000
nan
0.083000
0.583000
0.917000
nan
0.333000
0.250000
nan
nan
nan
0.583000
0.038000
0.500000
0.583000
nan
nan
0.500000
nan
nan
nan
0.333000
nan
0.583000
0.833000
0.750000
nan
0.667000
nan
1.000000
nan
0.833000
0.917000
1.000000
0.333000
nan
0.583000
0.038000
0.438000
nan
nan
1.000000
nan
0.688000
1.000000
0.125000
nan
nan
0.938000
0.500000
0.875000
nan
nan
0.125000
nan
nan
0.000000
0.250000
nan
0.500000
0.750000
nan
0.688000
nan
0.188000
0.312000
0.188000
nan
0.375000
nan
0.562000
0.375000
0.000000
nan
0.312000
nan
0.875000
1.000000
0.812000
nan
nan
0.000000
nan
0.250000
nan
0.312000
nan
nan
nan
0.750000
nan
nan
0.125000
0.000000
nan
0.250000
0.250000
nan
0.625000
nan
0.438000
nan
nan
0.312000
nan
nan
nan
nan
0.562000
1.000000
1.000000
0.688000
nan
0.562000
0.688000
nan
nan
nan
nan
0.500000
nan
nan
nan
nan
0.438000
0.688000
nan
0.375000
0.875000
nan
nan
0.625000
nan
nan
nan
1.000000
nan
0.375000
nan
0.571000
0.476000
nan
0.571000
nan
0.286000
0.905000
0.333000
nan
nan
nan
nan
nan
nan
0.286000
0.238000
nan
0.476000
0.429000
nan
0.429000
0.714000
0.286000
nan
0.190000
nan
0.286000
0.571000
nan
0.476000
nan
0.476000
0.762000
nan
nan
0.286000
nan
nan
nan
nan
nan
0.571000
0.571000
0.905000
nan
1.000000
nan
0.190000
0.190000
nan
0.476000
0.714000
0.190000
nan
0.571000
0.571000
0.857000
0.476000
0.333000
0.429000
1.000000
0.619000
nan
0.524000
nan
nan
0.810000
1.000000
nan
0.381000
0.524000
0.476000
nan
0.190000
nan
nan
nan
0.476000
nan
0.905000
nan
0.524000
1.000000
nan
1.000000
nan
nan
0.524000
nan
nan
0.778000
nan
0.305000
0.508000
0.575000
0.508000
nan
nan
0.203000
0.135000
0.203000
0.711000
0.440000
nan
nan
0.812000
nan
0.575000
0.203000
nan
0.541000
0.406000
nan
1.000000
nan
nan
0.169000
nan
0.098000
0.372000
nan
nan
0.098000
0.305000
0.440000
nan
0.914000
0.948000
nan
nan
0.372000
0.440000
0.169000
nan
nan
nan
0.135000
0.677000
nan
nan
nan
0.406000
0.203000
0.372000
nan
0.948000
nan
nan
nan
nan
nan
nan
0.338000
0.098000
0.677000
0.711000
0.203000
0.508000
0.169000
nan
0.237000
nan
0.372000
0.237000
nan
nan
1.000000
nan
nan
nan
0.981000
nan
nan
0.169000
nan
0.406000
nan
0.575000
nan
nan
nan
nan
nan
1.000000
0.914000
0.742000
0.323000
nan
nan
nan
nan
nan
0.484000
nan
1.000000
0.677000
0.645000
nan
0.677000
0.129000
0.516000
0.484000
0.645000
0.452000
0.355000
nan
0.548000
nan
0.161000
nan
nan
nan
0.097000
nan
nan
0.323000
0.581000
0.871000
0.323000
nan
0.613000
0.548000
nan
0.710000
nan
nan
0.806000
nan
nan
0.290000
0.290000
nan
1.000000
nan
0.516000
0.581000
nan
nan
0.742000
nan
0.484000
0.290000
nan
0.387000
0.290000
nan
nan
nan
nan
nan
nan
nan
0.581000
nan
nan
nan
0.226000
0.484000
nan
nan
0.290000
nan
0.089000
nan
nan
nan
nan
0.534000
0.800000
nan
nan
nan
nan
nan
nan
nan
nan
nan
nan
nan
0.919000
0.919000
0.593000
nan
0.682000
nan
nan
nan
nan
0.237000
0.075000
nan
0.119000
nan
0.075000
0.326000
1.000000
nan
nan
nan
0.919000
nan
nan
1.000000
nan
nan
nan
0.189000
nan
0.459000
0.162000
nan
nan
0.351000
0.243000
0.243000
0.081000
0.135000
0.324000
0.297000
0.135000
0.595000
1.000000
nan
0.676000
0.351000
0.270000
nan
nan
nan
0.054000
nan
nan
nan
nan
0.595000
nan
nan
0.378000
nan
0.459000
0.216000
1.000000
0.622000
nan
nan
nan
nan
0.243000
0.162000
0.054000
nan
nan
nan
nan
0.324000
nan
nan
0.405000
0.405000
0.351000
nan
nan
nan
nan
nan
nan
0.351000
nan
nan
0.676000
0.108000
nan
nan
nan
0.108000
nan
nan
0.162000
nan
