Coverage: 13447.488226
nan
0.093000
0.093000
0.093000
nan
0.218000
nan
nan
nan
0.218000
1.000000
nan
nan
nan
nan
nan
nan
0.156000
0.093000
0.249000
0.124000
nan
nan
0.373000
0.249000
nan
0.218000
0.311000
nan
nan
0.684000
0.404000
nan
nan
nan
nan
0.156000
0.404000
nan
0.373000
nan
nan
nan
nan
0.715000
nan
nan
nan
0.311000
0.280000
0.280000
0.373000
0.342000
nan
nan
nan
0.280000
nan
0.435000
0.187000
0.187000
0.093000
nan
0.778000
nan
0.280000
0.684000
0.342000
nan
0.218000
nan
nan
nan
nan
1.000000
nan
nan
nan
nan
nan
0.529000
0.467000
nan
nan
0.435000
nan
nan
0.653000
nan
0.467000
0.280000
0.249000
nan
0.249000
nan
0.467000
nan
nan
1.000000
nan
0.187000
nan
0.124000
nan
nan
nan
0.435000
0.280000
nan
nan
0.535000
0.389000
nan
0.584000
0.341000
nan
nan
nan
nan
0.487000
0.681000
nan
nan
nan
nan
nan
nan
nan
nan
0.535000
0.730000
nan
nan
0.681000
nan
0.973000
0.973000
0.389000
0.243000
nan
nan
nan
nan
nan
1.000000
0.341000
0.730000
nan
0.341000
nan
0.584000
nan
nan
0.535000
nan
0.876000
0.487000
nan
nan
nan
0.973000
nan
0.438000
0.341000
nan
nan
nan
0.292000
0.438000
0.876000
0.217000
0.341000
nan
0.487000
0.876000
0.681000
0.633000
1.000000
0.827000
nan
0.217000
0.535000
nan
nan
nan
0.389000
0.217000
0.487000
0.389000
nan
nan
1.000000
nan
0.584000
0.925000
0.389000
nan
nan
0.730000
0.633000
nan
nan
nan
nan
nan
0.535000
nan
nan
nan
nan
0.827000
nan
0.633000
nan
0.748000
nan
nan
0.685000
0.343000
nan
0.654000
nan
0.966000
nan
0.810000
nan
0.530000
0.312000
nan
0.592000
nan
0.374000
nan
nan
1.000000
0.623000
nan
0.312000
0.779000
0.249000
nan
nan
nan
0.903000
nan
nan
nan
0.436000
nan
0.139000
nan
0.748000
0.467000
0.467000
0.249000
0.139000
0.343000
nan
0.498000
nan
nan
0.187000
0.374000
0.187000
nan
0.405000
nan
nan
nan
1.000000
nan
0.187000
0.187000
0.187000
nan
nan
0.218000
0.249000
nan
nan
0.187000
nan
nan
0.139000
0.249000
nan
1.000000
0.343000
nan
0.343000
0.343000
nan
0.467000
0.187000
nan
0.156000
nan
0.156000
nan
nan
nan
0.249000
0.187000
0.187000
nan
0.312000
1.000000
1.000000
nan
0.779000
nan
0.952000
1.000000
0.606000
nan
nan
nan
0.519000
nan
nan
nan
nan
0.606000
nan
nan
nan
nan
nan
nan
nan
0.346000
nan
nan
nan
0.433000
nan
nan
0.173000
0.173000
0.346000
nan
nan
nan
nan
0.087000
0.433000
0.173000
nan
0.000000
nan
0.087000
0.000000
0.173000
0.087000
0.000000
nan
0.000000
nan
0.000000
0.000000
0.173000
0.000000
0.000000
nan
nan
0.000000
nan
nan
0.000000
0.000000
0.000000
0.000000
nan
nan
0.000000
0.000000
nan
0.000000
0.000000
0.000000
0.087000
nan
0.000000
0.000000
0.173000
0.173000
0.000000
0.000000
0.173000
0.000000
nan
0.087000
0.000000
nan
nan
nan
nan
0.346000
0.000000
nan
0.000000
nan
0.000000
nan
0.000000
1.000000
nan
nan
0.000000
0.000000
nan
nan
0.000000
0.000000
0.500000
nan
nan
nan
0.000000
0.500000
0.000000
nan
nan
0.500000
nan
0.000000
nan
0.000000
0.000000
0.000000
nan
nan
0.500000
nan
nan
nan
0.000000
nan
0.500000
nan
nan
0.000000
0.000000
nan
0.000000
0.000000
0.000000
1.000000
0.000000
0.000000
nan
0.500000
0.000000
1.000000
nan
nan
0.000000
nan
nan
nan
nan
nan
nan
nan
nan
0.000000
nan
nan
nan
1.000000
0.500000
nan
0.500000
0.000000
0.500000
nan
nan
0.500000
nan
0.000000
nan
nan
0.000000
nan
nan
nan
0.000000
0.000000
0.000000
nan
0.000000
0.000000
nan
nan
nan
0.000000
nan
1.000000
0.000000
nan
1.000000
1.000000
0.000000
nan
nan
0.500000
nan
0.000000
nan
nan
1.000000
nan
0.000000
nan
nan
nan
nan
0.000000
nan
nan
0.000000
0.000000
nan
nan
1.000000
0.000000
nan
nan
nan
0.000000
nan
0.000000
nan
0.000000
0.000000
nan
nan
0.500000
0.000000
0.000000
0.000000
0.500000
0.000000
0.000000
0.000000
nan
0.000000
nan
0.000000
nan
0.000000
0.000000
0.000000
0.000000
nan
0.000000
0.000000
nan
nan
0.500000
0.000000
nan
nan
1.000000
nan
0.000000
0.000000
nan
nan
0.000000
0.000000
nan
nan
nan
nan
nan
0.500000
nan
nan
0.000000
nan
nan
nan
0.000000
1.000000
0.000000
nan
0.500000
0.000000
nan
0.000000
nan
nan
nan
nan
0.500000
0.000000
0.000000
0.000000
0.000000
0.000000
nan
nan
0.000000
0.000000
1.000000
1.000000
0.000000
0.000000
0.000000
0.000000
0.000000
0.000000
0.000000
0.000000
1.000000
0.000000
0.000000
0.000000
0.000000
nan
0.000000
0.000000
0.000000
0.000000
nan
0.000000
nan
nan
0.000000
nan
0.000000
nan
0.000000
0.000000
0.000000
0.000000
0.000000
0.000000
nan
0.000000
nan
nan
nan
nan
nan
nan
nan
0.000000
0.000000
0.000000
0.000000
nan
0.000000
nan
nan
nan
0.000000
0.000000
0.000000
nan
nan
nan
0.000000
0.000000
0.000000
0.000000
0.000000
0.000000
nan
nan
nan
0.000000
nan
nan
nan
1.000000
nan
nan
nan
nan
0.000000
1.000000
nan
nan
nan
0.000000
nan
nan
nan
nan
nan
0.000000
0.000000
0.000000
1.000000
nan
0.000000
0.000000
0.000000
0.000000
nan
nan
0.000000
nan
1.000000
nan
nan
nan
nan
nan
nan
nan
0.500000
0.000000
nan
0.000000
nan
1.000000
nan
nan
nan
0.000000
0.000000
nan
0.000000
0.000000
nan
nan
nan
0.000000
0.000000
1.000000
nan
nan
nan
nan
nan
nan
nan
nan
nan
nan
nan
nan
nan
1.000000
0.000000
0.000000
nan
nan
nan
nan
nan
nan
nan
nan
0.000000
0.000000
nan
0.000000
nan
nan
nan
nan
0.000000
nan
0.000000
0.000000
nan
nan
0.000000
0.000000
nan
nan
nan
0.000000
0.000000
0.000000
1.000000
nan
0.000000
nan
0.000000
0.000000
1.000000
nan
0.000000
nan
nan
nan
nan
0.000000
nan
1.000000
nan
1.000000
nan
0.000000
1.000000
0.000000
nan
nan
0.000000
0.000000
0.000000
0.000000
0.000000
0.000000
nan
0.000000
nan
nan
nan
nan
nan
nan
0.000000
nan
nan
nan
nan
0.000000
0.000000
nan
0.282000
0.000000
nan
0.000000
0.563000
nan
0.282000
0.000000
nan
nan
0.000000
nan
0.000000
nan
nan
nan
0.000000
0.000000
nan
0.563000
nan
0.282000
nan
nan
nan
0.282000
nan
0.000000
nan
0.000000
0.563000
nan
0.282000
nan
0.282000
0.282000
nan
nan
0.000000
0.000000
nan
nan
nan
0.282000
nan
0.000000
0.282000
nan
nan
nan
nan
nan
0.000000
0.282000
0.000000
nan
nan
0.282000
0.845000
0.282000
nan
nan
nan
nan
nan
nan
nan
nan
0.423000
0.000000
nan
nan
nan
nan
0.141000
1.000000
nan
nan
0.704000
0.845000
0.282000
nan
nan
nan
nan
1.000000
nan
0.282000
1.000000
nan
nan
0.046000
0.051000
nan
0.044000
0.044000
nan
nan
nan
0.051000
nan
0.046000
nan
nan
nan
nan
0.088000
nan
0.139000
0.130000
nan
0.044000
nan
0.051000
0.148000
0.167000
0.134000
0.162000
0.148000
0.204000
0.491000
0.296000
nan
0.185000
0.139000
0.194000
nan
nan
0.199000
nan
nan
nan
nan
nan
nan
0.463000
0.667000
nan
0.421000
0.421000
0.644000
0.259000
nan
0.481000
0.713000
0.606000
nan
0.773000
nan
nan
0.514000
nan
nan
0.741000
0.574000
0.759000
nan
nan
0.676000
1.000000
nan
0.787000
1.000000
0.991000
nan
0.708000
nan
0.500000
0.833000
nan
0.477000
1.000000
nan
1.000000
nan
0.606000
nan
nan
nan
nan
0.259000
0.701000
nan
nan
0.442000
nan
0.472000
0.675000
0.673000
0.577000
nan
nan
0.358000
nan
nan
nan
nan
0.653000
nan
0.603000
0.655000
0.472000
nan
0.226000
nan
nan
nan
0.258000
nan
0.218000
nan
nan
nan
0.635000
nan
nan
0.500000
nan
nan
nan
0.109000
0.398000
nan
nan
nan
nan
0.675000
nan
nan
0.735000
nan
0.109000
0.316000
0.400000
nan
0.396000
0.450000
nan
nan
0.128000
nan
nan
nan
nan
0.278000
0.176000
nan
0.478000
1.000000
0.635000
0.320000
0.362000
0.400000
0.989000
nan
nan
0.561000
1.000000
nan
nan
nan
nan
0.298000
0.470000
0.529000
0.412000
nan
nan
nan
nan
0.482000
nan
nan
0.120000
0.109000
nan
nan
0.128000
nan
0.134000
nan
nan
nan
nan
nan
nan
nan
nan
nan
0.523000
nan
0.202000
nan
1.000000
nan
nan
0.118000
0.167000
nan
nan
nan
1.000000
0.928000
0.728000
1.000000
nan
nan
0.189000
nan
nan
0.532000
nan
nan
0.167000
nan
0.167000
0.587000
0.445000
nan
nan
0.868000
0.401000
nan
nan
nan
nan
0.358000
0.389000
0.372000
nan
0.701000
0.326000
0.268000
0.428000
nan
nan
nan
0.205000
nan
0.247000
nan
0.283000
nan
nan
1.000000
0.662000
0.723000
0.396000
0.539000
0.493000
0.725000
nan
nan
nan
nan
0.450000
0.266000
nan
0.517000
0.496000
nan
0.447000
nan
0.607000
0.708000
nan
0.515000
0.464000
0.590000
0.604000
0.715000
nan
nan
nan
0.730000
0.476000
nan
0.394000
0.508000
nan
nan
nan
0.824000
nan
nan
nan
nan
nan
nan
0.587000
nan
0.735000
nan
nan
nan
nan
0.686000
0.422000
0.330000
nan
nan
nan
0.384000
0.321000
0.379000
0.365000
0.305000
nan
nan
0.233000
0.233000
0.379000
0.280000
0.479000
nan
nan
nan
0.538000
0.496000
0.475000
nan
0.417000
0.294000
0.397000
0.428000
0.581000
nan
0.693000
0.679000
nan
0.775000
nan
0.949000
nan
0.688000
0.389000
0.476000
0.450000
0.387000
0.612000
0.451000
0.650000
1.000000
nan
nan
nan
nan
nan
0.724000
nan
nan
nan
nan
nan
nan
nan
0.708000
nan
0.723000
0.605000
0.917000
nan
nan
0.644000
nan
nan
nan
nan
0.363000
1.000000
nan
nan
0.670000
0.800000
0.641000
0.614000
0.233000
nan
nan
0.523000
nan
nan
nan
nan
0.683000
0.651000
1.000000
1.000000
nan
nan
0.217000
0.270000
0.640000
0.409000
nan
nan
nan
0.575000
0.834000
1.000000
nan
nan
0.287000
nan
nan
nan
nan
0.751000
nan
0.204000
0.172000
0.623000
0.979000
nan
nan
nan
0.480000
0.536000
nan
nan
0.193000
nan
0.466000
0.570000
nan
nan
nan
nan
0.493000
nan
0.336000
0.374000
nan
0.259000
0.421000
nan
nan
nan
0.443000
0.248000
nan
0.760000
nan
0.351000
0.277000
0.460000
0.413000
0.353000
nan
0.172000
0.172000
0.253000
nan
nan
nan
nan
nan
nan
0.541000
nan
1.000000
0.853000
0.997000
nan
nan
0.248000
0.292000
nan
0.296000
0.420000
nan
nan
nan
nan
0.421000
0.525000
nan
0.673000
nan
nan
0.487000
0.725000
nan
0.347000
nan
0.489000
nan
nan
nan
nan
nan
nan
0.543000
0.430000
0.722000
0.609000
nan
0.652000
0.280000
nan
1.000000
0.710000
nan
nan
nan
0.456000
nan
0.747000
0.573000
nan
0.777000
0.614000
nan
nan
0.216000
0.211000
0.354000
0.505000
nan
nan
nan
nan
nan
nan
0.838000
0.669000
0.699000
0.697000
0.765000
0.880000
nan
0.798000
1.000000
nan
nan
nan
nan
nan
nan
0.857000
0.795000
nan
nan
0.489000
nan
nan
nan
1.000000
nan
nan
nan
0.645000
0.669000
nan
nan
nan
0.592000
nan
nan
0.267000
0.319000
nan
0.582000
nan
nan
0.211000
nan
nan
nan
nan
nan
nan
nan
nan
0.345000
nan
0.546000
nan
0.977000
nan
nan
nan
nan
nan
nan
0.470000
0.437000
nan
0.496000
nan
nan
nan
nan
nan
0.279000
0.211000
nan
0.264000
nan
nan
0.494000
nan
0.458000
nan
0.634000
nan
nan
nan
0.381000
0.216000
0.245000
0.530000
0.490000
0.453000
nan
nan
nan
nan
1.000000
nan
nan
0.503000
0.487000
0.506000
nan
0.455000
0.348000
nan
nan
nan
0.836000
1.000000
nan
nan
nan
0.213000
0.343000
0.194000
0.234000
0.259000
nan
0.293000
nan
nan
nan
nan
nan
nan
nan
nan
1.000000
0.747000
nan
0.180000
0.129000
0.196000
0.202000
nan
nan
nan
nan
nan
nan
nan
nan
0.253000
nan
nan
nan
nan
nan
0.246000
nan
nan
nan
nan
nan
0.495000
nan
0.406000
nan
0.468000
0.289000
nan
0.324000
nan
0.398000
nan
0.331000
0.285000
0.278000
nan
0.383000
nan
nan
0.170000
nan
0.221000
0.202000
nan
0.245000
nan
nan
0.192000
0.200000
nan
nan
0.207000
0.126000
0.091000
0.078000
nan
nan
0.116000
nan
nan
nan
nan
0.089000
nan
nan
nan
0.078000
0.078000
0.386000
nan
nan
1.000000
nan
0.357000
0.416000
0.178000
0.327000
nan
0.951000
0.208000
0.654000
0.416000
nan
nan
nan
nan
nan
nan
nan
0.654000
nan
nan
nan
nan
nan
0.386000
nan
nan
0.357000
0.446000
0.238000
nan
0.624000
nan
nan
nan
0.505000
nan
nan
nan
0.043000
0.178000
nan
nan
nan
0.149000
0.535000
0.357000
nan
0.178000
nan
nan
nan
nan
nan
nan
0.446000
0.267000
nan
0.119000
0.416000
nan
0.594000
0.059000
nan
nan
0.043000
0.297000
nan
nan
0.862000
nan
nan
nan
nan
0.178000
0.059000
0.043000
nan
0.059000
nan
nan
nan
0.089000
nan
1.000000
nan
nan
nan
nan
nan
nan
nan
nan
nan
0.089000
0.119000
nan
nan
nan
0.416000
0.267000
nan
0.416000
nan
0.743000
0.565000
nan
0.594000
0.594000
nan
1.000000
0.267000
0.862000
nan
0.377000
0.514000
nan
nan
0.308000
nan
0.651000
0.514000
nan
1.000000
0.342000
nan
nan
nan
nan
0.377000
0.582000
0.582000
nan
0.411000
nan
0.788000
0.240000
nan
0.445000
1.000000
nan
nan
0.205000
nan
0.445000
nan
0.137000
nan
nan
0.377000
nan
0.582000
1.000000
nan
0.274000
nan
nan
nan
nan
nan
0.068000
0.240000
nan
0.479000
0.205000
nan
0.137000
0.068000
nan
0.925000
0.068000
nan
0.445000
0.103000
nan
0.822000
0.548000
0.548000
0.753000
nan
nan
nan
0.274000
0.171000
0.171000
0.274000
0.342000
nan
0.068000
nan
0.308000
nan
nan
0.137000
nan
0.342000
nan
0.342000
0.240000
0.411000
0.411000
nan
nan
nan
nan
0.308000
0.547000
nan
nan
0.348000
0.299000
nan
0.199000
0.149000
0.348000
nan
0.498000
0.746000
nan
0.249000
0.122000
0.249000
nan
nan
nan
nan
0.398000
nan
0.149000
nan
nan
0.249000
nan
0.597000
nan
0.348000
nan
0.597000
nan
0.498000
0.299000
nan
nan
0.199000
nan
0.547000
nan
nan
0.547000
0.896000
nan
nan
nan
nan
1.000000
nan
0.299000
nan
nan
0.122000
0.299000
0.122000
0.299000
nan
nan
nan
nan
1.000000
0.547000
0.697000
nan
nan
0.448000
0.697000
nan
0.647000
0.249000
nan
nan
nan
0.299000
0.299000
0.796000
nan
0.398000
nan
nan
0.398000
0.249000
nan
nan
nan
1.000000
0.398000
0.498000
nan
0.945000
0.896000
0.398000
0.846000
0.896000
nan
0.396000
0.187000
0.356000
0.198000
0.277000
0.396000
nan
0.534000
0.435000
0.257000
0.317000
0.396000
nan
nan
0.257000
0.237000
0.475000
nan
0.574000
nan
nan
nan
nan
nan
0.495000
0.187000
nan
nan
0.752000
0.396000
0.514000
0.633000
0.554000
nan
nan
0.396000
nan
0.336000
0.376000
0.336000
nan
nan
0.415000
0.534000
0.554000
0.336000
0.514000
0.435000
nan
1.000000
nan
nan
1.000000
0.890000
0.495000
0.989000
0.633000
nan
nan
0.336000
0.455000
0.396000
nan
0.187000
0.673000
0.692000
nan
nan
nan
0.613000
nan
nan
nan
nan
nan
0.950000
0.415000
nan
nan
nan
0.950000
nan
nan
nan
0.653000
1.000000
nan
nan
0.780000
1.000000
nan
0.635000
0.544000
1.000000
0.726000
nan
0.653000
0.817000
0.762000
0.672000
0.544000
nan
0.363000
nan
nan
0.762000
nan
nan
nan
0.581000
0.327000
0.980000
0.327000
0.381000
0.871000
nan
0.617000
0.690000
nan
0.508000
nan
nan
0.490000
nan
nan
nan
0.889000
0.835000
nan
0.690000
0.345000
0.944000
0.835000
0.780000
nan
0.581000
0.907000
nan
nan
nan
0.708000
0.817000
0.526000
0.726000
nan
0.780000
0.744000
nan
nan
nan
nan
0.563000
nan
nan
nan
nan
0.345000
0.181000
0.744000
0.363000
0.399000
0.454000
1.000000
0.181000
0.181000
0.436000
0.181000
0.460000
0.860000
nan
0.300000
0.207000
nan
0.240000
nan
0.760000
0.600000
nan
0.560000
nan
0.640000
0.580000
1.000000
0.880000
0.780000
nan
nan
nan
0.340000
0.460000
0.680000
0.207000
nan
0.700000
0.600000
0.820000
nan
0.380000
nan
nan
nan
0.640000
0.960000
nan
nan
0.320000
nan
nan
nan
nan
0.520000
0.880000
nan
nan
0.460000
nan
nan
0.620000
nan
0.620000
0.500000
nan
nan
0.880000
0.960000
nan
0.480000
1.000000
nan
0.240000
nan
0.360000
nan
nan
0.420000
1.000000
0.500000
nan
0.207000
nan
0.520000
0.500000
0.720000
0.680000
nan
0.520000
0.620000
0.340000
0.780000
0.580000
nan
nan
nan
nan
1.000000
0.860000
0.800000
nan
nan
0.900000
0.640000
1.000000
nan
0.760000
0.660000
nan
1.000000
nan
0.960000
nan
0.720000
0.820000
nan
1.000000
0.760000
nan
nan
0.880000
0.740000
nan
0.600000
nan
0.400000
0.680000
nan
nan
0.640000
0.860000
0.860000
nan
0.600000
nan
0.720000
0.820000
nan
0.540000
0.298000
0.980000
nan
nan
nan
nan
nan
nan
0.320000
nan
nan
0.298000
nan
0.620000
0.560000
nan
0.460000
nan
nan
0.980000
0.298000
nan
nan
0.380000
nan
0.340000
0.860000
nan
0.820000
0.720000
nan
nan
nan
nan
nan
1.000000
0.600000
0.840000
nan
0.540000
0.820000
nan
nan
0.360000
nan
0.720000
0.520000
nan
0.680000
0.500000
nan
0.900000
nan
0.469000
nan
0.986000
0.518000
0.863000
0.543000
nan
nan
0.419000
0.715000
0.691000
0.691000
1.000000
nan
nan
0.395000
nan
nan
nan
0.370000
0.543000
0.419000
0.592000
nan
0.123000
0.617000
0.370000
nan
nan
nan
1.000000
nan
0.321000
nan
0.123000
nan
0.271000
0.937000
0.419000
nan
nan
0.123000
nan
nan
nan
0.222000
nan
1.000000
0.740000
0.197000
0.148000
0.148000
0.197000
0.022000
0.022000
0.099000
0.099000
0.022000
0.049000
0.123000
0.173000
0.321000
0.222000
nan
0.271000
0.395000
0.296000
nan
nan
0.395000
0.641000
nan
0.123000
nan
nan
nan
0.567000
nan
0.271000
0.674000
nan
0.587000
0.587000
0.587000
0.792000
0.645000
nan
nan
nan
nan
0.528000
nan
0.968000
0.938000
0.528000
nan
0.411000
0.587000
nan
nan
1.000000
nan
0.938000
nan
0.938000
0.290000
nan
nan
0.381000
nan
0.587000
1.000000
nan
0.411000
nan
0.704000
nan
0.499000
1.000000
0.792000
0.938000
0.850000
nan
nan
nan
0.762000
0.733000
0.733000
nan
0.440000
0.352000
0.290000
0.290000
nan
0.762000
0.762000
0.938000
0.762000
nan
nan
nan
nan
nan
0.674000
0.850000
nan
0.485000
nan
0.381000
nan
nan
0.832000
nan
0.416000
0.728000
nan
nan
0.555000
0.925000
nan
nan
nan
nan
0.867000
nan
0.896000
nan
nan
0.797000
0.832000
nan
nan
nan
nan
0.480000
nan
nan
nan
0.760000
1.000000
nan
0.800000
1.000000
0.440000
nan
0.520000
nan
0.320000
nan
0.320000
nan
nan
nan
0.520000
0.680000
nan
0.760000
0.360000
nan
0.280000
0.440000
0.280000
0.240000
0.036000
nan
0.160000
nan
nan
nan
nan
0.480000
nan
nan
0.200000
0.240000
nan
0.320000
0.440000
nan
nan
0.360000
nan
nan
0.320000
0.320000
nan
nan
0.080000
0.036000
nan
nan
0.400000
0.480000
0.320000
0.440000
nan
nan
0.400000
nan
0.200000
0.080000
0.200000
0.160000
nan
0.036000
