Coverage: 44443.012704
0.000000
0.000000
0.182000
nan
0.455000
nan
0.909000
0.909000
0.545000
0.273000
nan
0.364000
0.182000
0.364000
0.000000
0.182000
nan
nan
0.182000
nan
nan
nan
0.273000
0.273000
0.182000
0.727000
0.455000
nan
0.636000
nan
0.455000
0.182000
nan
0.909000
0.545000
1.000000
0.545000
0.182000
0.273000
0.909000
0.364000
0.364000
0.909000
0.000000
0.273000
nan
1.000000
0.364000
0.909000
nan
0.909000
1.000000
0.273000
0.818000
nan
nan
0.636000
0.727000
nan
nan
1.000000
0.636000
nan
0.182000
nan
nan
0.091000
nan
nan
0.182000
0.545000
0.818000
nan
0.667000
nan
0.389000
0.444000
nan
0.333000
0.389000
0.444000
nan
nan
nan
0.278000
0.167000
0.722000
nan
nan
nan
nan
0.278000
0.556000
0.111000
0.222000
0.500000
nan
0.500000
0.833000
1.000000
nan
0.111000
0.167000
0.111000
1.000000
nan
0.444000
0.222000
0.333000
0.722000
0.556000
nan
0.500000
nan
nan
0.111000
0.778000
nan
0.333000
nan
0.167000
0.111000
0.278000
nan
nan
nan
nan
0.500000
nan
nan
0.111000
nan
0.389000
0.167000
0.333000
0.778000
0.389000
nan
nan
nan
nan
0.389000
nan
nan
0.389000
nan
0.222000
0.611000
1.000000
0.833000
nan
0.278000
nan
nan
1.000000
0.722000
0.444000
0.643000
0.643000
nan
0.357000
1.000000
0.286000
nan
nan
0.357000
nan
0.286000
0.286000
nan
0.286000
nan
0.714000
0.429000
0.500000
0.429000
nan
0.929000
0.286000
0.429000
nan
0.571000
0.143000
0.714000
0.214000
nan
nan
nan
0.143000
nan
nan
nan
0.357000
1.000000
1.000000
nan
0.286000
nan
nan
nan
0.429000
0.714000
0.500000
nan
nan
0.929000
0.357000
nan
nan
0.357000
0.500000
0.357000
0.571000
nan
0.571000
0.571000
0.786000
nan
nan
0.643000
0.286000
nan
0.214000
0.571000
nan
nan
0.143000
nan
nan
0.643000
0.571000
nan
0.571000
nan
0.143000
0.500000
1.000000
nan
nan
0.357000
nan
0.429000
nan
0.206000
nan
0.687000
nan
0.962000
nan
nan
0.687000
1.000000
0.619000
0.481000
0.137000
0.481000
0.275000
0.412000
0.962000
0.412000
0.962000
0.550000
0.619000
0.344000
nan
0.687000
0.206000
0.893000
0.275000
nan
nan
nan
nan
nan
nan
nan
nan
0.206000
nan
nan
0.481000
0.619000
1.000000
nan
nan
nan
nan
0.275000
nan
nan
0.137000
nan
0.412000
1.000000
0.481000
0.344000
0.344000
0.962000
0.687000
nan
0.687000
0.412000
0.137000
0.275000
0.137000
0.550000
0.756000
0.481000
0.962000
nan
0.275000
0.825000
0.550000
0.481000
0.550000
nan
0.481000
0.275000
nan
nan
nan
0.221000
0.110000
1.000000
0.608000
0.939000
nan
nan
nan
nan
0.718000
0.663000
0.221000
1.000000
nan
nan
0.442000
0.331000
0.276000
nan
0.552000
nan
0.387000
nan
nan
nan
nan
nan
nan
1.000000
0.939000
nan
0.497000
nan
0.276000
0.331000
0.387000
0.663000
0.221000
nan
nan
nan
nan
0.331000
nan
0.331000
nan
0.276000
0.110000
nan
nan
nan
0.387000
0.387000
nan
nan
0.110000
0.276000
0.497000
0.166000
0.276000
0.718000
0.608000
nan
nan
nan
0.221000
nan
nan
0.497000
nan
0.663000
nan
nan
0.110000
nan
0.276000
0.331000
nan
nan
nan
nan
0.110000
0.884000
nan
0.718000
0.387000
nan
0.497000
0.497000
nan
nan
nan
0.387000
0.718000
0.663000
1.000000
0.841000
0.360000
1.000000
0.000000
0.420000
0.901000
0.661000
nan
nan
0.420000
0.601000
0.781000
nan
0.060000
0.180000
0.000000
0.000000
0.360000
0.120000
nan
nan
nan
0.360000
nan
0.661000
nan
nan
nan
0.240000
0.901000
0.420000
nan
0.180000
0.480000
0.841000
nan
1.000000
0.060000
nan
nan
nan
nan
nan
0.300000
nan
0.120000
0.060000
0.360000
nan
0.420000
0.120000
nan
nan
nan
nan
nan
0.601000
0.360000
nan
0.360000
0.120000
0.000000
0.240000
0.000000
nan
nan
nan
0.661000
nan
0.541000
nan
0.480000
0.120000
nan
0.300000
0.480000
0.180000
0.060000
0.180000
0.300000
0.000000
nan
0.900000
nan
nan
nan
0.100000
0.400000
0.300000
nan
0.600000
0.600000
nan
0.600000
0.200000
0.200000
0.000000
nan
0.000000
nan
nan
0.000000
0.200000
0.000000
0.500000
nan
0.200000
nan
nan
nan
nan
nan
0.400000
0.100000
nan
0.400000
0.400000
0.200000
0.300000
1.000000
nan
0.300000
0.200000
1.000000
0.800000
0.700000
0.200000
0.400000
0.500000
0.700000
nan
0.300000
nan
nan
0.100000
nan
0.100000
0.300000
nan
0.500000
0.200000
nan
nan
0.400000
0.400000
0.600000
0.800000
nan
1.000000
nan
0.800000
0.100000
nan
nan
nan
0.200000
0.400000
1.000000
nan
0.500000
0.358000
nan
nan
0.478000
nan
0.239000
0.716000
0.478000
0.119000
0.836000
nan
nan
1.000000
nan
0.239000
nan
nan
0.478000
nan
nan
0.478000
0.119000
0.597000
nan
nan
0.239000
0.358000
nan
nan
nan
nan
0.119000
nan
0.060000
nan
0.716000
nan
0.060000
1.000000
0.836000
0.239000
nan
0.716000
0.299000
0.836000
nan
nan
0.836000
nan
nan
0.657000
1.000000
nan
0.027000
nan
0.027000
0.299000
0.478000
nan
nan
0.478000
0.299000
nan
0.776000
nan
0.418000
0.836000
nan
0.119000
nan
0.179000
nan
nan
nan
0.027000
0.418000
nan
nan
0.776000
nan
0.657000
nan
nan
0.836000
nan
nan
0.597000
0.716000
0.358000
0.657000
nan
0.239000
0.119000
0.664000
0.853000
nan
nan
nan
nan
0.853000
nan
0.569000
0.569000
1.000000
0.758000
0.664000
0.569000
0.474000
0.758000
nan
0.758000
nan
0.190000
nan
0.474000
0.284000
0.190000
nan
1.000000
nan
nan
0.190000
nan
0.474000
0.948000
0.284000
nan
0.095000
nan
0.758000
0.284000
nan
0.474000
0.000000
0.000000
nan
nan
0.000000
nan
nan
nan
nan
nan
0.000000
nan
0.190000
nan
nan
nan
0.190000
0.095000
nan
0.000000
nan
nan
nan
0.000000
nan
0.095000
0.190000
nan
0.284000
0.095000
0.000000
0.284000
nan
nan
0.095000
1.000000
nan
0.284000
nan
0.000000
nan
nan
0.000000
0.379000
0.190000
nan
0.284000
nan
nan
0.000000
nan
nan
0.379000
1.000000
nan
nan
nan
nan
0.000000
nan
0.000000
0.000000
nan
1.000000
nan
nan
nan
nan
nan
nan
nan
nan
0.000000
nan
0.000000
nan
0.000000
0.000000
nan
1.000000
nan
0.000000
nan
1.000000
nan
nan
1.000000
0.000000
nan
0.000000
nan
nan
nan
0.000000
0.000000
0.000000
nan
0.000000
nan
0.000000
1.000000
0.000000
0.000000
nan
nan
1.000000
nan
nan
nan
0.000000
nan
nan
0.000000
1.000000
0.000000
0.000000
0.000000
1.000000
nan
nan
0.000000
nan
0.000000
1.000000
1.000000
nan
0.000000
1.000000
1.000000
0.000000
nan
nan
nan
nan
nan
0.000000
0.000000
0.000000
1.000000
nan
nan
nan
nan
nan
nan
nan
nan
nan
nan
nan
nan
0.500000
1.000000
nan
1.000000
nan
nan
nan
nan
nan
nan
0.000000
0.500000
1.000000
nan
nan
0.000000
0.000000
0.000000
0.038000
nan
nan
nan
nan
0.000000
nan
0.038000
nan
nan
nan
nan
nan
nan
nan
0.076000
nan
0.000000
0.000000
0.000000
nan
0.019000
nan
0.038000
0.000000
0.038000
nan
nan
nan
nan
nan
nan
nan
0.000000
nan
nan
0.000000
0.000000
nan
0.000000
0.076000
0.000000
nan
nan
0.000000
0.076000
0.038000
nan
0.038000
nan
nan
nan
0.038000
nan
0.019000
nan
0.038000
nan
0.000000
0.019000
0.038000
nan
nan
nan
0.057000
nan
nan
nan
0.000000
nan
nan
0.113000
nan
nan
0.095000
nan
nan
nan
nan
0.151000
nan
0.340000
0.189000
nan
nan
0.170000
0.454000
nan
0.076000
0.095000
0.473000
0.208000
0.416000
0.132000
nan
0.189000
0.718000
nan
1.000000
1.000000
0.813000
1.000000
nan
0.039000
0.039000
nan
0.040000
0.048000
0.039000
0.068000
nan
0.052000
nan
0.042000
0.094000
nan
0.088000
0.042000
0.063000
0.295000
0.330000
0.071000
nan
nan
nan
0.080000
nan
nan
0.396000
nan
0.096000
0.092000
nan
0.072000
0.059000
0.070000
0.145000
0.136000
0.147000
nan
nan
0.092000
0.190000
0.146000
0.860000
nan
nan
0.152000
nan
0.146000
nan
0.186000
0.185000
1.000000
nan
nan
0.156000
0.240000
nan
0.211000
0.250000
0.233000
0.249000
nan
nan
nan
nan
nan
0.189000
nan
nan
1.000000
1.000000
nan
nan
0.186000
0.303000
0.160000
nan
nan
nan
nan
0.158000
nan
0.209000
nan
nan
nan
nan
nan
nan
nan
nan
nan
nan
nan
0.329000
0.665000
0.026000
0.029000
0.026000
0.028000
nan
nan
nan
0.034000
nan
nan
nan
nan
nan
nan
0.076000
nan
nan
nan
0.029000
nan
nan
nan
nan
0.094000
0.125000
nan
0.048000
0.039000
0.050000
0.037000
nan
nan
0.050000
0.026000
0.966000
nan
nan
0.045000
0.044000
1.000000
0.087000
nan
nan
nan
nan
0.064000
0.094000
nan
0.087000
0.062000
0.063000
nan
nan
nan
1.000000
0.073000
0.085000
nan
nan
nan
nan
0.060000
0.071000
0.128000
nan
nan
nan
0.106000
nan
0.084000
nan
0.124000
0.054000
0.057000
0.083000
0.067000
nan
0.070000
0.052000
0.057000
nan
nan
nan
nan
nan
nan
nan
1.000000
nan
nan
nan
0.131000
nan
nan
nan
0.097000
0.086000
nan
0.063000
nan
nan
0.067000
0.061000
0.100000
nan
nan
nan
0.068000
0.611000
nan
0.399000
nan
0.822000
nan
nan
0.465000
nan
nan
nan
nan
nan
1.000000
nan
nan
nan
1.000000
1.000000
0.379000
nan
nan
nan
1.000000
nan
0.305000
nan
nan
0.649000
0.443000
0.342000
0.069000
0.504000
0.131000
nan
nan
nan
0.329000
0.312000
nan
0.376000
nan
nan
nan
nan
nan
nan
0.046000
nan
0.046000
nan
nan
0.373000
nan
0.065000
nan
0.046000
0.195000
nan
nan
nan
nan
nan
nan
nan
nan
nan
nan
nan
0.522000
nan
0.215000
nan
0.085000
nan
nan
nan
0.191000
0.160000
0.220000
0.121000
0.138000
0.107000
0.098000
0.091000
0.135000
0.096000
nan
0.096000
nan
nan
0.282000
nan
nan
nan
nan
nan
nan
0.159000
0.161000
nan
0.135000
nan
nan
nan
0.205000
nan
0.418000
0.170000
0.072000
0.200000
0.109000
0.176000
0.194000
nan
nan
0.102000
0.102000
nan
nan
nan
0.273000
nan
0.696000
0.323000
nan
nan
0.112000
nan
nan
0.102000
nan
nan
nan
nan
0.411000
0.217000
nan
nan
nan
0.117000
nan
nan
nan
nan
0.117000
nan
nan
nan
0.152000
nan
nan
0.217000
0.256000
0.468000
nan
0.442000
nan
0.294000
nan
nan
nan
0.638000
0.266000
0.434000
0.418000
nan
0.682000
0.638000
nan
0.471000
nan
0.685000
0.301000
0.237000
0.235000
nan
nan
nan
nan
nan
nan
0.770000
0.925000
nan
0.601000
nan
0.546000
0.671000
nan
0.656000
nan
0.958000
0.908000
0.929000
1.000000
0.641000
0.382000
nan
0.427000
nan
0.220000
0.247000
0.236000
nan
nan
0.342000
nan
nan
nan
0.855000
nan
0.696000
nan
1.000000
1.000000
nan
0.326000
0.077000
0.190000
nan
nan
0.143000
nan
nan
nan
nan
nan
nan
nan
nan
nan
nan
0.089000
nan
nan
nan
nan
nan
nan
0.077000
nan
nan
nan
nan
nan
nan
nan
0.753000
0.375000
0.325000
nan
nan
0.439000
nan
nan
nan
nan
1.000000
0.954000
nan
nan
0.127000
0.166000
nan
0.169000
0.110000
0.325000
nan
0.477000
nan
0.113000
0.235000
nan
nan
nan
0.523000
nan
nan
0.394000
0.319000
nan
nan
nan
nan
0.727000
0.600000
nan
nan
nan
0.246000
nan
nan
0.121000
nan
nan
nan
0.652000
0.918000
0.855000
0.635000
nan
nan
nan
0.304000
nan
nan
nan
nan
0.152000
nan
nan
nan
nan
nan
0.089000
0.188000
0.265000
0.135000
0.096000
0.143000
0.232000
1.000000
0.250000
nan
1.000000
nan
0.174000
0.132000
0.077000
0.168000
0.162000
0.301000
nan
nan
0.136000
nan
nan
0.286000
nan
0.207000
0.211000
0.144000
nan
0.189000
0.181000
nan
0.060000
1.000000
1.000000
nan
nan
0.606000
nan
nan
nan
0.077000
0.076000
0.104000
nan
nan
nan
nan
nan
0.812000
0.220000
0.093000
0.130000
0.082000
0.162000
0.206000
nan
nan
0.203000
0.129000
nan
nan
0.135000
0.131000
0.184000
nan
nan
0.165000
nan
nan
nan
0.977000
0.955000
nan
nan
0.052000
0.087000
0.233000
nan
nan
0.107000
0.194000
nan
nan
nan
nan
nan
nan
nan
nan
nan
nan
nan
nan
nan
nan
nan
nan
nan
0.287000
nan
nan
nan
nan
nan
nan
nan
nan
nan
1.000000
nan
nan
nan
nan
0.911000
0.080000
0.127000
0.126000
0.054000
nan
0.052000
0.075000
0.052000
nan
0.331000
nan
0.128000
0.140000
nan
nan
nan
0.180000
nan
nan
0.118000
nan
0.233000
nan
0.177000
nan
nan
0.129000
nan
0.273000
0.154000
nan
0.583000
0.312000
0.426000
nan
nan
nan
nan
nan
0.440000
0.581000
nan
nan
nan
nan
nan
nan
nan
nan
0.885000
nan
nan
0.121000
0.091000
0.803000
nan
0.219000
0.153000
nan
nan
nan
nan
nan
1.000000
0.275000
nan
nan
0.532000
0.601000
nan
nan
nan
nan
0.344000
0.309000
nan
0.241000
0.188000
nan
nan
0.445000
0.235000
nan
nan
0.196000
0.298000
nan
nan
nan
nan
0.162000
nan
nan
1.000000
nan
0.613000
0.443000
0.734000
0.354000
nan
nan
nan
0.096000
nan
nan
nan
0.613000
0.222000
nan
nan
nan
0.175000
0.277000
nan
0.685000
0.804000
1.000000
nan
0.246000
0.137000
nan
0.091000
nan
0.178000
0.091000
0.850000
0.963000
nan
0.196000
0.185000
nan
nan
0.187000
nan
0.138000
nan
nan
0.267000
0.095000
nan
nan
nan
0.865000
1.000000
0.179000
nan
nan
nan
1.000000
nan
nan
nan
nan
nan
nan
nan
nan
nan
nan
nan
nan
nan
0.433000
0.724000
nan
0.184000
nan
0.310000
nan
0.184000
nan
nan
nan
0.535000
0.746000
0.386000
nan
0.509000
0.649000
0.411000
0.377000
nan
nan
nan
0.457000
0.506000
0.476000
nan
0.332000
nan
nan
0.483000
0.625000
0.484000
nan
nan
0.122000
0.219000
nan
nan
nan
0.135000
0.164000
nan
nan
0.087000
0.182000
nan
0.055000
0.061000
0.110000
nan
0.207000
nan
0.141000
0.105000
nan
0.087000
0.080000
nan
0.055000
nan
nan
0.520000
nan
nan
0.080000
0.055000
nan
nan
0.060000
0.066000
nan
0.114000
1.000000
0.087000
0.084000
nan
1.000000
nan
0.886000
0.982000
nan
0.596000
nan
0.515000
0.322000
0.548000
nan
1.000000
0.934000
0.886000
1.000000
0.596000
nan
nan
0.435000
nan
0.725000
nan
0.209000
0.322000
0.242000
0.274000
0.258000
nan
nan
0.129000
nan
nan
nan
0.419000
0.290000
nan
0.306000
0.338000
0.242000
nan
0.274000
nan
nan
nan
nan
nan
nan
nan
nan
nan
nan
nan
nan
nan
nan
nan
nan
nan
0.322000
nan
nan
0.145000
0.580000
nan
nan
nan
nan
nan
nan
nan
0.161000
nan
0.193000
0.258000
0.113000
0.225000
0.104000
nan
nan
0.113000
0.129000
0.113000
0.129000
0.225000
nan
0.225000
nan
0.242000
nan
nan
nan
0.104000
nan
0.193000
0.104000
0.177000
0.950000
nan
nan
nan
nan
nan
nan
nan
nan
nan
nan
nan
nan
nan
0.145000
nan
0.258000
nan
nan
nan
nan
nan
0.129000
0.841000
0.175000
0.490000
nan
0.876000
nan
0.771000
nan
0.806000
nan
nan
0.490000
nan
nan
0.525000
0.701000
nan
nan
0.210000
0.175000
nan
nan
nan
nan
0.140000
0.525000
0.385000
nan
0.102000
0.420000
nan
0.175000
nan
nan
nan
nan
0.876000
nan
nan
nan
nan
nan
nan
nan
0.701000
nan
nan
0.385000
nan
0.140000
0.420000
0.315000
nan
nan
nan
0.946000
1.000000
nan
nan
nan
0.701000
0.630000
1.000000
nan
nan
nan
0.806000
nan
nan
nan
0.560000
nan
0.525000
nan
0.102000
nan
nan
nan
0.701000
nan
0.210000
nan
nan
0.665000
nan
0.876000
nan
nan
nan
nan
nan
nan
0.595000
nan
nan
0.245000
1.000000
nan
nan
nan
nan
0.665000
nan
0.736000
0.525000
nan
nan
nan
0.560000
nan
0.560000
0.102000
0.245000
0.630000
nan
0.490000
0.525000
nan
0.981000
1.000000
nan
0.366000
nan
nan
0.524000
0.628000
nan
nan
nan
0.314000
nan
nan
nan
0.576000
0.314000
nan
0.157000
nan
0.471000
0.419000
nan
nan
0.314000
nan
nan
nan
0.785000
0.262000
0.492000
0.711000
nan
0.711000
0.109000
0.383000
nan
nan
nan
1.000000
nan
0.765000
nan
nan
1.000000
0.601000
nan
0.601000
0.328000
nan
0.971000
0.109000
0.711000
0.383000
0.328000
0.081000
nan
nan
0.711000
nan
0.656000
0.601000
0.601000
nan
nan
nan
0.492000
0.437000
nan
0.273000
0.547000
nan
0.328000
0.547000
0.711000
nan
0.383000
nan
0.109000
0.875000
0.875000
0.929000
nan
nan
0.820000
nan
0.164000
nan
nan
0.164000
nan
0.219000
0.399000
0.000000
nan
0.342000
nan
0.228000
0.342000
0.000000
nan
nan
nan
0.000000
0.171000
nan
0.228000
0.000000
0.342000
nan
nan
nan
0.000000
0.000000
