Coverage: 398280.582524
nan
nan
nan
0.024000
nan
nan
nan
nan
nan
nan
nan
0.034000
nan
0.067000
nan
nan
nan
nan
nan
0.048000
nan
nan
0.077000
nan
nan
0.025000
nan
0.016000
nan
0.014000
nan
nan
nan
nan
nan
nan
0.096000
nan
0.459000
0.022000
nan
nan
0.011000
0.008000
nan
nan
1.000000
nan
nan
0.937000
0.149000
0.187000
0.023000
0.025000
nan
nan
0.699000
1.000000
nan
0.152000
0.100000
0.134000
0.112000
0.224000
nan
0.040000
0.862000
nan
nan
0.026000
nan
0.093000
nan
0.080000
nan
nan
0.056000
0.041000
0.029000
nan
nan
nan
nan
nan
nan
0.041000
0.057000
1.000000
nan
nan
0.017000
0.016000
0.016000
0.101000
nan
0.072000
nan
0.028000
nan
0.012000
0.010000
0.008000
0.008000
