Coverage: 18390.343699
0.067000
0.067000
nan
nan
nan
nan
nan
1.000000
0.632000
0.726000
0.669000
nan
0.632000
0.839000
nan
nan
0.349000
0.113000
0.067000
nan
0.104000
nan
0.405000
0.537000
nan
nan
0.528000
nan
nan
nan
1.000000
nan
0.651000
nan
nan
nan
0.377000
nan
nan
nan
1.000000
0.641000
0.669000
0.641000
0.566000
nan
nan
0.632000
0.802000
nan
0.556000
nan
nan
0.726000
0.519000
0.839000
0.802000
nan
0.943000
nan
0.613000
0.651000
0.764000
nan
nan
0.783000
nan
nan
nan
0.603000
0.594000
0.839000
nan
0.830000
0.415000
nan
0.717000
0.707000
nan
0.641000
nan
0.490000
0.585000
0.556000
nan
nan
nan
nan
nan
0.519000
nan
0.311000
nan
nan
0.509000
0.358000
0.545000
0.664000
nan
nan
0.614000
0.275000
0.614000
0.416000
nan
nan
nan
0.327000
0.654000
0.624000
0.485000
0.406000
0.773000
nan
nan
0.644000
nan
0.446000
0.515000
0.456000
nan
nan
nan
nan
nan
0.921000
nan
1.000000
0.396000
nan
0.466000
0.614000
0.485000
nan
0.575000
0.901000
0.515000
nan
0.594000
0.872000
0.783000
0.466000
0.713000
nan
nan
0.337000
nan
nan
0.297000
0.347000
0.862000
0.456000
0.842000
0.931000
0.951000
0.575000
0.297000
0.275000
nan
nan
0.723000
0.931000
nan
1.000000
nan
nan
0.327000
1.000000
nan
nan
0.456000
nan
0.822000
0.654000
0.275000
nan
nan
nan
nan
0.274000
0.274000
nan
nan
nan
nan
0.401000
nan
0.504000
0.569000
0.575000
nan
nan
0.556000
0.653000
nan
0.569000
nan
nan
nan
0.537000
0.679000
0.860000
0.310000
0.517000
nan
0.808000
0.595000
nan
0.543000
0.556000
nan
nan
0.491000
0.317000
0.330000
0.718000
nan
nan
0.672000
0.866000
nan
nan
0.537000
nan
nan
0.653000
nan
0.362000
nan
0.310000
0.388000
0.989000
nan
0.769000
0.938000
nan
0.724000
1.000000
nan
nan
0.498000
0.517000
0.873000
0.595000
0.601000
nan
nan
nan
nan
0.285000
0.274000
0.815000
1.000000
0.543000
0.459000
nan
0.847000
0.304000
1.000000
0.634000
nan
0.485000
0.546000
0.329000
0.576000
0.470000
nan
nan
nan
0.635000
0.635000
0.840000
nan
0.740000
nan
nan
nan
0.300000
0.300000
nan
nan
nan
nan
0.458000
nan
0.652000
0.300000
nan
0.588000
0.523000
0.417000
0.729000
0.593000
nan
0.711000
nan
nan
0.464000
nan
nan
0.546000
0.405000
nan
nan
0.664000
0.635000
nan
nan
nan
0.464000
0.476000
nan
nan
0.693000
nan
nan
0.635000
nan
0.423000
nan
nan
nan
nan
0.793000
nan
0.576000
nan
0.429000
0.588000
0.505000
1.000000
0.494000
nan
nan
nan
nan
nan
0.576000
0.599000
nan
0.576000
0.922000
0.781000
0.599000
nan
nan
0.364000
nan
0.670000
nan
nan
nan
nan
nan
0.717000
1.000000
nan
0.523000
1.000000
0.505000
nan
0.770000
0.266000
0.413000
0.331000
0.181000
nan
0.242000
0.362000
0.455000
0.330000
nan
0.174000
nan
nan
0.218000
0.461000
0.362000
0.369000
0.262000
0.285000
nan
0.379000
0.326000
0.445000
0.435000
0.554000
nan
nan
nan
0.735000
0.233000
0.405000
nan
0.334000
0.261000
nan
nan
0.250000
0.266000
0.638000
0.636000
nan
0.644000
nan
0.201000
0.230000
0.241000
0.174000
0.575000
0.740000
nan
1.000000
nan
0.286000
nan
nan
nan
nan
0.600000
nan
0.748000
0.844000
nan
0.590000
0.611000
nan
nan
0.891000
0.174000
nan
nan
nan
nan
nan
nan
nan
nan
0.402000
nan
nan
1.000000
0.997000
1.000000
nan
0.668000
0.254000
0.123000
0.123000
0.174000
0.339000
0.409000
0.655000
nan
0.649000
0.168000
0.168000
nan
0.381000
nan
0.702000
nan
nan
nan
0.950000
0.722000
nan
nan
nan
nan
0.196000
nan
nan
0.448000
0.443000
0.958000
nan
nan
nan
0.786000
nan
0.427000
0.429000
nan
0.406000
0.516000
0.451000
nan
nan
nan
0.311000
0.312000
0.491000
nan
nan
0.548000
1.000000
0.748000
nan
nan
nan
nan
nan
nan
0.992000
nan
nan
nan
nan
0.624000
0.455000
0.553000
nan
0.589000
0.657000
nan
nan
nan
nan
nan
0.305000
0.340000
nan
0.611000
nan
0.128000
nan
nan
nan
0.204000
0.273000
0.852000
nan
nan
nan
0.204000
0.197000
1.000000
nan
nan
0.327000
nan
nan
0.108000
nan
1.000000
0.423000
0.634000
1.000000
0.562000
0.606000
0.267000
nan
0.194000
nan
nan
0.538000
0.218000
0.156000
0.449000
nan
nan
0.153000
0.148000
0.141000
0.733000
nan
nan
nan
nan
0.216000
0.457000
nan
0.449000
0.404000
nan
0.291000
0.230000
nan
0.106000
nan
0.284000
nan
nan
0.237000
0.256000
nan
nan
nan
0.285000
0.335000
nan
nan
0.281000
0.288000
0.293000
nan
nan
0.259000
0.187000
0.198000
0.134000
0.296000
nan
nan
0.171000
0.158000
0.145000
0.134000
0.092000
0.092000
