Coverage: 20106.557377
0.121000
0.121000
nan
0.607000
0.246000
nan
nan
nan
nan
0.203000
nan
0.121000
nan
nan
1.000000
nan
nan
nan
0.200000
0.516000
0.607000
0.610000
0.388000
nan
nan
0.179000
0.197000
0.373000
nan
nan
0.555000
0.328000
nan
nan
nan
0.370000
nan
nan
nan
0.279000
0.240000
nan
0.252000
0.218000
nan
nan
nan
nan
0.325000
1.000000
nan
0.143000
0.143000
0.273000
nan
nan
0.419000
nan
0.598000
0.340000
nan
0.652000
nan
nan
0.231000
nan
nan
0.434000
nan
nan
nan
0.456000
0.545000
0.725000
0.906000
nan
0.981000
0.431000
0.627000
0.817000
nan
nan
0.893000
nan
nan
0.231000
nan
nan
0.206000
nan
nan
0.237000
0.453000
nan
1.000000
0.779000
nan
0.602000
0.687000
nan
nan
nan
nan
0.858000
0.779000
nan
0.888000
nan
nan
nan
0.795000
0.660000
nan
0.389000
nan
nan
nan
0.412000
nan
nan
0.406000
nan
nan
nan
0.133000
nan
1.000000
0.201000
nan
0.195000
nan
nan
0.139000
0.185000
nan
0.133000
nan
0.162000
nan
0.881000
nan
nan
nan
nan
nan
nan
0.907000
nan
0.759000
nan
0.386000
nan
0.247000
nan
0.155000
0.452000
nan
nan
0.244000
nan
nan
nan
0.690000
nan
nan
nan
nan
0.544000
0.459000
nan
nan
0.515000
0.389000
0.370000
0.261000
nan
0.221000
nan
nan
nan
0.133000
nan
nan
