Coverage: 3446.052632
0.159000
nan
nan
0.159000
0.535000
0.624000
0.475000
0.208000
nan
nan
nan
0.267000
0.951000
nan
nan
0.594000
nan
nan
nan
nan
nan
0.416000
0.565000
0.535000
nan
0.357000
nan
0.475000
nan
0.238000
nan
nan
0.505000
0.416000
nan
nan
nan
0.446000
nan
nan
nan
nan
0.862000
1.000000
0.654000
0.684000
0.535000
0.594000
nan
0.159000
0.505000
nan
nan
0.297000
0.475000
nan
nan
1.000000
0.505000
nan
nan
nan
0.297000
nan
nan
nan
nan
0.357000
nan
nan
0.862000
nan
0.416000
nan
0.357000
0.743000
0.594000
0.862000
0.654000
nan
nan
nan
nan
0.505000
nan
nan
nan
1.000000
nan
0.594000
nan
0.594000
0.654000
nan
0.416000
0.565000
nan
nan
0.505000
0.594000
0.773000
nan
0.921000
nan
nan
0.572000
nan
0.199000
0.697000
nan
nan
nan
nan
nan
0.124000
nan
0.448000
0.945000
nan
nan
0.189000
0.081000
0.270000
0.459000
nan
nan
0.486000
0.405000
0.405000
0.405000
0.567000
nan
nan
nan
nan
nan
nan
0.189000
0.243000
1.000000
0.486000
nan
1.000000
nan
nan
nan
nan
nan
nan
0.675000
nan
0.243000
0.054000
nan
nan
0.270000
0.513000
nan
0.081000
0.270000
nan
nan
0.270000
0.054000
nan
0.324000
0.405000
0.621000
nan
nan
0.675000
nan
nan
nan
0.621000
0.621000
0.270000
nan
nan
0.513000
nan
nan
nan
nan
nan
0.054000
nan
nan
0.351000
nan
nan
nan
0.243000
0.054000
nan
nan
1.000000
nan
nan
0.216000
0.054000
0.108000
nan
nan
nan
nan
0.243000
0.270000
0.513000
nan
0.216000
nan
0.270000
nan
nan
0.466000
0.291000
0.582000
nan
nan
0.495000
0.291000
nan
nan
0.582000
nan
nan
nan
