Coverage: 571.538462
nan
nan
nan
nan
nan
nan
nan
nan
nan
nan
nan
nan
nan
nan
nan
nan
nan
nan
nan
nan
nan
nan
nan
nan
nan
0.769000
nan
0.769000
0.000000
0.000000
nan
nan
nan
0.385000
0.000000
0.000000
0.769000
0.000000
0.385000
0.000000
nan
nan
nan
nan
0.000000
nan
0.000000
0.000000
0.000000
0.000000
0.000000
nan
nan
0.000000
nan
0.000000
0.000000
0.385000
0.000000
0.000000
0.000000
0.385000
0.385000
nan
0.385000
0.385000
nan
nan
1.000000
nan
nan
nan
0.000000
nan
nan
nan
nan
1.000000
0.000000
nan
0.000000
nan
nan
nan
nan
0.000000
nan
0.385000
0.070000
0.070000
nan
0.000000
0.000000
0.245000
nan
nan
nan
0.210000
nan
nan
nan
0.105000
0.000000
0.070000
0.070000
nan
0.140000
nan
0.035000
0.105000
0.315000
nan
nan
nan
0.000000
0.140000
nan
0.280000
0.315000
0.070000
0.280000
nan
nan
nan
nan
0.000000
1.000000
nan
nan
nan
nan
nan
nan
nan
nan
nan
0.736000
nan
0.385000
nan
0.981000
0.210000
0.560000
nan
nan
nan
nan
0.210000
nan
0.175000
nan
nan
0.455000
nan
nan
0.560000
0.841000
0.665000
1.000000
0.210000
0.280000
nan
nan
nan
0.665000
0.315000
0.665000
0.350000
0.385000
nan
nan
nan
nan
nan
0.841000
0.560000
0.701000
nan
0.665000
0.175000
0.841000
0.946000
nan
1.000000
0.946000
nan
nan
nan
0.288000
0.360000
nan
nan
nan
0.432000
nan
nan
nan
0.721000
0.613000
nan
0.324000
nan
0.288000
nan
nan
nan
nan
0.505000
nan
1.000000
nan
1.000000
0.396000
0.396000
0.396000
0.324000
0.180000
nan
nan
0.324000
0.685000
nan
nan
1.000000
nan
0.901000
0.541000
nan
0.649000
0.396000
0.721000
0.541000
nan
nan
0.901000
0.505000
0.360000
0.252000
nan
nan
0.252000
0.432000
nan
nan
0.144000
0.072000
0.180000
0.541000
0.685000
nan
0.072000
nan
nan
0.360000
nan
nan
0.180000
0.216000
0.216000
nan
0.432000
nan
nan
0.216000
nan
0.324000
0.072000
nan
0.180000
nan
nan
nan
0.685000
0.144000
0.144000
0.144000
0.072000
0.333000
nan
nan
nan
nan
0.667000
1.000000
nan
0.222000
1.000000
0.333000
nan
0.667000
0.444000
nan
1.000000
nan
0.333000
nan
nan
nan
nan
0.222000
0.333000
nan
nan
0.333000
nan
nan
nan
0.364000
0.364000
nan
nan
0.000000
nan
0.000000
0.364000
0.546000
0.722000
0.182000
nan
0.000000
0.778000
nan
0.546000
0.000000
nan
0.364000
nan
0.364000
nan
nan
nan
0.000000
nan
0.000000
nan
0.000000
0.000000
nan
0.000000
0.000000
nan
0.000000
nan
0.182000
nan
nan
nan
nan
nan
nan
nan
nan
nan
nan
nan
nan
nan
nan
nan
nan
nan
nan
nan
nan
nan
nan
nan
nan
nan
nan
nan
nan
nan
nan
nan
nan
nan
nan
nan
nan
nan
nan
nan
nan
nan
nan
nan
nan
nan
nan
