Coverage: 2358.947368
0.033000
nan
0.033000
nan
0.097000
nan
nan
0.170000
nan
nan
nan
nan
nan
0.033000
0.097000
nan
nan
0.341000
0.462000
nan
0.268000
0.754000
nan
0.316000
0.292000
0.608000
0.292000
0.146000
nan
0.657000
0.414000
nan
0.365000
nan
nan
nan
nan
nan
nan
0.462000
nan
nan
nan
nan
nan
1.000000
nan
nan
nan
nan
nan
nan
nan
0.973000
nan
0.195000
nan
nan
0.681000
0.292000
1.000000
nan
nan
nan
0.925000
0.876000
0.754000
0.414000
0.438000
nan
nan
0.438000
nan
nan
0.876000
nan
0.316000
0.414000
1.000000
nan
nan
0.754000
0.268000
0.657000
nan
0.438000
0.073000
0.122000
0.243000
0.292000
nan
0.414000
0.170000
nan
nan
nan
0.987000
0.380000
0.475000
0.602000
nan
nan
nan
0.570000
0.897000
nan
0.429000
1.000000
0.468000
0.390000
0.312000
0.897000
0.312000
nan
nan
nan
0.819000
nan
0.078000
0.078000
nan
0.429000
0.156000
nan
0.585000
0.195000
nan
0.897000
nan
nan
0.702000
0.312000
nan
nan
0.312000
nan
0.429000
nan
nan
nan
nan
nan
0.156000
0.117000
nan
0.702000
nan
0.234000
nan
nan
0.351000
0.078000
nan
nan
nan
0.819000
nan
0.468000
nan
nan
nan
nan
0.585000
0.936000
0.507000
nan
nan
0.195000
0.468000
0.078000
0.663000
nan
nan
nan
nan
nan
0.078000
0.741000
0.507000
0.156000
nan
nan
1.000000
nan
0.624000
nan
0.663000
0.429000
0.429000
0.078000
