Coverage: 44075.000000
nan
nan
nan
nan
nan
nan
nan
0.407000
0.435000
0.366000
1.000000
0.486000
0.239000
0.417000
0.417000
0.556000
0.551000
nan
0.491000
0.556000
0.759000
nan
0.412000
0.239000
nan
0.403000
nan
nan
0.681000
nan
nan
0.981000
0.384000
0.500000
0.778000
nan
0.722000
0.625000
nan
1.000000
nan
nan
nan
nan
nan
nan
0.394000
0.435000
0.606000
0.514000
1.000000
nan
0.287000
0.292000
nan
0.403000
nan
0.347000
nan
nan
0.713000
0.671000
0.782000
0.644000
nan
1.000000
0.676000
0.519000
0.611000
0.239000
0.796000
0.718000
0.505000
nan
0.255000
0.537000
nan
0.773000
nan
nan
nan
0.384000
0.583000
0.238000
nan
0.208000
nan
0.179000
0.288000
nan
0.538000
0.163000
0.144000
0.236000
0.144000
0.264000
0.566000
nan
nan
0.257000
0.144000
nan
0.470000
0.382000
0.394000
0.753000
nan
nan
nan
nan
nan
nan
0.208000
0.680000
nan
nan
nan
0.146000
nan
nan
nan
0.413000
nan
nan
nan
nan
0.238000
0.293000
nan
0.286000
0.243000
0.224000
0.205000
0.231000
nan
0.385000
nan
nan
0.378000
0.422000
nan
nan
0.156000
0.328000
0.401000
nan
nan
nan
nan
0.415000
nan
0.441000
nan
nan
0.420000
0.581000
0.366000
nan
nan
nan
0.562000
1.000000
0.835000
0.434000
0.675000
0.769000
nan
nan
nan
nan
nan
0.663000
nan
nan
nan
0.930000
nan
1.000000
nan
nan
nan
0.694000
nan
nan
1.000000
nan
0.386000
nan
nan
0.275000
0.275000
0.275000
0.607000
0.429000
0.461000
0.529000
nan
0.283000
nan
0.275000
0.555000
nan
0.515000
nan
0.375000
0.404000
0.477000
nan
nan
nan
nan
0.655000
0.708000
0.438000
0.835000
nan
0.584000
nan
nan
nan
0.378000
nan
0.479000
0.512000
0.567000
nan
nan
0.431000
0.899000
nan
0.699000
0.680000
0.925000
nan
0.813000
0.861000
nan
0.944000
nan
0.864000
0.811000
0.865000
nan
nan
nan
0.445000
nan
0.535000
0.688000
nan
nan
0.828000
nan
nan
0.461000
0.451000
nan
nan
1.000000
0.894000
0.961000
1.000000
0.723000
0.995000
nan
0.874000
0.567000
1.000000
0.882000
0.437000
0.350000
0.488000
0.361000
0.979000
1.000000
nan
0.655000
nan
0.572000
nan
nan
nan
nan
0.748000
nan
0.814000
0.762000
nan
0.635000
nan
0.709000
0.664000
nan
nan
0.766000
1.000000
0.481000
nan
0.478000
nan
nan
nan
nan
0.791000
nan
0.675000
1.000000
0.868000
nan
0.906000
nan
0.894000
nan
nan
nan
nan
nan
nan
0.648000
0.627000
0.717000
0.846000
0.884000
nan
0.782000
0.765000
0.490000
nan
0.913000
0.454000
0.665000
nan
0.558000
nan
0.459000
nan
0.397000
nan
0.485000
0.568000
nan
0.450000
0.450000
nan
nan
nan
0.821000
0.809000
0.408000
0.390000
0.315000
nan
nan
nan
0.556000
0.890000
0.496000
nan
nan
nan
nan
0.173000
nan
nan
nan
nan
nan
0.310000
nan
nan
0.167000
nan
nan
0.921000
0.551000
nan
nan
nan
0.473000
nan
0.283000
nan
0.452000
0.221000
0.318000
0.401000
nan
0.275000
0.262000
nan
0.149000
0.121000
0.121000
0.136000
nan
0.384000
0.278000
nan
nan
nan
0.121000
nan
nan
nan
nan
nan
nan
nan
