Coverage: 3048.648649
0.099000
nan
0.447000
0.358000
nan
0.447000
0.291000
nan
nan
0.134000
0.112000
nan
nan
0.099000
nan
0.581000
nan
nan
nan
0.313000
nan
0.313000
nan
0.134000
0.099000
nan
0.380000
0.514000
nan
0.492000
0.246000
nan
nan
0.134000
0.469000
0.335000
0.179000
nan
0.134000
0.402000
0.179000
0.291000
0.425000
nan
0.872000
0.603000
0.514000
0.581000
0.514000
nan
0.603000
0.693000
nan
0.715000
nan
nan
0.536000
0.916000
0.939000
nan
nan
0.112000
0.514000
0.760000
nan
0.670000
0.559000
nan
1.000000
1.000000
nan
0.559000
0.626000
nan
nan
0.268000
0.156000
1.000000
0.291000
nan
0.614000
1.000000
nan
0.518000
nan
nan
0.288000
0.403000
0.749000
0.365000
0.576000
nan
0.384000
nan
0.614000
nan
0.595000
0.422000
nan
0.077000
nan
nan
nan
nan
0.825000
1.000000
0.492000
0.610000
0.433000
0.944000
0.787000
0.236000
nan
0.058000
0.063000
1.000000
nan
nan
0.492000
0.393000
0.649000
0.989000
nan
nan
0.629000
nan
0.708000
nan
0.531000
0.767000
nan
nan
0.531000
0.728000
0.511000
nan
0.315000
nan
0.098000
0.354000
0.413000
0.590000
nan
nan
nan
0.256000
0.433000
nan
nan
0.570000
nan
nan
nan
0.236000
nan
0.472000
0.236000
0.334000
nan
nan
0.063000
0.118000
nan
0.157000
0.363000
0.483000
nan
0.222000
0.443000
nan
0.201000
0.967000
0.785000
0.906000
1.000000
nan
0.262000
nan
nan
0.544000
0.403000
0.463000
nan
0.049000
0.049000
