Coverage: 6074.566474
nan
nan
0.419000
0.459000
0.368000
nan
0.357000
nan
0.459000
0.510000
0.531000
0.265000
0.480000
nan
nan
nan
nan
0.149000
0.149000
nan
nan
0.623000
0.878000
nan
nan
nan
0.735000
nan
nan
nan
0.419000
0.327000
nan
nan
nan
nan
0.786000
nan
0.439000
nan
0.807000
0.909000
nan
nan
nan
nan
nan
nan
0.582000
1.000000
nan
nan
0.643000
nan
1.000000
0.755000
0.766000
0.949000
nan
0.817000
0.817000
nan
0.786000
0.510000
0.704000
0.429000
0.613000
0.623000
0.776000
nan
0.490000
0.408000
0.459000
1.000000
nan
0.429000
0.490000
nan
nan
nan
0.194000
0.839000
0.975000
nan
nan
nan
nan
0.202000
0.403000
nan
nan
nan
nan
nan
0.478000
0.934000
nan
nan
0.135000
nan
0.793000
1.000000
0.573000
nan
0.088000
0.088000
0.364000
0.165000
0.275000
0.331000
0.408000
nan
nan
nan
nan
nan
1.000000
0.915000
0.397000
0.320000
0.242000
0.154000
0.088000
0.088000
0.419000
0.264000
0.452000
0.287000
nan
0.264000
0.639000
0.298000
nan
0.220000
0.595000
0.496000
0.441000
nan
nan
nan
0.441000
nan
nan
0.364000
nan
0.584000
nan
0.562000
nan
0.298000
nan
nan
0.187000
nan
nan
nan
nan
0.275000
nan
0.154000
0.264000
nan
0.231000
0.154000
0.132000
nan
nan
0.331000
0.110000
nan
nan
nan
nan
