Coverage: 13344.516129
0.162000
nan
0.262000
0.430000
nan
0.162000
0.215000
0.330000
nan
0.403000
0.534000
nan
nan
0.309000
nan
0.162000
nan
nan
nan
nan
nan
0.414000
nan
0.367000
1.000000
nan
nan
nan
nan
nan
0.796000
0.655000
0.267000
0.210000
nan
0.246000
0.487000
0.225000
nan
nan
0.639000
nan
0.461000
0.582000
nan
nan
0.241000
0.629000
nan
0.980000
nan
nan
0.807000
0.513000
nan
nan
nan
0.503000
0.755000
0.692000
0.566000
nan
0.534000
0.162000
0.707000
0.760000
nan
nan
0.880000
nan
1.000000
nan
0.859000
0.644000
0.624000
nan
nan
1.000000
0.314000
0.335000
nan
nan
nan
nan
nan
0.655000
0.707000
0.231000
0.655000
0.377000
nan
0.644000
nan
nan
nan
nan
0.959000
nan
nan
1.000000
1.000000
0.644000
nan
0.361000
0.946000
nan
nan
nan
nan
nan
0.986000
nan
0.578000
nan
nan
0.394000
nan
nan
0.493000
nan
nan
0.664000
nan
0.716000
nan
1.000000
0.907000
nan
0.650000
nan
nan
0.782000
nan
0.250000
0.736000
0.618000
nan
nan
nan
nan
nan
nan
nan
nan
0.769000
nan
0.729000
0.880000
nan
nan
nan
0.894000
0.729000
0.545000
0.631000
nan
nan
0.473000
0.736000
0.972000
0.611000
nan
nan
nan
nan
0.526000
nan
nan
nan
0.696000
nan
0.335000
0.348000
nan
0.355000
0.539000
0.480000
0.223000
0.230000
nan
nan
nan
nan
nan
0.519000
0.296000
0.519000
0.683000
nan
nan
nan
nan
0.926000
nan
0.223000
nan
0.309000
0.342000
0.329000
0.223000
0.368000
nan
nan
nan
0.186000
0.149000
nan
nan
0.203000
nan
0.208000
nan
0.233000
0.149000
nan
0.149000
0.563000
0.184000
nan
nan
nan
0.229000
0.158000
0.306000
0.272000
nan
0.180000
0.186000
nan
nan
nan
0.291000
0.315000
0.253000
0.182000
0.272000
nan
0.906000
nan
nan
1.000000
0.340000
0.300000
nan
0.302000
0.375000
nan
0.298000
0.433000
nan
nan
nan
0.268000
0.428000
nan
0.467000
0.257000
0.336000
nan
0.182000
0.392000
0.259000
nan
nan
nan
0.248000
0.441000
0.540000
nan
0.319000
0.257000
0.685000
nan
nan
nan
nan
nan
0.570000
0.285000
1.000000
nan
nan
nan
0.268000
0.615000
0.325000
nan
nan
1.000000
nan
0.443000
0.390000
0.282000
0.434000
0.486000
nan
0.172000
nan
nan
nan
nan
0.373000
0.508000
nan
0.444000
0.371000
nan
nan
nan
nan
nan
0.131000
nan
0.183000
nan
0.298000
0.405000
nan
nan
0.417000
0.374000
nan
nan
0.122000
nan
0.157000
nan
0.212000
nan
0.324000
nan
1.000000
0.434000
0.423000
0.382000
nan
0.409000
nan
0.146000
0.196000
nan
0.606000
nan
0.667000
0.597000
nan
0.651000
nan
nan
nan
0.189000
nan
0.145000
0.482000
0.511000
0.493000
nan
0.645000
0.738000
0.107000
nan
0.987000
nan
1.000000
nan
0.405000
nan
1.000000
nan
0.970000
nan
nan
nan
0.319000
nan
0.135000
0.180000
0.096000
nan
nan
nan
nan
nan
nan
nan
0.406000
nan
0.366000
nan
0.370000
0.555000
0.189000
0.322000
0.393000
0.688000
0.256000
nan
nan
nan
nan
0.221000
0.606000
nan
nan
0.311000
nan
0.196000
0.137000
0.076000
0.114000
nan
0.355000
0.358000
0.279000
nan
nan
nan
0.338000
0.330000
nan
0.298000
nan
0.114000
nan
nan
nan
0.226000
0.139000
nan
0.282000
nan
nan
nan
nan
nan
0.158000
0.177000
0.245000
0.088000
nan
nan
nan
nan
0.095000
nan
nan
0.445000
0.330000
nan
nan
nan
0.271000
0.530000
nan
nan
0.071000
0.071000
nan
0.166000
nan
nan
nan
nan
nan
nan
