Coverage: 2960.479042
0.089000
nan
0.800000
nan
0.691000
0.709000
0.818000
0.400000
1.000000
nan
nan
nan
0.089000
nan
0.236000
0.455000
0.709000
nan
nan
0.545000
1.000000
0.273000
nan
nan
0.236000
0.145000
nan
nan
nan
0.691000
nan
0.745000
nan
0.891000
nan
nan
0.545000
nan
0.600000
nan
0.509000
nan
nan
0.327000
nan
0.582000
0.291000
nan
0.745000
nan
0.182000
0.145000
0.436000
0.545000
nan
0.345000
0.309000
nan
nan
1.000000
0.688000
nan
0.918000
nan
nan
nan
nan
nan
nan
nan
nan
nan
nan
1.000000
nan
nan
0.891000
nan
nan
nan
0.125000
nan
0.115000
0.292000
0.500000
0.875000
nan
0.646000
0.834000
nan
nan
0.396000
nan
0.479000
nan
nan
0.479000
0.521000
0.438000
0.729000
0.517000
0.564000
0.705000
nan
nan
0.823000
nan
nan
nan
0.376000
0.353000
0.400000
0.658000
0.541000
nan
0.517000
nan
0.588000
0.470000
nan
nan
nan
0.799000
nan
0.682000
nan
nan
nan
0.306000
nan
0.799000
nan
0.306000
0.705000
nan
nan
0.282000
nan
0.282000
nan
0.282000
0.306000
nan
0.376000
nan
nan
0.259000
nan
0.447000
nan
0.564000
nan
nan
nan
0.400000
0.188000
0.588000
nan
0.470000
0.141000
0.494000
nan
nan
nan
0.141000
nan
nan
