Coverage: 20932.740214
nan
0.097000
nan
nan
nan
nan
0.209000
nan
0.141000
nan
nan
0.132000
0.155000
nan
nan
nan
nan
nan
nan
nan
nan
nan
0.200000
0.127000
0.097000
0.150000
0.218000
nan
nan
nan
1.000000
nan
nan
nan
nan
nan
nan
nan
nan
0.573000
nan
0.464000
nan
0.537000
nan
0.446000
nan
0.282000
nan
nan
0.286000
nan
0.218000
nan
nan
nan
nan
nan
nan
nan
0.232000
0.359000
nan
0.097000
0.309000
0.546000
1.000000
nan
0.423000
nan
nan
0.473000
nan
nan
nan
0.300000
nan
nan
nan
0.409000
nan
nan
0.105000
nan
0.255000
0.218000
nan
0.332000
0.450000
0.227000
0.246000
nan
0.182000
0.832000
1.000000
nan
0.714000
nan
0.646000
0.541000
0.955000
0.532000
nan
0.523000
nan
nan
nan
0.355000
0.509000
0.477000
0.573000
0.277000
0.359000
nan
nan
nan
nan
nan
0.794000
nan
nan
nan
nan
nan
0.394000
1.000000
nan
nan
0.457000
nan
nan
0.640000
0.890000
0.467000
nan
nan
nan
nan
nan
1.000000
nan
nan
nan
0.351000
nan
0.241000
nan
0.161000
nan
nan
nan
0.596000
0.899000
nan
0.885000
0.673000
0.851000
0.678000
nan
0.553000
nan
0.399000
nan
nan
nan
0.161000
0.161000
0.164000
0.481000
1.000000
nan
nan
0.789000
nan
nan
nan
nan
nan
nan
nan
nan
0.342000
0.443000
nan
0.568000
0.625000
0.452000
0.635000
0.726000
nan
0.332000
0.245000
nan
nan
0.433000
0.544000
nan
nan
0.534000
0.375000
0.645000
nan
0.693000
nan
nan
nan
nan
nan
nan
0.366000
nan
nan
0.433000
0.741000
nan
0.659000
nan
nan
0.394000
0.558000
0.255000
0.317000
nan
0.216000
nan
0.351000
nan
0.658000
0.480000
nan
0.577000
0.383000
nan
0.571000
0.560000
0.550000
nan
0.652000
nan
0.528000
0.453000
nan
0.550000
0.593000
nan
0.738000
nan
nan
nan
0.528000
0.587000
0.798000
nan
0.728000
nan
nan
0.463000
0.194000
0.787000
nan
nan
nan
nan
nan
nan
nan
nan
nan
nan
0.620000
nan
nan
0.307000
0.420000
nan
0.243000
0.169000
0.808000
nan
nan
0.226000
0.463000
0.426000
0.415000
0.733000
nan
0.350000
nan
nan
nan
0.377000
nan
nan
0.393000
nan
nan
0.172000
nan
0.169000
nan
0.717000
0.598000
0.490000
nan
nan
0.620000
nan
nan
1.000000
nan
nan
0.560000
nan
nan
nan
nan
nan
nan
0.169000
0.442000
1.000000
0.641000
0.798000
nan
nan
0.997000
nan
1.000000
0.997000
nan
1.000000
0.617000
0.551000
0.562000
0.939000
nan
nan
0.153000
0.142000
0.136000
0.065000
0.087000
0.057000
0.415000
0.327000
nan
0.475000
0.584000
0.464000
nan
0.813000
0.464000
nan
0.453000
nan
nan
0.415000
0.557000
0.382000
0.497000
0.224000
nan
nan
0.218000
nan
nan
nan
0.196000
nan
0.622000
0.955000
0.480000
nan
nan
nan
nan
0.082000
0.497000
0.682000
0.671000
nan
nan
nan
nan
1.000000
nan
nan
0.759000
nan
0.737000
0.922000
nan
nan
0.057000
0.060000
0.057000
nan
0.922000
0.295000
0.840000
nan
nan
0.889000
nan
nan
1.000000
nan
nan
nan
nan
nan
nan
nan
nan
nan
nan
0.726000
0.562000
0.846000
0.824000
nan
0.447000
nan
nan
0.611000
0.948000
nan
0.894000
0.634000
nan
0.695000
0.359000
0.352000
0.512000
nan
nan
nan
nan
0.841000
1.000000
nan
0.436000
0.459000
0.810000
nan
0.306000
nan
nan
nan
nan
nan
0.344000
nan
0.856000
nan
0.535000
nan
0.627000
nan
nan
0.657000
0.650000
0.734000
0.703000
0.833000
nan
nan
0.665000
nan
nan
nan
0.527000
nan
nan
nan
nan
nan
0.520000
nan
0.841000
0.474000
0.443000
0.443000
nan
nan
nan
0.703000
0.550000
0.535000
nan
nan
0.558000
0.810000
nan
0.535000
0.757000
0.879000
nan
nan
0.971000
nan
nan
nan
nan
nan
nan
1.000000
1.000000
0.512000
0.405000
0.230000
0.466000
0.230000
0.604000
0.772000
nan
nan
nan
0.321000
0.230000
nan
0.182000
nan
0.134000
0.134000
0.134000
nan
nan
nan
nan
nan
nan
nan
0.471000
0.521000
nan
0.529000
1.000000
nan
nan
1.000000
nan
nan
nan
nan
nan
nan
nan
1.000000
nan
0.537000
nan
nan
nan
0.165000
nan
nan
0.653000
0.769000
nan
nan
nan
nan
nan
0.537000
0.306000
0.604000
0.794000
nan
0.322000
0.661000
0.364000
0.810000
nan
0.513000
0.521000
0.364000
nan
0.438000
nan
0.604000
0.380000
0.513000
0.579000
0.959000
nan
nan
nan
nan
0.819000
0.695000
0.546000
nan
0.620000
0.728000
nan
nan
nan
nan
0.868000
0.744000
nan
0.752000
0.455000
nan
0.389000
nan
nan
0.909000
0.562000
0.364000
0.521000
nan
nan
nan
0.645000
0.711000
0.380000
0.413000
0.562000
0.027000
nan
0.013000
0.021000
nan
nan
0.015000
0.020000
0.012000
0.027000
0.021000
nan
0.015000
0.013000
0.012000
0.013000
0.012000
nan
nan
0.024000
nan
0.030000
0.020000
0.022000
0.029000
nan
0.045000
0.014000
0.035000
0.052000
0.024000
0.021000
0.023000
0.020000
0.026000
nan
nan
0.024000
0.019000
0.018000
0.021000
nan
nan
nan
0.028000
0.078000
0.037000
0.027000
0.260000
0.117000
0.022000
0.082000
0.040000
0.036000
0.089000
0.115000
0.096000
nan
nan
nan
0.194000
1.000000
0.855000
1.000000
1.000000
0.188000
0.448000
nan
0.014000
nan
nan
nan
0.042000
0.032000
nan
0.028000
nan
nan
0.023000
nan
nan
nan
nan
nan
0.033000
0.049000
0.014000
nan
0.026000
nan
0.012000
nan
0.035000
0.055000
0.966000
nan
nan
1.000000
nan
0.007000
nan
nan
0.050000
0.036000
0.052000
0.036000
1.000000
nan
0.020000
0.012000
nan
0.030000
0.025000
0.049000
nan
nan
nan
0.023000
nan
nan
0.015000
0.012000
nan
0.008000
0.007000
0.007000
nan
nan
nan
nan
0.011000
nan
0.049000
0.025000
0.039000
0.043000
0.047000
0.044000
nan
nan
0.056000
0.058000
nan
nan
0.020000
1.000000
nan
nan
nan
nan
0.017000
nan
nan
0.010000
0.958000
nan
0.025000
0.933000
nan
nan
nan
0.019000
0.042000
0.045000
nan
0.052000
nan
nan
nan
0.887000
nan
0.022000
nan
nan
nan
0.022000
nan
0.029000
0.022000
nan
0.015000
0.667000
0.023000
nan
nan
0.023000
0.017000
nan
0.486000
nan
0.514000
nan
nan
nan
nan
0.019000
nan
nan
nan
nan
nan
0.019000
nan
nan
0.023000
0.262000
0.019000
0.019000
nan
0.011000
0.012000
0.013000
nan
nan
0.134000
0.014000
nan
0.106000
nan
nan
nan
nan
0.008000
