Coverage: 2578.947368
nan
nan
nan
0.101000
nan
nan
1.000000
nan
nan
nan
nan
nan
0.101000
nan
0.101000
0.101000
nan
0.101000
nan
nan
0.553000
nan
1.000000
1.000000
nan
0.277000
nan
nan
0.654000
0.805000
nan
0.553000
0.327000
0.352000
nan
0.604000
0.704000
0.352000
nan
0.503000
nan
0.453000
nan
nan
nan
0.327000
0.881000
nan
0.553000
0.830000
nan
0.604000
0.931000
nan
0.403000
nan
nan
0.403000
0.654000
0.428000
nan
0.730000
nan
nan
0.126000
0.428000
0.553000
0.327000
nan
nan
nan
nan
nan
0.528000
0.403000
0.503000
nan
nan
0.528000
nan
0.730000
nan
0.403000
0.352000
nan
nan
nan
nan
0.360000
nan
0.332000
0.360000
0.388000
nan
nan
0.360000
0.360000
0.221000
nan
nan
nan
nan
0.388000
nan
nan
nan
0.634000
0.967000
0.846000
0.514000
0.393000
1.000000
0.816000
0.423000
0.514000
0.937000
nan
0.937000
1.000000
nan
nan
nan
0.604000
0.846000
1.000000
nan
0.785000
0.725000
0.423000
0.393000
0.134000
0.272000
nan
0.967000
nan
nan
nan
0.211000
0.332000
0.423000
nan
nan
nan
nan
nan
0.242000
0.134000
0.181000
0.514000
0.453000
0.876000
0.483000
nan
nan
nan
nan
0.242000
0.151000
nan
0.272000
nan
0.634000
nan
0.363000
nan
0.514000
0.363000
0.363000
nan
0.151000
0.134000
