Coverage: 6170.312500
nan
nan
0.595000
0.412000
0.796000
nan
0.345000
nan
0.451000
0.643000
0.499000
nan
0.345000
0.489000
nan
0.115000
0.336000
nan
0.326000
0.221000
0.230000
0.182000
nan
0.096000
0.062000
nan
nan
0.624000
1.000000
nan
0.249000
nan
0.269000
0.336000
nan
nan
0.153000
0.365000
nan
0.249000
0.269000
nan
nan
1.000000
nan
0.211000
0.062000
nan
nan
nan
0.062000
0.067000
nan
0.096000
nan
0.547000
nan
nan
nan
0.345000
nan
nan
0.086000
0.077000
nan
0.547000
1.000000
0.652000
nan
nan
nan
0.134000
nan
nan
0.365000
0.144000
0.221000
0.921000
0.173000
nan
0.230000
nan
nan
0.192000
nan
0.125000
0.240000
nan
0.700000
0.647000
0.177000
0.169000
0.231000
0.131000
0.747000
nan
0.092000
nan
0.077000
nan
0.085000
0.385000
0.562000
nan
0.878000
nan
0.493000
1.000000
0.970000
nan
nan
nan
0.670000
nan
0.293000
0.870000
0.770000
0.832000
nan
0.065000
nan
0.123000
nan
0.293000
nan
1.000000
0.578000
nan
0.724000
nan
nan
nan
nan
nan
0.639000
nan
nan
0.116000
nan
0.300000
0.246000
nan
nan
0.724000
nan
nan
nan
nan
0.193000
nan
0.131000
0.123000
0.146000
1.000000
nan
nan
0.185000
nan
nan
0.193000
nan
0.246000
nan
nan
0.200000
0.562000
0.439000
nan
0.139000
nan
nan
0.154000
nan
nan
nan
0.092000
0.077000
nan
nan
nan
nan
0.308000
0.431000
nan
nan
nan
nan
nan
0.050000
0.050000
0.031000
0.031000
