Coverage: 30929.230769
0.183000
0.183000
0.542000
nan
1.000000
0.641000
nan
0.570000
0.244000
0.992000
nan
0.908000
0.834000
nan
nan
nan
nan
0.519000
0.588000
0.183000
nan
nan
0.357000
0.219000
nan
1.000000
nan
nan
0.693000
0.506000
0.715000
0.687000
0.725000
nan
0.700000
nan
nan
0.561000
0.269000
nan
nan
0.258000
nan
nan
nan
nan
nan
nan
nan
nan
0.815000
nan
nan
0.725000
nan
nan
nan
nan
0.670000
nan
1.000000
nan
0.523000
0.548000
0.515000
nan
nan
nan
0.460000
0.429000
0.469000
0.584000
0.744000
0.799000
0.494000
nan
0.532000
0.588000
nan
0.672000
0.809000
0.591000
0.708000
0.765000
nan
nan
0.874000
0.746000
0.843000
nan
0.868000
0.349000
0.633000
0.978000
0.617000
0.752000
0.897000
0.881000
nan
0.700000
nan
0.520000
nan
0.884000
0.439000
nan
nan
0.595000
0.900000
1.000000
0.681000
0.714000
0.947000
0.570000
0.728000
0.811000
nan
0.628000
nan
0.769000
nan
0.725000
nan
0.750000
0.678000
nan
0.811000
0.742000
0.631000
0.736000
0.706000
nan
0.590000
nan
0.526000
0.899000
0.872000
nan
nan
0.592000
0.429000
0.670000
0.642000
nan
nan
nan
nan
0.695000
1.000000
1.000000
0.673000
nan
0.556000
nan
nan
nan
0.326000
nan
nan
nan
0.985000
0.642000
0.778000
nan
0.750000
0.330000
nan
0.479000
0.529000
0.384000
nan
nan
0.318000
nan
0.310000
0.932000
0.790000
nan
nan
nan
nan
0.303000
nan
0.608000
0.463000
0.563000
nan
0.583000
nan
0.688000
nan
0.656000
0.759000
0.303000
nan
