Coverage: 39877.009346
0.094000
nan
0.590000
0.564000
nan
0.594000
0.468000
0.151000
nan
nan
0.265000
0.387000
nan
0.409000
0.409000
nan
0.741000
0.763000
nan
nan
0.094000
nan
nan
0.188000
nan
nan
0.542000
0.605000
0.114000
0.094000
0.155000
0.114000
nan
nan
nan
0.173000
nan
nan
nan
nan
nan
nan
0.771000
nan
nan
0.627000
1.000000
nan
0.867000
0.310000
0.531000
0.560000
0.951000
0.918000
nan
nan
0.454000
0.535000
0.218000
0.380000
nan
nan
0.291000
0.284000
nan
nan
nan
nan
nan
0.192000
0.258000
nan
0.505000
0.269000
nan
0.269000
nan
0.704000
1.000000
1.000000
0.509000
nan
0.601000
0.439000
nan
nan
0.564000
0.291000
nan
nan
0.682000
0.701000
0.520000
0.630000
nan
nan
nan
0.237000
0.446000
0.272000
nan
0.212000
nan
0.195000
nan
nan
nan
0.195000
nan
nan
1.000000
nan
nan
nan
0.201000
0.212000
0.253000
nan
nan
0.459000
0.248000
0.209000
nan
nan
nan
0.479000
1.000000
nan
nan
0.195000
nan
nan
nan
0.198000
0.281000
0.454000
1.000000
nan
nan
0.446000
0.421000
nan
0.231000
0.633000
nan
0.201000
nan
0.338000
nan
nan
nan
nan
0.283000
nan
nan
0.391000
nan
0.413000
nan
nan
nan
0.495000
0.514000
0.303000
0.462000
0.366000
0.547000
0.388000
0.443000
0.503000
0.649000
0.520000
0.817000
nan
0.245000
0.195000
0.259000
0.410000
nan
nan
nan
nan
0.580000
nan
0.341000
nan
0.114000
0.054000
nan
nan
0.094000
nan
0.038000
0.043000
nan
0.088000
nan
nan
nan
nan
nan
nan
nan
0.037000
nan
nan
nan
nan
0.037000
0.041000
nan
nan
nan
0.193000
0.141000
0.108000
nan
0.279000
0.239000
0.184000
nan
nan
0.148000
nan
nan
0.194000
0.149000
0.182000
0.178000
nan
nan
nan
nan
nan
nan
0.136000
0.162000
nan
0.118000
0.077000
0.115000
nan
nan
nan
nan
0.249000
nan
0.178000
0.164000
0.155000
nan
0.145000
0.222000
nan
nan
nan
0.210000
nan
nan
nan
nan
nan
1.000000
0.053000
0.037000
nan
nan
0.085000
nan
0.068000
0.088000
1.000000
nan
nan
nan
nan
nan
nan
nan
0.246000
0.327000
nan
0.491000
1.000000
nan
nan
nan
nan
nan
nan
nan
nan
0.685000
0.615000
0.784000
0.668000
0.623000
nan
0.401000
0.454000
0.571000
nan
nan
nan
nan
0.409000
0.648000
nan
nan
nan
0.506000
0.507000
0.634000
0.968000
nan
nan
0.899000
0.920000
nan
0.403000
nan
0.500000
nan
nan
nan
nan
0.357000
0.514000
nan
0.516000
nan
nan
nan
nan
0.816000
0.977000
0.711000
0.885000
0.821000
nan
1.000000
nan
0.735000
0.624000
0.982000
nan
nan
nan
nan
nan
nan
nan
nan
nan
nan
0.559000
nan
nan
0.961000
nan
nan
nan
0.588000
0.459000
nan
0.609000
0.298000
0.342000
0.465000
0.429000
nan
nan
nan
nan
nan
0.298000
nan
nan
nan
1.000000
1.000000
nan
0.967000
0.618000
nan
nan
0.368000
nan
nan
0.489000
nan
nan
nan
nan
nan
0.796000
nan
nan
nan
0.917000
0.843000
0.664000
0.526000
0.882000
0.617000
nan
0.734000
nan
0.331000
nan
0.298000
nan
nan
nan
nan
nan
0.547000
1.000000
nan
nan
nan
0.968000
0.970000
0.793000
0.871000
0.857000
1.000000
nan
0.884000
0.878000
nan
0.606000
0.686000
nan
nan
nan
nan
1.000000
0.786000
0.909000
nan
0.554000
0.753000
nan
nan
nan
nan
nan
0.570000
0.447000
0.480000
0.676000
nan
nan
0.831000
nan
nan
0.694000
0.698000
0.391000
0.697000
0.984000
0.855000
0.276000
0.256000
0.288000
0.414000
0.382000
nan
0.245000
0.957000
0.978000
nan
0.967000
0.912000
0.693000
0.346000
0.680000
0.477000
nan
0.324000
0.230000
0.218000
0.238000
nan
0.921000
nan
nan
nan
nan
nan
nan
0.281000
nan
nan
nan
0.785000
0.360000
0.328000
0.359000
nan
nan
0.418000
0.588000
0.485000
0.596000
0.799000
nan
nan
0.578000
0.533000
0.557000
nan
0.410000
0.795000
0.944000
nan
nan
0.492000
nan
nan
nan
nan
0.547000
0.618000
nan
nan
0.509000
0.365000
nan
0.329000
0.375000
0.263000
0.205000
0.205000
