Coverage: 7010.900474
0.116000
0.116000
0.395000
0.321000
nan
nan
nan
0.321000
0.502000
0.197000
0.313000
nan
nan
nan
0.288000
0.337000
nan
0.313000
nan
0.116000
0.156000
0.354000
nan
nan
nan
0.288000
0.280000
nan
nan
0.387000
nan
0.584000
nan
nan
0.527000
nan
0.444000
0.732000
0.551000
nan
nan
0.485000
nan
nan
nan
nan
nan
nan
nan
0.609000
0.485000
0.420000
0.716000
0.551000
0.658000
0.592000
nan
0.370000
0.897000
0.971000
nan
0.304000
nan
0.206000
nan
1.000000
nan
0.494000
0.271000
nan
0.329000
nan
nan
nan
nan
nan
0.156000
0.222000
0.856000
1.000000
1.000000
nan
0.995000
nan
nan
nan
nan
nan
0.527000
nan
nan
0.271000
nan
0.559000
0.304000
nan
nan
0.806000
nan
nan
0.582000
0.800000
nan
1.000000
0.902000
nan
0.400000
0.713000
0.924000
nan
0.873000
nan
1.000000
0.633000
0.371000
0.458000
0.238000
0.238000
nan
nan
0.873000
0.698000
nan
0.480000
0.371000
nan
nan
nan
nan
nan
nan
nan
nan
nan
nan
nan
0.269000
nan
nan
0.327000
nan
nan
0.466000
0.662000
nan
nan
0.633000
0.502000
nan
nan
nan
nan
nan
nan
0.626000
0.531000
0.400000
nan
nan
nan
0.778000
0.255000
nan
1.000000
nan
nan
0.502000
0.480000
nan
nan
0.238000
nan
nan
nan
nan
nan
nan
nan
nan
nan
nan
0.720000
0.517000
0.276000
0.531000
0.713000
nan
nan
0.749000
0.677000
nan
0.800000
nan
0.575000
0.466000
nan
0.342000
nan
0.480000
0.393000
0.407000
0.320000
0.422000
0.386000
nan
nan
0.378000
nan
0.233000
nan
nan
