Coverage: 1098.412698
nan
0.000000
0.000000
nan
0.000000
nan
0.000000
0.000000
0.458000
nan
0.000000
nan
nan
0.000000
nan
nan
0.000000
nan
0.000000
0.153000
nan
0.153000
0.000000
0.000000
0.000000
nan
0.153000
nan
nan
0.000000
0.000000
0.000000
0.000000
0.305000
nan
nan
nan
0.000000
nan
0.000000
0.000000
nan
nan
0.153000
0.153000
nan
0.000000
nan
0.000000
0.153000
nan
0.153000
nan
0.000000
0.153000
0.000000
nan
nan
nan
nan
nan
nan
0.305000
nan
nan
nan
nan
0.153000
0.305000
0.763000
0.000000
0.305000
0.000000
nan
0.611000
0.153000
0.000000
0.458000
0.305000
1.000000
1.000000
0.305000
nan
nan
0.916000
nan
nan
1.000000
nan
0.854000
nan
0.155000
0.117000
nan
0.056000
0.233000
nan
0.055000
nan
nan
0.055000
nan
nan
0.878000
0.535000
0.267000
0.305000
0.382000
nan
0.382000
0.305000
0.267000
0.420000
0.382000
0.305000
0.458000
nan
0.382000
nan
nan
0.076000
nan
nan
nan
0.076000
0.458000
nan
0.229000
0.725000
nan
0.458000
0.764000
nan
nan
0.611000
1.000000
nan
nan
0.573000
0.496000
nan
nan
nan
0.573000
nan
0.496000
nan
nan
0.267000
0.344000
nan
0.649000
nan
nan
nan
nan
nan
nan
0.535000
0.802000
0.267000
nan
0.115000
0.076000
0.687000
nan
1.000000
nan
0.802000
nan
0.458000
0.458000
0.687000
nan
1.000000
0.344000
0.687000
0.338000
nan
nan
nan
nan
nan
0.826000
0.938000
nan
nan
0.225000
0.054000
