Coverage: 3066.666667
0.151000
nan
nan
0.486000
0.435000
0.384000
0.435000
0.460000
0.281000
0.588000
nan
nan
0.384000
0.537000
nan
0.281000
0.151000
0.332000
0.205000
0.384000
0.639000
0.179000
0.384000
0.256000
0.230000
0.793000
nan
nan
0.563000
nan
nan
0.614000
0.307000
0.614000
nan
nan
1.000000
0.486000
nan
0.512000
0.614000
nan
nan
0.563000
nan
0.151000
nan
0.588000
0.332000
0.742000
0.435000
0.460000
nan
nan
0.563000
0.537000
0.767000
0.588000
0.946000
0.921000
0.895000
0.972000
nan
0.793000
0.767000
0.921000
nan
nan
0.818000
1.000000
1.000000
0.636000
0.555000
nan
0.620000
nan
0.343000
0.375000
nan
0.147000
0.424000
0.587000
0.571000
0.685000
0.522000
0.620000
nan
0.848000
nan
nan
0.538000
nan
nan
nan
nan
0.946000
0.538000
nan
1.000000
nan
0.179000
nan
nan
0.147000
nan
0.326000
0.408000
0.604000
0.506000
nan
nan
nan
nan
1.000000
0.131000
nan
nan
0.277000
nan
nan
nan
0.294000
0.522000
nan
nan
nan
nan
0.506000
nan
0.767000
nan
nan
nan
0.848000
0.620000
0.799000
nan
0.538000
nan
0.212000
0.179000
nan
0.147000
0.783000
0.701000
0.946000
nan
0.506000
nan
nan
0.408000
0.636000
nan
0.294000
0.587000
0.587000
0.424000
0.701000
1.000000
nan
0.196000
0.636000
nan
nan
nan
nan
nan
0.489000
0.538000
0.440000
nan
nan
nan
nan
nan
nan
0.096000
0.392000
0.359000
nan
0.408000
0.392000
0.571000
nan
0.277000
0.131000
nan
0.096000
0.096000
