Coverage: 266938.841202
0.013000
nan
nan
nan
nan
0.144000
0.255000
nan
nan
0.611000
1.000000
nan
0.901000
0.490000
0.240000
0.013000
0.024000
0.039000
nan
0.179000
nan
1.000000
nan
nan
1.000000
nan
nan
nan
0.110000
0.284000
0.516000
0.367000
0.496000
0.563000
nan
0.427000
nan
0.420000
nan
nan
nan
nan
nan
nan
nan
nan
0.363000
0.328000
nan
0.190000
nan
0.061000
0.121000
0.058000
0.405000
nan
nan
0.887000
nan
0.052000
nan
nan
0.076000
0.616000
nan
0.978000
nan
0.327000
nan
0.178000
0.078000
0.053000
0.164000
nan
0.058000
nan
0.052000
0.041000
nan
0.040000
nan
nan
0.013000
nan
0.013000
0.018000
nan
nan
0.021000
nan
nan
0.016000
nan
nan
nan
0.023000
nan
0.013000
nan
nan
nan
nan
1.000000
nan
nan
nan
nan
nan
nan
nan
nan
nan
0.545000
0.872000
nan
nan
nan
nan
nan
nan
nan
nan
nan
1.000000
0.439000
0.180000
0.180000
0.206000
0.180000
0.197000
0.308000
nan
0.416000
0.420000
0.581000
nan
0.414000
0.944000
0.494000
nan
0.662000
nan
nan
0.367000
nan
0.636000
0.751000
0.781000
nan
0.734000
nan
nan
nan
0.670000
0.617000
nan
nan
0.679000
1.000000
0.681000
0.938000
nan
0.471000
0.216000
0.507000
0.649000
0.558000
0.643000
nan
nan
nan
0.702000
nan
0.902000
0.851000
nan
nan
0.653000
0.774000
nan
0.482000
0.469000
0.619000
0.518000
0.723000
nan
0.577000
0.762000
0.509000
0.810000
0.866000
nan
nan
nan
nan
nan
nan
nan
nan
nan
nan
0.261000
nan
0.237000
0.237000
nan
nan
nan
nan
0.269000
0.237000
0.255000
0.260000
nan
0.429000
nan
nan
0.460000
0.637000
nan
nan
0.331000
nan
nan
nan
nan
nan
0.514000
nan
0.739000
0.604000
0.603000
nan
0.374000
nan
nan
0.834000
0.327000
nan
nan
0.543000
0.880000
0.857000
nan
nan
nan
0.243000
nan
nan
0.259000
0.636000
0.854000
nan
nan
0.552000
nan
nan
nan
0.739000
0.681000
0.713000
0.784000
nan
0.375000
nan
nan
0.940000
nan
nan
0.996000
1.000000
0.837000
0.674000
0.675000
nan
0.945000
1.000000
nan
nan
0.497000
nan
0.839000
0.579000
0.937000
nan
0.579000
nan
nan
nan
nan
nan
0.824000
0.711000
0.755000
0.710000
0.705000
1.000000
0.489000
0.421000
nan
0.536000
nan
0.544000
nan
nan
0.482000
0.532000
0.692000
0.927000
nan
nan
0.448000
0.202000
nan
0.349000
nan
nan
0.670000
0.678000
nan
nan
0.258000
nan
0.710000
0.318000
nan
0.481000
nan
nan
nan
0.363000
0.657000
0.184000
0.231000
nan
0.184000
nan
nan
0.215000
0.184000
nan
1.000000
nan
nan
1.000000
nan
nan
0.217000
0.451000
nan
0.203000
nan
nan
0.866000
0.454000
nan
0.428000
0.807000
nan
0.746000
0.868000
nan
0.940000
1.000000
nan
0.936000
0.912000
nan
0.997000
nan
nan
0.933000
0.935000
nan
0.620000
nan
nan
nan
0.277000
nan
0.580000
nan
nan
nan
0.742000
nan
nan
0.206000
nan
nan
nan
nan
0.794000
0.747000
nan
0.506000
0.462000
nan
0.621000
nan
nan
1.000000
0.798000
nan
0.669000
0.323000
nan
0.286000
nan
nan
0.629000
0.740000
nan
0.534000
nan
nan
0.917000
0.516000
nan
0.237000
nan
nan
0.856000
0.563000
0.587000
0.686000
nan
nan
nan
nan
0.895000
0.790000
nan
nan
0.176000
nan
nan
0.729000
0.938000
0.740000
nan
0.525000
0.621000
nan
nan
nan
0.176000
0.176000
nan
0.655000
0.602000
nan
0.650000
0.253000
0.232000
0.269000
0.304000
nan
0.366000
nan
0.435000
0.477000
nan
0.334000
0.249000
nan
