Coverage: 12373.441109
0.171000
nan
0.171000
nan
0.244000
nan
0.587000
nan
0.353000
0.171000
0.228000
0.228000
nan
0.576000
0.898000
0.306000
0.208000
0.208000
0.249000
0.322000
nan
0.400000
nan
nan
0.192000
nan
0.680000
nan
nan
nan
nan
nan
0.581000
0.592000
nan
0.566000
0.493000
nan
0.363000
0.337000
0.260000
0.301000
0.171000
0.228000
0.446000
nan
0.462000
0.654000
0.343000
0.337000
1.000000
nan
nan
nan
nan
nan
nan
nan
0.986000
0.991000
0.742000
nan
0.545000
0.742000
nan
nan
0.628000
0.623000
0.457000
0.685000
nan
0.810000
0.587000
nan
nan
nan
0.924000
0.467000
nan
1.000000
nan
0.934000
1.000000
nan
nan
nan
nan
nan
nan
1.000000
0.953000
nan
nan
0.588000
0.427000
0.258000
0.685000
nan
0.543000
nan
0.226000
0.208000
0.107000
0.142000
0.151000
nan
nan
0.926000
nan
0.617000
0.380000
nan
nan
nan
nan
nan
nan
nan
nan
nan
nan
0.105000
nan
nan
0.855000
nan
nan
nan
nan
0.294000
nan
nan
nan
nan
nan
nan
1.000000
0.769000
0.166000
nan
0.116000
0.139000
0.169000
0.184000
nan
0.190000
0.231000
0.371000
nan
0.837000
nan
nan
0.214000
0.113000
nan
0.205000
nan
0.175000
nan
nan
0.561000
nan
0.585000
0.499000
nan
0.510000
nan
nan
nan
0.415000
0.632000
0.783000
nan
0.665000
nan
nan
0.763000
1.000000
0.573000
nan
nan
nan
nan
nan
0.579000
0.543000
nan
1.000000
nan
nan
nan
0.105000
nan
nan
0.757000
nan
nan
nan
nan
nan
nan
0.105000
nan
0.234000
0.075000
nan
0.687000
nan
0.739000
0.829000
0.850000
nan
nan
nan
0.231000
nan
0.305000
nan
nan
nan
0.391000
nan
nan
nan
1.000000
0.727000
nan
0.585000
nan
nan
nan
nan
nan
1.000000
0.841000
nan
0.450000
0.668000
nan
0.477000
nan
nan
0.699000
nan
0.200000
0.271000
nan
0.240000
0.172000
0.748000
0.554000
nan
0.437000
0.099000
nan
nan
0.327000
0.222000
nan
nan
nan
nan
nan
nan
nan
0.293000
0.126000
nan
nan
0.160000
nan
0.080000
0.240000
0.191000
nan
nan
0.872000
0.995000
nan
nan
nan
nan
nan
nan
0.219000
nan
0.075000
0.075000
nan
nan
nan
0.077000
0.715000
1.000000
nan
0.299000
nan
nan
nan
0.234000
nan
nan
0.425000
nan
0.114000
nan
nan
nan
0.142000
0.277000
nan
nan
nan
nan
0.736000
nan
0.702000
0.951000
nan
nan
nan
0.345000
0.417000
0.177000
0.543000
0.752000
nan
nan
nan
nan
1.000000
0.500000
0.262000
0.673000
0.421000
0.533000
0.706000
nan
0.398000
nan
0.514000
nan
0.427000
nan
nan
nan
nan
1.000000
0.477000
1.000000
0.215000
0.177000
nan
nan
nan
0.381000
nan
nan
nan
0.378000
0.623000
nan
nan
0.547000
0.659000
0.858000
nan
nan
nan
0.514000
nan
0.447000
0.179000
0.308000
0.391000
nan
0.252000
nan
0.177000
nan
nan
0.600000
nan
nan
nan
0.209000
0.500000
nan
0.325000
nan
0.189000
nan
nan
0.606000
0.692000
nan
nan
nan
nan
nan
nan
nan
0.762000
nan
nan
0.576000
nan
nan
0.305000
nan
0.239000
nan
nan
nan
0.722000
0.772000
0.328000
0.451000
0.328000
0.629000
0.486000
nan
0.294000
nan
nan
nan
nan
0.152000
nan
nan
nan
nan
0.132000
nan
1.000000
0.834000
0.106000
0.079000
0.122000
nan
0.582000
0.589000
nan
nan
0.642000
0.298000
0.506000
0.069000
0.093000
0.228000
0.245000
1.000000
nan
0.552000
nan
nan
0.109000
0.060000
0.096000
nan
0.278000
0.169000
0.056000
0.056000
0.056000
0.192000
nan
0.324000
nan
nan
nan
nan
nan
0.284000
0.440000
0.473000
nan
nan
nan
nan
nan
0.672000
nan
nan
nan
nan
0.457000
nan
nan
nan
nan
nan
nan
0.913000
nan
nan
nan
nan
nan
0.284000
0.069000
nan
0.407000
0.989000
nan
0.404000
0.662000
0.562000
nan
nan
nan
nan
0.291000
nan
0.546000
1.000000
nan
nan
nan
nan
0.926000
0.599000
nan
0.347000
0.142000
nan
0.202000
nan
0.503000
0.907000
1.000000
0.949000
nan
0.565000
0.142000
nan
nan
nan
0.244000
nan
nan
nan
nan
nan
nan
nan
nan
nan
nan
0.539000
nan
nan
nan
nan
0.332000
0.156000
0.145000
nan
nan
0.156000
0.171000
nan
nan
0.373000
nan
nan
nan
nan
0.477000
nan
nan
nan
nan
0.513000
nan
0.285000
nan
0.213000
0.648000
nan
0.555000
nan
0.715000
nan
0.337000
nan
0.142000
nan
0.311000
nan
nan
0.373000
0.508000
nan
0.467000
0.316000
1.000000
nan
nan
nan
nan
nan
nan
nan
nan
nan
nan
nan
nan
1.000000
nan
nan
0.866000
nan
0.715000
nan
nan
0.218000
0.700000
nan
nan
nan
nan
nan
nan
nan
0.306000
0.280000
nan
0.373000
nan
0.295000
0.627000
0.695000
nan
nan
0.228000
nan
nan
nan
nan
nan
nan
nan
nan
nan
0.472000
0.565000
0.617000
0.866000
nan
0.544000
nan
nan
nan
nan
nan
nan
nan
nan
nan
0.783000
nan
nan
nan
0.767000
nan
0.379000
0.391000
0.649000
nan
0.411000
0.689000
0.794000
nan
nan
nan
nan
0.206000
0.157000
0.464000
0.387000
nan
0.145000
nan
0.391000
0.153000
nan
nan
nan
nan
0.988000
nan
nan
nan
0.124000
nan
0.258000
0.459000
0.742000
0.693000
nan
0.165000
0.322000
0.451000
0.879000
nan
nan
1.000000
0.774000
0.593000
0.459000
0.705000
0.758000
0.915000
nan
nan
nan
nan
0.411000
1.000000
nan
nan
nan
nan
0.145000
0.153000
0.734000
nan
0.504000
0.455000
nan
nan
nan
0.124000
nan
nan
nan
nan
nan
0.504000
1.000000
0.996000
nan
0.794000
nan
nan
nan
0.290000
0.302000
0.427000
nan
nan
0.133000
nan
0.124000
nan
0.250000
0.214000
0.673000
0.742000
nan
0.769000
nan
1.000000
nan
nan
nan
0.277000
nan
nan
0.585000
1.000000
nan
0.188000
nan
0.188000
0.292000
0.342000
nan
0.204000
nan
nan
nan
0.435000
nan
1.000000
0.988000
nan
nan
0.782000
0.773000
0.702000
0.253000
nan
0.324000
0.191000
nan
0.138000
nan
nan
nan
nan
0.131000
nan
0.187000
0.382000
0.795000
0.471000
0.648000
0.879000
0.311000
0.409000
0.560000
0.209000
nan
0.142000
0.131000
0.320000
0.883000
nan
nan
0.711000
0.493000
0.493000
0.533000
0.697000
nan
nan
nan
nan
0.266000
nan
0.151000
0.131000
nan
0.885000
0.715000
0.746000
nan
nan
0.497000
nan
0.475000
0.515000
0.750000
nan
nan
0.146000
nan
0.237000
nan
nan
0.146000
0.196000
0.771000
0.675000
0.282000
0.287000
0.353000
0.514000
0.484000
nan
nan
0.146000
nan
