Coverage: 35017.361111
nan
0.112000
nan
0.290000
nan
0.268000
0.369000
nan
0.369000
nan
nan
nan
0.116000
0.145000
nan
1.000000
nan
nan
nan
0.717000
nan
0.282000
0.130000
nan
0.369000
0.521000
nan
nan
nan
nan
nan
nan
nan
nan
0.449000
nan
nan
0.391000
nan
0.789000
nan
0.456000
0.818000
nan
nan
0.724000
0.623000
nan
nan
0.174000
nan
0.261000
nan
nan
0.572000
nan
nan
nan
nan
nan
nan
nan
0.550000
nan
0.673000
0.659000
0.775000
nan
0.442000
0.282000
nan
0.311000
nan
0.688000
0.782000
nan
nan
1.000000
nan
nan
nan
nan
0.112000
0.167000
0.797000
nan
0.717000
1.000000
0.731000
0.862000
0.760000
nan
nan
0.112000
0.123000
0.145000
0.159000
0.847000
nan
0.898000
0.992000
nan
nan
nan
0.123000
nan
nan
0.210000
nan
nan
nan
nan
nan
0.542000
nan
0.434000
nan
nan
0.401000
nan
0.792000
nan
nan
nan
nan
0.597000
nan
0.564000
0.792000
1.000000
nan
0.607000
nan
0.200000
nan
0.206000
nan
1.000000
nan
nan
nan
nan
nan
nan
nan
0.694000
nan
nan
nan
0.618000
0.705000
nan
nan
0.564000
nan
nan
0.759000
0.727000
nan
nan
0.401000
0.412000
nan
0.792000
0.597000
0.694000
0.423000
nan
1.000000
0.456000
nan
0.813000
0.369000
0.553000
0.672000
0.781000
0.466000
0.499000
0.976000
nan
0.824000
nan
0.521000
nan
0.293000
nan
0.716000
0.239000
0.358000
0.228000
0.200000
0.200000
0.542000
0.347000
0.423000
0.336000
nan
nan
0.521000
0.423000
nan
nan
0.542000
0.003000
nan
0.025000
nan
nan
nan
0.032000
0.004000
nan
0.003000
nan
0.003000
nan
0.032000
0.003000
0.003000
0.005000
nan
0.005000
nan
nan
nan
nan
nan
0.178000
nan
0.180000
nan
0.177000
0.179000
nan
0.003000
nan
nan
0.008000
nan
0.014000
0.013000
nan
nan
nan
0.441000
nan
nan
0.016000
0.030000
nan
0.539000
0.015000
0.011000
nan
0.012000
nan
nan
nan
nan
nan
nan
nan
0.780000
0.029000
0.027000
0.028000
0.034000
0.032000
0.035000
nan
0.021000
nan
0.017000
nan
nan
0.073000
nan
nan
0.040000
nan
1.000000
0.038000
nan
nan
0.035000
nan
nan
nan
nan
nan
nan
nan
nan
0.020000
nan
1.000000
nan
0.062000
nan
nan
nan
nan
nan
0.058000
1.000000
nan
nan
nan
0.025000
0.021000
nan
0.020000
0.014000
0.004000
0.030000
0.030000
0.030000
nan
nan
nan
nan
nan
nan
nan
0.050000
0.094000
0.099000
0.121000
nan
nan
nan
nan
0.032000
0.093000
nan
nan
nan
nan
nan
nan
1.000000
nan
0.156000
0.327000
nan
nan
nan
0.132000
nan
0.075000
0.079000
0.087000
nan
0.118000
0.085000
0.048000
0.076000
nan
nan
0.068000
0.052000
0.054000
0.067000
0.118000
1.000000
0.147000
nan
nan
nan
nan
nan
nan
nan
0.053000
0.092000
0.157000
0.172000
nan
nan
nan
nan
0.073000
nan
0.057000
0.055000
nan
nan
nan
0.053000
0.049000
0.054000
0.059000
nan
0.058000
nan
0.050000
0.062000
nan
0.043000
0.037000
0.035000
0.047000
nan
nan
nan
0.043000
1.000000
nan
nan
0.052000
0.066000
0.047000
nan
nan
nan
0.026000
nan
nan
nan
nan
0.035000
0.883000
nan
nan
0.020000
nan
nan
nan
nan
nan
0.020000
0.020000
