Coverage: 3655.555556
nan
nan
0.108000
0.324000
0.486000
nan
nan
nan
nan
nan
nan
0.522000
nan
0.144000
nan
nan
nan
nan
0.252000
nan
nan
0.737000
nan
nan
0.576000
0.576000
nan
0.845000
0.755000
0.665000
1.000000
nan
nan
nan
nan
nan
0.701000
nan
nan
0.863000
nan
nan
0.098000
nan
nan
0.098000
nan
nan
0.288000
nan
0.324000
nan
nan
nan
nan
nan
nan
nan
0.378000
1.000000
1.000000
0.809000
nan
0.468000
0.252000
nan
0.450000
0.098000
0.522000
0.522000
0.342000
0.701000
nan
nan
nan
0.504000
0.558000
0.288000
nan
nan
0.378000
nan
0.881000
0.791000
nan
0.881000
0.522000
0.558000
0.665000
nan
0.809000
nan
nan
nan
0.719000
0.647000
0.683000
0.540000
nan
nan
nan
nan
0.486000
0.558000
nan
nan
0.665000
nan
0.612000
0.314000
nan
0.425000
nan
nan
nan
nan
nan
nan
nan
1.000000
0.924000
0.750000
nan
0.188000
nan
nan
0.413000
nan
nan
1.000000
0.394000
nan
0.656000
nan
0.300000
0.825000
nan
0.356000
0.319000
0.619000
0.825000
0.938000
nan
nan
0.225000
nan
nan
nan
nan
0.225000
0.356000
nan
nan
0.600000
0.656000
nan
0.750000
0.769000
nan
0.488000
0.488000
nan
0.263000
0.356000
nan
nan
0.990000
0.713000
0.807000
nan
0.488000
0.188000
0.188000
nan
0.732000
1.000000
nan
nan
0.975000
nan
0.469000
nan
nan
0.694000
nan
nan
0.581000
nan
0.694000
0.825000
0.619000
nan
nan
0.300000
nan
nan
nan
0.769000
0.375000
0.394000
0.544000
nan
0.188000
nan
nan
nan
nan
nan
0.844000
0.609000
0.343000
0.209000
nan
0.419000
nan
nan
