Coverage: 7692.957746
nan
0.092000
0.359000
0.266000
nan
0.319000
0.173000
0.479000
nan
nan
0.199000
nan
0.213000
0.306000
nan
0.306000
0.492000
0.332000
nan
0.319000
nan
nan
nan
nan
0.279000
0.479000
0.452000
nan
0.439000
nan
nan
0.452000
0.372000
0.465000
nan
nan
0.279000
0.346000
0.386000
nan
nan
nan
0.891000
0.465000
nan
0.519000
nan
0.532000
0.319000
0.372000
nan
0.120000
0.106000
nan
0.665000
nan
0.705000
0.612000
0.439000
0.213000
nan
0.971000
nan
0.798000
nan
nan
nan
0.253000
nan
0.612000
1.000000
nan
0.266000
0.239000
0.092000
0.918000
0.864000
nan
nan
0.092000
nan
nan
nan
1.000000
1.000000
nan
0.971000
nan
nan
nan
nan
nan
nan
0.443000
0.321000
0.725000
0.634000
nan
0.466000
nan
nan
nan
nan
0.328000
0.679000
nan
0.962000
0.382000
0.214000
0.435000
nan
0.194000
0.194000
1.000000
nan
nan
nan
nan
nan
nan
0.710000
0.412000
0.687000
1.000000
nan
nan
0.374000
nan
0.321000
nan
0.481000
0.603000
0.412000
0.794000
0.779000
nan
nan
1.000000
0.672000
nan
0.649000
nan
nan
nan
nan
nan
0.305000
nan
nan
nan
0.194000
nan
nan
nan
0.649000
nan
nan
1.000000
0.725000
nan
0.527000
0.924000
nan
0.580000
0.718000
nan
1.000000
nan
nan
nan
0.626000
nan
nan
nan
nan
nan
nan
nan
0.588000
0.656000
nan
0.489000
0.794000
nan
0.519000
nan
nan
0.206000
0.260000
0.397000
0.298000
0.557000
nan
nan
nan
0.328000
nan
nan
nan
nan
0.542000
0.641000
0.351000
nan
nan
nan
0.794000
nan
nan
0.672000
nan
0.420000
nan
