Coverage: 7155.681818
nan
0.128000
nan
nan
0.485000
nan
0.452000
nan
0.420000
nan
nan
nan
nan
nan
nan
nan
nan
nan
nan
0.377000
0.194000
nan
nan
nan
nan
0.269000
nan
nan
nan
0.452000
1.000000
nan
nan
nan
nan
0.442000
nan
nan
nan
0.474000
nan
0.517000
nan
nan
nan
nan
0.528000
0.323000
nan
nan
0.355000
nan
nan
nan
nan
nan
0.959000
nan
nan
0.560000
0.463000
nan
0.258000
nan
0.689000
nan
nan
nan
nan
nan
0.783000
nan
nan
nan
0.342000
0.143000
0.463000
0.805000
0.596000
0.695000
nan
nan
nan
0.949000
nan
0.849000
0.883000
0.871000
0.783000
nan
0.979000
nan
nan
0.126000
0.114000
0.188000
1.000000
1.000000
nan
nan
nan
nan
nan
nan
0.960000
nan
0.530000
0.342000
nan
nan
nan
nan
0.386000
0.375000
nan
nan
0.364000
nan
nan
0.452000
0.596000
0.408000
nan
nan
0.199000
nan
nan
0.143000
nan
0.496000
0.192000
0.169000
nan
0.949000
nan
0.802000
nan
0.147000
0.101000
0.226000
nan
nan
nan
nan
0.644000
0.101000
nan
0.136000
0.113000
nan
nan
0.994000
nan
0.745000
0.429000
0.700000
0.734000
nan
0.565000
nan
nan
nan
nan
nan
nan
0.497000
nan
nan
nan
nan
0.768000
0.587000
nan
nan
nan
nan
