Coverage: 13843.982495
0.057000
nan
nan
0.057000
nan
0.075000
0.068000
0.098000
0.113000
nan
nan
0.576000
0.441000
nan
nan
nan
nan
nan
nan
0.068000
nan
0.057000
0.460000
nan
0.377000
0.527000
0.580000
nan
nan
0.588000
0.475000
nan
0.557000
nan
nan
0.539000
nan
0.166000
nan
nan
nan
nan
0.761000
0.603000
nan
0.527000
0.580000
nan
nan
nan
nan
0.667000
0.595000
nan
nan
nan
nan
0.640000
0.625000
0.716000
nan
nan
0.392000
0.723000
0.738000
nan
0.930000
nan
0.136000
0.316000
nan
0.407000
0.260000
0.810000
0.783000
nan
0.757000
1.000000
0.595000
nan
nan
0.301000
0.979000
nan
nan
0.444000
nan
1.000000
0.953000
0.554000
nan
nan
nan
nan
nan
0.670000
1.000000
nan
nan
0.275000
0.472000
nan
nan
0.681000
0.524000
nan
0.254000
nan
0.857000
nan
0.267000
nan
nan
nan
0.375000
nan
0.697000
0.153000
nan
nan
nan
0.759000
nan
nan
1.000000
nan
0.176000
0.125000
nan
0.922000
nan
1.000000
0.980000
0.681000
nan
nan
0.651000
0.687000
nan
nan
0.335000
nan
nan
nan
nan
0.554000
nan
nan
nan
nan
0.274000
0.847000
0.371000
0.234000
0.352000
0.622000
0.427000
nan
nan
0.127000
0.125000
nan
nan
nan
nan
nan
nan
nan
0.795000
nan
0.345000
0.352000
nan
0.179000
nan
0.274000
nan
0.125000
0.821000
1.000000
nan
0.632000
0.798000
0.583000
0.736000
nan
0.580000
nan
nan
0.472000
0.466000
nan
0.378000
0.440000
0.391000
nan
0.485000
0.394000
nan
nan
1.000000
0.766000
0.852000
nan
nan
0.460000
nan
0.952000
0.779000
0.859000
0.733000
nan
nan
0.819000
0.653000
0.932000
0.526000
nan
0.539000
nan
0.546000
nan
0.653000
0.420000
0.673000
0.766000
0.699000
nan
0.699000
nan
0.283000
nan
0.283000
nan
0.283000
nan
nan
nan
0.606000
0.513000
nan
0.406000
0.566000
0.872000
0.513000
nan
0.626000
0.633000
0.806000
nan
0.519000
0.919000
nan
0.473000
1.000000
0.713000
0.906000
nan
0.573000
0.706000
0.839000
0.813000
0.373000
0.386000
0.473000
0.466000
nan
nan
0.320000
0.506000
1.000000
0.746000
0.439000
0.543000
0.417000
nan
0.376000
0.268000
nan
0.175000
nan
nan
0.305000
0.394000
0.309000
0.521000
0.602000
0.350000
0.305000
nan
nan
0.201000
nan
0.208000
0.368000
0.193000
nan
0.725000
0.599000
nan
nan
0.383000
nan
0.796000
0.409000
nan
0.606000
0.565000
0.647000
nan
0.043000
0.043000
0.045000
0.043000
nan
1.000000
0.963000
nan
0.829000
nan
nan
nan
nan
0.119000
nan
nan
nan
nan
0.469000
0.562000
nan
1.000000
nan
nan
0.703000
nan
0.346000
nan
nan
nan
nan
0.152000
nan
nan
nan
nan
0.439000
nan
0.878000
0.952000
nan
nan
1.000000
0.495000
0.692000
0.547000
0.223000
0.223000
nan
0.316000
nan
0.344000
0.254000
0.303000
nan
nan
nan
nan
0.503000
0.712000
nan
nan
nan
0.630000
0.454000
nan
1.000000
nan
0.736000
0.679000
nan
0.450000
0.130000
nan
nan
0.667000
0.487000
nan
nan
0.675000
0.843000
0.945000
nan
nan
nan
nan
nan
nan
0.626000
0.663000
0.933000
1.000000
nan
nan
0.687000
nan
nan
0.814000
0.663000
nan
0.712000
0.356000
nan
0.364000
nan
nan
nan
nan
nan
nan
nan
0.769000
nan
0.495000
nan
nan
nan
nan
nan
1.000000
0.876000
nan
nan
0.168000
0.130000
nan
nan
0.646000
0.884000
0.863000
nan
nan
0.160000
nan
nan
0.982000
0.757000
nan
0.945000
0.471000
0.544000
0.196000
nan
0.192000
0.299000
0.262000
0.130000
