Coverage: 3816.666667
0.076000
0.076000
0.381000
nan
nan
nan
0.250000
nan
0.788000
0.145000
nan
0.105000
nan
nan
nan
0.289000
0.368000
0.499000
0.486000
nan
0.329000
0.355000
nan
0.618000
0.276000
nan
0.342000
nan
nan
0.473000
nan
0.815000
0.407000
0.723000
0.315000
nan
0.394000
0.530000
0.646000
nan
nan
0.750000
1.000000
nan
0.323000
nan
nan
nan
0.491000
0.802000
nan
nan
nan
0.685000
0.556000
0.776000
nan
nan
nan
nan
nan
0.530000
nan
0.323000
nan
nan
0.106000
nan
nan
nan
0.970000
nan
0.990000
1.000000
nan
0.233000
0.414000
nan
0.763000
nan
nan
0.233000
nan
nan
nan
nan
nan
0.465000
0.478000
0.621000
0.763000
nan
nan
nan
nan
nan
nan
0.092000
nan
0.181000
0.116000
nan
0.129000
nan
0.318000
0.318000
nan
nan
0.267000
nan
nan
nan
0.318000
nan
0.865000
nan
1.000000
nan
nan
0.140000
0.178000
0.153000
nan
0.699000
nan
nan
nan
0.216000
0.153000
nan
nan
nan
nan
0.381000
nan
0.305000
nan
nan
0.420000
nan
0.394000
nan
0.153000
nan
0.216000
nan
nan
nan
nan
nan
0.496000
nan
0.407000
0.292000
nan
0.107000
nan
nan
nan
nan
nan
nan
