Coverage: 22106.435644
0.148000
nan
0.496000
0.557000
0.770000
nan
0.254000
nan
0.229000
0.148000
nan
nan
nan
nan
nan
nan
0.344000
0.205000
0.492000
nan
nan
nan
nan
0.148000
0.315000
nan
0.762000
0.852000
nan
nan
1.000000
0.664000
nan
0.578000
nan
nan
0.270000
nan
0.836000
nan
nan
nan
0.700000
0.795000
nan
0.283000
0.713000
1.000000
nan
0.807000
nan
nan
nan
nan
nan
0.664000
nan
0.926000
nan
0.684000
0.717000
nan
0.451000
nan
nan
0.553000
nan
nan
nan
nan
nan
1.000000
nan
0.426000
0.651000
0.598000
nan
0.737000
0.688000
0.836000
0.909000
nan
nan
0.504000
0.909000
0.537000
0.737000
0.811000
nan
0.840000
nan
nan
0.631000
0.291000
0.274000
0.389000
nan
nan
nan
nan
nan
nan
0.569000
0.333000
nan
0.230000
1.000000
nan
nan
nan
nan
nan
nan
nan
nan
0.230000
nan
nan
nan
nan
0.255000
0.444000
nan
nan
nan
nan
0.698000
0.386000
0.230000
0.752000
nan
nan
0.781000
0.735000
nan
0.505000
nan
0.259000
nan
nan
nan
0.867000
nan
0.900000
nan
0.534000
nan
0.838000
nan
0.830000
0.715000
nan
nan
nan
0.813000
nan
0.509000
0.477000
0.353000
0.678000
nan
nan
0.764000
0.768000
nan
0.616000
nan
nan
0.789000
nan
nan
0.551000
nan
nan
0.452000
0.727000
0.579000
nan
0.752000
0.612000
nan
0.846000
nan
0.415000
0.534000
0.489000
0.419000
0.694000
nan
nan
nan
0.933000
0.863000
nan
nan
nan
0.797000
nan
0.978000
0.604000
0.982000
1.000000
nan
nan
nan
1.000000
0.497000
nan
0.267000
nan
1.000000
nan
0.494000
nan
nan
0.810000
nan
nan
0.217000
0.290000
nan
nan
0.247000
nan
0.224000
0.619000
0.942000
nan
0.126000
0.184000
nan
0.366000
0.827000
0.415000
nan
1.000000
0.879000
nan
0.731000
0.978000
0.175000
0.126000
0.178000
nan
nan
nan
0.152000
0.257000
nan
nan
nan
nan
nan
0.126000
nan
0.402000
nan
0.184000
nan
0.168000
nan
0.975000
nan
nan
nan
nan
nan
0.593000
0.652000
0.922000
nan
nan
nan
nan
0.718000
nan
0.352000
0.402000
0.329000
0.487000
0.642000
0.511000
nan
0.211000
0.231000
0.290000
nan
nan
nan
0.138000
nan
0.359000
nan
0.132000
nan
nan
nan
0.827000
nan
1.000000
0.702000
nan
0.520000
nan
0.837000
0.145000
nan
0.137000
nan
0.137000
0.177000
nan
nan
nan
nan
nan
0.220000
0.195000
nan
nan
0.141000
nan
nan
0.228000
0.305000
0.173000
nan
0.137000
0.139000
0.202000
nan
0.250000
nan
0.225000
0.214000
nan
0.228000
0.230000
0.288000
nan
0.253000
0.304000
0.350000
0.234000
nan
nan
0.231000
0.189000
nan
nan
nan
0.662000
0.234000
1.000000
0.220000
nan
nan
nan
0.141000
nan
0.402000
0.447000
nan
nan
nan
1.000000
0.613000
nan
nan
0.300000
0.221000
nan
0.222000
0.732000
0.435000
0.607000
0.679000
nan
0.398000
nan
0.745000
0.508000
nan
nan
nan
0.485000
0.154000
nan
0.356000
nan
nan
0.163000
nan
nan
nan
1.000000
nan
nan
0.410000
nan
nan
nan
nan
nan
1.000000
nan
nan
nan
0.475000
0.754000
nan
0.415000
nan
0.740000
0.643000
0.554000
nan
nan
nan
nan
nan
nan
nan
nan
nan
1.000000
nan
0.618000
nan
0.213000
0.178000
0.285000
0.342000
0.419000
nan
nan
0.713000
0.575000
0.470000
0.526000
0.826000
nan
0.503000
nan
nan
0.383000
0.521000
0.741000
nan
nan
nan
0.180000
nan
0.322000
0.924000
1.000000
nan
0.223000
0.178000
0.258000
0.284000
0.206000
nan
0.342000
0.478000
0.353000
nan
0.415000
0.311000
0.272000
0.472000
nan
0.502000
0.224000
0.298000
nan
nan
0.544000
nan
0.376000
0.178000
0.363000
0.397000
nan
nan
nan
nan
nan
nan
0.467000
0.541000
nan
0.345000
0.653000
0.470000
nan
nan
nan
0.418000
0.561000
0.449000
1.000000
nan
0.686000
nan
nan
0.804000
0.768000
1.000000
nan
0.525000
0.706000
nan
nan
0.441000
0.308000
nan
nan
nan
0.367000
0.288000
0.438000
nan
nan
0.384000
0.559000
0.936000
0.633000
nan
0.675000
nan
0.910000
0.892000
0.559000
nan
0.530000
0.679000
0.754000
nan
0.462000
0.809000
0.822000
0.842000
0.985000
nan
0.506000
nan
0.370000
0.561000
0.690000
0.936000
nan
nan
0.244000
nan
0.222000
1.000000
0.693000
nan
0.747000
nan
0.837000
0.885000
nan
0.664000
nan
0.517000
nan
0.699000
0.820000
nan
nan
nan
0.309000
nan
nan
0.555000
0.808000
0.925000
0.604000
nan
nan
nan
nan
nan
nan
0.578000
0.386000
nan
nan
nan
0.218000
0.328000
nan
0.637000
nan
0.656000
0.489000
0.555000
nan
nan
nan
nan
0.450000
0.171000
0.171000
