Coverage: 3157.714286
0.064000
nan
nan
nan
0.548000
0.548000
0.394000
0.372000
nan
nan
0.285000
nan
nan
nan
0.723000
nan
nan
nan
nan
0.285000
nan
nan
nan
nan
nan
nan
nan
nan
nan
0.548000
0.241000
nan
nan
nan
nan
nan
0.482000
nan
0.723000
0.876000
nan
0.920000
nan
nan
1.000000
1.000000
nan
nan
0.438000
0.064000
nan
nan
0.064000
0.197000
nan
nan
nan
nan
nan
0.350000
0.548000
nan
1.000000
nan
0.613000
0.350000
nan
0.570000
nan
nan
nan
0.723000
nan
nan
0.548000
0.329000
0.745000
nan
0.526000
0.898000
nan
0.982000
nan
nan
0.474000
0.744000
0.654000
nan
0.248000
0.107000
nan
nan
0.180000
nan
nan
0.632000
nan
0.947000
0.744000
0.586000
nan
0.902000
nan
0.496000
0.609000
0.158000
nan
nan
nan
nan
0.564000
nan
nan
0.248000
nan
nan
0.118000
0.126000
0.278000
nan
0.186000
0.162000
nan
nan
0.302000
0.951000
0.673000
nan
1.000000
1.000000
0.603000
nan
0.626000
nan
0.348000
nan
0.255000
0.139000
nan
nan
0.255000
nan
nan
0.325000
0.255000
0.209000
nan
0.464000
nan
nan
0.441000
nan
nan
nan
nan
0.232000
0.603000
0.232000
0.209000
0.394000
nan
nan
0.441000
0.603000
0.603000
0.510000
nan
nan
nan
nan
0.278000
0.487000
0.789000
nan
nan
