Coverage: 15110.152284
0.141000
0.141000
0.289000
nan
0.141000
nan
nan
nan
0.257000
0.300000
nan
0.514000
0.289000
0.707000
nan
nan
0.471000
nan
0.568000
nan
0.236000
nan
nan
0.295000
nan
nan
0.552000
nan
nan
0.777000
nan
0.557000
0.653000
0.632000
nan
0.541000
0.873000
0.734000
0.728000
nan
0.557000
0.600000
nan
0.777000
0.953000
1.000000
nan
nan
0.959000
0.616000
0.873000
0.819000
nan
0.745000
0.686000
0.894000
nan
nan
nan
1.000000
0.659000
0.686000
0.664000
nan
0.761000
nan
0.562000
0.916000
nan
0.873000
0.659000
1.000000
nan
0.659000
nan
nan
nan
0.252000
0.439000
0.423000
nan
nan
0.262000
0.461000
nan
0.954000
nan
nan
nan
nan
nan
nan
nan
0.172000
nan
nan
0.199000
0.178000
nan
nan
nan
nan
0.804000
0.894000
nan
0.849000
nan
nan
nan
0.447000
0.412000
nan
nan
nan
nan
0.384000
0.409000
nan
nan
nan
1.000000
nan
nan
0.807000
nan
nan
nan
nan
nan
nan
nan
0.318000
0.370000
nan
nan
1.000000
nan
0.828000
nan
0.807000
nan
0.172000
0.172000
nan
0.517000
nan
0.646000
nan
nan
nan
nan
nan
0.542000
0.475000
0.517000
0.206000
0.465000
0.755000
nan
nan
nan
0.853000
0.765000
nan
nan
0.566000
nan
0.751000
0.374000
nan
0.325000
1.000000
nan
nan
nan
nan
nan
nan
nan
0.825000
nan
nan
nan
nan
0.367000
0.287000
0.472000
0.549000
0.370000
0.514000
nan
0.538000
0.220000
nan
nan
0.618000
0.451000
0.384000
0.524000
0.681000
nan
0.531000
0.684000
1.000000
nan
0.276000
0.538000
0.655000
nan
nan
0.833000
nan
nan
nan
1.000000
nan
nan
nan
nan
nan
nan
nan
nan
nan
nan
nan
nan
0.444000
nan
0.658000
nan
nan
nan
nan
0.709000
0.713000
nan
0.720000
nan
nan
nan
0.720000
nan
0.905000
nan
0.742000
nan
nan
0.316000
nan
nan
0.349000
0.168000
nan
nan
nan
nan
0.644000
nan
nan
nan
nan
nan
0.324000
nan
nan
nan
0.676000
0.804000
nan
nan
0.822000
nan
0.920000
1.000000
nan
nan
nan
0.582000
nan
0.520000
0.633000
nan
0.713000
0.542000
0.735000
0.560000
nan
0.589000
0.651000
nan
0.349000
0.353000
0.407000
nan
nan
nan
0.655000
0.684000
nan
0.469000
0.168000
0.168000
0.178000
0.247000
nan
nan
nan
nan
nan
0.291000
0.189000
nan
0.713000
nan
nan
0.527000
nan
nan
nan
0.538000
0.713000
nan
nan
nan
nan
nan
nan
0.298000
nan
0.474000
0.299000
nan
0.289000
nan
nan
0.289000
0.371000
nan
1.000000
nan
nan
0.552000
0.294000
nan
nan
nan
nan
nan
nan
0.618000
0.461000
0.589000
nan
0.334000
nan
nan
0.658000
0.588000
nan
0.521000
0.606000
0.766000
nan
0.561000
0.622000
nan
0.515000
0.718000
0.675000
0.451000
0.953000
0.747000
0.673000
nan
0.588000
0.462000
0.777000
0.917000
nan
nan
0.692000
0.749000
0.955000
0.828000
0.853000
nan
nan
nan
nan
0.523000
nan
nan
0.652000
nan
0.289000
0.436000
0.595000
nan
nan
nan
nan
nan
nan
nan
0.603000
0.318000
nan
nan
nan
0.442000
0.777000
0.642000
1.000000
1.000000
nan
nan
0.519000
nan
nan
nan
nan
nan
0.339000
nan
nan
0.638000
0.649000
nan
nan
nan
0.849000
0.824000
nan
nan
nan
0.325000
0.820000
0.901000
0.720000
0.976000
1.000000
nan
nan
nan
nan
nan
0.604000
0.422000
1.000000
nan
0.504000
0.556000
0.377000
1.000000
nan
0.195000
nan
nan
nan
nan
0.679000
0.524000
0.670000
0.608000
0.640000
nan
0.320000
nan
0.304000
0.238000
0.238000
nan
0.170000
0.186000
0.597000
nan
nan
0.309000
0.316000
nan
0.436000
0.488000
0.388000
nan
0.393000
nan
nan
0.295000
nan
0.166000
nan
0.266000
0.170000
nan
nan
nan
nan
nan
0.078000
nan
nan
nan
0.082000
0.079000
0.078000
nan
nan
0.086000
0.157000
nan
0.098000
0.078000
0.561000
0.602000
nan
0.578000
0.717000
1.000000
0.532000
0.671000
0.555000
0.462000
0.532000
0.416000
nan
0.393000
nan
0.486000
0.809000
nan
0.185000
nan
nan
nan
nan
0.462000
nan
0.116000
0.162000
0.069000
0.092000
nan
nan
0.393000
nan
0.231000
0.162000
0.185000
0.116000
nan
nan
nan
nan
0.116000
0.092000
nan
0.046000
0.092000
nan
nan
0.185000
0.185000
0.046000
0.116000
0.116000
0.046000
0.162000
0.092000
0.046000
0.116000
nan
nan
0.069000
0.000000
nan
nan
nan
0.046000
nan
0.000000
nan
0.023000
0.046000
0.023000
0.092000
nan
0.000000
0.046000
nan
0.000000
