Coverage: 302.006689
nan
nan
nan
nan
nan
nan
nan
nan
nan
nan
nan
nan
nan
nan
nan
nan
nan
nan
nan
nan
nan
nan
nan
nan
nan
nan
nan
nan
nan
nan
nan
nan
0.000000
0.000000
0.000000
0.000000
nan
nan
0.000000
nan
0.000000
0.250000
0.000000
0.000000
0.000000
nan
nan
0.000000
nan
0.000000
0.000000
0.000000
nan
0.000000
0.000000
0.000000
0.000000
nan
0.000000
nan
nan
0.250000
0.250000
1.000000
nan
0.500000
nan
nan
0.500000
nan
0.750000
nan
nan
nan
nan
0.500000
0.250000
0.000000
0.500000
0.750000
nan
0.000000
0.250000
nan
nan
0.000000
1.000000
1.000000
nan
0.250000
nan
nan
0.000000
nan
0.250000
nan
nan
nan
0.750000
0.250000
0.250000
0.167000
nan
nan
0.250000
0.250000
0.417000
0.583000
nan
nan
nan
nan
nan
1.000000
0.917000
0.333000
nan
0.167000
nan
0.583000
0.167000
0.333000
nan
nan
nan
0.583000
nan
nan
nan
nan
0.500000
0.917000
nan
nan
nan
0.167000
0.833000
0.000000
nan
0.917000
0.333000
nan
0.167000
0.000000
0.167000
nan
nan
nan
nan
0.000000
nan
nan
nan
1.000000
0.833000
0.833000
0.583000
nan
1.000000
0.667000
nan
nan
0.417000
0.583000
0.500000
nan
0.167000
0.500000
0.417000
nan
nan
nan
1.000000
0.500000
nan
nan
nan
nan
0.417000
nan
nan
nan
nan
0.000000
nan
nan
0.583000
0.750000
0.384000
nan
1.000000
0.958000
0.864000
nan
nan
nan
nan
nan
nan
0.480000
nan
0.978000
nan
0.761000
0.435000
nan
nan
nan
0.761000
0.217000
0.109000
0.543000
0.870000
0.217000
nan
0.435000
0.217000
0.435000
0.870000
nan
nan
nan
0.109000
0.000000
0.326000
nan
nan
nan
nan
nan
nan
nan
nan
0.000000
nan
nan
nan
0.978000
nan
0.326000
nan
0.109000
nan
0.000000
nan
nan
nan
0.000000
0.000000
0.000000
0.217000
nan
nan
nan
0.000000
nan
nan
nan
nan
nan
nan
0.109000
nan
nan
nan
nan
nan
0.109000
0.000000
0.000000
0.109000
0.000000
0.000000
0.109000
nan
nan
nan
nan
nan
nan
nan
nan
nan
nan
nan
nan
nan
nan
nan
nan
nan
nan
nan
nan
nan
nan
nan
nan
nan
