Coverage: 20161.594203
0.080000
0.080000
nan
nan
0.686000
0.514000
nan
nan
0.665000
nan
nan
0.615000
nan
nan
nan
nan
0.548000
nan
0.468000
0.372000
nan
0.314000
nan
0.318000
nan
0.080000
nan
0.100000
0.594000
0.887000
nan
nan
0.427000
0.698000
nan
nan
0.778000
nan
nan
0.728000
nan
0.514000
nan
0.314000
nan
nan
nan
1.000000
0.836000
0.652000
0.757000
nan
0.652000
nan
0.293000
0.849000
0.782000
0.523000
0.845000
1.000000
0.719000
nan
0.531000
0.853000
0.665000
0.514000
0.715000
0.995000
nan
nan
nan
0.226000
nan
nan
nan
0.606000
nan
0.874000
1.000000
nan
nan
nan
0.259000
0.443000
0.602000
0.828000
nan
nan
0.761000
nan
0.740000
nan
0.686000
nan
nan
0.243000
nan
0.406000
0.248000
0.440000
0.386000
nan
nan
nan
nan
0.181000
nan
nan
nan
0.551000
0.619000
nan
0.416000
nan
0.340000
nan
nan
nan
0.235000
nan
nan
nan
0.370000
0.198000
nan
0.318000
0.384000
0.319000
nan
nan
0.545000
0.473000
nan
nan
nan
nan
nan
0.313000
nan
0.375000
0.767000
nan
nan
nan
nan
0.338000
nan
nan
0.437000
nan
nan
nan
0.448000
nan
0.218000
nan
nan
nan
nan
nan
0.411000
nan
0.260000
nan
nan
nan
nan
0.337000
nan
0.295000
nan
nan
nan
0.572000
nan
0.489000
0.564000
0.518000
0.279000
0.427000
0.497000
nan
0.349000
0.321000
0.181000
nan
nan
0.438000
0.364000
0.357000
1.000000
0.635000
nan
nan
nan
0.181000
1.000000
nan
0.537000
1.000000
0.414000
0.467000
nan
nan
0.134000
nan
nan
nan
nan
0.583000
nan
nan
nan
0.479000
0.484000
0.648000
nan
nan
nan
0.760000
0.692000
nan
0.414000
nan
0.147000
0.176000
0.179000
0.216000
0.349000
nan
nan
nan
nan
0.874000
0.639000
1.000000
nan
nan
nan
nan
0.837000
nan
nan
nan
0.673000
0.441000
0.566000
0.467000
0.682000
0.637000
nan
0.544000
0.663000
0.385000
0.489000
0.394000
nan
1.000000
nan
0.336000
0.314000
nan
nan
nan
nan
nan
nan
0.281000
nan
nan
0.351000
0.310000
0.566000
nan
nan
nan
0.234000
1.000000
0.346000
0.384000
nan
0.764000
nan
0.187000
0.134000
0.150000
0.134000
nan
0.141000
0.186000
0.626000
0.632000
nan
0.581000
nan
0.210000
nan
nan
nan
0.994000
nan
0.773000
0.828000
0.726000
0.843000
0.746000
0.824000
nan
1.000000
nan
nan
nan
0.435000
nan
nan
nan
nan
nan
0.867000
0.748000
0.930000
0.549000
nan
0.539000
0.525000
nan
0.286000
0.715000
nan
nan
nan
nan
0.777000
nan
nan
0.987000
0.647000
1.000000
1.000000
nan
0.388000
0.313000
nan
0.183000
0.209000
0.233000
0.337000
0.484000
0.696000
nan
nan
nan
nan
0.146000
0.146000
0.296000
nan
nan
nan
0.248000
nan
0.236000
nan
nan
nan
0.599000
nan
nan
nan
0.159000
nan
nan
nan
0.221000
0.306000
0.453000
0.643000
nan
nan
nan
0.623000
0.375000
0.460000
nan
0.366000
0.294000
nan
0.366000
0.347000
nan
0.323000
0.378000
0.167000
nan
0.196000
nan
0.134000
0.169000
0.126000
nan
0.577000
1.000000
0.365000
nan
nan
0.125000
nan
0.315000
0.391000
0.343000
nan
0.284000
0.176000
nan
