Coverage: 1518.032787
nan
0.075000
nan
0.075000
nan
0.075000
nan
0.300000
0.263000
nan
0.225000
0.075000
nan
0.375000
nan
0.488000
nan
nan
0.563000
0.563000
0.338000
0.413000
nan
0.413000
0.263000
nan
nan
nan
nan
0.525000
0.525000
nan
0.113000
nan
0.150000
nan
0.563000
nan
nan
0.300000
nan
0.300000
nan
0.150000
0.525000
0.413000
nan
nan
0.150000
0.150000
0.225000
0.300000
0.525000
0.488000
nan
nan
nan
nan
0.788000
0.225000
nan
0.225000
1.000000
nan
nan
nan
nan
nan
nan
0.938000
nan
nan
nan
1.000000
0.525000
nan
nan
0.901000
nan
0.638000
0.300000
nan
0.338000
0.338000
0.525000
nan
0.300000
0.901000
nan
nan
nan
nan
0.488000
1.000000
nan
0.563000
nan
0.600000
1.000000
0.739000
nan
1.000000
nan
nan
0.696000
0.790000
0.483000
0.966000
nan
nan
0.571000
0.527000
0.922000
nan
0.351000
nan
0.790000
0.527000
0.790000
nan
nan
nan
0.088000
nan
0.527000
0.263000
0.659000
nan
1.000000
nan
nan
1.000000
nan
0.659000
nan
1.000000
0.263000
0.132000
0.703000
nan
0.176000
0.834000
0.395000
0.615000
nan
0.395000
0.307000
0.834000
0.878000
nan
0.615000
0.263000
0.527000
nan
nan
0.703000
nan
nan
0.483000
0.220000
0.088000
0.132000
0.351000
0.571000
0.307000
nan
0.395000
0.395000
0.088000
0.659000
nan
0.307000
nan
0.076000
nan
0.532000
0.488000
nan
0.064000
nan
nan
nan
0.064000
