Coverage: 6582.258065
0.193000
0.193000
0.338000
nan
0.338000
0.490000
0.439000
0.760000
0.541000
0.557000
nan
0.287000
0.591000
0.625000
nan
0.507000
nan
nan
0.203000
nan
0.236000
0.389000
0.608000
0.845000
0.193000
nan
0.557000
0.676000
0.878000
0.591000
0.473000
nan
0.473000
0.287000
nan
0.760000
0.709000
nan
0.355000
0.541000
nan
0.490000
0.557000
nan
nan
0.490000
nan
0.811000
0.743000
nan
0.405000
0.676000
0.828000
0.709000
0.591000
0.422000
0.490000
0.490000
nan
0.439000
1.000000
0.625000
nan
1.000000
1.000000
nan
0.963000
nan
0.777000
0.485000
nan
0.172000
0.505000
0.586000
1.000000
0.354000
nan
0.161000
0.263000
nan
0.485000
0.161000
0.202000
0.313000
0.647000
0.435000
nan
0.546000
nan
nan
0.707000
0.819000
0.515000
0.526000
0.650000
0.715000
0.520000
0.492000
0.733000
0.464000
0.436000
0.297000
0.213000
0.260000
0.380000
0.445000
nan
0.186000
0.223000
nan
0.160000
0.154000
0.418000
0.789000
nan
nan
nan
0.733000
nan
nan
nan
0.390000
0.316000
0.566000
0.872000
0.935000
0.640000
0.650000
0.631000
0.650000
1.000000
0.677000
0.408000
nan
nan
0.414000
0.634000
0.879000
nan
nan
nan
0.338000
nan
nan
nan
0.499000
0.837000
0.516000
nan
nan
1.000000
0.617000
nan
0.321000
0.152000
nan
nan
nan
0.583000
nan
0.879000
nan
0.719000
nan
nan
nan
0.148000
nan
nan
nan
0.279000
nan
1.000000
nan
0.270000
nan
nan
nan
nan
nan
nan
0.575000
nan
nan
nan
nan
