Coverage: 44664.735945
nan
nan
nan
nan
nan
nan
nan
nan
nan
nan
0.379000
nan
0.398000
nan
nan
0.176000
nan
nan
nan
nan
0.428000
nan
nan
nan
0.352000
nan
0.883000
0.261000
nan
nan
0.209000
0.343000
0.334000
nan
0.686000
1.000000
0.877000
nan
nan
0.449000
nan
nan
0.228000
0.452000
0.410000
nan
0.561000
0.225000
0.370000
0.646000
nan
nan
nan
0.343000
nan
nan
0.225000
nan
nan
0.270000
0.234000
0.668000
0.759000
nan
nan
nan
0.346000
0.169000
nan
nan
0.273000
nan
nan
0.249000
nan
nan
0.479000
0.998000
0.926000
0.971000
nan
nan
nan
nan
nan
0.716000
0.316000
0.373000
nan
0.464000
nan
0.886000
0.446000
nan
nan
0.394000
1.000000
0.507000
nan
nan
0.169000
1.000000
nan
nan
nan
nan
nan
nan
nan
nan
nan
0.225000
nan
nan
nan
nan
0.206000
nan
0.655000
nan
nan
0.169000
0.339000
nan
nan
0.750000
0.657000
0.640000
nan
0.828000
nan
0.719000
0.777000
nan
nan
nan
nan
0.503000
0.671000
nan
1.000000
nan
0.596000
nan
0.716000
0.736000
0.774000
nan
nan
0.472000
nan
nan
0.486000
0.377000
nan
0.257000
0.240000
0.510000
0.370000
0.911000
nan
0.524000
0.260000
0.462000
0.387000
nan
0.472000
nan
0.411000
0.493000
0.620000
nan
nan
0.479000
0.298000
nan
nan
0.253000
nan
nan
nan
1.000000
0.421000
nan
0.192000
0.346000
nan
0.996000
nan
0.089000
0.216000
0.080000
0.127000
nan
0.080000
0.907000
nan
0.935000
nan
0.883000
1.000000
nan
0.080000
nan
nan
nan
nan
nan
0.425000
nan
0.438000
nan
0.307000
nan
nan
0.939000
0.776000
1.000000
nan
0.627000
0.349000
nan
0.288000
nan
nan
nan
0.632000
nan
0.743000
0.497000
nan
nan
nan
nan
nan
nan
nan
0.604000
0.595000
nan
nan
nan
nan
nan
0.293000
0.451000
0.460000
nan
nan
nan
nan
nan
nan
nan
nan
nan
nan
0.627000
0.716000
nan
1.000000
0.762000
0.725000
0.669000
nan
0.279000
0.316000
0.376000
nan
0.288000
0.260000
nan
nan
nan
0.339000
nan
nan
nan
0.590000
0.432000
0.395000
0.581000
1.000000
0.604000
0.595000
nan
0.335000
nan
0.655000
0.316000
0.247000
0.247000
0.247000
0.534000
0.302000
0.590000
0.762000
0.990000
0.576000
0.697000
nan
nan
nan
0.688000
0.465000
nan
0.404000
0.129000
0.178000
nan
0.130000
0.209000
nan
0.129000
nan
0.153000
0.129000
0.270000
0.241000
nan
0.227000
0.251000
nan
nan
nan
0.736000
nan
nan
nan
nan
nan
nan
nan
nan
0.239000
0.879000
nan
0.261000
0.310000
0.275000
nan
nan
0.222000
0.472000
0.443000
nan
nan
0.379000
nan
0.268000
0.368000
0.489000
0.412000
nan
nan
0.301000
0.535000
nan
nan
nan
0.710000
0.543000
nan
0.422000
0.714000
nan
nan
nan
nan
0.738000
nan
nan
0.625000
nan
nan
nan
0.428000
nan
nan
nan
nan
nan
1.000000
0.191000
0.349000
nan
0.351000
nan
nan
nan
nan
0.638000
nan
nan
0.959000
nan
nan
nan
1.000000
1.000000
0.766000
0.435000
0.520000
0.292000
0.410000
nan
nan
nan
nan
0.940000
nan
nan
nan
nan
0.479000
0.385000
0.340000
0.337000
0.543000
0.752000
nan
0.545000
0.625000
nan
0.711000
nan
nan
0.537000
0.337000
0.450000
0.969000
0.619000
0.440000
0.533000
0.521000
0.784000
0.687000
nan
0.751000
0.791000
nan
0.709000
nan
nan
nan
0.547000
0.415000
nan
nan
nan
nan
0.409000
nan
nan
0.780000
1.000000
0.692000
0.962000
0.674000
nan
0.353000
0.410000
nan
nan
nan
nan
0.617000
0.608000
nan
1.000000
0.949000
0.845000
0.831000
nan
nan
nan
nan
nan
nan
nan
nan
nan
0.672000
nan
0.879000
nan
nan
0.546000
nan
nan
0.643000
nan
nan
nan
0.337000
0.800000
0.711000
0.494000
0.597000
0.825000
nan
nan
nan
0.860000
0.708000
0.926000
nan
0.714000
0.394000
nan
nan
0.968000
nan
nan
0.769000
nan
nan
0.260000
0.301000
nan
0.454000
0.285000
nan
nan
0.499000
nan
0.308000
nan
0.651000
1.000000
nan
nan
0.971000
nan
nan
0.440000
nan
0.589000
0.421000
0.309000
nan
0.335000
nan
nan
1.000000
nan
0.684000
nan
0.663000
1.000000
nan
nan
0.798000
0.602000
0.601000
0.623000
0.614000
0.688000
nan
0.710000
nan
nan
nan
nan
nan
nan
nan
nan
0.331000
nan
0.694000
0.465000
0.558000
0.878000
0.580000
0.423000
nan
0.478000
0.333000
nan
0.433000
0.415000
nan
0.205000
0.205000
nan
0.205000
