Coverage: 3201.020408
nan
nan
nan
0.226000
0.113000
nan
0.791000
0.226000
nan
0.264000
0.113000
0.113000
nan
nan
0.264000
nan
nan
0.151000
0.113000
0.226000
0.339000
0.377000
0.151000
0.226000
nan
0.640000
0.188000
0.226000
0.113000
0.339000
nan
nan
0.791000
nan
0.866000
nan
nan
nan
0.904000
0.942000
0.866000
0.866000
0.979000
nan
nan
0.791000
0.565000
nan
0.490000
0.678000
nan
nan
nan
0.452000
0.565000
nan
0.716000
nan
0.904000
0.829000
0.753000
nan
nan
nan
0.414000
nan
nan
0.716000
0.640000
nan
0.414000
0.452000
nan
nan
nan
0.716000
nan
nan
nan
0.377000
nan
nan
0.151000
nan
1.000000
nan
nan
nan
0.829000
nan
nan
nan
nan
nan
nan
0.603000
1.000000
1.000000
nan
0.849000
0.594000
0.340000
0.892000
nan
0.552000
nan
nan
nan
1.000000
0.807000
0.679000
nan
0.722000
nan
0.722000
nan
0.934000
0.425000
nan
0.722000
nan
0.382000
nan
nan
0.637000
nan
0.274000
0.849000
0.594000
nan
nan
nan
1.000000
nan
0.637000
0.892000
0.934000
0.764000
0.807000
0.297000
nan
nan
0.274000
nan
0.679000
nan
nan
nan
nan
0.594000
0.510000
0.552000
0.510000
0.552000
0.467000
nan
nan
nan
nan
nan
0.977000
0.637000
nan
nan
nan
0.637000
0.637000
nan
nan
0.594000
0.679000
0.274000
1.000000
0.340000
0.892000
0.340000
0.467000
nan
0.467000
nan
nan
0.467000
nan
nan
0.594000
nan
0.425000
0.722000
0.163000
0.163000
nan
nan
nan
0.326000
nan
0.285000
0.530000
0.896000
nan
nan
0.367000
1.000000
0.937000
0.499000
0.582000
0.092000
0.499000
nan
nan
nan
nan
nan
0.250000
0.166000
0.092000
0.541000
0.707000
nan
0.208000
0.749000
0.208000
nan
0.582000
0.915000
0.624000
nan
0.291000
nan
nan
nan
0.416000
nan
nan
0.915000
nan
0.957000
0.208000
0.250000
0.666000
0.208000
0.915000
nan
nan
nan
0.582000
nan
nan
nan
0.582000
nan
0.125000
nan
nan
0.499000
nan
nan
1.000000
1.000000
0.208000
0.092000
nan
0.416000
0.624000
0.989000
nan
nan
0.915000
nan
nan
0.749000
0.790000
nan
0.874000
0.666000
0.915000
nan
0.552000
nan
nan
0.425000
0.382000
0.637000
nan
0.425000
nan
nan
0.892000
0.212000
nan
nan
nan
0.467000
nan
0.085000
