Coverage: 2558.333333
nan
nan
nan
nan
0.344000
0.281000
nan
nan
nan
nan
0.170000
nan
0.312000
nan
0.250000
nan
nan
nan
nan
0.188000
0.406000
0.312000
0.469000
0.469000
0.500000
0.875000
0.688000
0.812000
nan
nan
0.170000
nan
nan
nan
nan
nan
0.656000
0.469000
nan
0.469000
0.344000
nan
0.281000
nan
0.656000
nan
0.656000
0.250000
0.438000
0.938000
nan
nan
0.906000
nan
1.000000
nan
0.781000
1.000000
0.750000
0.969000
0.656000
nan
0.469000
nan
nan
nan
0.656000
nan
1.000000
0.531000
nan
0.188000
0.531000
nan
nan
nan
nan
nan
0.812000
nan
0.531000
0.312000
nan
0.406000
nan
nan
nan
nan
0.781000
0.812000
1.000000
nan
nan
0.562000
0.170000
0.750000
0.844000
nan
nan
0.594000
nan
0.518000
0.296000
nan
nan
0.518000
0.573000
0.111000
0.351000
nan
nan
0.185000
nan
0.518000
0.462000
0.148000
0.222000
nan
nan
0.444000
1.000000
nan
0.222000
0.351000
0.166000
0.203000
0.462000
nan
0.240000
nan
0.481000
nan
0.591000
nan
nan
0.129000
nan
0.111000
0.111000
0.166000
nan
0.499000
0.425000
0.518000
1.000000
0.647000
0.462000
0.499000
1.000000
0.481000
0.462000
0.518000
nan
0.647000
0.647000
0.980000
0.813000
0.203000
nan
nan
0.129000
nan
0.388000
nan
nan
0.222000
nan
0.296000
0.240000
0.481000
nan
nan
nan
nan
0.314000
nan
nan
0.166000
nan
0.111000
