Coverage: 26784.440559
0.106000
nan
0.238000
nan
0.192000
0.394000
nan
0.426000
nan
0.179000
nan
0.284000
nan
nan
nan
nan
0.518000
0.674000
nan
0.124000
0.106000
0.133000
0.106000
nan
0.417000
nan
nan
0.142000
0.697000
0.637000
nan
0.504000
0.555000
0.637000
nan
nan
nan
0.449000
0.463000
0.678000
0.454000
nan
0.536000
nan
0.495000
nan
nan
nan
nan
0.426000
0.545000
nan
nan
0.724000
0.550000
0.733000
nan
nan
0.701000
0.490000
0.775000
0.697000
0.797000
0.903000
nan
nan
0.953000
nan
0.967000
0.839000
0.875000
nan
0.573000
0.802000
nan
nan
0.885000
0.917000
1.000000
nan
0.765000
1.000000
1.000000
0.990000
nan
nan
0.634000
nan
0.207000
0.111000
0.416000
nan
nan
0.719000
0.496000
nan
nan
nan
nan
nan
0.464000
0.767000
0.643000
nan
0.207000
0.455000
0.512000
nan
0.524000
0.482000
nan
nan
nan
nan
0.673000
0.142000
nan
nan
0.152000
1.000000
nan
nan
nan
nan
0.111000
nan
0.111000
0.124000
nan
nan
nan
nan
1.000000
0.903000
nan
0.466000
0.273000
0.133000
nan
nan
nan
nan
nan
0.537000
nan
1.000000
0.411000
0.181000
0.246000
0.301000
0.724000
0.370000
nan
nan
nan
0.326000
0.241000
0.322000
0.685000
nan
nan
0.351000
0.333000
nan
nan
nan
nan
nan
0.140000
nan
0.549000
0.250000
nan
0.147000
nan
nan
nan
nan
nan
0.436000
0.388000
0.627000
nan
0.593000
nan
nan
nan
0.377000
0.627000
0.822000
nan
nan
1.000000
nan
1.000000
nan
1.000000
0.827000
nan
0.683000
nan
nan
0.202000
0.695000
nan
nan
0.167000
0.189000
nan
0.082000
0.147000
0.204000
0.087000
nan
0.227000
0.209000
nan
0.204000
0.252000
0.282000
nan
0.463000
0.628000
nan
nan
nan
nan
0.197000
0.336000
nan
0.787000
nan
nan
nan
0.723000
nan
0.576000
0.758000
0.678000
nan
0.167000
0.082000
0.082000
0.140000
0.247000
nan
0.653000
0.349000
0.309000
nan
nan
nan
0.167000
nan
nan
0.379000
0.307000
0.384000
nan
0.488000
0.483000
nan
0.444000
nan
nan
0.471000
nan
0.461000
0.404000
nan
0.466000
0.441000
0.409000
nan
0.361000
0.389000
nan
nan
nan
0.384000
nan
nan
0.342000
0.331000
nan
0.196000
0.254000
0.203000
0.305000
nan
nan
0.373000
0.273000
nan
nan
nan
nan
0.142000
0.140000
0.475000
0.401000
nan
nan
nan
nan
0.189000
nan
0.242000
nan
nan
nan
0.359000
0.512000
nan
0.140000
0.140000
nan
nan
0.179000
0.454000
0.182000
nan
0.203000
0.370000
0.554000
0.443000
0.193000
0.205000
0.238000
0.235000
0.429000
nan
nan
nan
0.363000
nan
0.384000
0.466000
0.671000
0.650000
0.377000
0.587000
0.852000
nan
0.920000
1.000000
1.000000
nan
nan
nan
nan
nan
nan
nan
0.927000
1.000000
nan
0.461000
0.440000
0.722000
0.573000
0.869000
0.399000
nan
nan
nan
nan
nan
nan
0.537000
nan
0.838000
nan
nan
nan
0.309000
nan
nan
nan
0.705000
0.350000
0.589000
0.455000
0.565000
0.300000
0.342000
0.958000
nan
nan
nan
0.525000
0.466000
nan
0.498000
0.623000
nan
nan
nan
nan
nan
0.688000
nan
0.678000
0.577000
nan
0.552000
nan
0.522000
0.376000
0.352000
0.596000
0.445000
0.797000
nan
nan
nan
nan
nan
nan
nan
nan
0.794000
0.550000
nan
nan
nan
nan
nan
nan
0.473000
nan
nan
nan
0.335000
nan
0.713000
nan
1.000000
1.000000
0.666000
0.701000
nan
nan
nan
0.477000
nan
nan
nan
0.376000
0.544000
0.300000
0.317000
nan
nan
nan
nan
0.469000
nan
0.300000
0.342000
0.527000
0.705000
0.471000
nan
0.797000
0.624000
1.000000
0.679000
nan
0.929000
1.000000
nan
0.543000
nan
0.741000
0.743000
nan
nan
nan
0.532000
nan
0.465000
0.926000
0.856000
0.954000
nan
0.756000
0.794000
0.385000
0.460000
0.656000
0.674000
0.973000
0.708000
nan
0.534000
0.396000
nan
nan
nan
nan
nan
0.778000
0.538000
0.675000
nan
0.616000
nan
0.268000
nan
nan
0.823000
0.484000
nan
nan
nan
nan
nan
nan
nan
0.313000
0.257000
1.000000
nan
0.651000
nan
nan
nan
nan
0.287000
0.242000
0.635000
1.000000
0.472000
nan
nan
nan
nan
nan
0.581000
0.309000
0.419000
nan
nan
0.340000
0.288000
0.317000
nan
0.499000
0.640000
nan
0.326000
nan
nan
0.895000
0.640000
nan
0.392000
nan
0.229000
nan
nan
nan
0.229000
nan
nan
nan
0.221000
nan
nan
nan
0.219000
