Coverage: 18346.153846
nan
nan
nan
nan
nan
0.544000
nan
0.566000
0.580000
nan
0.305000
nan
0.530000
0.312000
0.718000
0.602000
0.595000
0.384000
nan
nan
nan
0.551000
nan
0.827000
nan
0.696000
nan
0.704000
nan
0.762000
nan
0.508000
nan
0.588000
nan
nan
nan
nan
0.566000
0.631000
nan
nan
0.972000
nan
nan
0.501000
0.617000
1.000000
nan
nan
nan
0.544000
0.289000
0.289000
0.588000
0.486000
0.754000
0.841000
nan
nan
nan
nan
nan
nan
0.747000
nan
nan
nan
0.921000
0.537000
0.776000
nan
nan
0.413000
nan
0.733000
0.588000
nan
0.689000
0.551000
nan
0.856000
0.696000
0.958000
1.000000
0.827000
0.638000
nan
0.348000
0.472000
1.000000
nan
nan
nan
nan
nan
nan
nan
nan
0.537000
0.289000
nan
nan
0.179000
nan
0.626000
0.407000
nan
0.504000
0.444000
0.365000
nan
nan
0.158000
0.158000
nan
nan
0.158000
0.201000
nan
0.529000
0.419000
0.359000
nan
0.456000
0.428000
nan
0.510000
0.377000
nan
0.283000
nan
nan
0.292000
0.389000
0.371000
0.249000
0.277000
0.699000
nan
nan
nan
0.963000
0.957000
nan
nan
nan
nan
0.213000
0.881000
nan
nan
nan
0.760000
nan
nan
0.708000
nan
nan
nan
0.523000
nan
nan
nan
nan
0.298000
nan
0.234000
nan
nan
0.310000
0.705000
nan
nan
nan
nan
nan
nan
nan
0.410000
nan
0.863000
1.000000
nan
0.280000
0.544000
0.665000
nan
nan
1.000000
nan
nan
0.851000
0.368000
0.295000
0.346000
nan
nan
nan
1.000000
0.702000
0.289000
0.599000
0.117000
0.182000
0.131000
nan
0.189000
nan
nan
nan
nan
nan
nan
nan
nan
nan
0.362000
nan
0.424000
nan
0.096000
nan
nan
0.159000
0.096000
nan
0.230000
0.235000
nan
nan
0.458000
0.243000
0.246000
0.120000
0.207000
nan
nan
nan
0.262000
nan
nan
nan
nan
nan
0.108000
0.101000
nan
nan
nan
nan
nan
0.096000
0.111000
nan
0.325000
0.161000
0.180000
0.249000
0.166000
0.187000
0.926000
nan
nan
1.000000
0.183000
0.274000
nan
nan
0.144000
0.117000
0.114000
0.124000
nan
nan
0.198000
nan
nan
nan
1.000000
nan
nan
nan
0.320000
nan
0.365000
0.175000
0.176000
nan
nan
0.112000
nan
0.184000
0.355000
1.000000
nan
0.142000
nan
nan
nan
0.154000
0.309000
0.286000
nan
0.231000
0.222000
nan
0.079000
0.396000
0.138000
0.096000
nan
nan
nan
nan
nan
0.227000
0.139000
0.450000
nan
nan
0.195000
0.113000
0.290000
nan
nan
nan
0.317000
0.322000
nan
0.324000
nan
0.317000
1.000000
0.214000
0.229000
0.319000
nan
0.252000
nan
0.401000
nan
0.409000
1.000000
nan
0.505000
nan
nan
0.777000
nan
0.340000
0.345000
0.373000
0.320000
0.967000
nan
0.079000
nan
0.479000
nan
nan
0.377000
nan
nan
nan
nan
nan
0.207000
nan
nan
nan
nan
nan
nan
0.086000
nan
0.100000
0.400000
0.225000
0.199000
0.192000
nan
0.159000
0.151000
nan
nan
0.091000
nan
0.079000
nan
