Coverage: 5020.812183
0.110000
0.110000
0.349000
0.205000
nan
nan
nan
0.110000
0.325000
0.337000
nan
nan
nan
0.638000
0.457000
nan
nan
nan
0.385000
nan
nan
nan
0.397000
nan
nan
nan
0.433000
0.710000
0.674000
nan
0.421000
0.554000
0.156000
0.493000
0.722000
0.421000
0.590000
1.000000
nan
nan
nan
nan
nan
0.241000
0.156000
nan
0.301000
nan
nan
nan
nan
nan
nan
nan
nan
nan
0.963000
0.734000
nan
0.987000
0.602000
1.000000
0.915000
0.963000
nan
0.433000
nan
0.361000
0.818000
nan
nan
nan
nan
0.337000
nan
0.205000
nan
0.493000
nan
nan
nan
0.734000
1.000000
nan
nan
nan
nan
0.566000
0.529000
0.710000
nan
nan
nan
nan
nan
0.337000
nan
0.325000
0.445000
0.566000
nan
0.602000
nan
0.229000
0.586000
0.522000
0.450000
nan
nan
0.864000
nan
0.342000
nan
0.630000
0.306000
nan
nan
0.486000
0.378000
0.558000
0.738000
nan
0.576000
nan
nan
nan
nan
nan
0.342000
0.540000
nan
nan
nan
nan
0.486000
nan
0.720000
nan
0.612000
0.846000
0.864000
nan
0.684000
nan
nan
0.864000
0.828000
0.594000
nan
nan
nan
nan
0.540000
nan
nan
nan
0.486000
nan
0.702000
nan
nan
1.000000
1.000000
0.990000
1.000000
nan
nan
nan
nan
0.152000
nan
0.864000
0.684000
0.666000
0.648000
nan
0.486000
0.720000
0.468000
0.540000
0.594000
0.702000
0.954000
0.558000
0.324000
0.152000
0.162000
nan
nan
nan
0.486000
nan
nan
0.198000
nan
0.162000
0.152000
