Coverage: 48663.742690
0.055000
nan
0.055000
0.058000
0.295000
nan
0.395000
nan
nan
0.304000
nan
nan
0.541000
0.717000
nan
0.086000
nan
0.055000
nan
nan
nan
0.451000
nan
nan
nan
0.182000
0.843000
0.149000
0.075000
nan
nan
0.186000
0.249000
0.593000
nan
0.595000
0.610000
0.633000
nan
0.783000
0.608000
0.675000
0.921000
nan
nan
0.062000
0.218000
nan
nan
nan
0.217000
0.193000
0.162000
0.402000
0.140000
nan
nan
nan
0.171000
nan
0.187000
0.794000
0.730000
nan
nan
0.659000
nan
0.202000
nan
0.479000
nan
0.981000
0.808000
0.464000
nan
nan
nan
nan
0.517000
nan
0.102000
nan
1.000000
1.000000
nan
1.000000
nan
nan
nan
0.335000
0.866000
0.278000
0.242000
nan
0.165000
nan
0.463000
nan
0.180000
nan
0.303000
nan
nan
0.576000
0.554000
0.988000
0.641000
0.409000
nan
nan
nan
nan
0.358000
0.345000
0.198000
nan
nan
0.154000
nan
nan
nan
nan
1.000000
nan
nan
nan
nan
0.868000
0.872000
0.846000
0.327000
nan
nan
0.410000
nan
nan
0.618000
nan
0.205000
0.634000
0.559000
nan
0.574000
0.456000
nan
nan
0.216000
nan
nan
0.795000
nan
nan
nan
nan
nan
nan
0.803000
1.000000
nan
0.178000
0.220000
nan
0.207000
nan
0.227000
nan
0.154000
nan
0.854000
0.795000
0.369000
0.174000
nan
0.154000
nan
nan
nan
0.182000
nan
nan
0.156000
nan
1.000000
0.501000
0.568000
nan
nan
0.618000
0.476000
nan
nan
nan
nan
nan
0.227000
0.196000
0.325000
nan
nan
nan
0.160000
0.166000
nan
0.389000
0.217000
nan
nan
nan
nan
nan
nan
nan
0.125000
0.149000
nan
nan
nan
0.262000
0.135000
0.139000
0.390000
0.199000
nan
nan
nan
nan
nan
0.202000
0.154000
nan
0.388000
1.000000
0.234000
0.300000
0.421000
nan
0.380000
0.223000
nan
0.125000
0.127000
0.125000
0.211000
nan
nan
nan
nan
0.692000
1.000000
nan
nan
nan
nan
nan
nan
nan
nan
nan
nan
nan
nan
0.856000
nan
nan
0.388000
nan
0.600000
nan
1.000000
0.336000
0.390000
0.558000
nan
0.855000
0.463000
0.459000
nan
nan
0.555000
0.608000
nan
0.424000
nan
0.760000
0.740000
nan
0.818000
0.653000
nan
nan
0.899000
0.497000
nan
0.307000
nan
0.930000
0.931000
0.872000
0.688000
0.297000
0.292000
0.451000
0.527000
nan
0.634000
nan
0.444000
0.383000
0.156000
nan
nan
0.789000
0.291000
nan
0.350000
0.317000
nan
0.498000
nan
nan
0.216000
nan
0.166000
nan
nan
nan
nan
nan
nan
0.946000
0.893000
nan
0.868000
0.830000
nan
0.939000
0.843000
nan
nan
nan
0.889000
0.897000
nan
nan
nan
nan
nan
0.247000
0.273000
nan
nan
nan
nan
0.559000
0.648000
nan
nan
0.561000
nan
nan
nan
nan
nan
nan
1.000000
0.860000
nan
0.681000
0.575000
0.555000
0.774000
0.756000
nan
0.264000
nan
0.392000
nan
0.140000
0.140000
0.152000
nan
nan
nan
0.975000
1.000000
0.888000
nan
0.262000
0.202000
nan
nan
nan
0.140000
nan
nan
nan
0.175000
0.987000
0.544000
1.000000
nan
nan
nan
nan
0.304000
nan
0.727000
0.247000
0.702000
0.522000
nan
nan
0.247000
nan
nan
0.284000
nan
nan
nan
0.442000
nan
nan
0.699000
0.753000
0.917000
nan
0.971000
nan
0.813000
0.740000
nan
nan
nan
nan
nan
1.000000
1.000000
0.910000
nan
0.904000
nan
1.000000
nan
0.655000
0.614000
nan
0.708000
0.585000
0.857000
0.999000
nan
nan
0.832000
0.577000
0.363000
0.240000
0.302000
0.463000
0.565000
nan
0.438000
nan
0.886000
nan
nan
nan
nan
nan
0.240000
nan
0.753000
0.405000
nan
nan
nan
0.914000
0.787000
nan
nan
0.614000
0.429000
nan
nan
nan
0.783000
nan
0.804000
0.810000
nan
0.799000
0.650000
nan
0.952000
nan
nan
nan
nan
nan
nan
0.361000
nan
0.353000
nan
nan
nan
nan
nan
nan
nan
nan
0.240000
nan
nan
