Coverage: 5141.489362
nan
0.092000
0.115000
nan
nan
0.092000
nan
nan
nan
0.257000
0.204000
nan
nan
0.124000
0.177000
0.150000
0.389000
0.451000
nan
0.327000
nan
nan
0.248000
0.150000
0.204000
0.133000
0.106000
0.177000
0.115000
nan
0.434000
nan
0.425000
nan
nan
0.363000
0.487000
nan
0.354000
0.372000
0.354000
0.619000
0.398000
0.726000
0.363000
0.708000
nan
nan
0.584000
0.416000
0.212000
nan
0.717000
0.092000
nan
0.619000
nan
nan
0.761000
nan
0.327000
0.186000
nan
1.000000
0.540000
nan
0.743000
nan
1.000000
0.575000
0.407000
0.566000
nan
nan
nan
nan
1.000000
0.894000
0.850000
nan
nan
1.000000
nan
nan
1.000000
nan
0.899000
nan
nan
nan
nan
nan
0.223000
nan
0.427000
0.819000
0.728000
nan
nan
nan
nan
nan
nan
0.885000
0.848000
0.590000
nan
nan
nan
1.000000
nan
nan
nan
nan
0.286000
0.544000
0.571000
0.985000
0.645000
nan
1.000000
nan
nan
nan
nan
nan
0.212000
0.186000
nan
0.461000
nan
nan
0.286000
nan
nan
nan
0.581000
0.737000
0.645000
0.636000
nan
0.664000
0.581000
nan
0.922000
0.793000
nan
nan
0.470000
0.186000
0.535000
0.341000
0.507000
0.415000
nan
0.756000
nan
0.396000
0.196000
nan
nan
nan
0.387000
0.645000
0.774000
0.488000
nan
0.516000
0.359000
nan
nan
0.359000
0.276000
0.350000
0.267000
nan
nan
0.286000
0.203000
0.230000
nan
0.505000
0.276000
0.210000
0.191000
0.180000
nan
nan
