Coverage: 5042.783505
0.088000
0.088000
0.207000
0.566000
0.249000
nan
nan
0.276000
0.497000
nan
nan
0.110000
0.088000
nan
0.290000
0.180000
0.221000
nan
0.138000
0.359000
nan
nan
nan
nan
nan
nan
0.345000
0.552000
0.594000
0.732000
nan
0.511000
nan
0.138000
nan
0.511000
0.345000
1.000000
nan
nan
nan
nan
nan
nan
nan
0.304000
nan
0.870000
nan
0.456000
0.456000
nan
0.497000
0.304000
0.318000
nan
0.663000
nan
0.415000
nan
nan
0.911000
0.616000
0.616000
0.562000
nan
0.335000
1.000000
nan
nan
nan
nan
nan
nan
0.429000
nan
0.656000
nan
nan
nan
nan
0.993000
0.710000
nan
nan
nan
0.415000
nan
0.576000
nan
0.509000
nan
nan
nan
nan
nan
0.362000
nan
nan
nan
nan
nan
nan
nan
0.790000
nan
nan
nan
nan
0.522000
nan
0.656000
0.817000
0.830000
nan
0.739000
nan
nan
0.661000
0.778000
0.506000
nan
nan
0.389000
nan
nan
nan
nan
0.195000
0.389000
nan
nan
nan
nan
nan
0.259000
1.000000
nan
0.143000
nan
0.441000
0.156000
0.376000
nan
0.337000
nan
nan
0.272000
0.089000
0.208000
nan
nan
nan
1.000000
0.830000
0.519000
nan
nan
nan
0.089000
0.130000
nan
nan
nan
nan
0.687000
nan
nan
nan
nan
nan
0.104000
0.272000
nan
nan
nan
nan
nan
nan
0.636000
nan
nan
nan
nan
nan
nan
nan
nan
0.713000
nan
0.752000
nan
0.324000
0.089000
