Coverage: 46293.692308
nan
nan
0.476000
nan
0.558000
nan
nan
0.432000
nan
nan
0.271000
nan
nan
0.271000
nan
nan
nan
nan
0.348000
0.271000
nan
0.503000
0.576000
0.283000
0.683000
0.615000
nan
0.374000
0.550000
0.688000
0.495000
0.330000
0.393000
0.450000
nan
0.647000
0.762000
nan
nan
0.649000
0.764000
nan
nan
0.605000
0.668000
0.814000
0.474000
nan
nan
nan
nan
0.568000
0.555000
0.437000
nan
nan
0.369000
nan
0.497000
0.343000
nan
nan
nan
0.817000
0.733000
0.665000
nan
0.835000
1.000000
nan
nan
nan
0.618000
0.819000
1.000000
0.893000
nan
1.000000
0.733000
1.000000
nan
0.647000
0.869000
0.961000
nan
nan
0.730000
0.597000
nan
nan
nan
nan
nan
0.554000
nan
0.626000
nan
0.424000
nan
nan
nan
0.584000
0.563000
nan
nan
nan
0.607000
0.491000
0.318000
nan
nan
0.811000
nan
0.211000
nan
nan
nan
0.534000
nan
0.543000
nan
0.159000
0.181000
nan
0.304000
0.159000
0.298000
0.370000
nan
nan
nan
nan
0.708000
nan
0.445000
nan
0.539000
nan
0.604000
0.707000
nan
nan
nan
nan
nan
0.281000
nan
0.320000
nan
0.535000
0.641000
nan
0.378000
0.434000
nan
0.404000
nan
nan
nan
nan
nan
nan
nan
nan
0.643000
nan
nan
nan
0.584000
nan
nan
nan
nan
nan
0.548000
0.624000
nan
0.439000
nan
0.766000
0.857000
1.000000
0.792000
0.826000
nan
1.000000
0.930000
nan
0.889000
nan
0.997000
1.000000
0.436000
0.852000
nan
nan
0.912000
nan
0.326000
nan
0.159000
0.136000
nan
nan
nan
nan
0.649000
0.871000
nan
0.612000
nan
nan
nan
0.072000
nan
nan
0.973000
nan
1.000000
0.888000
nan
nan
1.000000
nan
nan
0.054000
0.054000
nan
nan
0.321000
nan
0.070000
0.058000
nan
nan
0.054000
nan
nan
nan
nan
nan
0.635000
0.618000
nan
nan
0.520000
nan
nan
nan
0.415000
nan
0.189000
0.243000
nan
nan
0.880000
nan
nan
nan
nan
nan
nan
nan
nan
nan
0.303000
nan
0.103000
0.708000
0.769000
0.665000
0.626000
0.426000
nan
nan
0.164000
nan
0.425000
1.000000
0.508000
nan
nan
nan
nan
nan
0.429000
0.288000
nan
nan
nan
0.232000
nan
0.229000
0.170000
nan
0.291000
nan
0.352000
0.472000
0.534000
nan
nan
nan
nan
0.232000
nan
nan
0.453000
nan
nan
nan
0.222000
nan
0.153000
0.074000
nan
0.341000
0.329000
0.243000
0.205000
0.288000
0.346000
0.272000
0.400000
0.281000
nan
0.343000
0.506000
0.615000
nan
nan
nan
nan
nan
0.446000
0.330000
0.365000
0.401000
nan
nan
0.483000
0.456000
nan
0.425000
0.544000
0.424000
0.438000
nan
0.575000
0.219000
0.643000
nan
nan
nan
nan
nan
nan
nan
nan
nan
nan
0.288000
0.216000
0.161000
0.161000
nan
0.256000
0.538000
nan
nan
nan
0.690000
nan
nan
nan
nan
nan
0.161000
nan
nan
nan
nan
0.270000
nan
0.560000
nan
nan
nan
0.564000
nan
nan
nan
0.730000
0.580000
nan
nan
0.525000
1.000000
1.000000
nan
nan
nan
nan
nan
nan
0.564000
nan
nan
nan
0.645000
0.607000
0.637000
nan
0.437000
nan
nan
nan
nan
nan
nan
nan
0.903000
0.905000
0.966000
1.000000
0.877000
0.507000
0.654000
0.378000
nan
nan
0.522000
nan
nan
0.302000
nan
nan
0.333000
nan
nan
0.737000
0.531000
nan
0.436000
0.381000
0.458000
nan
0.873000
0.479000
0.717000
nan
0.214000
0.376000
0.357000
0.383000
0.369000
nan
nan
nan
0.773000
0.694000
0.756000
nan
0.329000
0.288000
nan
nan
nan
nan
nan
nan
nan
0.750000
1.000000
0.966000
nan
nan
0.305000
0.212000
0.212000
0.212000
0.242000
nan
0.258000
nan
1.000000
0.762000
nan
0.873000
0.988000
nan
nan
0.217000
nan
nan
nan
nan
0.825000
nan
nan
nan
0.329000
0.668000
0.770000
0.640000
nan
nan
1.000000
0.243000
0.728000
0.611000
nan
nan
nan
nan
nan
nan
nan
nan
nan
0.421000
0.403000
0.293000
0.389000
nan
0.865000
0.678000
1.000000
0.681000
0.873000
1.000000
nan
nan
nan
nan
nan
nan
nan
nan
1.000000
nan
0.854000
0.531000
nan
nan
0.352000
nan
0.432000
0.582000
0.525000
0.599000
0.425000
nan
nan
0.442000
nan
nan
nan
0.665000
0.814000
0.835000
nan
nan
nan
nan
nan
0.809000
0.964000
nan
0.907000
0.823000
nan
nan
0.751000
nan
0.739000
nan
0.838000
0.910000
nan
nan
nan
0.390000
nan
nan
0.603000
nan
nan
nan
0.743000
0.524000
nan
0.501000
0.429000
0.754000
0.640000
0.915000
0.574000
nan
nan
nan
nan
nan
nan
0.795000
0.763000
nan
nan
0.377000
0.862000
0.483000
0.681000
0.636000
nan
nan
0.769000
nan
0.308000
nan
nan
0.858000
0.484000
nan
nan
nan
0.792000
0.671000
nan
nan
0.281000
nan
nan
nan
0.225000
0.615000
nan
0.530000
0.735000
nan
0.339000
0.219000
0.262000
nan
nan
0.224000
0.226000
nan
nan
nan
0.219000
