Coverage: 20565.392354
0.096000
0.096000
nan
0.556000
0.414000
0.194000
nan
nan
0.531000
nan
nan
0.231000
nan
nan
0.882000
nan
0.165000
nan
0.575000
0.355000
0.096000
nan
0.110000
nan
nan
nan
nan
nan
nan
0.696000
0.809000
0.853000
nan
0.648000
0.758000
0.663000
nan
0.769000
0.220000
nan
0.103000
0.106000
0.103000
0.117000
nan
0.190000
nan
nan
1.000000
nan
nan
0.882000
nan
0.223000
0.597000
0.959000
nan
nan
0.337000
nan
0.535000
0.516000
nan
0.721000
0.670000
0.527000
0.524000
0.879000
0.974000
nan
0.209000
nan
0.289000
nan
nan
nan
1.000000
0.849000
nan
0.761000
0.751000
nan
0.794000
nan
0.710000
0.575000
nan
1.000000
0.751000
1.000000
0.764000
nan
nan
nan
nan
0.874000
0.967000
0.479000
0.369000
0.301000
nan
nan
0.513000
nan
0.628000
0.959000
nan
nan
1.000000
0.946000
nan
0.793000
nan
0.670000
nan
0.730000
nan
0.692000
0.649000
nan
0.526000
0.433000
nan
0.285000
nan
0.556000
1.000000
0.713000
nan
0.395000
nan
nan
nan
nan
nan
nan
0.348000
0.921000
nan
0.285000
0.285000
0.424000
0.747000
nan
nan
nan
0.496000
nan
nan
nan
nan
0.738000
0.602000
0.467000
nan
nan
nan
nan
nan
0.581000
nan
0.742000
nan
0.759000
0.764000
0.713000
nan
0.569000
0.424000
nan
nan
0.658000
0.781000
nan
0.747000
nan
nan
nan
0.679000
0.462000
0.585000
0.624000
0.573000
nan
nan
nan
0.453000
nan
nan
0.433000
0.591000
nan
0.611000
0.470000
0.538000
0.478000
nan
0.243000
nan
nan
nan
nan
nan
0.559000
0.486000
0.445000
0.506000
nan
nan
0.352000
nan
0.093000
0.093000
0.093000
nan
nan
0.583000
nan
0.421000
1.000000
0.591000
0.429000
0.263000
0.134000
nan
nan
nan
0.093000
nan
nan
0.595000
0.684000
0.737000
0.526000
0.907000
0.263000
nan
nan
nan
nan
1.000000
0.433000
0.789000
0.494000
nan
0.607000
nan
0.866000
0.749000
0.729000
0.696000
0.449000
0.449000
0.713000
0.551000
0.858000
nan
nan
nan
0.429000
nan
0.587000
0.611000
1.000000
1.000000
0.538000
0.215000
0.245000
nan
0.319000
0.437000
0.459000
nan
nan
nan
nan
nan
nan
nan
0.391000
0.477000
nan
0.216000
0.210000
0.210000
0.337000
0.324000
0.335000
nan
nan
nan
nan
nan
nan
0.212000
nan
nan
nan
nan
nan
0.373000
nan
nan
nan
0.394000
0.273000
0.442000
0.491000
0.439000
0.536000
0.405000
nan
nan
nan
1.000000
0.660000
0.796000
nan
0.271000
0.346000
nan
nan
nan
1.000000
nan
0.266000
nan
0.257000
0.234000
1.000000
0.385000
nan
0.510000
0.760000
0.244000
0.453000
0.405000
0.726000
nan
nan
nan
nan
nan
nan
nan
nan
0.762000
0.478000
nan
nan
nan
nan
nan
nan
0.320000
nan
0.974000
nan
0.226000
nan
nan
nan
nan
0.513000
0.739000
0.978000
nan
nan
nan
0.598000
nan
0.790000
nan
0.210000
nan
0.862000
1.000000
nan
nan
nan
nan
0.647000
nan
0.305000
0.432000
0.256000
0.922000
0.971000
nan
0.745000
0.460000
0.632000
0.468000
nan
0.621000
0.702000
nan
0.336000
1.000000
0.589000
0.446000
nan
nan
nan
nan
nan
0.668000
0.570000
0.862000
0.875000
nan
0.839000
0.667000
0.488000
0.436000
0.700000
0.733000
0.722000
0.836000
nan
0.953000
0.668000
nan
nan
nan
nan
nan
0.637000
0.550000
0.748000
nan
0.485000
nan
0.234000
nan
nan
0.694000
0.290000
nan
nan
nan
nan
nan
nan
nan
0.318000
0.234000
1.000000
nan
0.720000
nan
nan
nan
nan
0.344000
0.462000
0.529000
0.780000
0.498000
nan
nan
nan
nan
nan
nan
0.728000
0.657000
nan
nan
0.454000
0.424000
0.470000
nan
0.464000
0.434000
nan
nan
0.873000
nan
nan
0.614000
nan
0.399000
nan
0.159000
nan
nan
nan
0.143000
nan
nan
nan
0.143000
nan
0.371000
nan
0.143000
