Coverage: 5609.844560
nan
nan
nan
nan
nan
nan
0.405000
nan
0.351000
0.418000
0.661000
nan
0.540000
nan
0.526000
0.337000
0.337000
0.702000
0.513000
0.756000
0.715000
nan
nan
0.337000
0.958000
nan
nan
nan
nan
nan
0.567000
nan
nan
0.715000
nan
nan
0.742000
nan
0.688000
nan
nan
nan
0.810000
0.661000
nan
nan
nan
0.864000
nan
0.594000
0.526000
0.904000
1.000000
nan
0.985000
1.000000
nan
nan
0.337000
0.472000
0.648000
nan
nan
nan
0.445000
0.729000
1.000000
0.594000
nan
0.972000
nan
0.513000
0.580000
0.337000
0.783000
0.931000
0.580000
nan
0.715000
nan
nan
nan
0.553000
nan
0.432000
nan
nan
nan
0.756000
0.621000
0.594000
0.364000
0.418000
0.661000
0.855000
0.335000
0.754000
0.553000
nan
0.687000
0.939000
0.872000
nan
0.754000
nan
1.000000
0.704000
nan
0.570000
nan
0.453000
nan
nan
0.447000
nan
0.344000
nan
0.361000
0.447000
0.499000
0.860000
0.654000
0.396000
0.792000
0.654000
0.986000
nan
0.568000
1.000000
1.000000
nan
nan
0.551000
nan
nan
0.723000
nan
0.654000
nan
nan
0.465000
nan
0.533000
nan
0.344000
0.723000
0.688000
0.430000
nan
0.774000
0.774000
0.774000
nan
nan
0.654000
nan
0.602000
0.912000
nan
0.620000
0.946000
0.335000
0.585000
0.843000
nan
0.516000
nan
nan
nan
nan
nan
nan
nan
0.654000
0.585000
0.482000
nan
0.424000
0.777000
0.353000
0.600000
0.424000
0.306000
0.388000
0.335000
nan
nan
nan
0.388000
0.424000
0.306000
nan
0.306000
