Coverage: 718.716578
0.000000
nan
nan
nan
0.586000
nan
nan
nan
0.513000
0.366000
nan
0.293000
nan
nan
0.000000
nan
nan
0.513000
nan
0.440000
0.147000
0.366000
nan
nan
0.000000
nan
nan
0.440000
nan
nan
nan
nan
nan
0.147000
nan
nan
nan
1.000000
1.000000
nan
nan
0.586000
nan
nan
0.440000
0.220000
0.220000
0.073000
nan
nan
0.366000
nan
nan
nan
nan
nan
nan
nan
0.147000
nan
nan
0.806000
0.659000
nan
0.220000
0.586000
0.293000
0.733000
0.513000
0.366000
nan
nan
0.147000
0.147000
nan
nan
0.147000
nan
nan
0.293000
0.586000
0.382000
nan
nan
nan
nan
0.612000
0.306000
nan
nan
0.382000
nan
nan
nan
nan
0.688000
0.918000
nan
nan
nan
nan
0.153000
0.229000
0.076000
0.000000
0.229000
nan
1.000000
nan
nan
nan
nan
nan
nan
nan
nan
0.000000
nan
nan
nan
0.612000
0.535000
0.159000
nan
0.398000
nan
0.637000
nan
0.478000
nan
0.478000
nan
0.558000
0.159000
nan
0.478000
0.478000
nan
nan
0.637000
nan
nan
nan
0.637000
0.000000
0.478000
0.159000
0.000000
nan
0.319000
nan
0.478000
nan
nan
0.478000
1.000000
nan
nan
nan
0.637000
nan
1.000000
0.319000
0.159000
0.159000
nan
nan
nan
0.239000
nan
0.159000
0.000000
0.319000
nan
0.239000
nan
nan
nan
0.000000
0.159000
nan
0.159000
0.797000
0.239000
nan
0.159000
nan
