Coverage: 2309.852217
nan
nan
0.377000
0.377000
0.301000
0.490000
nan
0.264000
0.452000
0.377000
nan
nan
nan
0.414000
0.565000
0.565000
nan
nan
0.109000
0.109000
0.301000
0.151000
0.716000
nan
nan
nan
nan
nan
0.109000
0.791000
0.791000
nan
0.603000
0.829000
nan
nan
0.527000
0.226000
0.264000
0.678000
0.979000
0.490000
0.716000
0.452000
0.829000
nan
0.904000
nan
0.791000
0.527000
nan
0.377000
nan
nan
nan
nan
0.942000
nan
nan
nan
0.490000
nan
nan
0.753000
0.603000
nan
nan
0.339000
0.829000
nan
nan
0.640000
0.226000
nan
0.640000
0.490000
nan
0.490000
1.000000
nan
0.753000
nan
nan
0.377000
0.979000
1.000000
1.000000
nan
0.455000
nan
0.545000
nan
nan
nan
nan
0.295000
nan
nan
0.568000
0.273000
0.364000
nan
nan
nan
nan
0.318000
0.205000
nan
0.545000
nan
0.841000
1.000000
nan
0.614000
nan
0.159000
0.295000
0.523000
0.955000
nan
nan
nan
nan
0.568000
nan
nan
0.227000
0.227000
nan
nan
0.159000
nan
0.227000
nan
nan
nan
nan
nan
0.545000
0.432000
nan
nan
nan
1.000000
nan
nan
nan
nan
nan
nan
nan
nan
1.000000
0.886000
0.932000
0.250000
0.523000
0.523000
nan
nan
0.432000
nan
0.295000
nan
nan
0.364000
0.477000
0.545000
nan
nan
0.591000
nan
nan
0.455000
0.568000
0.100000
0.341000
nan
0.159000
0.100000
nan
nan
0.159000
0.273000
0.106000
nan
nan
1.000000
nan
nan
0.455000
0.318000
0.500000
0.682000
0.364000
0.250000
0.205000
nan
nan
nan
0.136000
0.705000
0.078000
