Coverage: 2707.772021
nan
0.044000
nan
nan
nan
nan
nan
nan
0.551000
0.459000
nan
0.044000
0.138000
0.276000
0.069000
nan
0.804000
0.092000
nan
0.390000
0.597000
nan
0.574000
0.505000
nan
nan
nan
nan
nan
0.896000
0.574000
nan
nan
nan
nan
nan
0.735000
0.689000
0.367000
nan
0.069000
0.299000
nan
nan
nan
0.044000
nan
nan
0.505000
0.505000
nan
nan
1.000000
0.758000
nan
1.000000
nan
0.666000
0.758000
0.620000
0.459000
0.413000
nan
nan
nan
nan
0.367000
nan
nan
0.069000
nan
nan
1.000000
0.689000
0.896000
0.987000
0.459000
0.362000
nan
0.385000
0.294000
nan
0.317000
0.453000
0.860000
0.747000
0.385000
0.498000
nan
nan
nan
nan
0.226000
nan
nan
0.091000
0.928000
nan
nan
1.000000
0.357000
0.357000
0.268000
nan
nan
0.089000
nan
0.691000
0.468000
nan
nan
nan
nan
nan
nan
nan
0.847000
nan
nan
0.736000
0.468000
0.736000
nan
0.557000
0.803000
nan
nan
nan
0.892000
nan
nan
nan
nan
0.223000
nan
0.580000
1.000000
nan
0.334000
0.089000
0.312000
0.245000
nan
nan
nan
nan
nan
1.000000
0.201000
nan
nan
nan
0.491000
nan
nan
nan
0.089000
0.669000
nan
nan
nan
0.201000
0.357000
0.201000
nan
nan
nan
nan
0.268000
nan
nan
0.624000
nan
nan
nan
0.201000
nan
0.156000
nan
nan
nan
nan
nan
0.557000
0.468000
nan
0.312000
nan
0.089000
nan
nan
0.178000
nan
