Coverage: 359710.918544
0.007000
0.007000
0.203000
0.259000
0.211000
0.345000
0.158000
0.110000
0.093000
0.063000
0.044000
0.031000
0.020000
0.012000
0.008000
0.008000
0.008000
0.012000
0.009000
0.016000
0.016000
0.028000
0.023000
0.042000
0.057000
0.088000
0.175000
0.268000
0.343000
0.439000
0.543000
1.000000
nan
0.955000
0.998000
0.687000
1.000000
0.662000
nan
1.000000
nan
nan
nan
nan
nan
0.287000
0.111000
nan
0.097000
nan
nan
0.079000
0.039000
0.032000
nan
0.016000
0.028000
0.019000
nan
nan
0.013000
0.011000
nan
0.007000
nan
nan
nan
0.265000
nan
0.717000
0.448000
nan
0.391000
nan
nan
nan
0.892000
nan
0.258000
0.277000
0.399000
nan
0.375000
0.623000
0.859000
0.603000
nan
0.550000
nan
nan
nan
nan
nan
0.660000
0.578000
nan
0.258000
nan
nan
nan
nan
nan
nan
0.668000
nan
nan
nan
0.725000
nan
nan
0.709000
0.774000
0.896000
nan
0.350000
0.819000
0.998000
nan
nan
0.562000
0.440000
nan
nan
0.322000
nan
nan
nan
0.717000
nan
0.876000
0.937000
nan
0.342000
0.623000
0.981000
0.900000
nan
0.814000
nan
nan
nan
0.876000
0.607000
0.505000
0.533000
0.648000
0.448000
nan
nan
nan
0.749000
nan
nan
0.468000
0.729000
nan
0.258000
0.554000
nan
1.000000
nan
nan
0.937000
nan
1.000000
nan
1.000000
nan
0.971000
0.659000
nan
1.000000
0.715000
0.603000
0.801000
nan
nan
0.692000
nan
nan
0.656000
0.558000
nan
nan
nan
0.879000
0.977000
0.265000
nan
nan
nan
nan
1.000000
nan
0.650000
nan
nan
nan
0.782000
nan
nan
nan
nan
nan
nan
0.796000
0.564000
0.394000
nan
nan
0.181000
0.385000
nan
0.338000
0.234000
nan
0.497000
0.463000
nan
nan
nan
nan
nan
0.687000
nan
nan
nan
nan
nan
nan
nan
0.223000
0.670000
0.709000
0.491000
0.449000
nan
0.695000
nan
0.558000
nan
nan
nan
0.846000
1.000000
nan
nan
nan
nan
nan
nan
0.614000
nan
nan
0.547000
0.251000
0.341000
0.447000
nan
nan
0.656000
nan
nan
nan
nan
0.178000
nan
0.184000
0.648000
nan
nan
nan
nan
nan
0.768000
0.229000
0.178000
0.178000
0.475000
0.427000
0.505000
0.146000
nan
nan
nan
nan
nan
nan
0.099000
nan
nan
nan
nan
0.212000
0.155000
nan
0.144000
0.082000
0.098000
0.082000
0.082000
0.328000
nan
nan
nan
nan
nan
nan
nan
0.392000
nan
nan
0.216000
nan
nan
nan
nan
nan
nan
nan
nan
0.218000
0.380000
0.392000
nan
0.191000
nan
0.288000
0.147000
nan
nan
nan
nan
0.225000
0.299000
nan
0.293000
nan
nan
0.709000
0.345000
0.415000
nan
0.662000
0.593000
nan
0.347000
0.283000
0.310000
nan
nan
0.160000
0.098000
1.000000
nan
1.000000
0.766000
0.807000
nan
nan
0.147000
nan
nan
0.552000
nan
nan
nan
0.304000
1.000000
0.450000
nan
nan
0.688000
nan
0.456000
0.487000
0.702000
nan
0.395000
0.313000
nan
0.483000
nan
nan
0.405000
0.666000
0.926000
nan
nan
0.295000
nan
nan
nan
nan
nan
nan
nan
nan
nan
nan
0.643000
nan
0.611000
nan
nan
0.204000
nan
0.175000
0.175000
0.512000
nan
nan
0.863000
nan
0.420000
0.508000
0.856000
1.000000
nan
nan
0.413000
0.705000
nan
nan
nan
0.979000
nan
0.316000
nan
0.236000
nan
0.614000
0.653000
0.577000
nan
0.584000
nan
nan
nan
nan
0.432000
nan
0.346000
0.560000
0.745000
nan
nan
0.175000
nan
nan
nan
nan
0.437000
0.257000
0.721000
0.995000
nan
0.595000
1.000000
nan
1.000000
0.943000
nan
0.792000
nan
0.604000
0.754000
nan
0.534000
nan
nan
0.467000
0.469000
nan
nan
0.360000
nan
nan
nan
nan
nan
nan
nan
nan
nan
0.475000
nan
nan
nan
nan
nan
nan
0.222000
0.248000
0.920000
0.904000
nan
0.902000
0.960000
nan
nan
nan
nan
0.221000
0.553000
0.663000
nan
0.394000
0.816000
nan
nan
nan
0.407000
0.378000
nan
0.311000
nan
nan
nan
0.189000
0.246000
nan
0.189000
nan
nan
nan
nan
nan
0.860000
0.370000
0.432000
nan
0.396000
nan
nan
nan
0.265000
0.338000
nan
nan
nan
nan
nan
0.249000
nan
nan
nan
nan
0.321000
0.616000
0.667000
nan
nan
nan
nan
0.266000
0.241000
0.534000
0.619000
nan
nan
nan
0.189000
0.331000
0.412000
0.193000
0.389000
0.480000
nan
nan
0.485000
0.350000
0.439000
0.461000
nan
nan
nan
