Coverage: 7902.475248
0.100000
0.100000
0.423000
0.323000
nan
0.531000
0.516000
0.308000
0.452000
0.875000
nan
0.753000
0.775000
nan
nan
0.143000
0.222000
0.301000
0.516000
nan
nan
nan
nan
nan
nan
nan
0.524000
0.502000
0.538000
nan
nan
nan
0.890000
nan
nan
nan
nan
0.438000
nan
0.409000
0.359000
nan
nan
0.882000
1.000000
0.638000
nan
0.710000
0.631000
0.968000
nan
nan
0.818000
0.710000
nan
nan
1.000000
nan
nan
0.631000
nan
nan
0.359000
nan
nan
nan
nan
0.775000
nan
nan
nan
nan
nan
0.925000
nan
nan
nan
0.703000
nan
0.301000
0.143000
0.104000
nan
nan
nan
nan
0.419000
0.606000
0.561000
nan
nan
nan
0.853000
0.748000
0.935000
nan
nan
nan
1.000000
0.921000
nan
0.801000
0.970000
nan
nan
nan
nan
nan
nan
nan
0.861000
0.390000
0.226000
nan
nan
nan
0.343000
nan
nan
nan
nan
nan
0.171000
0.265000
0.452000
1.000000
nan
nan
nan
nan
nan
nan
nan
0.522000
nan
0.382000
0.179000
0.320000
0.616000
nan
nan
nan
nan
0.522000
0.507000
nan
0.499000
0.530000
0.616000
nan
nan
nan
nan
0.405000
nan
nan
0.187000
nan
0.390000
nan
nan
0.429000
nan
nan
0.359000
nan
nan
nan
nan
0.818000
nan
nan
0.452000
0.281000
0.108000
0.288000
nan
nan
0.491000
0.546000
nan
nan
nan
nan
0.421000
0.164000
nan
0.156000
0.226000
0.125000
nan
0.257000
nan
0.171000
0.203000
nan
nan
nan
nan
nan
0.108000
nan
