Coverage: 4402.453988
0.034000
nan
nan
0.338000
0.508000
nan
nan
0.034000
0.034000
0.948000
nan
nan
0.406000
nan
nan
nan
nan
0.338000
nan
nan
nan
nan
nan
nan
nan
nan
nan
nan
0.508000
0.541000
0.880000
0.372000
nan
0.880000
nan
0.643000
1.000000
0.643000
0.372000
0.034000
nan
nan
0.203000
nan
0.440000
0.812000
nan
0.914000
0.711000
nan
0.981000
0.068000
0.068000
0.508000
0.338000
0.440000
nan
1.000000
nan
nan
nan
1.000000
0.440000
0.271000
0.474000
0.372000
0.812000
0.880000
nan
0.846000
0.778000
nan
nan
0.173000
0.120000
nan
nan
0.277000
0.693000
nan
nan
nan
nan
nan
0.866000
0.762000
0.762000
nan
0.658000
0.589000
0.520000
nan
nan
nan
0.693000
0.851000
nan
0.603000
0.816000
nan
nan
nan
0.709000
0.851000
0.851000
nan
0.461000
0.461000
nan
nan
1.000000
0.922000
nan
0.603000
nan
nan
0.851000
nan
0.887000
nan
0.390000
nan
1.000000
0.461000
nan
0.674000
0.851000
nan
1.000000
0.780000
0.248000
0.390000
nan
nan
0.355000
nan
0.532000
0.248000
0.177000
nan
0.603000
nan
nan
0.603000
nan
0.532000
nan
0.319000
nan
nan
0.248000
nan
nan
0.709000
0.426000
0.426000
nan
0.461000
0.319000
nan
0.319000
0.138000
0.138000
