Coverage: 76439.090909
0.106000
nan
0.222000
0.132000
0.134000
0.201000
nan
nan
nan
0.106000
nan
0.106000
nan
0.115000
nan
nan
0.596000
0.312000
0.333000
0.144000
0.212000
0.230000
0.354000
nan
nan
nan
nan
0.271000
0.171000
nan
0.417000
0.376000
nan
0.368000
nan
0.520000
0.608000
nan
0.446000
0.384000
0.547000
0.520000
0.672000
nan
nan
nan
0.674000
0.427000
nan
0.372000
0.483000
nan
nan
nan
0.878000
nan
nan
nan
nan
nan
nan
0.557000
nan
0.693000
nan
nan
nan
nan
0.680000
0.808000
0.639000
nan
nan
nan
0.752000
0.623000
0.754000
0.703000
0.569000
nan
nan
0.360000
0.382000
0.816000
0.575000
0.976000
nan
nan
nan
1.000000
1.000000
1.000000
nan
0.323000
0.219000
0.291000
0.334000
0.444000
nan
0.538000
0.500000
nan
0.564000
nan
0.693000
nan
0.523000
0.302000
0.341000
0.340000
0.287000
0.464000
0.326000
0.505000
0.930000
nan
nan
nan
nan
nan
0.554000
nan
nan
nan
nan
nan
nan
nan
0.542000
nan
0.526000
0.466000
0.690000
nan
nan
0.484000
nan
nan
nan
nan
0.297000
0.769000
nan
nan
0.477000
0.600000
0.458000
0.446000
0.219000
nan
nan
0.361000
nan
nan
nan
nan
0.487000
0.457000
0.815000
1.000000
nan
nan
0.247000
0.301000
0.708000
0.462000
nan
nan
nan
0.633000
0.898000
1.000000
nan
nan
0.309000
nan
nan
nan
nan
0.815000
nan
0.219000
0.219000
0.692000
1.000000
nan
nan
nan
0.527000
0.578000
nan
nan
0.230000
nan
0.503000
0.626000
nan
nan
nan
nan
0.516000
nan
0.377000
0.390000
nan
0.269000
0.480000
nan
nan
nan
0.479000
0.269000
nan
0.822000
nan
0.385000
0.294000
0.500000
0.447000
0.369000
nan
0.223000
0.223000
0.263000
nan
nan
nan
nan
nan
nan
0.544000
nan
0.973000
0.903000
0.968000
nan
nan
0.256000
0.321000
nan
0.314000
0.435000
nan
nan
nan
nan
0.425000
0.547000
nan
0.721000
nan
nan
0.512000
0.814000
nan
0.391000
nan
0.555000
nan
nan
nan
nan
nan
nan
0.602000
0.489000
0.773000
0.608000
nan
0.698000
0.312000
nan
1.000000
0.721000
nan
nan
nan
0.485000
nan
0.827000
0.651000
nan
0.897000
0.738000
nan
nan
0.225000
0.229000
0.373000
0.543000
nan
nan
nan
nan
nan
nan
1.000000
0.703000
0.799000
0.792000
0.828000
0.984000
nan
0.803000
1.000000
nan
nan
nan
nan
nan
nan
0.821000
0.751000
nan
nan
0.415000
nan
nan
nan
0.946000
nan
nan
nan
0.821000
0.579000
nan
nan
nan
0.319000
nan
