Coverage: 6215.654952
nan
0.199000
nan
0.402000
nan
0.392000
nan
nan
0.974000
0.492000
nan
0.563000
nan
nan
nan
nan
0.763000
0.603000
0.352000
nan
nan
0.462000
nan
nan
nan
nan
0.382000
0.231000
1.000000
nan
nan
0.934000
0.773000
nan
nan
nan
nan
0.382000
0.743000
nan
0.944000
0.703000
0.773000
0.994000
0.462000
nan
nan
0.199000
0.532000
nan
0.261000
0.199000
0.221000
nan
nan
0.352000
nan
nan
0.231000
nan
nan
0.814000
nan
nan
0.563000
nan
nan
nan
nan
nan
0.281000
0.974000
nan
0.603000
0.814000
0.462000
nan
0.693000
nan
0.512000
nan
1.000000
0.573000
0.573000
0.653000
0.372000
0.241000
nan
nan
nan
nan
nan
0.422000
0.924000
0.532000
0.442000
1.000000
nan
0.854000
0.306000
0.471000
0.698000
nan
0.690000
nan
nan
nan
nan
nan
nan
nan
nan
nan
nan
nan
nan
nan
0.367000
0.332000
nan
0.314000
nan
0.201000
nan
nan
nan
nan
0.445000
0.323000
nan
nan
nan
nan
0.279000
0.358000
nan
nan
nan
nan
nan
nan
nan
nan
0.196000
0.244000
0.480000
0.559000
1.000000
0.367000
nan
nan
nan
0.349000
nan
nan
nan
nan
0.340000
nan
0.663000
0.864000
nan
nan
0.332000
nan
1.000000
nan
nan
0.812000
0.672000
nan
nan
0.777000
0.873000
nan
nan
nan
nan
0.559000
0.480000
nan
0.375000
nan
0.524000
0.489000
nan
0.637000
0.681000
1.000000
0.733000
0.541000
0.672000
0.611000
0.559000
0.856000
nan
nan
0.725000
0.196000
0.196000
0.454000
nan
nan
0.489000
nan
nan
nan
0.611000
0.995000
0.864000
nan
0.508000
nan
nan
nan
0.348000
0.517000
0.291000
nan
nan
0.287000
nan
0.573000
nan
0.758000
0.758000
nan
0.656000
nan
0.120000
nan
nan
0.647000
0.749000
nan
nan
0.111000
nan
1.000000
nan
nan
nan
0.185000
nan
0.213000
0.934000
nan
0.120000
0.915000
nan
0.166000
nan
nan
0.287000
nan
nan
0.139000
nan
nan
0.730000
0.878000
0.721000
0.656000
nan
0.250000
nan
nan
1.000000
nan
nan
0.481000
nan
nan
nan
1.000000
0.786000
0.814000
0.943000
0.240000
0.305000
nan
0.277000
nan
0.564000
0.666000
nan
nan
nan
0.361000
0.767000
0.823000
0.527000
0.675000
nan
0.076000
nan
0.092000
nan
0.092000
nan
0.076000
nan
0.078000
nan
0.111000
nan
0.120000
nan
0.309000
0.500000
1.000000
nan
0.068000
