Coverage: 17609.259259
nan
nan
nan
nan
nan
nan
nan
1.000000
nan
nan
0.981000
nan
nan
0.499000
nan
nan
nan
nan
0.430000
nan
0.189000
nan
nan
0.163000
nan
nan
0.396000
nan
0.413000
0.275000
0.224000
0.275000
nan
nan
0.585000
nan
0.293000
nan
0.275000
nan
0.241000
nan
nan
nan
0.484000
0.484000
0.363000
nan
0.827000
0.283000
nan
0.383000
nan
nan
0.262000
0.343000
0.262000
0.565000
nan
0.444000
nan
nan
nan
nan
1.000000
nan
0.686000
0.363000
nan
nan
nan
nan
0.545000
0.545000
0.323000
nan
0.151000
0.185000
0.525000
nan
0.202000
nan
nan
0.666000
0.504000
0.666000
nan
nan
nan
0.404000
0.383000
0.464000
0.464000
nan
nan
nan
nan
nan
nan
nan
nan
nan
0.747000
0.504000
nan
nan
0.484000
nan
1.000000
0.887000
0.444000
0.262000
0.231000
0.185000
0.139000
0.625000
0.278000
nan
0.602000
0.394000
nan
nan
nan
nan
nan
nan
nan
nan
nan
0.509000
nan
nan
nan
nan
nan
0.463000
nan
nan
0.440000
0.440000
nan
nan
nan
nan
0.255000
nan
0.139000
nan
nan
nan
nan
nan
nan
nan
0.347000
nan
nan
nan
nan
nan
nan
0.139000
