Coverage: 3963.380282
nan
0.176000
nan
0.520000
nan
nan
nan
nan
0.656000
0.271000
nan
nan
nan
0.176000
nan
0.837000
0.520000
nan
0.317000
0.701000
nan
nan
0.249000
nan
nan
nan
0.385000
0.385000
0.452000
0.588000
nan
nan
0.860000
0.747000
0.837000
0.679000
nan
nan
0.792000
0.701000
0.928000
0.226000
0.882000
0.407000
0.475000
nan
nan
nan
1.000000
nan
nan
0.430000
0.176000
0.633000
nan
nan
0.566000
nan
0.905000
1.000000
0.837000
nan
0.882000
nan
1.000000
0.837000
0.249000
0.837000
0.905000
0.452000
nan
nan
nan
0.769000
nan
nan
nan
0.747000
nan
0.928000
0.520000
0.430000
0.950000
0.452000
0.566000
0.860000
0.656000
nan
0.519000
0.490000
0.608000
nan
0.682000
0.401000
nan
nan
nan
nan
nan
nan
nan
nan
nan
nan
0.831000
0.712000
0.356000
nan
nan
nan
nan
0.890000
1.000000
nan
0.519000
0.252000
nan
0.223000
nan
nan
0.267000
0.935000
nan
nan
1.000000
nan
nan
nan
0.682000
0.519000
0.208000
nan
0.208000
nan
nan
nan
0.697000
0.846000
nan
nan
nan
0.668000
nan
nan
0.401000
nan
nan
0.371000
0.223000
nan
nan
nan
nan
0.697000
0.564000
0.534000
0.831000
nan
nan
0.905000
0.475000
0.200000
nan
0.638000
nan
0.608000
0.712000
nan
0.742000
nan
1.000000
nan
0.920000
0.727000
nan
0.593000
nan
nan
nan
0.460000
0.475000
nan
nan
nan
0.653000
0.890000
0.890000
0.460000
nan
0.801000
0.697000
nan
nan
nan
0.200000
nan
nan
0.682000
nan
0.653000
0.460000
0.638000
nan
nan
nan
nan
nan
nan
nan
0.549000
0.386000
nan
0.191000
