Coverage: 9059.281437
nan
0.102000
0.119000
nan
0.170000
nan
0.102000
0.102000
nan
0.153000
0.630000
0.681000
nan
0.502000
0.485000
0.468000
0.460000
nan
nan
0.434000
0.451000
0.375000
nan
0.519000
0.605000
nan
0.451000
0.519000
nan
0.741000
nan
0.230000
nan
nan
nan
nan
0.102000
nan
nan
nan
0.647000
0.903000
0.792000
0.383000
nan
nan
0.400000
0.758000
nan
nan
0.894000
0.817000
nan
0.204000
0.162000
nan
nan
0.684000
nan
0.555000
nan
0.456000
0.669000
nan
nan
0.547000
nan
nan
0.737000
nan
nan
nan
0.365000
nan
nan
0.540000
nan
0.922000
0.479000
nan
nan
nan
1.000000
0.555000
0.297000
0.479000
nan
nan
nan
0.813000
nan
0.948000
nan
nan
nan
0.692000
nan
nan
0.403000
nan
0.408000
0.589000
0.642000
nan
nan
0.676000
nan
nan
0.428000
0.542000
0.408000
0.261000
nan
0.930000
nan
nan
0.676000
0.341000
nan
0.448000
0.468000
nan
0.261000
0.321000
nan
0.167000
nan
nan
0.335000
0.248000
nan
1.000000
nan
nan
nan
nan
nan
nan
nan
nan
nan
0.769000
nan
nan
1.000000
0.897000
0.683000
nan
0.130000
0.134000
nan
0.361000
nan
nan
nan
nan
nan
nan
nan
nan
0.743000
0.435000
0.375000
nan
0.174000
0.130000
0.130000
