Coverage: 301.595745
0.000000
nan
nan
0.500000
nan
0.500000
nan
nan
nan
1.000000
nan
0.500000
0.250000
nan
0.000000
nan
nan
nan
0.000000
nan
nan
nan
nan
0.000000
nan
0.000000
nan
0.000000
0.250000
0.500000
nan
1.000000
nan
nan
nan
0.000000
0.250000
0.000000
0.000000
0.000000
0.000000
0.500000
nan
nan
nan
0.000000
0.000000
0.000000
0.000000
0.500000
nan
1.000000
0.500000
0.000000
nan
0.000000
0.000000
nan
0.500000
nan
nan
nan
0.000000
0.000000
0.750000
0.000000
0.000000
nan
0.000000
0.500000
0.000000
0.000000
0.250000
0.750000
0.000000
nan
0.500000
nan
1.000000
nan
0.500000
0.000000
0.500000
0.000000
0.333000
nan
nan
nan
nan
nan
nan
nan
0.000000
nan
0.000000
0.000000
nan
nan
nan
1.000000
nan
0.500000
0.167000
0.000000
0.167000
nan
nan
nan
0.333000
nan
nan
nan
nan
nan
nan
0.000000
0.000000
nan
0.333000
0.000000
nan
0.000000
0.000000
0.667000
nan
0.000000
1.000000
0.000000
nan
nan
nan
nan
nan
nan
0.667000
nan
0.000000
0.167000
nan
1.000000
nan
nan
nan
0.333000
0.667000
1.000000
0.667000
nan
0.333000
nan
1.000000
nan
1.000000
0.667000
0.333000
0.333000
nan
nan
nan
0.667000
0.000000
nan
nan
nan
nan
0.000000
0.333000
0.333000
nan
0.000000
0.000000
nan
0.000000
0.333000
nan
nan
0.333000
0.000000
1.000000
0.333000
0.500000
0.000000
nan
0.000000
nan
nan
0.000000
nan
