Coverage: 2034.375000
0.068000
nan
0.270000
nan
nan
0.315000
nan
nan
nan
0.090000
0.090000
0.203000
0.293000
nan
0.676000
0.270000
0.360000
0.338000
nan
nan
0.586000
nan
0.068000
nan
nan
nan
nan
0.225000
0.473000
0.338000
0.541000
nan
nan
0.203000
nan
0.586000
nan
0.608000
0.788000
0.676000
0.383000
nan
0.901000
0.518000
0.743000
nan
0.518000
0.495000
nan
0.518000
0.315000
0.293000
0.833000
nan
0.541000
1.000000
nan
0.180000
nan
nan
0.383000
0.158000
nan
0.473000
0.563000
nan
0.203000
nan
nan
0.383000
nan
nan
nan
nan
0.541000
0.766000
0.541000
0.270000
0.068000
nan
1.000000
0.405000
1.000000
0.068000
0.235000
nan
0.118000
0.824000
0.941000
nan
0.147000
nan
0.176000
0.265000
0.353000
nan
0.412000
0.971000
0.647000
0.647000
0.441000
0.676000
0.941000
0.559000
nan
0.735000
0.559000
1.000000
0.882000
nan
0.118000
0.118000
0.118000
0.176000
nan
0.118000
0.794000
nan
nan
0.324000
nan
nan
nan
nan
nan
nan
0.529000
0.765000
0.853000
1.000000
nan
0.529000
nan
nan
0.176000
0.824000
0.912000
0.353000
0.706000
0.706000
0.794000
1.000000
0.941000
0.324000
0.765000
0.412000
0.500000
0.294000
0.618000
0.200000
0.656000
0.970000
0.276000
0.387000
0.359000
0.193000
1.000000
nan
0.442000
nan
nan
0.193000
nan
nan
0.773000
1.000000
0.414000
nan
0.331000
0.552000
0.470000
0.525000
0.552000
nan
nan
0.249000
0.773000
0.414000
nan
0.552000
nan
nan
nan
0.359000
0.939000
0.331000
0.414000
0.580000
nan
0.497000
nan
0.470000
1.000000
nan
0.773000
0.912000
nan
0.635000
0.580000
nan
0.552000
nan
0.276000
0.718000
0.304000
0.497000
0.497000
nan
0.442000
0.635000
nan
0.442000
0.442000
0.331000
0.221000
0.221000
0.276000
nan
nan
nan
nan
0.691000
0.193000
nan
