Coverage: 3395.675676
nan
nan
0.387000
nan
nan
nan
0.426000
nan
nan
nan
nan
nan
nan
0.116000
nan
0.387000
nan
nan
0.580000
nan
0.193000
nan
0.232000
nan
0.503000
0.812000
nan
0.348000
nan
0.309000
nan
nan
0.077000
0.077000
0.193000
0.116000
nan
nan
0.387000
1.000000
0.116000
0.464000
0.426000
0.426000
nan
nan
nan
0.426000
0.542000
1.000000
nan
nan
0.193000
0.426000
0.077000
nan
0.774000
nan
nan
nan
nan
0.426000
nan
nan
nan
0.426000
0.309000
0.542000
0.309000
0.464000
nan
0.387000
0.271000
nan
0.696000
nan
nan
0.387000
0.619000
nan
0.426000
0.387000
nan
nan
1.000000
0.193000
0.851000
0.580000
0.116000
0.232000
nan
0.851000
0.658000
nan
0.077000
nan
0.323000
nan
nan
0.323000
0.377000
0.593000
nan
nan
nan
0.270000
nan
0.647000
nan
0.647000
nan
0.431000
nan
nan
nan
nan
nan
nan
0.539000
0.593000
0.539000
0.485000
0.593000
0.647000
0.593000
nan
1.000000
nan
0.916000
0.485000
1.000000
nan
0.647000
nan
nan
0.701000
nan
0.485000
0.323000
0.054000
0.323000
0.323000
0.916000
0.485000
1.000000
nan
nan
nan
0.701000
0.916000
0.701000
nan
nan
nan
0.270000
0.970000
nan
nan
nan
0.323000
0.216000
0.323000
0.216000
nan
0.377000
nan
0.054000
0.377000
0.701000
nan
0.431000
nan
0.863000
0.054000
0.054000
0.270000
nan
nan
0.593000
nan
nan
0.647000
0.485000
0.054000
nan
