Coverage: 2744.444444
nan
0.041000
0.056000
0.225000
0.338000
nan
nan
0.281000
nan
nan
0.169000
0.169000
nan
0.141000
0.338000
nan
nan
0.113000
0.041000
0.478000
0.169000
0.338000
0.394000
nan
0.534000
0.225000
0.169000
0.056000
0.041000
0.197000
0.169000
0.338000
0.338000
nan
1.000000
0.591000
nan
0.703000
0.506000
nan
nan
nan
0.450000
nan
nan
0.338000
0.450000
nan
0.422000
nan
nan
nan
nan
0.619000
0.731000
0.844000
nan
nan
1.000000
0.772000
nan
0.498000
nan
nan
nan
nan
0.373000
0.274000
nan
0.348000
nan
nan
nan
0.597000
0.174000
0.132000
0.976000
nan
nan
nan
nan
nan
nan
nan
nan
0.722000
0.871000
0.622000
nan
0.299000
nan
0.772000
nan
nan
0.476000
0.952000
0.476000
1.000000
0.584000
nan
0.714000
0.325000
nan
0.368000
0.952000
0.714000
nan
nan
nan
nan
0.931000
nan
0.455000
0.584000
nan
1.000000
nan
nan
0.216000
0.152000
0.498000
nan
1.000000
nan
nan
nan
nan
0.823000
0.606000
nan
nan
nan
nan
0.152000
nan
nan
0.628000
0.498000
nan
0.714000
0.628000
0.779000
0.476000
0.476000
0.325000
0.433000
nan
nan
nan
0.368000
0.801000
nan
nan
nan
0.909000
0.649000
0.801000
nan
0.887000
nan
nan
nan
