Coverage: 1374.683544
nan
0.094000
1.000000
nan
0.400000
nan
nan
nan
nan
0.960000
nan
nan
0.720000
nan
0.400000
0.600000
nan
0.320000
0.094000
0.240000
0.760000
0.520000
nan
nan
nan
0.800000
0.840000
0.480000
nan
0.240000
0.360000
0.094000
nan
0.160000
nan
0.160000
nan
nan
nan
nan
nan
0.640000
nan
0.320000
nan
0.560000
0.600000
0.520000
1.000000
nan
0.240000
0.480000
nan
nan
0.920000
nan
0.560000
0.280000
nan
0.320000
nan
nan
0.520000
0.240000
0.560000
nan
nan
nan
0.520000
0.680000
0.600000
1.000000
nan
nan
0.680000
0.640000
nan
0.562000
0.346000
0.518000
0.259000
nan
1.000000
0.518000
0.907000
nan
0.734000
nan
0.432000
nan
0.650000
nan
1.000000
0.789000
0.928000
nan
nan
nan
0.325000
0.650000
nan
0.603000
0.510000
0.418000
0.278000
nan
0.278000
nan
0.510000
0.139000
0.371000
0.371000
0.371000
0.696000
nan
nan
0.789000
0.139000
nan
nan
0.742000
0.835000
0.325000
0.418000
nan
0.139000
0.464000
nan
nan
nan
0.464000
0.278000
0.418000
nan
nan
nan
nan
0.603000
0.114000
nan
0.603000
0.278000
0.114000
0.510000
0.186000
nan
nan
0.464000
0.325000
0.464000
0.557000
nan
1.000000
nan
nan
nan
0.114000
nan
