Coverage: 1637.790698
nan
0.018000
0.367000
nan
nan
0.244000
0.244000
0.407000
nan
0.489000
0.326000
nan
nan
nan
nan
nan
nan
0.326000
0.611000
0.122000
0.489000
nan
nan
nan
0.326000
0.448000
0.204000
0.570000
0.041000
nan
0.448000
0.367000
nan
nan
nan
nan
0.018000
0.285000
0.489000
nan
0.285000
nan
nan
nan
0.326000
nan
0.652000
0.204000
0.448000
nan
0.733000
0.692000
nan
nan
nan
nan
0.407000
0.652000
0.285000
nan
0.896000
0.896000
nan
0.489000
nan
nan
1.000000
0.418000
nan
nan
0.685000
nan
nan
0.228000
0.494000
nan
nan
nan
nan
nan
nan
nan
nan
0.046000
nan
nan
0.418000
nan
0.609000
nan
nan
0.913000
0.571000
0.942000
nan
0.647000
0.647000
0.723000
1.000000
nan
nan
nan
nan
0.035000
0.212000
nan
0.707000
0.530000
nan
nan
nan
nan
nan
nan
0.353000
0.424000
nan
0.530000
0.389000
nan
0.212000
nan
nan
nan
nan
1.000000
0.742000
nan
nan
nan
nan
0.671000
nan
nan
nan
0.565000
0.813000
nan
nan
nan
0.318000
nan
0.459000
0.671000
0.389000
0.707000
nan
nan
nan
0.636000
nan
nan
0.106000
0.212000
0.212000
0.530000
nan
0.389000
0.353000
0.530000
nan
nan
0.247000
0.247000
nan
0.141000
0.459000
nan
0.177000
0.283000
0.071000
0.051000
