Coverage: 66742.718447
0.205000
nan
0.408000
0.421000
0.242000
0.205000
0.539000
nan
nan
nan
nan
0.205000
0.629000
nan
nan
nan
nan
0.755000
nan
0.613000
nan
0.552000
0.550000
nan
nan
1.000000
0.642000
0.526000
0.447000
nan
0.423000
0.863000
nan
nan
0.410000
0.579000
nan
nan
0.757000
nan
nan
nan
nan
nan
nan
0.842000
nan
nan
nan
0.799000
0.805000
0.650000
nan
nan
nan
0.231000
0.508000
0.447000
nan
nan
0.586000
0.897000
0.849000
nan
0.689000
nan
0.839000
1.000000
0.978000
0.821000
nan
nan
0.663000
0.663000
0.552000
nan
nan
0.329000
0.334000
nan
nan
0.471000
nan
0.607000
0.405000
0.613000
0.536000
nan
1.000000
nan
nan
0.287000
nan
nan
nan
0.226000
nan
0.224000
0.100000
0.100000
0.138000
0.163000
0.192000
nan
nan
0.313000
nan
0.305000
0.293000
nan
0.237000
nan
0.156000
nan
nan
nan
0.132000
nan
nan
nan
nan
nan
nan
nan
nan
0.173000
0.151000
nan
0.144000
0.132000
0.162000
0.131000
0.178000
nan
nan
0.106000
nan
nan
nan
nan
nan
nan
nan
0.128000
0.237000
nan
nan
nan
nan
nan
0.200000
1.000000
nan
nan
nan
0.268000
nan
0.323000
1.000000
nan
0.206000
nan
0.193000
0.199000
0.525000
0.404000
nan
nan
nan
0.629000
0.551000
nan
0.444000
0.504000
0.613000
nan
0.639000
0.648000
nan
nan
0.230000
0.100000
nan
0.459000
0.239000
0.709000
0.662000
0.752000
nan
0.347000
0.486000
0.614000
1.000000
0.699000
0.536000
nan
nan
0.553000
nan
0.435000
nan
0.388000
0.442000
0.266000
nan
0.250000
nan
nan
0.305000
0.412000
0.668000
0.645000
0.526000
nan
0.429000
0.480000
nan
0.273000
nan
nan
0.250000
nan
nan
0.475000
0.405000
0.542000
nan
nan
nan
0.509000
nan
nan
nan
nan
nan
nan
nan
0.523000
0.782000
nan
0.669000
0.956000
nan
nan
0.611000
nan
0.774000
0.755000
nan
0.796000
0.998000
nan
0.608000
1.000000
nan
nan
nan
nan
nan
0.506000
0.817000
0.604000
0.729000
0.667000
0.703000
1.000000
nan
nan
0.315000
0.315000
0.571000
nan
nan
1.000000
0.879000
0.759000
nan
0.480000
0.250000
0.449000
nan
0.510000
nan
0.332000
nan
0.642000
0.842000
0.683000
1.000000
0.626000
0.878000
nan
0.153000
nan
nan
nan
0.225000
0.943000
nan
nan
nan
nan
1.000000
nan
0.164000
0.169000
0.208000
0.248000
0.305000
nan
0.377000
nan
0.430000
0.640000
nan
nan
0.477000
0.804000
nan
0.203000
0.162000
0.231000
nan
0.261000
0.237000
nan
0.267000
nan
nan
nan
1.000000
0.983000
nan
nan
0.471000
0.510000
nan
nan
nan
0.897000
0.921000
0.741000
0.538000
0.270000
nan
nan
0.698000
0.294000
0.502000
nan
0.884000
nan
0.394000
0.910000
nan
nan
nan
nan
0.162000
nan
nan
nan
0.184000
nan
0.207000
nan
nan
nan
nan
nan
nan
nan
nan
nan
0.214000
nan
0.391000
0.400000
0.305000
nan
0.700000
nan
nan
0.696000
0.658000
0.743000
nan
0.774000
nan
nan
nan
nan
nan
nan
nan
nan
nan
0.619000
nan
nan
nan
0.282000
nan
0.292000
nan
0.409000
nan
0.434000
0.526000
nan
nan
nan
