Coverage: 81594.633274
nan
0.051000
0.051000
0.051000
0.062000
0.056000
nan
0.399000
nan
nan
0.123000
nan
nan
nan
nan
0.739000
0.549000
nan
nan
0.208000
nan
nan
nan
nan
0.321000
nan
nan
0.373000
0.095000
0.054000
nan
nan
1.000000
0.724000
1.000000
0.573000
nan
nan
nan
nan
0.214000
0.314000
0.354000
0.144000
nan
0.154000
0.094000
0.195000
0.420000
nan
nan
nan
nan
0.169000
nan
nan
nan
nan
0.172000
nan
nan
0.173000
0.186000
nan
nan
nan
nan
0.186000
nan
nan
0.331000
0.111000
0.097000
0.577000
0.294000
nan
nan
nan
nan
0.740000
0.767000
0.564000
nan
0.532000
nan
0.176000
nan
nan
nan
0.481000
nan
nan
nan
nan
nan
nan
0.601000
1.000000
0.772000
0.317000
0.313000
0.597000
0.773000
nan
nan
nan
0.908000
0.744000
nan
0.895000
nan
0.316000
0.093000
nan
0.127000
0.173000
0.115000
nan
nan
nan
0.197000
nan
nan
1.000000
nan
0.275000
0.207000
nan
0.290000
nan
nan
nan
nan
0.090000
nan
0.073000
0.090000
0.121000
0.200000
nan
nan
nan
nan
0.101000
0.182000
nan
nan
nan
0.371000
0.088000
nan
0.380000
0.310000
nan
nan
nan
nan
0.112000
nan
0.222000
nan
nan
nan
nan
nan
0.984000
1.000000
0.960000
nan
0.076000
0.073000
0.073000
nan
nan
0.420000
1.000000
nan
nan
0.716000
nan
0.236000
0.235000
nan
nan
0.704000
0.401000
0.238000
0.236000
nan
nan
nan
nan
nan
nan
nan
nan
nan
nan
0.548000
0.780000
0.726000
nan
nan
0.126000
nan
0.177000
nan
nan
nan
0.083000
0.112000
0.080000
nan
nan
0.475000
nan
nan
0.404000
nan
0.342000
0.189000
0.248000
0.382000
0.336000
0.255000
nan
nan
nan
nan
nan
0.189000
0.190000
nan
nan
nan
1.000000
nan
nan
nan
nan
0.668000
0.455000
nan
0.433000
0.532000
0.865000
0.708000
0.541000
0.849000
0.477000
nan
0.513000
0.590000
nan
nan
0.977000
0.778000
nan
nan
0.877000
nan
0.726000
nan
nan
nan
nan
0.582000
nan
nan
nan
nan
0.560000
nan
nan
0.617000
nan
0.492000
0.526000
0.860000
0.332000
0.431000
0.312000
0.426000
0.458000
nan
0.189000
nan
nan
nan
nan
0.752000
nan
nan
0.655000
nan
nan
nan
nan
nan
0.464000
nan
nan
0.778000
nan
nan
0.684000
0.647000
0.807000
nan
0.397000
0.629000
0.661000
0.959000
1.000000
nan
1.000000
nan
nan
nan
0.953000
0.213000
0.231000
0.296000
0.307000
0.463000
nan
0.474000
0.389000
nan
0.244000
nan
0.291000
0.545000
nan
nan
nan
nan
0.566000
0.576000
nan
0.442000
0.523000
nan
nan
0.502000
nan
0.867000
0.868000
nan
nan
0.328000
nan
0.570000
0.705000
0.815000
0.817000
0.703000
0.553000
0.765000
0.686000
nan
0.612000
0.297000
nan
nan
0.469000
nan
nan
1.000000
0.599000
0.545000
0.642000
0.355000
nan
nan
0.960000
nan
0.476000
nan
nan
0.628000
nan
nan
1.000000
0.915000
0.918000
nan
0.307000
nan
0.213000
nan
nan
0.387000
nan
0.584000
nan
nan
0.853000
1.000000
nan
nan
0.213000
nan
nan
nan
0.601000
nan
nan
nan
nan
0.703000
0.548000
0.947000
0.853000
nan
nan
nan
nan
nan
0.743000
nan
nan
0.863000
0.855000
0.577000
nan
nan
nan
1.000000
nan
0.569000
nan
nan
nan
nan
0.571000
nan
nan
0.446000
nan
nan
0.734000
0.815000
0.908000
0.715000
0.492000
0.528000
0.342000
nan
nan
nan
nan
0.288000
nan
nan
0.769000
0.754000
nan
nan
nan
nan
0.311000
nan
0.549000
nan
0.497000
nan
nan
nan
nan
1.000000
nan
nan
nan
0.374000
0.392000
0.685000
nan
nan
nan
0.334000
nan
nan
0.480000
nan
0.415000
0.494000
0.506000
0.693000
nan
nan
nan
nan
nan
0.860000
nan
0.921000
1.000000
nan
nan
0.841000
nan
0.474000
0.619000
nan
nan
0.848000
nan
0.333000
0.293000
0.309000
0.905000
nan
nan
nan
nan
0.272000
0.293000
0.311000
nan
0.358000
nan
nan
0.680000
nan
0.810000
0.844000
0.794000
1.000000
0.571000
0.297000
0.228000
nan
nan
nan
nan
nan
nan
0.527000
nan
0.247000
0.596000
nan
nan
0.409000
nan
nan
0.285000
nan
0.779000
0.820000
nan
nan
nan
0.444000
0.228000
nan
0.228000
nan
