Coverage: 8961.139896
0.130000
nan
nan
0.130000
0.130000
0.205000
0.179000
nan
nan
0.282000
nan
nan
0.239000
0.213000
0.265000
0.282000
0.299000
nan
0.478000
nan
nan
nan
nan
0.231000
0.444000
0.751000
1.000000
nan
nan
nan
0.196000
0.350000
0.598000
0.512000
0.751000
nan
0.922000
nan
0.931000
0.692000
1.000000
1.000000
0.922000
0.828000
nan
0.640000
nan
nan
0.939000
0.956000
nan
0.529000
nan
nan
nan
0.615000
nan
nan
nan
0.333000
nan
nan
nan
nan
nan
0.359000
0.794000
0.512000
0.606000
0.751000
0.717000
0.521000
nan
0.427000
0.991000
0.820000
nan
0.487000
nan
nan
0.393000
0.154000
nan
nan
0.384000
0.239000
nan
0.623000
1.000000
0.496000
0.852000
1.000000
0.463000
0.503000
nan
nan
0.704000
nan
nan
0.355000
nan
0.791000
0.443000
nan
nan
0.644000
0.845000
nan
0.516000
0.351000
0.416000
nan
nan
0.976000
nan
0.315000
nan
0.416000
nan
0.996000
nan
1.000000
0.752000
nan
0.207000
nan
0.279000
0.308000
0.638000
0.494000
nan
0.459000
0.688000
0.781000
0.387000
0.209000
0.274000
nan
0.659000
nan
nan
0.430000
0.315000
0.638000
nan
nan
nan
nan
0.365000
nan
nan
nan
0.451000
0.623000
nan
nan
0.652000
0.387000
0.373000
nan
nan
0.752000
nan
nan
nan
0.774000
nan
0.802000
0.709000
nan
nan
nan
0.380000
0.502000
0.752000
0.767000
nan
0.511000
0.404000
0.488000
0.640000
0.572000
0.655000
0.503000
nan
nan
0.564000
0.572000
nan
nan
nan
0.156000
0.156000
