Coverage: 31476.709797
nan
0.247000
nan
nan
nan
0.523000
nan
nan
0.369000
0.333000
0.333000
0.329000
nan
nan
0.534000
0.519000
nan
nan
nan
0.387000
0.450000
nan
nan
nan
nan
nan
0.848000
nan
0.420000
nan
0.530000
nan
nan
nan
0.380000
0.855000
0.523000
nan
0.355000
nan
nan
nan
nan
0.662000
0.684000
nan
0.658000
0.504000
nan
nan
nan
0.523000
0.424000
nan
0.837000
0.439000
0.786000
nan
nan
0.618000
0.742000
nan
nan
0.793000
0.475000
0.731000
0.483000
0.713000
0.377000
nan
nan
0.892000
0.907000
nan
nan
0.841000
nan
0.501000
1.000000
nan
nan
nan
nan
1.000000
nan
nan
nan
nan
0.247000
0.247000
0.384000
nan
nan
nan
nan
0.943000
0.910000
nan
0.888000
1.000000
nan
0.808000
0.998000
0.786000
nan
0.368000
nan
nan
nan
nan
nan
1.000000
nan
0.601000
0.302000
0.582000
0.540000
nan
0.569000
nan
0.674000
nan
nan
nan
0.495000
nan
nan
0.444000
nan
0.537000
nan
0.550000
0.968000
nan
nan
0.901000
nan
nan
0.857000
0.575000
nan
0.722000
0.578000
nan
0.371000
0.550000
nan
nan
0.831000
nan
0.492000
nan
0.323000
nan
nan
nan
nan
nan
nan
0.396000
0.419000
nan
nan
nan
0.329000
nan
0.302000
1.000000
nan
nan
nan
nan
0.630000
0.409000
0.585000
0.419000
0.668000
nan
nan
0.876000
1.000000
0.754000
nan
0.380000
0.302000
0.361000
0.393000
0.572000
0.508000
nan
0.671000
nan
0.534000
0.780000
0.658000
0.562000
0.614000
nan
0.435000
0.476000
nan
nan
0.492000
0.593000
0.398000
nan
nan
nan
nan
0.732000
0.603000
nan
nan
0.527000
0.433000
0.460000
0.582000
nan
nan
0.544000
1.000000
nan
nan
nan
nan
nan
nan
nan
nan
nan
0.966000
0.635000
nan
0.600000
nan
0.705000
0.509000
0.729000
nan
nan
0.600000
0.715000
nan
0.628000
0.509000
0.715000
0.603000
0.708000
nan
0.645000
0.701000
0.875000
1.000000
nan
0.670000
nan
0.715000
0.593000
nan
nan
0.290000
nan
0.290000
0.464000
0.363000
nan
nan
nan
nan
0.290000
nan
nan
nan
nan
0.457000
nan
0.370000
nan
0.628000
1.000000
nan
nan
nan
nan
nan
0.725000
0.673000
0.774000
0.485000
0.855000
nan
nan
nan
0.673000
0.774000
0.851000
nan
nan
0.973000
0.931000
0.243000
0.536000
0.446000
0.599000
nan
0.345000
0.196000
0.196000
0.429000
nan
0.684000
0.655000
0.575000
nan
0.449000
0.461000
0.197000
nan
0.666000
0.616000
nan
nan
nan
0.558000
0.945000
nan
nan
nan
nan
0.641000
0.742000
nan
0.696000
0.332000
0.196000
nan
nan
nan
0.952000
nan
nan
0.548000
1.000000
nan
0.882000
0.910000
0.941000
0.889000
0.987000
nan
0.662000
1.000000
0.573000
0.947000
0.758000
0.543000
0.633000
0.492000
nan
nan
nan
nan
0.987000
0.595000
nan
0.356000
1.000000
0.691000
nan
0.558000
0.729000
0.802000
0.956000
0.915000
nan
0.493000
nan
nan
nan
nan
0.810000
1.000000
nan
nan
0.344000
nan
nan
0.255000
0.255000
nan
nan
nan
nan
nan
1.000000
nan
0.843000
nan
0.282000
0.381000
0.321000
nan
nan
nan
0.805000
0.981000
nan
0.723000
nan
0.325000
0.418000
nan
nan
nan
0.870000
nan
nan
0.463000
0.366000
0.342000
nan
nan
0.573000
0.420000
0.409000
0.461000
0.565000
0.483000
nan
0.476000
nan
nan
nan
nan
nan
nan
0.668000
nan
nan
nan
nan
nan
nan
0.336000
0.879000
0.555000
0.607000
0.996000
0.489000
0.748000
0.972000
nan
0.700000
0.314000
nan
nan
nan
nan
nan
nan
0.470000
0.545000
0.713000
0.911000
0.641000
1.000000
nan
0.438000
0.351000
0.359000
nan
0.247000
nan
0.726000
0.785000
nan
0.394000
0.216000
nan
0.159000
0.135000
0.123000
0.623000
0.620000
nan
0.698000
0.402000
nan
nan
nan
nan
nan
nan
nan
nan
nan
nan
0.573000
nan
0.677000
nan
nan
nan
nan
0.502000
0.405000
nan
nan
nan
nan
nan
0.193000
0.318000
0.407000
0.299000
nan
nan
nan
0.458000
1.000000
nan
0.242000
0.153000
nan
0.372000
nan
0.626000
nan
0.183000
0.123000
0.129000
0.123000
0.174000
nan
nan
0.267000
0.279000
0.312000
0.243000
nan
nan
