Coverage: 22174.096386
0.179000
0.179000
nan
nan
nan
nan
0.259000
0.481000
0.661000
nan
0.484000
nan
nan
nan
0.310000
0.235000
nan
nan
0.378000
nan
0.423000
nan
nan
nan
nan
nan
0.525000
nan
0.692000
nan
nan
1.000000
nan
nan
nan
nan
nan
nan
nan
nan
0.331000
0.450000
nan
0.661000
0.713000
0.624000
0.907000
0.702000
0.989000
0.471000
0.334000
nan
nan
nan
0.368000
0.648000
0.815000
nan
nan
nan
0.525000
nan
0.552000
0.573000
0.979000
nan
0.450000
nan
nan
nan
nan
nan
nan
nan
1.000000
0.801000
nan
nan
nan
0.453000
0.859000
0.682000
0.965000
0.542000
nan
0.314000
0.179000
nan
nan
0.355000
0.344000
0.300000
nan
nan
nan
0.777000
0.498000
nan
nan
nan
1.000000
0.965000
nan
0.989000
0.921000
0.648000
nan
0.368000
0.247000
0.254000
0.779000
nan
0.618000
1.000000
nan
nan
0.972000
0.946000
nan
0.825000
0.842000
nan
1.000000
nan
0.886000
0.655000
0.916000
nan
nan
0.281000
0.478000
nan
0.561000
0.862000
0.682000
0.819000
nan
nan
nan
0.565000
nan
0.825000
0.451000
0.718000
nan
0.812000
0.247000
0.247000
nan
0.261000
0.257000
nan
0.291000
0.558000
0.805000
nan
nan
nan
0.294000
0.277000
0.444000
0.752000
0.635000
nan
0.632000
0.615000
nan
0.471000
nan
nan
nan
nan
0.799000
0.381000
nan
nan
nan
nan
nan
nan
1.000000
0.575000
0.378000
0.505000
nan
nan
0.498000
nan
nan
nan
0.495000
0.795000
0.855000
nan
nan
nan
0.256000
0.305000
nan
0.332000
0.326000
0.507000
0.351000
0.286000
0.621000
nan
nan
nan
nan
0.230000
nan
nan
0.098000
0.091000
nan
0.087000
0.460000
nan
nan
nan
nan
nan
nan
0.135000
0.087000
0.087000
nan
nan
0.107000
nan
nan
0.188000
nan
nan
nan
0.670000
nan
0.456000
0.505000
nan
nan
0.528000
0.684000
nan
0.646000
nan
0.560000
nan
nan
nan
nan
nan
nan
nan
0.512000
nan
nan
nan
0.844000
nan
nan
nan
nan
0.451000
0.663000
1.000000
0.530000
0.642000
0.593000
nan
0.581000
nan
nan
nan
nan
nan
nan
0.609000
0.539000
0.260000
0.502000
0.502000
nan
nan
0.746000
1.000000
0.835000
nan
0.202000
0.156000
0.502000
nan
0.581000
0.637000
1.000000
0.491000
nan
nan
nan
nan
nan
nan
0.149000
0.330000
0.399000
nan
nan
nan
nan
nan
1.000000
nan
nan
0.734000
0.643000
0.235000
nan
0.275000
0.235000
0.782000
nan
nan
nan
0.280000
0.326000
0.246000
nan
nan
nan
nan
0.530000
nan
0.373000
nan
0.818000
0.761000
0.556000
0.724000
0.593000
nan
0.634000
nan
nan
nan
nan
0.472000
nan
0.768000
nan
0.669000
0.950000
0.907000
nan
nan
0.446000
nan
0.527000
0.608000
0.338000
nan
nan
nan
nan
0.642000
nan
0.944000
1.000000
nan
0.582000
0.653000
nan
nan
nan
nan
nan
0.467000
nan
nan
0.671000
nan
nan
0.710000
nan
nan
nan
nan
nan
nan
nan
nan
nan
0.520000
nan
0.994000
0.677000
0.604000
0.565000
nan
nan
nan
nan
nan
0.283000
nan
nan
0.421000
nan
nan
0.259000
0.555000
nan
1.000000
nan
nan
nan
nan
nan
0.238000
nan
0.756000
0.819000
nan
0.932000
1.000000
nan
0.767000
nan
nan
nan
0.226000
nan
0.168000
0.289000
0.192000
0.712000
nan
nan
nan
0.427000
0.340000
0.512000
nan
0.334000
0.422000
nan
nan
nan
0.237000
nan
nan
0.150000
nan
nan
nan
nan
0.491000
0.358000
nan
nan
0.278000
0.254000
nan
nan
nan
nan
0.373000
0.375000
0.418000
nan
0.342000
nan
nan
0.159000
0.119000
0.164000
0.251000
nan
nan
nan
0.218000
nan
nan
nan
nan
nan
nan
nan
0.156000
0.157000
nan
0.147000
0.074000
0.109000
nan
0.073000
0.058000
0.058000
0.058000
