Coverage: 3821.495327
nan
0.077000
0.155000
0.345000
0.431000
nan
nan
0.328000
0.172000
nan
nan
nan
nan
nan
0.077000
nan
0.276000
0.448000
nan
0.328000
0.207000
nan
0.328000
0.517000
0.276000
nan
0.086000
0.672000
0.655000
nan
nan
0.345000
0.310000
0.724000
0.276000
0.655000
0.077000
0.569000
nan
nan
nan
0.845000
nan
nan
0.776000
1.000000
0.931000
nan
0.362000
0.103000
0.397000
0.448000
0.448000
0.707000
0.741000
1.000000
nan
0.328000
0.707000
nan
0.534000
0.483000
0.931000
nan
nan
0.500000
0.517000
0.741000
nan
0.810000
nan
nan
0.655000
nan
0.672000
nan
nan
nan
1.000000
1.000000
nan
0.690000
0.834000
0.598000
nan
0.928000
0.425000
0.614000
0.944000
0.582000
nan
1.000000
0.818000
nan
nan
0.551000
nan
0.346000
0.252000
nan
0.928000
0.692000
nan
0.378000
nan
nan
0.243000
0.629000
nan
nan
0.724000
nan
0.677000
0.551000
0.661000
0.960000
0.645000
0.614000
0.803000
nan
nan
nan
nan
0.535000
0.243000
0.243000
0.315000
nan
0.692000
0.472000
0.598000
0.803000
0.441000
0.409000
1.000000
nan
nan
0.378000
nan
0.393000
0.598000
nan
0.425000
0.629000
nan
0.771000
0.472000
0.519000
nan
0.991000
1.000000
0.708000
0.692000
nan
0.456000
0.488000
0.330000
nan
nan
nan
0.551000
0.488000
0.708000
nan
0.645000
nan
0.661000
0.551000
0.346000
0.913000
0.661000
0.724000
0.692000
0.425000
0.598000
0.582000
0.928000
nan
nan
0.205000
nan
0.315000
1.000000
0.582000
0.456000
0.315000
nan
0.205000
1.000000
0.677000
nan
0.787000
0.645000
nan
0.149000
nan
0.614000
nan
nan
nan
0.803000
nan
0.149000
nan
0.456000
nan
0.393000
0.315000
nan
0.519000
0.378000
nan
0.157000
0.149000
