Coverage: 30059.164733
0.039000
nan
0.060000
0.039000
0.039000
nan
0.050000
nan
0.070000
nan
nan
nan
0.698000
nan
0.605000
nan
0.056000
0.093000
0.062000
nan
nan
nan
0.079000
0.797000
0.901000
nan
nan
0.874000
0.702000
0.365000
nan
nan
nan
0.723000
nan
0.965000
1.000000
nan
0.741000
0.259000
0.172000
0.166000
nan
nan
nan
nan
nan
0.574000
nan
0.862000
0.820000
nan
nan
nan
nan
0.381000
0.153000
0.331000
0.412000
0.719000
nan
0.673000
nan
0.895000
nan
0.358000
0.843000
1.000000
0.433000
0.503000
0.362000
nan
nan
0.238000
0.553000
nan
0.601000
nan
nan
nan
nan
0.095000
0.346000
nan
nan
nan
1.000000
nan
0.159000
nan
nan
0.269000
0.159000
0.860000
1.000000
nan
0.417000
nan
0.818000
0.413000
nan
0.646000
0.645000
0.225000
0.192000
nan
0.278000
0.262000
0.312000
0.571000
1.000000
nan
nan
nan
0.628000
nan
nan
1.000000
0.986000
nan
0.547000
0.605000
nan
nan
nan
nan
nan
0.708000
0.922000
nan
0.885000
0.669000
0.945000
0.729000
nan
nan
nan
0.477000
0.622000
nan
nan
0.351000
0.682000
0.456000
0.526000
nan
nan
0.209000
nan
0.192000
0.375000
0.734000
nan
nan
nan
0.442000
nan
nan
0.192000
nan
nan
0.331000
0.478000
0.398000
nan
nan
0.327000
0.389000
nan
0.459000
nan
nan
0.273000
nan
nan
0.240000
nan
0.329000
0.309000
0.247000
nan
0.317000
0.295000
0.492000
0.572000
nan
nan
nan
0.238000
nan
0.416000
0.664000
nan
nan
0.511000
nan
0.695000
0.785000
nan
0.471000
0.536000
0.723000
0.492000
0.405000
nan
0.293000
0.314000
0.238000
nan
0.337000
nan
0.558000
0.850000
0.759000
0.411000
0.625000
0.698000
0.271000
0.704000
0.500000
0.755000
0.606000
0.532000
1.000000
nan
1.000000
0.992000
0.850000
nan
nan
0.449000
nan
0.823000
0.789000
1.000000
0.755000
nan
0.914000
0.473000
0.587000
0.358000
nan
nan
nan
0.424000
nan
0.950000
0.859000
0.831000
nan
0.867000
0.430000
nan
0.263000
0.238000
0.411000
0.320000
0.266000
nan
0.517000
0.332000
0.141000
nan
0.706000
0.778000
0.357000
0.795000
nan
nan
0.485000
0.541000
0.222000
0.178000
nan
nan
0.267000
nan
nan
nan
nan
0.496000
0.320000
0.230000
nan
nan
nan
nan
nan
nan
nan
0.645000
nan
0.536000
0.451000
0.637000
0.538000
0.730000
nan
nan
nan
nan
0.810000
nan
0.860000
0.719000
nan
0.874000
0.454000
0.581000
0.545000
0.631000
0.837000
0.958000
0.543000
0.463000
nan
0.294000
0.536000
nan
nan
0.205000
0.141000
0.540000
nan
0.642000
1.000000
0.860000
1.000000
nan
nan
0.140000
0.230000
1.000000
nan
nan
0.155000
nan
0.951000
0.512000
nan
nan
0.286000
nan
nan
nan
nan
nan
0.139000
nan
nan
0.842000
nan
nan
0.399000
0.295000
0.610000
0.573000
nan
0.443000
0.609000
0.548000
nan
0.589000
0.474000
0.545000
0.559000
nan
nan
nan
nan
nan
0.307000
0.284000
nan
0.252000
nan
nan
0.265000
nan
0.253000
0.200000
nan
0.216000
0.312000
nan
nan
nan
0.387000
0.171000
0.139000
0.247000
0.257000
nan
nan
nan
0.230000
0.209000
0.199000
nan
0.316000
nan
nan
0.420000
nan
nan
nan
nan
nan
nan
0.330000
nan
nan
0.161000
nan
nan
nan
nan
0.312000
nan
0.939000
nan
0.144000
0.144000
0.162000
0.159000
nan
nan
nan
nan
nan
nan
