Coverage: 3588.957055
nan
nan
0.203000
nan
nan
nan
nan
nan
nan
nan
nan
nan
nan
0.288000
nan
0.288000
nan
0.237000
0.406000
nan
nan
0.075000
nan
nan
nan
nan
nan
0.085000
nan
0.135000
nan
nan
nan
nan
nan
0.660000
nan
nan
0.761000
0.778000
0.575000
0.745000
nan
0.812000
1.000000
nan
nan
0.118000
nan
nan
nan
0.075000
0.075000
nan
0.085000
0.271000
nan
nan
nan
nan
0.474000
0.948000
0.677000
nan
0.626000
nan
0.372000
0.660000
nan
0.778000
nan
0.541000
nan
0.592000
1.000000
0.254000
0.829000
0.389000
1.000000
0.761000
nan
0.931000
nan
nan
0.362000
0.276000
nan
nan
nan
nan
nan
nan
0.327000
nan
nan
0.931000
0.862000
0.310000
nan
0.991000
0.948000
0.758000
nan
nan
nan
nan
0.448000
0.672000
nan
0.569000
nan
0.913000
0.793000
nan
0.965000
0.456000
nan
0.439000
0.421000
1.000000
0.895000
0.368000
1.000000
nan
0.614000
0.491000
nan
0.386000
nan
0.614000
0.439000
0.632000
0.930000
0.579000
nan
0.614000
0.579000
nan
nan
nan
1.000000
0.246000
nan
0.246000
0.246000
0.404000
0.333000
0.386000
0.614000
0.737000
0.421000
nan
0.596000
0.509000
0.649000
0.439000
0.982000
0.509000
nan
nan
0.246000
nan
nan
