Coverage: 932.642487
nan
nan
0.319000
nan
0.239000
nan
nan
0.398000
nan
nan
nan
nan
0.398000
nan
0.558000
nan
nan
nan
0.478000
0.319000
nan
0.558000
0.876000
nan
nan
nan
nan
0.558000
nan
0.478000
0.797000
0.319000
0.080000
0.080000
nan
0.876000
nan
nan
0.080000
0.637000
0.478000
0.398000
1.000000
nan
nan
nan
nan
nan
nan
nan
0.159000
nan
nan
0.319000
0.239000
0.319000
0.478000
0.319000
nan
1.000000
0.876000
0.478000
nan
0.398000
nan
nan
0.717000
nan
nan
nan
nan
0.861000
0.626000
nan
nan
0.392000
0.235000
0.470000
nan
nan
nan
0.157000
0.626000
nan
nan
nan
nan
nan
nan
0.783000
0.470000
nan
nan
nan
nan
nan
1.000000
nan
0.940000
0.940000
nan
nan
0.313000
nan
nan
nan
nan
nan
nan
nan
nan
0.313000
nan
0.040000
0.470000
nan
nan
nan
nan
nan
nan
nan
nan
nan
0.940000
0.157000
nan
0.538000
0.385000
0.308000
0.231000
nan
0.692000
0.154000
1.000000
nan
0.385000
nan
nan
nan
0.385000
nan
nan
0.846000
1.000000
nan
nan
nan
nan
nan
nan
nan
1.000000
0.385000
nan
0.231000
0.231000
0.385000
nan
0.000000
nan
0.538000
0.769000
0.923000
nan
nan
0.000000
0.231000
0.769000
0.923000
nan
nan
nan
nan
nan
nan
nan
0.538000
nan
nan
0.385000
nan
0.154000
nan
nan
nan
nan
0.077000
0.154000
0.308000
0.154000
nan
0.000000
