Coverage: 4945.783133
0.115000
0.115000
nan
0.207000
nan
nan
nan
0.207000
0.207000
0.310000
nan
nan
0.177000
0.148000
nan
0.473000
0.340000
0.325000
0.207000
nan
0.562000
nan
0.207000
nan
nan
0.473000
0.355000
0.488000
nan
0.192000
0.325000
0.370000
nan
nan
nan
0.562000
nan
0.650000
0.843000
0.310000
0.429000
nan
nan
0.562000
nan
0.517000
0.115000
0.488000
0.724000
nan
0.976000
0.517000
0.813000
0.576000
0.576000
0.458000
0.192000
0.532000
0.503000
nan
nan
nan
nan
0.872000
0.355000
0.754000
nan
nan
nan
nan
nan
nan
nan
nan
nan
nan
0.591000
0.680000
nan
1.000000
nan
nan
nan
0.946000
1.000000
1.000000
nan
nan
0.680000
nan
0.710000
nan
nan
nan
0.431000
nan
nan
0.826000
nan
0.467000
0.563000
nan
0.431000
nan
nan
0.299000
0.395000
0.766000
nan
nan
nan
nan
0.431000
nan
0.874000
0.371000
nan
nan
0.527000
nan
nan
nan
nan
0.575000
nan
0.491000
0.598000
0.551000
nan
0.479000
nan
nan
0.934000
0.946000
nan
0.718000
1.000000
0.682000
nan
nan
1.000000
0.886000
nan
0.646000
0.395000
0.515000
0.575000
nan
0.634000
nan
nan
0.575000
nan
nan
0.993000
nan
0.371000
0.527000
0.217000
0.323000
0.491000
0.670000
nan
nan
nan
nan
0.766000
0.730000
nan
nan
nan
nan
0.275000
0.730000
nan
nan
nan
nan
0.210000
0.347000
nan
0.395000
nan
nan
nan
nan
nan
nan
nan
0.371000
nan
nan
nan
0.347000
nan
nan
nan
0.993000
1.000000
0.229000
0.275000
0.287000
nan
nan
nan
nan
nan
nan
nan
nan
0.515000
nan
nan
0.383000
nan
0.575000
0.598000
nan
nan
0.586000
nan
nan
nan
0.778000
nan
nan
nan
nan
nan
0.178000
nan
0.455000
0.515000
nan
nan
0.395000
nan
0.407000
nan
nan
nan
nan
0.178000
nan
0.527000
nan
nan
0.215000
nan
