Coverage: 5132.386364
0.097000
0.097000
0.151000
0.360000
0.278000
nan
nan
0.603000
0.162000
nan
nan
nan
0.441000
nan
nan
0.429000
nan
0.255000
0.684000
nan
nan
0.128000
0.162000
nan
nan
nan
0.290000
nan
nan
nan
nan
0.116000
nan
nan
0.394000
1.000000
0.545000
0.464000
0.383000
0.097000
0.186000
nan
0.116000
nan
nan
nan
0.394000
nan
nan
nan
0.719000
1.000000
nan
nan
0.487000
nan
0.708000
0.650000
nan
nan
nan
0.435000
nan
nan
nan
nan
nan
nan
0.576000
nan
0.693000
nan
nan
0.717000
nan
nan
0.717000
nan
0.928000
0.494000
nan
0.987000
nan
nan
nan
nan
nan
nan
0.987000
0.411000
nan
nan
nan
nan
0.541000
nan
nan
nan
nan
0.764000
1.000000
0.823000
nan
0.846000
nan
nan
nan
0.317000
0.646000
nan
0.223000
0.588000
0.588000
0.987000
nan
nan
0.298000
nan
nan
0.810000
nan
0.179000
0.298000
0.607000
nan
nan
nan
nan
0.310000
0.262000
nan
nan
nan
nan
nan
1.000000
nan
nan
nan
nan
nan
nan
0.571000
0.690000
0.393000
0.429000
nan
nan
0.464000
0.202000
nan
0.440000
0.310000
0.548000
0.774000
nan
nan
nan
0.940000
0.821000
nan
0.845000
nan
nan
0.321000
nan
0.126000
0.126000
nan
nan
0.643000
0.429000
0.262000
0.560000
0.126000
nan
