Coverage: 6495077.042802
nan
0.036000
nan
0.101000
0.052000
0.065000
nan
nan
0.036000
nan
nan
0.057000
nan
0.043000
0.146000
nan
nan
nan
0.317000
nan
0.630000
nan
0.156000
nan
nan
0.318000
0.383000
nan
0.819000
nan
nan
0.041000
0.076000
0.046000
nan
0.041000
nan
nan
nan
nan
0.144000
0.301000
nan
0.072000
nan
nan
0.146000
0.396000
0.770000
0.659000
0.734000
nan
0.161000
nan
0.043000
0.036000
0.072000
0.076000
nan
nan
0.098000
0.102000
nan
0.087000
0.074000
1.000000
1.000000
0.055000
nan
nan
nan
nan
nan
nan
nan
0.385000
nan
nan
0.098000
nan
nan
0.888000
1.000000
0.993000
0.236000
nan
0.199000
0.158000
0.084000
0.069000
nan
nan
nan
nan
nan
0.083000
0.176000
0.054000
0.062000
0.995000
0.794000
nan
0.658000
nan
nan
nan
0.098000
nan
1.000000
0.112000
0.299000
1.000000
0.925000
nan
0.175000
0.451000
0.511000
nan
nan
nan
0.798000
0.674000
nan
0.680000
nan
0.156000
0.296000
0.306000
nan
nan
0.183000
nan
0.563000
nan
nan
nan
nan
nan
0.064000
0.073000
nan
0.930000
0.141000
0.106000
nan
0.068000
0.087000
nan
nan
1.000000
nan
0.560000
nan
nan
nan
nan
0.118000
nan
nan
0.068000
0.062000
0.109000
nan
0.195000
nan
0.578000
nan
0.249000
0.235000
nan
nan
nan
nan
nan
0.808000
0.812000
nan
0.816000
0.286000
0.215000
0.402000
0.591000
nan
nan
nan
nan
nan
0.466000
nan
nan
nan
nan
0.062000
0.068000
nan
nan
nan
nan
0.281000
0.990000
nan
nan
nan
nan
nan
0.295000
nan
nan
nan
nan
nan
nan
nan
0.098000
0.155000
nan
nan
nan
nan
nan
0.206000
0.238000
nan
nan
0.182000
0.242000
nan
nan
0.220000
0.109000
0.284000
0.332000
nan
0.552000
nan
nan
nan
nan
0.226000
nan
nan
nan
0.088000
nan
0.116000
nan
0.158000
nan
nan
1.000000
nan
0.159000
nan
nan
nan
0.246000
0.070000
