Coverage: 19306.122449
0.255000
nan
nan
0.550000
0.495000
0.305000
0.255000
0.327000
nan
0.468000
nan
0.312000
nan
nan
0.275000
nan
nan
nan
nan
nan
nan
0.706000
nan
0.632000
nan
nan
0.825000
nan
0.506000
0.766000
nan
nan
nan
0.907000
0.643000
nan
nan
0.747000
0.941000
0.684000
nan
nan
0.502000
0.803000
1.000000
1.000000
0.881000
0.684000
nan
nan
0.833000
nan
nan
nan
0.517000
0.710000
nan
0.744000
0.837000
nan
nan
nan
nan
0.255000
nan
nan
nan
nan
0.331000
nan
0.323000
0.257000
0.647000
nan
nan
0.851000
nan
nan
nan
nan
0.632000
0.759000
0.331000
nan
nan
nan
nan
0.777000
0.915000
0.595000
0.684000
nan
nan
0.729000
0.725000
nan
nan
0.654000
nan
nan
1.000000
0.736000
nan
nan
0.837000
0.450000
nan
nan
0.294000
0.813000
1.000000
0.830000
nan
nan
0.338000
nan
nan
nan
nan
0.075000
0.073000
nan
0.646000
0.905000
0.878000
0.495000
0.499000
0.656000
nan
0.830000
0.670000
0.120000
nan
nan
0.073000
0.297000
nan
0.338000
0.225000
0.181000
0.073000
nan
nan
1.000000
0.844000
nan
0.519000
0.386000
nan
0.830000
0.649000
0.799000
0.550000
nan
0.570000
0.769000
0.598000
0.622000
0.635000
0.885000
0.676000
nan
0.605000
nan
0.871000
nan
0.796000
nan
nan
0.741000
nan
nan
0.915000
nan
0.424000
0.427000
nan
nan
nan
0.099000
nan
nan
0.157000
nan
nan
1.000000
nan
nan
nan
0.137000
nan
nan
0.321000
0.601000
1.000000
0.724000
nan
0.420000
0.867000
1.000000
0.776000
nan
nan
nan
0.832000
0.979000
0.919000
nan
nan
0.741000
1.000000
nan
0.127000
0.140000
nan
0.127000
nan
0.266000
0.203000
nan
0.248000
nan
0.171000
nan
0.136000
0.276000
nan
nan
nan
0.678000
0.919000
nan
nan
0.902000
0.563000
nan
0.570000
0.699000
0.933000
0.510000
nan
nan
nan
0.633000
nan
0.475000
0.168000
0.699000
0.332000
0.545000
0.430000
nan
0.248000
0.217000
0.727000
0.916000
nan
0.552000
nan
nan
nan
0.517000
nan
0.752000
0.573000
0.608000
0.143000
0.127000
nan
0.136000
0.276000
nan
nan
0.154000
nan
0.339000
nan
nan
nan
0.199000
0.199000
0.199000
0.272000
nan
nan
nan
nan
0.228000
0.210000
nan
0.710000
0.287000
0.509000
0.554000
nan
0.592000
0.252000
0.426000
0.450000
0.258000
nan
0.625000
0.515000
nan
nan
0.385000
0.382000
nan
nan
nan
nan
nan
0.394000
0.551000
nan
0.417000
0.533000
0.462000
0.521000
0.373000
0.604000
nan
nan
nan
nan
0.385000
0.278000
nan
0.704000
nan
nan
0.758000
nan
nan
nan
0.622000
0.672000
nan
0.681000
nan
0.847000
0.530000
1.000000
0.885000
nan
nan
nan
0.506000
nan
1.000000
0.740000
0.989000
nan
0.873000
0.518000
0.580000
0.773000
0.944000
nan
nan
0.882000
nan
nan
nan
nan
nan
0.885000
nan
1.000000
nan
0.430000
0.504000
0.501000
0.346000
0.418000
0.537000
0.671000
nan
0.609000
0.588000
nan
0.573000
nan
0.575000
0.430000
nan
nan
nan
0.858000
0.794000
0.700000
nan
nan
0.516000
nan
0.734000
0.399000
0.455000
nan
nan
0.392000
0.554000
0.538000
nan
nan
nan
0.327000
nan
nan
nan
nan
nan
nan
nan
nan
nan
0.417000
nan
nan
0.518000
0.379000
0.460000
1.000000
0.899000
0.655000
0.862000
1.000000
nan
nan
nan
nan
nan
nan
1.000000
nan
0.535000
0.571000
nan
0.628000
0.419000
0.757000
nan
nan
0.425000
0.530000
nan
nan
0.327000
nan
nan
0.855000
0.688000
0.626000
0.731000
0.765000
nan
0.327000
nan
nan
nan
0.355000
nan
nan
0.338000
0.622000
0.283000
nan
nan
nan
nan
nan
0.279000
0.270000
nan
0.252000
nan
0.231000
0.266000
0.214000
0.172000
1.000000
nan
0.176000
nan
0.215000
0.207000
0.103000
nan
0.085000
0.070000
0.139000
nan
nan
nan
nan
nan
nan
nan
0.238000
1.000000
0.237000
0.218000
0.243000
0.510000
1.000000
nan
nan
0.478000
0.528000
nan
0.622000
nan
0.612000
0.304000
nan
0.955000
0.068000
0.302000
nan
0.354000
0.250000
nan
0.308000
0.306000
0.183000
nan
0.293000
0.225000
0.185000
0.221000
0.160000
0.220000
nan
nan
0.193000
0.137000
nan
0.273000
0.112000
nan
0.065000
nan
0.096000
nan
0.223000
0.279000
0.164000
nan
0.130000
0.109000
nan
0.298000
nan
0.174000
nan
nan
nan
0.089000
nan
0.276000
0.372000
0.140000
nan
0.115000
nan
0.089000
nan
0.248000
0.276000
0.295000
0.292000
0.239000
nan
nan
0.109000
0.130000
nan
nan
nan
nan
nan
0.133000
0.174000
nan
nan
nan
nan
nan
