Coverage: 5887.317073
0.103000
0.103000
0.219000
nan
0.595000
0.826000
nan
nan
nan
0.194000
0.146000
0.851000
0.620000
0.207000
0.158000
nan
nan
0.109000
nan
0.462000
nan
0.207000
0.583000
nan
nan
nan
nan
0.103000
0.158000
nan
nan
nan
nan
0.620000
nan
nan
0.401000
0.960000
0.790000
nan
nan
nan
0.851000
nan
nan
0.826000
nan
0.680000
nan
0.243000
0.535000
0.632000
nan
nan
nan
nan
0.693000
nan
nan
0.547000
nan
nan
nan
nan
0.279000
nan
nan
0.450000
nan
nan
1.000000
0.583000
nan
nan
0.486000
0.462000
0.522000
0.899000
nan
0.559000
1.000000
0.693000
nan
nan
0.522000
0.109000
0.267000
nan
0.219000
nan
0.911000
1.000000
0.328000
0.401000
nan
nan
nan
nan
nan
nan
0.620000
0.960000
0.268000
0.301000
0.494000
nan
nan
nan
0.544000
nan
nan
nan
0.686000
1.000000
0.075000
0.067000
0.167000
nan
nan
nan
0.142000
0.903000
0.468000
0.062000
0.062000
0.201000
0.184000
0.100000
nan
nan
nan
0.192000
nan
0.134000
0.201000
0.410000
0.402000
nan
0.435000
0.062000
nan
0.217000
0.201000
0.870000
0.452000
nan
nan
0.560000
0.711000
0.226000
nan
nan
nan
0.552000
0.393000
nan
nan
1.000000
0.502000
0.368000
0.393000
0.644000
0.477000
0.251000
1.000000
nan
nan
nan
0.669000
nan
0.786000
0.594000
nan
nan
nan
0.820000
nan
nan
0.828000
0.510000
0.903000
0.577000
0.485000
nan
nan
nan
nan
nan
nan
nan
nan
nan
nan
nan
0.368000
nan
nan
nan
0.209000
0.176000
nan
nan
nan
0.142000
nan
