Coverage: 86303.696498
nan
nan
0.101000
nan
0.072000
0.157000
0.343000
0.097000
nan
nan
0.487000
0.502000
nan
nan
0.484000
nan
0.134000
nan
nan
nan
0.072000
nan
0.072000
0.246000
0.273000
0.232000
0.314000
nan
nan
nan
nan
0.614000
nan
nan
0.723000
nan
0.638000
0.589000
0.711000
nan
0.288000
nan
nan
nan
nan
nan
nan
0.377000
nan
0.445000
nan
0.435000
0.567000
nan
0.975000
nan
nan
nan
nan
0.206000
nan
nan
0.095000
nan
nan
nan
nan
nan
1.000000
0.382000
nan
nan
nan
nan
nan
nan
1.000000
nan
nan
nan
nan
nan
0.304000
0.225000
nan
0.682000
0.173000
0.101000
0.442000
0.497000
0.181000
0.189000
nan
0.475000
0.365000
0.206000
nan
nan
0.193000
0.206000
0.151000
0.985000
1.000000
0.544000
nan
0.394000
0.616000
0.889000
nan
nan
1.000000
nan
0.988000
nan
nan
nan
nan
nan
0.795000
nan
nan
nan
0.728000
nan
nan
nan
nan
nan
nan
0.454000
nan
nan
0.538000
nan
0.306000
0.735000
nan
0.942000
nan
nan
0.454000
0.527000
0.598000
nan
0.705000
0.399000
0.452000
0.613000
nan
nan
0.971000
nan
nan
0.284000
0.253000
0.365000
nan
0.200000
0.756000
nan
0.308000
0.833000
nan
nan
0.932000
nan
0.572000
0.871000
nan
nan
nan
nan
nan
nan
0.209000
nan
nan
0.368000
nan
0.644000
nan
nan
nan
0.200000
nan
nan
nan
0.200000
nan
1.000000
0.791000
0.696000
0.890000
nan
nan
0.890000
nan
0.582000
nan
nan
nan
0.423000
nan
0.655000
0.880000
1.000000
nan
nan
0.383000
0.438000
0.384000
0.522000
nan
0.459000
nan
nan
nan
nan
0.579000
0.096000
nan
0.116000
0.113000
0.091000
0.192000
nan
nan
0.117000
0.150000
0.197000
nan
0.104000
0.084000
nan
nan
0.075000
0.100000
nan
0.432000
nan
0.296000
0.205000
nan
0.119000
nan
nan
0.075000
0.075000
nan
nan
nan
0.263000
0.364000
nan
nan
nan
nan
nan
nan
nan
0.213000
nan
0.087000
nan
0.098000
nan
0.559000
0.641000
nan
nan
0.168000
nan
0.665000
0.975000
nan
nan
0.179000
0.125000
nan
0.748000
nan
0.835000
0.774000
nan
0.706000
0.614000
0.345000
nan
0.222000
nan
nan
nan
0.404000
nan
nan
nan
0.943000
0.705000
nan
nan
nan
nan
0.740000
0.528000
nan
0.934000
1.000000
nan
nan
nan
nan
0.758000
1.000000
nan
0.993000
0.990000
nan
nan
1.000000
nan
nan
nan
nan
0.366000
0.243000
nan
nan
nan
0.409000
0.445000
nan
0.942000
1.000000
0.974000
nan
nan
0.293000
nan
nan
1.000000
nan
0.404000
0.246000
0.202000
nan
nan
0.230000
0.611000
nan
0.871000
0.625000
nan
0.362000
0.350000
0.202000
0.501000
1.000000
0.529000
nan
0.599000
0.212000
0.202000
nan
nan
nan
0.641000
0.790000
nan
nan
nan
nan
nan
0.369000
nan
0.971000
nan
0.789000
nan
0.478000
nan
0.465000
0.486000
0.585000
0.304000
0.793000
0.748000
nan
0.391000
nan
nan
0.347000
nan
nan
0.294000
0.242000
0.367000
0.470000
nan
nan
0.230000
nan
nan
nan
nan
0.528000
0.437000
0.651000
0.680000
0.659000
nan
nan
0.657000
0.642000
0.507000
0.394000
0.421000
0.562000
nan
0.724000
nan
nan
nan
nan
0.653000
0.373000
nan
0.221000
0.284000
nan
0.597000
0.776000
0.829000
0.989000
nan
nan
nan
0.650000
0.979000
nan
nan
nan
0.539000
nan
0.581000
0.583000
0.435000
0.444000
0.221000
0.370000
0.330000
nan
0.406000
1.000000
0.569000
nan
nan
0.261000
nan
nan
1.000000
0.340000
0.423000
0.593000
0.431000
nan
0.713000
nan
0.899000
nan
nan
0.807000
0.639000
nan
0.609000
0.605000
nan
nan
nan
nan
nan
1.000000
0.573000
nan
0.453000
nan
nan
nan
nan
0.424000
0.430000
0.404000
0.307000
nan
nan
nan
nan
nan
nan
nan
nan
nan
nan
0.272000
0.368000
0.354000
0.444000
nan
nan
nan
nan
0.223000
0.231000
0.209000
nan
