Coverage: 3039.428571
nan
0.054000
0.633000
nan
0.054000
0.054000
0.253000
0.181000
0.090000
0.398000
nan
0.506000
nan
nan
nan
nan
0.362000
0.253000
0.597000
nan
nan
0.579000
nan
0.488000
0.362000
nan
0.615000
0.416000
0.362000
nan
nan
nan
0.470000
0.344000
nan
0.904000
nan
0.488000
0.669000
0.362000
0.741000
0.344000
nan
nan
nan
0.434000
1.000000
nan
nan
0.072000
nan
0.271000
nan
nan
0.054000
0.108000
0.615000
nan
nan
nan
0.199000
0.940000
nan
0.163000
0.271000
nan
0.181000
0.289000
nan
nan
nan
0.561000
nan
nan
1.000000
nan
0.659000
nan
nan
nan
nan
nan
0.120000
nan
nan
0.143000
nan
0.641000
nan
nan
nan
nan
nan
0.392000
nan
nan
nan
0.374000
nan
0.160000
0.356000
nan
nan
1.000000
nan
0.912000
1.000000
nan
0.807000
nan
0.632000
0.439000
0.702000
nan
nan
0.754000
nan
0.561000
0.807000
0.719000
0.561000
0.825000
0.509000
0.316000
1.000000
nan
nan
nan
nan
nan
nan
0.807000
0.895000
nan
0.404000
0.368000
0.281000
nan
nan
nan
0.649000
0.754000
nan
nan
nan
0.281000
nan
0.474000
nan
0.491000
0.439000
nan
0.772000
0.702000
0.684000
nan
0.211000
0.333000
nan
nan
0.316000
nan
0.193000
0.140000
0.228000
0.649000
0.131000
0.175000
nan
nan
0.228000
nan
nan
0.131000
nan
