Coverage: 8978.906250
0.060000
0.060000
0.198000
nan
0.159000
nan
0.060000
0.172000
0.139000
0.159000
0.192000
0.304000
nan
0.357000
0.264000
0.271000
0.291000
nan
nan
0.099000
0.205000
nan
nan
nan
nan
nan
0.608000
nan
0.489000
0.317000
nan
0.159000
0.152000
nan
0.721000
0.826000
0.337000
0.377000
nan
0.688000
0.945000
0.403000
0.714000
0.674000
0.602000
nan
nan
nan
0.060000
0.172000
nan
0.198000
0.192000
0.555000
nan
0.364000
nan
nan
0.165000
0.145000
nan
nan
nan
0.179000
0.060000
nan
nan
nan
nan
1.000000
1.000000
nan
0.192000
0.099000
0.205000
nan
nan
0.278000
0.536000
0.403000
nan
nan
nan
1.000000
nan
0.573000
0.481000
0.874000
nan
0.786000
nan
0.721000
nan
0.459000
1.000000
0.967000
nan
0.765000
nan
0.448000
0.268000
nan
nan
0.186000
0.360000
nan
nan
nan
nan
0.541000
0.404000
nan
0.541000
0.601000
0.803000
nan
0.803000
0.874000
nan
1.000000
0.563000
0.573000
0.699000
0.890000
nan
nan
nan
nan
nan
nan
0.836000
0.459000
nan
0.513000
0.726000
nan
0.590000
nan
nan
nan
nan
nan
nan
0.486000
0.825000
nan
nan
nan
0.168000
0.166000
0.166000
nan
nan
nan
nan
0.997000
nan
0.523000
0.624000
nan
0.969000
nan
nan
0.445000
0.412000
0.590000
1.000000
nan
nan
nan
0.546000
0.379000
nan
0.457000
0.184000
nan
nan
nan
nan
nan
nan
nan
nan
0.668000
nan
0.312000
nan
0.239000
0.165000
0.431000
nan
0.556000
0.221000
0.647000
0.959000
nan
nan
nan
nan
0.806000
nan
nan
nan
nan
0.494000
1.000000
0.772000
nan
nan
nan
nan
0.284000
nan
0.806000
0.851000
0.732000
nan
0.352000
0.341000
0.301000
nan
nan
nan
nan
nan
nan
0.692000
0.295000
0.471000
0.420000
0.284000
nan
nan
0.199000
nan
0.295000
0.403000
0.199000
0.363000
0.431000
nan
nan
nan
0.216000
nan
nan
0.511000
0.250000
nan
nan
0.341000
nan
nan
0.165000
nan
nan
