Coverage: 41704.213483
0.094000
nan
nan
nan
nan
0.548000
0.596000
nan
0.353000
nan
nan
0.250000
0.260000
nan
nan
0.521000
nan
nan
nan
0.264000
0.144000
nan
0.459000
0.319000
0.469000
nan
0.507000
nan
0.531000
0.726000
0.716000
0.473000
0.408000
nan
nan
0.391000
0.094000
0.094000
0.233000
0.130000
0.463000
0.456000
nan
0.267000
0.127000
0.147000
0.171000
nan
nan
nan
0.123000
nan
nan
nan
0.099000
nan
0.781000
nan
nan
0.740000
1.000000
nan
nan
0.288000
nan
0.106000
0.110000
0.134000
nan
nan
0.144000
0.260000
nan
nan
nan
nan
nan
nan
0.713000
0.236000
1.000000
nan
nan
nan
nan
nan
nan
0.737000
nan
0.836000
1.000000
nan
nan
nan
nan
nan
nan
nan
0.911000
0.678000
nan
nan
0.617000
0.716000
0.263000
nan
0.318000
0.237000
0.447000
nan
0.488000
0.431000
nan
0.519000
0.342000
nan
0.251000
nan
0.347000
0.567000
0.534000
0.602000
0.734000
nan
0.662000
nan
nan
0.640000
nan
0.787000
0.705000
nan
0.557000
nan
0.413000
0.416000
0.841000
0.931000
0.720000
1.000000
0.632000
0.873000
0.447000
nan
nan
nan
nan
nan
0.965000
nan
nan
nan
nan
0.397000
0.357000
1.000000
1.000000
nan
nan
nan
nan
nan
0.244000
0.218000
nan
nan
nan
nan
nan
nan
nan
0.809000
0.873000
nan
0.510000
0.457000
0.682000
0.691000
0.970000
0.852000
nan
0.519000
0.359000
0.218000
0.555000
nan
0.694000
nan
nan
0.981000
nan
nan
nan
nan
0.218000
0.443000
0.712000
0.714000
0.561000
0.769000
0.446000
0.750000
0.872000
nan
nan
nan
0.394000
nan
nan
nan
0.661000
0.487000
nan
0.381000
0.371000
nan
nan
nan
0.361000
0.401000
0.613000
nan
nan
nan
0.631000
nan
nan
nan
nan
0.320000
nan
nan
nan
0.546000
nan
0.639000
0.698000
nan
0.718000
0.581000
0.526000
0.638000
0.687000
nan
0.641000
nan
nan
0.639000
0.271000
0.820000
nan
nan
0.556000
nan
nan
0.367000
nan
nan
nan
nan
0.430000
0.405000
0.341000
nan
nan
0.894000
0.386000
nan
nan
nan
0.726000
1.000000
nan
nan
0.232000
0.289000
0.293000
nan
nan
0.983000
nan
0.746000
nan
0.233000
nan
nan
nan
0.372000
nan
nan
0.979000
1.000000
0.617000
0.558000
nan
nan
0.199000
0.630000
0.351000
nan
nan
nan
0.718000
0.590000
0.774000
nan
nan
nan
nan
0.397000
0.308000
nan
nan
nan
0.580000
0.880000
nan
nan
nan
nan
1.000000
nan
0.585000
0.472000
0.428000
0.507000
nan
0.768000
0.728000
0.811000
0.456000
nan
0.361000
0.298000
0.176000
nan
0.532000
0.508000
0.176000
0.249000
0.642000
nan
0.350000
nan
nan
nan
nan
nan
nan
0.257000
0.342000
nan
nan
nan
0.176000
nan
