Coverage: 1703.278689
nan
0.016000
0.177000
nan
nan
nan
0.389000
0.530000
0.247000
0.565000
0.601000
0.601000
nan
nan
0.177000
0.016000
nan
nan
nan
0.424000
0.459000
0.495000
nan
0.177000
0.707000
nan
nan
0.318000
0.530000
0.636000
0.283000
0.424000
nan
nan
nan
0.035000
nan
0.283000
0.071000
nan
nan
nan
0.318000
0.742000
0.530000
nan
nan
nan
0.777000
0.389000
1.000000
0.671000
nan
0.777000
0.212000
nan
nan
nan
0.424000
nan
nan
nan
0.636000
nan
nan
0.318000
nan
0.318000
nan
nan
1.000000
0.530000
0.777000
0.601000
0.318000
0.495000
nan
nan
0.848000
nan
0.530000
0.016000
0.212000
0.530000
1.000000
nan
0.177000
0.883000
nan
nan
0.418000
0.798000
0.570000
nan
nan
0.684000
0.722000
nan
nan
nan
0.684000
0.722000
0.875000
1.000000
0.456000
0.646000
0.570000
nan
0.494000
0.646000
nan
nan
nan
nan
nan
0.875000
0.494000
0.380000
nan
0.494000
0.837000
nan
0.224000
nan
nan
0.684000
0.837000
nan
0.532000
0.646000
nan
nan
0.722000
nan
0.570000
0.456000
0.875000
nan
0.532000
0.304000
0.418000
0.798000
nan
nan
nan
1.000000
0.570000
nan
0.760000
nan
nan
nan
nan
0.646000
nan
0.570000
1.000000
0.380000
0.570000
nan
0.760000
0.798000
nan
0.266000
0.224000
0.494000
nan
nan
0.570000
0.532000
nan
nan
nan
nan
0.224000
nan
0.342000
0.570000
0.380000
nan
nan
nan
nan
