Coverage: 3718.099548
nan
nan
nan
nan
nan
nan
nan
nan
nan
nan
0.499000
0.340000
nan
nan
0.249000
0.272000
nan
nan
nan
0.249000
nan
0.703000
0.590000
nan
nan
nan
nan
nan
0.839000
nan
0.408000
nan
0.839000
0.771000
nan
nan
nan
0.249000
nan
0.975000
nan
nan
0.907000
0.703000
0.816000
nan
nan
nan
0.408000
nan
0.862000
0.862000
nan
0.862000
nan
0.930000
0.771000
0.907000
nan
nan
1.000000
nan
0.567000
0.930000
0.476000
nan
0.862000
0.499000
0.726000
0.748000
0.476000
0.249000
0.272000
nan
nan
0.884000
nan
nan
nan
nan
0.249000
nan
0.499000
0.431000
0.295000
nan
nan
0.408000
0.249000
0.748000
nan
nan
0.612000
nan
0.612000
nan
0.794000
0.703000
nan
nan
nan
0.635000
1.000000
1.000000
nan
nan
nan
nan
0.340000
nan
nan
0.169000
0.456000
0.287000
0.473000
0.405000
nan
nan
nan
nan
0.828000
0.490000
0.659000
0.861000
nan
0.490000
0.676000
0.490000
nan
nan
0.169000
0.422000
nan
nan
0.895000
nan
nan
nan
nan
nan
0.169000
nan
0.372000
nan
0.676000
nan
0.321000
0.726000
nan
nan
0.828000
nan
nan
0.456000
0.574000
0.608000
nan
nan
nan
0.405000
nan
nan
nan
0.912000
0.963000
nan
nan
nan
nan
0.726000
0.287000
nan
0.659000
0.541000
nan
nan
nan
nan
1.000000
nan
nan
0.169000
0.777000
nan
nan
nan
nan
nan
nan
nan
0.861000
nan
0.541000
0.253000
nan
0.321000
0.270000
nan
0.608000
nan
0.760000
1.000000
nan
nan
0.574000
nan
0.591000
nan
0.541000
nan
0.845000
nan
nan
nan
0.726000
nan
1.000000
nan
0.389000
nan
0.389000
0.359000
0.218000
0.137000
nan
nan
nan
nan
0.137000
nan
nan
0.671000
nan
nan
0.640000
nan
nan
0.390000
nan
nan
0.343000
nan
nan
nan
0.281000
nan
nan
0.718000
nan
0.328000
0.983000
nan
nan
nan
nan
nan
0.905000
nan
nan
0.842000
1.000000
0.811000
nan
0.437000
nan
0.546000
0.702000
0.874000
0.577000
0.842000
0.499000
0.780000
nan
nan
nan
nan
nan
0.137000
0.265000
0.343000
nan
nan
0.983000
nan
nan
nan
0.172000
0.421000
nan
nan
nan
0.515000
0.608000
nan
nan
1.000000
nan
1.000000
0.874000
0.624000
nan
nan
nan
0.390000
nan
nan
0.421000
nan
nan
0.733000
0.842000
nan
nan
nan
0.437000
nan
0.343000
0.874000
nan
0.468000
nan
0.343000
0.484000
nan
nan
0.733000
0.546000
0.796000
nan
0.780000
nan
nan
0.478000
0.437000
nan
0.499000
0.603000
nan
0.769000
nan
0.894000
nan
0.707000
nan
0.811000
nan
nan
0.852000
nan
0.936000
0.561000
nan
1.000000
nan
0.748000
nan
0.977000
nan
nan
0.312000
nan
nan
nan
0.707000
nan
0.748000
nan
0.832000
0.707000
0.624000
nan
nan
nan
0.208000
nan
nan
0.748000
nan
nan
0.894000
0.769000
0.811000
nan
0.915000
nan
0.603000
0.873000
0.561000
nan
0.977000
nan
0.769000
0.956000
0.457000
nan
nan
nan
nan
0.748000
0.769000
0.561000
nan
1.000000
0.437000
0.769000
1.000000
nan
0.748000
nan
0.936000
nan
0.644000
0.748000
nan
0.395000
0.270000
nan
0.260000
nan
0.478000
nan
0.270000
nan
0.852000
nan
0.769000
nan
0.541000
0.111000
0.111000
nan
nan
nan
0.353000
0.478000
nan
0.603000
nan
nan
0.977000
nan
0.111000
