Coverage: 2236.500000
nan
0.121000
nan
0.302000
nan
0.211000
0.695000
nan
nan
nan
0.272000
nan
0.121000
nan
0.242000
0.363000
nan
0.514000
0.363000
0.363000
0.332000
nan
0.453000
0.211000
nan
0.574000
nan
0.604000
nan
nan
nan
nan
nan
nan
0.151000
0.121000
0.453000
nan
nan
0.332000
nan
nan
nan
0.332000
nan
nan
0.272000
0.634000
nan
nan
0.363000
nan
0.423000
0.393000
0.725000
nan
0.272000
0.514000
0.121000
nan
0.332000
nan
nan
0.755000
0.967000
1.000000
1.000000
0.785000
nan
0.574000
nan
0.695000
nan
1.000000
nan
nan
0.393000
nan
nan
0.483000
nan
nan
0.695000
0.302000
nan
0.906000
0.514000
0.695000
nan
0.453000
nan
nan
0.967000
0.846000
0.695000
0.513000
0.801000
0.929000
nan
nan
nan
0.192000
nan
0.455000
0.488000
0.553000
nan
nan
nan
0.488000
nan
1.000000
nan
0.358000
0.228000
0.293000
nan
nan
0.423000
0.748000
0.390000
1.000000
nan
nan
nan
nan
nan
nan
nan
nan
nan
0.455000
nan
nan
nan
nan
1.000000
0.878000
nan
0.683000
nan
0.325000
0.455000
0.260000
0.390000
0.455000
0.130000
0.488000
nan
nan
nan
0.488000
0.260000
0.228000
0.325000
0.390000
0.325000
nan
nan
nan
nan
nan
nan
nan
nan
0.260000
0.358000
0.293000
0.293000
0.130000
nan
nan
nan
0.163000
0.130000
0.846000
0.748000
nan
0.683000
0.585000
nan
0.878000
0.553000
nan
nan
0.163000
0.195000
nan
0.163000
nan
nan
0.130000
nan
nan
0.264000
nan
0.693000
0.330000
nan
0.132000
