Coverage: 2491.578947
0.103000
nan
0.442000
0.744000
nan
nan
nan
nan
0.744000
0.814000
nan
nan
0.372000
0.488000
0.907000
0.395000
0.395000
0.256000
nan
nan
nan
nan
0.326000
0.186000
0.349000
0.372000
nan
nan
nan
0.256000
0.103000
0.163000
nan
nan
0.581000
nan
0.372000
0.651000
0.605000
nan
nan
0.442000
nan
nan
0.209000
nan
0.605000
nan
nan
nan
nan
nan
0.698000
0.372000
0.977000
1.000000
nan
0.837000
0.558000
0.116000
0.140000
0.103000
0.163000
nan
nan
nan
nan
0.628000
nan
0.698000
0.767000
nan
0.953000
nan
0.279000
0.814000
nan
nan
0.744000
1.000000
nan
1.000000
0.907000
0.581000
1.000000
0.372000
0.419000
nan
0.420000
0.610000
nan
0.821000
0.399000
0.868000
0.258000
nan
0.633000
0.610000
nan
0.961000
nan
0.211000
nan
0.281000
nan
0.234000
nan
nan
nan
1.000000
0.516000
0.844000
nan
0.198000
nan
nan
nan
0.234000
nan
0.610000
0.727000
0.774000
nan
nan
0.375000
0.492000
nan
nan
nan
nan
0.539000
1.000000
nan
0.422000
nan
nan
nan
nan
nan
nan
nan
0.750000
nan
1.000000
0.352000
0.305000
0.492000
nan
nan
nan
nan
0.703000
0.258000
nan
nan
0.539000
nan
0.198000
nan
nan
nan
nan
nan
0.198000
0.375000
0.750000
nan
0.563000
nan
0.821000
0.657000
nan
0.938000
0.727000
nan
nan
nan
0.516000
0.422000
0.211000
0.234000
0.422000
0.539000
nan
nan
nan
0.399000
0.399000
nan
nan
