Coverage: 3029.629630
nan
0.135000
nan
0.342000
0.271000
nan
nan
nan
0.584000
nan
nan
nan
nan
0.884000
0.314000
0.285000
nan
nan
0.328000
nan
nan
nan
nan
0.185000
nan
nan
0.135000
nan
nan
nan
0.713000
nan
0.135000
0.257000
nan
0.242000
nan
0.257000
0.271000
nan
0.299000
nan
nan
nan
nan
nan
0.556000
0.627000
nan
0.898000
0.684000
0.784000
nan
nan
0.641000
0.143000
0.399000
0.413000
nan
nan
nan
nan
nan
0.299000
nan
nan
0.627000
0.499000
1.000000
1.000000
0.613000
0.741000
nan
nan
nan
0.314000
0.399000
nan
0.442000
0.242000
nan
nan
nan
0.741000
0.342000
1.000000
0.556000
nan
0.613000
nan
0.228000
nan
0.356000
0.584000
nan
0.413000
0.699000
0.656000
nan
0.499000
0.584000
nan
0.171000
nan
0.364000
nan
nan
nan
nan
0.536000
0.472000
nan
0.750000
nan
0.160000
nan
0.364000
0.772000
0.643000
0.472000
nan
1.000000
0.750000
nan
0.857000
1.000000
nan
0.665000
0.622000
nan
nan
0.514000
nan
nan
nan
0.857000
nan
nan
nan
nan
0.514000
nan
nan
0.343000
nan
0.429000
nan
0.536000
nan
0.472000
0.450000
nan
nan
nan
nan
0.300000
nan
nan
nan
0.729000
nan
0.770000
nan
0.918000
nan
nan
nan
0.422000
0.982000
1.000000
nan
0.447000
0.179000
0.273000
0.248000
nan
0.397000
0.472000
nan
0.671000
0.621000
nan
nan
0.596000
0.497000
nan
0.596000
0.224000
nan
0.373000
nan
nan
0.199000
nan
0.122000
nan
0.596000
0.497000
0.323000
nan
nan
nan
0.522000
nan
0.480000
0.678000
nan
0.282000
0.565000
nan
nan
nan
0.395000
nan
0.537000
0.198000
nan
0.621000
nan
0.254000
0.254000
0.198000
0.198000
0.198000
0.424000
0.254000
0.282000
0.339000
0.056000
nan
0.113000
nan
nan
nan
0.254000
0.282000
nan
0.113000
nan
0.041000
0.113000
0.041000
0.041000
