Coverage: 1393.491124
nan
0.081000
0.367000
0.530000
0.081000
0.733000
0.448000
nan
nan
nan
0.407000
nan
nan
0.407000
0.326000
nan
nan
nan
nan
0.163000
nan
0.652000
0.570000
0.122000
nan
nan
0.326000
0.896000
0.692000
0.652000
nan
nan
nan
nan
nan
0.530000
0.122000
0.326000
nan
nan
nan
nan
nan
0.204000
0.489000
nan
nan
nan
1.000000
nan
nan
nan
0.163000
0.081000
0.244000
nan
nan
0.855000
0.692000
nan
1.000000
1.000000
nan
0.915000
nan
0.083000
nan
nan
0.416000
nan
nan
nan
0.291000
0.333000
0.790000
nan
0.957000
nan
nan
0.166000
0.915000
nan
nan
nan
0.499000
0.208000
0.125000
nan
0.499000
0.125000
0.458000
0.541000
0.458000
nan
0.416000
nan
nan
0.790000
nan
nan
0.989000
nan
nan
1.000000
0.764000
0.679000
0.127000
nan
nan
nan
nan
0.127000
0.297000
nan
0.127000
nan
0.637000
nan
nan
nan
nan
nan
nan
nan
0.382000
0.594000
0.425000
0.425000
0.722000
nan
nan
nan
0.062000
0.062000
0.255000
nan
nan
nan
0.722000
0.062000
0.127000
0.340000
0.170000
nan
nan
nan
0.340000
nan
nan
nan
nan
nan
0.467000
nan
0.297000
nan
nan
0.425000
0.425000
nan
nan
0.425000
nan
0.255000
nan
0.340000
nan
nan
nan
