Coverage: 34145.454545
0.069000
nan
0.140000
nan
nan
nan
nan
nan
0.069000
nan
0.165000
0.254000
0.185000
nan
0.199000
nan
0.230000
nan
nan
nan
nan
0.170000
nan
0.276000
0.257000
nan
0.424000
nan
nan
0.111000
0.148000
nan
nan
0.137000
nan
nan
nan
1.000000
0.810000
nan
nan
0.077000
nan
nan
1.000000
nan
0.101000
nan
nan
0.101000
0.111000
0.222000
nan
nan
nan
0.404000
0.463000
nan
nan
nan
nan
0.129000
nan
nan
nan
nan
1.000000
0.095000
nan
0.131000
nan
0.231000
0.237000
0.472000
0.141000
nan
nan
0.069000
nan
nan
0.224000
nan
nan
0.651000
nan
nan
nan
0.322000
nan
0.276000
0.317000
0.326000
nan
nan
0.282000
0.615000
nan
nan
0.222000
0.165000
0.156000
0.291000
nan
0.109000
0.150000
0.213000
0.119000
nan
0.595000
1.000000
1.000000
nan
0.291000
nan
0.677000
nan
nan
nan
nan
nan
0.810000
nan
nan
nan
nan
nan
0.720000
nan
0.721000
nan
nan
0.484000
nan
nan
0.479000
0.886000
0.902000
0.539000
nan
0.475000
nan
0.549000
nan
nan
0.607000
nan
nan
0.473000
nan
0.435000
0.252000
0.438000
0.513000
0.647000
0.751000
nan
nan
0.252000
0.340000
nan
nan
nan
nan
0.574000
0.433000
nan
0.432000
0.416000
0.405000
0.748000
nan
nan
nan
0.601000
nan
0.392000
nan
nan
nan
0.532000
nan
nan
nan
0.340000
nan
nan
0.471000
nan
nan
0.426000
nan
nan
0.252000
nan
0.486000
0.489000
0.891000
0.544000
0.614000
0.649000
nan
nan
nan
nan
nan
nan
0.433000
nan
nan
nan
0.277000
0.639000
0.601000
nan
0.456000
nan
nan
nan
1.000000
nan
nan
nan
0.424000
0.302000
0.406000
0.342000
0.582000
0.362000
0.461000
0.653000
nan
nan
0.295000
0.894000
nan
0.200000
nan
nan
0.261000
nan
nan
0.533000
0.543000
nan
0.393000
1.000000
0.433000
nan
0.501000
0.273000
0.400000
nan
0.215000
0.557000
0.637000
0.287000
0.373000
0.927000
nan
nan
0.593000
0.683000
0.463000
nan
0.345000
0.306000
1.000000
nan
nan
1.000000
nan
nan
0.611000
0.552000
0.640000
0.794000
nan
nan
nan
0.445000
0.361000
0.443000
0.518000
nan
0.439000
nan
0.530000
nan
nan
0.513000
0.200000
nan
nan
0.200000
0.450000
nan
0.846000
nan
0.303000
0.637000
nan
nan
nan
0.810000
0.946000
nan
nan
nan
0.197000
0.212000
0.292000
0.417000
nan
nan
nan
nan
nan
nan
nan
nan
nan
0.612000
0.766000
0.540000
0.756000
nan
0.453000
0.570000
0.519000
nan
0.491000
0.540000
0.698000
nan
nan
nan
nan
nan
0.523000
nan
0.828000
0.991000
0.948000
0.839000
0.829000
nan
0.293000
0.272000
0.245000
0.527000
0.687000
1.000000
0.205000
nan
nan
0.456000
1.000000
nan
nan
nan
0.902000
0.318000
0.172000
nan
nan
0.706000
nan
0.349000
0.345000
nan
0.313000
0.187000
nan
nan
0.198000
nan
0.206000
0.888000
1.000000
0.970000
0.537000
0.747000
nan
nan
nan
nan
nan
nan
nan
0.398000
0.412000
0.187000
0.205000
0.235000
0.277000
1.000000
0.988000
0.895000
nan
nan
nan
nan
nan
nan
nan
0.785000
0.788000
nan
nan
0.358000
0.553000
0.519000
0.656000
nan
0.779000
nan
nan
nan
0.188000
nan
nan
0.382000
nan
nan
nan
nan
0.792000
0.776000
0.527000
nan
0.167000
nan
nan
nan
0.228000
0.327000
nan
0.324000
0.307000
nan
0.568000
0.259000
0.199000
nan
nan
0.154000
0.229000
nan
nan
nan
0.154000
