Coverage: 1433.333333
0.123000
0.123000
nan
0.214000
nan
nan
nan
nan
nan
nan
0.321000
nan
0.357000
0.893000
0.500000
0.143000
0.821000
0.429000
nan
0.179000
0.123000
0.286000
0.429000
nan
nan
0.464000
nan
0.786000
0.607000
nan
nan
0.786000
0.429000
0.321000
1.000000
0.750000
0.286000
nan
nan
nan
0.821000
nan
nan
nan
0.357000
nan
0.679000
nan
0.464000
nan
nan
nan
nan
nan
nan
nan
nan
nan
0.214000
nan
0.857000
nan
nan
nan
0.643000
nan
nan
0.571000
nan
0.214000
nan
nan
nan
nan
1.000000
0.964000
0.750000
nan
0.179000
0.607000
nan
nan
0.750000
0.607000
0.714000
0.893000
nan
0.643000
nan
1.000000
0.786000
nan
0.607000
0.179000
1.000000
nan
nan
0.893000
0.714000
nan
0.679000
0.198000
0.237000
nan
nan
0.751000
0.093000
nan
0.593000
nan
0.593000
1.000000
nan
nan
nan
nan
1.000000
nan
0.672000
nan
nan
nan
0.474000
0.435000
0.356000
nan
nan
nan
0.870000
1.000000
0.435000
0.277000
0.093000
0.316000
nan
0.514000
0.791000
nan
nan
0.474000
nan
0.190000
nan
0.380000
nan
nan
nan
nan
0.915000
nan
0.570000
nan
nan
0.475000
0.285000
nan
nan
0.059000
0.475000
nan
nan
nan
0.285000
0.856000
0.856000
0.856000
0.761000
nan
0.713000
nan
0.190000
0.333000
nan
nan
0.713000
nan
nan
0.285000
0.380000
0.285000
0.475000
0.333000
0.856000
0.380000
0.895000
nan
nan
nan
nan
nan
0.190000
nan
nan
0.523000
nan
nan
nan
nan
nan
nan
0.475000
nan
0.238000
nan
nan
0.556000
0.667000
nan
0.056000
nan
1.000000
nan
0.278000
0.833000
0.222000
0.389000
nan
nan
0.222000
0.111000
0.556000
0.222000
0.667000
0.167000
nan
nan
nan
nan
0.389000
0.444000
0.333000
nan
0.111000
0.025000
nan
nan
nan
nan
0.444000
nan
nan
nan
0.025000
