Coverage: 278610.284810
0.034000
nan
nan
nan
nan
0.034000
nan
nan
nan
nan
0.448000
0.392000
nan
nan
nan
nan
nan
nan
nan
nan
0.540000
0.169000
nan
0.083000
nan
nan
0.448000
0.080000
nan
0.582000
0.129000
nan
nan
nan
nan
0.091000
nan
1.000000
nan
nan
0.113000
nan
0.051000
0.057000
0.132000
nan
0.609000
nan
nan
nan
0.052000
0.034000
0.036000
0.041000
nan
nan
nan
0.711000
nan
nan
nan
nan
nan
0.056000
0.080000
nan
1.000000
0.654000
nan
0.717000
0.173000
nan
nan
nan
nan
nan
0.153000
0.252000
0.760000
nan
nan
0.583000
nan
0.131000
0.083000
nan
nan
0.347000
0.777000
0.257000
0.142000
0.053000
0.048000
nan
nan
nan
nan
nan
nan
nan
nan
0.172000
0.128000
0.079000
nan
nan
nan
0.306000
nan
0.281000
0.047000
0.037000
nan
nan
0.093000
nan
1.000000
nan
nan
nan
nan
nan
1.000000
nan
0.140000
0.110000
0.098000
0.134000
nan
0.782000
nan
0.078000
nan
nan
0.075000
nan
0.053000
nan
nan
0.975000
nan
nan
1.000000
nan
nan
nan
nan
0.090000
nan
0.072000
nan
nan
nan
nan
nan
nan
nan
0.812000
nan
nan
nan
nan
0.180000
nan
0.444000
1.000000
nan
nan
nan
0.798000
nan
0.106000
nan
0.172000
nan
nan
nan
0.559000
nan
0.365000
0.648000
0.206000
nan
0.373000
0.115000
0.152000
0.133000
nan
0.139000
nan
nan
nan
nan
0.138000
nan
nan
0.707000
nan
nan
0.612000
0.188000
0.137000
nan
0.072000
nan
0.056000
0.049000
nan
0.046000
0.083000
0.073000
0.081000
0.276000
nan
nan
nan
nan
0.252000
nan
0.096000
0.123000
nan
nan
nan
nan
nan
nan
nan
nan
nan
nan
nan
nan
nan
nan
nan
0.025000
nan
nan
nan
nan
0.016000
0.016000
nan
0.016000
0.017000
0.615000
0.354000
nan
0.348000
nan
nan
0.304000
nan
0.696000
0.623000
0.348000
0.986000
0.577000
0.406000
nan
0.487000
0.458000
0.519000
nan
0.351000
nan
0.301000
nan
nan
0.415000
nan
0.829000
nan
0.606000
0.557000
0.815000
0.783000
0.423000
nan
nan
0.852000
nan
nan
0.783000
nan
nan
0.716000
0.626000
0.499000
nan
nan
0.242000
nan
0.273000
nan
nan
nan
nan
nan
nan
1.000000
0.586000
0.242000
0.242000
0.423000
nan
0.493000
nan
nan
0.455000
0.432000
0.301000
nan
1.000000
nan
nan
0.519000
nan
nan
0.678000
0.652000
0.531000
1.000000
0.420000
0.275000
0.455000
0.397000
nan
nan
nan
0.629000
nan
nan
nan
nan
nan
nan
0.313000
0.409000
nan
0.585000
0.493000
0.512000
0.509000
nan
0.463000
0.404000
nan
nan
nan
nan
nan
nan
nan
nan
nan
nan
nan
nan
nan
0.453000
0.488000
0.603000
nan
nan
0.585000
nan
0.415000
0.471000
0.374000
nan
nan
nan
0.641000
0.493000
0.423000
0.671000
nan
nan
0.374000
nan
nan
0.407000
0.504000
nan
0.396000
nan
nan
nan
nan
nan
nan
0.668000
0.859000
0.630000
0.649000
0.854000
0.568000
nan
nan
nan
nan
nan
0.649000
0.655000
0.948000
0.854000
nan
nan
0.144000
0.144000
0.180000
nan
nan
0.148000
0.593000
0.679000
1.000000
1.000000
nan
nan
nan
nan
nan
0.144000
nan
nan
nan
nan
0.256000
0.881000
0.894000
nan
0.453000
0.286000
nan
0.240000
nan
1.000000
nan
nan
0.660000
0.356000
0.278000
0.813000
0.860000
1.000000
nan
0.663000
nan
nan
nan
0.639000
nan
nan
nan
0.430000
0.425000
0.623000
nan
nan
nan
nan
0.699000
nan
nan
nan
0.699000
0.696000
nan
nan
0.746000
0.711000
nan
nan
nan
nan
0.229000
nan
0.993000
0.542000
nan
nan
0.385000
0.561000
nan
nan
nan
0.559000
nan
0.637000
0.917000
1.000000
1.000000
nan
nan
nan
nan
0.863000
0.794000
nan
0.392000
0.229000
nan
nan
0.440000
nan
0.604000
nan
0.953000
0.744000
0.518000
nan
0.316000
0.559000
0.620000
0.934000
nan
0.730000
nan
0.482000
nan
nan
nan
0.675000
nan
nan
nan
nan
nan
nan
0.264000
nan
0.229000
nan
nan
0.547000
nan
0.744000
nan
0.799000
0.694000
0.889000
0.810000
0.683000
0.909000
1.000000
0.257000
nan
nan
nan
nan
0.268000
0.352000
0.375000
nan
0.379000
nan
nan
0.586000
0.448000
0.920000
nan
0.824000
0.870000
nan
nan
0.579000
0.441000
0.663000
0.828000
0.866000
0.582000
nan
nan
nan
0.736000
nan
0.460000
0.609000
0.808000
nan
0.460000
0.667000
0.498000
0.858000
0.686000
nan
nan
nan
nan
nan
nan
nan
0.789000
0.958000
0.448000
nan
nan
nan
nan
0.140000
0.169000
0.176000
0.140000
0.307000
0.755000
nan
0.690000
0.621000
0.467000
nan
nan
nan
nan
nan
0.464000
0.161000
0.199000
0.188000
nan
0.709000
0.621000
nan
nan
nan
0.245000
nan
nan
nan
0.140000
