Coverage: 692.024540
nan
nan
nan
nan
0.000000
nan
nan
nan
nan
0.000000
0.360000
nan
nan
0.000000
0.000000
0.360000
nan
0.000000
0.000000
nan
nan
nan
0.000000
nan
nan
nan
nan
nan
0.180000
0.000000
nan
nan
nan
nan
nan
0.360000
nan
nan
nan
nan
nan
0.000000
0.000000
nan
1.000000
nan
0.721000
nan
nan
nan
nan
0.360000
0.000000
0.000000
nan
nan
nan
0.200000
nan
0.200000
nan
nan
0.200000
0.000000
nan
0.000000
nan
nan
nan
nan
0.400000
nan
nan
nan
0.000000
0.400000
0.400000
nan
0.400000
nan
nan
nan
0.000000
nan
nan
1.000000
nan
0.800000
nan
nan
0.950000
0.400000
0.000000
0.000000
0.200000
nan
0.400000
nan
nan
0.400000
nan
nan
0.600000
nan
nan
nan
0.200000
0.400000
0.800000
1.000000
0.400000
0.400000
0.600000
nan
0.400000
nan
0.200000
nan
nan
nan
0.000000
0.000000
nan
nan
0.000000
nan
0.440000
nan
nan
nan
nan
nan
0.220000
0.440000
nan
nan
nan
nan
0.440000
0.000000
0.000000
nan
0.879000
nan
nan
nan
0.000000
nan
nan
nan
0.000000
nan
nan
nan
nan
0.440000
0.000000
0.440000
0.000000
0.000000
nan
nan
0.000000
