Coverage: 5449.431818
0.056000
0.056000
1.000000
0.056000
nan
0.097000
0.379000
0.538000
nan
nan
0.265000
0.353000
0.388000
nan
nan
0.353000
nan
nan
nan
nan
nan
1.000000
0.538000
0.467000
0.935000
0.423000
0.353000
0.141000
0.079000
nan
0.776000
nan
nan
0.397000
0.335000
0.432000
0.961000
0.397000
nan
nan
nan
0.794000
0.758000
nan
0.485000
0.106000
0.071000
0.088000
nan
0.123000
nan
nan
nan
0.741000
0.626000
nan
nan
nan
nan
nan
nan
nan
0.714000
0.485000
nan
nan
nan
0.159000
0.353000
0.388000
1.000000
nan
0.697000
0.608000
nan
0.582000
nan
nan
nan
nan
0.397000
0.732000
0.494000
0.608000
0.441000
nan
0.414000
0.529000
nan
nan
0.787000
nan
0.203000
0.267000
0.394000
0.571000
nan
0.902000
0.965000
nan
1.000000
1.000000
nan
1.000000
0.902000
0.932000
nan
0.976000
0.467000
0.338000
0.290000
nan
nan
0.387000
0.355000
nan
nan
0.628000
0.242000
0.338000
0.355000
nan
nan
0.467000
0.725000
0.628000
nan
0.322000
0.483000
0.500000
0.709000
0.548000
0.435000
0.837000
nan
0.532000
0.403000
0.226000
0.419000
0.371000
0.467000
nan
0.677000
nan
0.693000
0.467000
0.516000
0.532000
nan
0.612000
0.203000
nan
0.203000
0.203000
0.451000
nan
0.790000
0.338000
0.488000
nan
nan
0.723000
0.781000
0.508000
0.352000
0.254000
0.625000
nan
0.664000
nan
nan
0.703000
0.371000
0.313000
nan
nan
