Coverage: 1775.000000
0.000000
0.000000
nan
nan
0.256000
0.409000
0.409000
0.358000
0.307000
0.102000
0.000000
0.102000
nan
nan
0.205000
0.205000
0.000000
0.102000
0.767000
0.665000
0.256000
0.512000
0.307000
0.614000
nan
nan
nan
0.307000
nan
0.716000
nan
0.716000
0.563000
nan
nan
nan
0.409000
0.665000
0.665000
0.716000
nan
0.665000
0.512000
nan
0.563000
nan
nan
nan
0.409000
0.921000
nan
0.409000
0.409000
0.256000
nan
0.512000
nan
0.051000
nan
0.102000
1.000000
nan
nan
0.972000
0.767000
0.972000
nan
nan
0.665000
1.000000
0.563000
0.716000
0.563000
0.358000
nan
nan
nan
nan
nan
nan
nan
1.000000
nan
nan
0.753000
0.295000
nan
0.393000
0.655000
0.458000
nan
nan
0.786000
nan
nan
nan
1.000000
nan
nan
nan
nan
nan
0.327000
0.556000
0.426000
0.524000
nan
0.470000
0.705000
nan
nan
0.939000
0.537000
nan
0.436000
0.570000
nan
nan
0.637000
nan
nan
0.537000
0.705000
0.705000
0.470000
nan
nan
0.184000
nan
nan
0.436000
nan
nan
nan
nan
nan
nan
0.470000
0.872000
nan
0.991000
0.268000
0.403000
0.369000
1.000000
0.369000
0.705000
nan
0.570000
nan
nan
0.235000
nan
0.872000
0.570000
0.604000
1.000000
0.369000
0.335000
nan
nan
0.335000
nan
nan
0.738000
0.671000
nan
0.537000
nan
0.201000
nan
nan
nan
nan
nan
0.503000
nan
0.167000
nan
nan
0.470000
nan
0.201000
0.344000
0.100000
nan
0.172000
0.275000
0.412000
0.447000
0.481000
nan
0.412000
nan
nan
0.619000
nan
nan
nan
nan
nan
0.100000
nan
0.100000
