Coverage: 2657.560976
nan
0.081000
nan
nan
0.094000
nan
0.375000
0.586000
0.258000
nan
0.633000
0.469000
0.492000
0.305000
nan
0.188000
0.234000
0.375000
0.081000
0.188000
nan
nan
1.000000
nan
0.516000
nan
nan
nan
0.188000
0.469000
0.117000
0.657000
nan
0.094000
0.891000
nan
nan
0.094000
nan
0.610000
nan
0.797000
0.961000
nan
0.469000
0.081000
0.492000
nan
nan
nan
nan
nan
0.188000
0.422000
0.445000
0.680000
1.000000
0.164000
nan
nan
nan
nan
0.680000
0.234000
nan
nan
1.000000
0.586000
0.516000
0.539000
0.680000
nan
0.375000
0.774000
0.469000
nan
0.586000
0.539000
0.586000
0.727000
nan
0.680000
0.758000
nan
nan
0.230000
nan
0.299000
0.574000
nan
nan
0.551000
nan
0.321000
nan
nan
nan
nan
nan
nan
0.436000
nan
0.436000
0.597000
nan
0.253000
nan
0.804000
0.987000
nan
nan
0.184000
0.758000
nan
nan
0.620000
0.620000
nan
0.505000
nan
0.184000
nan
nan
0.666000
0.689000
nan
0.459000
nan
nan
nan
0.620000
nan
0.148000
nan
0.551000
0.597000
nan
0.367000
nan
0.827000
nan
0.941000
nan
0.459000
nan
nan
nan
nan
0.276000
0.712000
0.299000
nan
0.643000
nan
0.299000
nan
nan
nan
nan
nan
1.000000
0.551000
nan
nan
0.276000
0.390000
nan
0.413000
0.505000
nan
nan
nan
0.142000
nan
1.000000
nan
1.000000
nan
nan
nan
0.482000
0.574000
nan
nan
nan
0.148000
0.321000
nan
0.551000
0.505000
0.436000
0.138000
nan
0.413000
nan
0.184000
nan
0.276000
nan
0.125000
0.230000
0.505000
0.367000
0.125000
nan
