Coverage: 23983.417085
0.091000
nan
nan
0.240000
nan
nan
nan
nan
nan
nan
nan
nan
0.091000
0.103000
0.091000
0.129000
nan
nan
nan
nan
0.456000
0.753000
0.115000
nan
0.198000
nan
0.172000
0.093000
0.384000
nan
0.428000
0.941000
nan
1.000000
0.390000
0.361000
0.404000
0.723000
1.000000
nan
nan
0.785000
nan
0.363000
nan
0.222000
nan
0.305000
nan
nan
nan
nan
0.238000
nan
nan
nan
0.311000
nan
nan
0.763000
nan
nan
nan
0.567000
0.585000
nan
1.000000
0.436000
0.487000
0.545000
nan
0.937000
nan
nan
0.275000
nan
0.557000
0.297000
nan
0.382000
0.612000
0.418000
0.507000
0.571000
0.460000
nan
nan
0.648000
0.594000
nan
nan
0.755000
0.719000
nan
0.311000
nan
0.523000
nan
nan
0.220000
0.323000
0.996000
0.904000
1.000000
nan
nan
nan
nan
0.466000
nan
1.000000
nan
0.703000
nan
0.275000
0.271000
nan
nan
0.294000
nan
0.188000
nan
nan
0.137000
0.259000
0.645000
0.323000
nan
0.198000
nan
nan
nan
0.326000
1.000000
0.674000
nan
nan
nan
nan
0.412000
0.396000
0.846000
nan
nan
0.728000
nan
nan
nan
nan
nan
nan
0.489000
nan
nan
0.540000
0.136000
0.163000
0.136000
nan
nan
nan
nan
0.259000
nan
0.600000
0.271000
0.511000
0.454000
nan
0.361000
nan
0.268000
nan
0.294000
0.281000
nan
nan
nan
0.252000
nan
nan
nan
0.332000
0.281000
0.249000
nan
0.137000
nan
nan
0.351000
nan
nan
0.252000
0.192000
0.195000
nan
0.335000
0.136000
nan
