Coverage: 2927.125506
0.118000
0.118000
nan
nan
nan
nan
0.318000
nan
0.494000
nan
nan
nan
nan
0.118000
nan
nan
0.194000
0.547000
nan
nan
nan
0.318000
nan
nan
0.282000
0.229000
0.777000
nan
nan
0.777000
0.353000
0.883000
0.777000
0.300000
0.759000
0.618000
0.724000
nan
0.688000
0.318000
0.530000
0.688000
nan
0.971000
0.812000
0.618000
1.000000
0.477000
nan
nan
nan
nan
0.530000
0.441000
1.000000
nan
0.371000
0.671000
nan
0.371000
nan
nan
0.583000
0.388000
0.388000
nan
0.177000
nan
nan
0.353000
0.512000
1.000000
nan
nan
0.424000
nan
0.335000
nan
0.388000
0.424000
nan
0.494000
nan
nan
0.600000
0.424000
0.494000
0.706000
nan
0.571000
0.681000
0.725000
nan
nan
0.242000
0.484000
1.000000
nan
0.242000
0.208000
nan
0.374000
nan
nan
nan
nan
nan
0.747000
0.484000
0.571000
nan
nan
0.374000
0.813000
0.440000
0.208000
nan
0.242000
0.549000
0.352000
0.352000
nan
nan
0.681000
1.000000
0.637000
0.220000
0.505000
0.505000
0.374000
0.681000
nan
0.549000
0.549000
0.527000
nan
nan
nan
0.571000
0.484000
nan
nan
0.681000
nan
0.549000
nan
0.484000
0.208000
0.484000
nan
0.725000
0.593000
0.879000
1.000000
0.791000
0.571000
nan
nan
0.474000
0.412000
0.371000
nan
nan
nan
0.474000
0.639000
nan
nan
0.659000
1.000000
nan
nan
0.596000
nan
0.250000
0.250000
0.442000
0.558000
nan
0.596000
1.000000
nan
nan
nan
0.190000
nan
0.190000
0.827000
0.712000
nan
nan
0.481000
1.000000
1.000000
nan
0.190000
nan
0.269000
0.308000
0.500000
0.942000
0.865000
nan
0.365000
nan
nan
nan
0.577000
nan
0.269000
nan
0.654000
0.827000
0.519000
0.808000
0.808000
0.788000
nan
0.615000
nan
nan
nan
nan
nan
nan
0.654000
0.288000
0.250000
nan
nan
0.327000
0.231000
nan
nan
nan
0.365000
nan
0.442000
0.385000
0.212000
0.212000
nan
0.365000
0.558000
0.231000
nan
nan
