Coverage: 932.608696
0.000000
nan
nan
0.400000
0.000000
nan
nan
nan
nan
nan
nan
0.400000
0.000000
0.400000
0.200000
nan
0.800000
0.200000
nan
nan
nan
0.000000
0.600000
0.600000
nan
0.600000
nan
nan
0.000000
1.000000
0.400000
0.400000
nan
nan
nan
nan
0.400000
nan
nan
nan
1.000000
nan
0.200000
0.000000
nan
nan
nan
nan
nan
0.800000
nan
0.400000
0.400000
0.000000
1.000000
nan
0.800000
nan
nan
nan
nan
nan
nan
0.400000
0.200000
0.800000
nan
0.400000
nan
0.000000
0.000000
nan
0.367000
1.000000
0.000000
0.367000
0.183000
0.000000
0.000000
nan
nan
nan
nan
nan
0.183000
nan
nan
nan
0.733000
nan
0.000000
nan
0.367000
nan
0.183000
nan
nan
nan
0.733000
nan
nan
0.000000
nan
nan
nan
nan
0.000000
0.183000
0.000000
nan
0.667000
nan
0.333000
0.333000
1.000000
nan
nan
nan
nan
0.000000
nan
nan
0.667000
nan
nan
nan
0.000000
1.000000
0.333000
nan
nan
0.167000
nan
nan
nan
0.500000
nan
nan
nan
0.667000
0.000000
0.667000
0.500000
1.000000
0.667000
nan
nan
0.333000
0.500000
0.333000
nan
0.167000
nan
nan
0.333000
nan
nan
nan
0.000000
0.333000
nan
nan
nan
nan
nan
nan
0.500000
0.000000
nan
0.667000
nan
nan
0.000000
nan
nan
0.500000
nan
nan
0.667000
nan
0.333000
nan
nan
nan
