Coverage: 63667.241379
0.130000
0.130000
0.329000
nan
0.167000
nan
nan
0.984000
0.526000
0.420000
0.365000
nan
0.290000
0.445000
0.512000
0.599000
nan
0.560000
0.582000
nan
nan
0.664000
nan
nan
0.597000
0.378000
0.242000
0.774000
nan
nan
0.843000
1.000000
nan
nan
nan
nan
nan
nan
1.000000
nan
nan
0.755000
nan
nan
nan
nan
nan
nan
nan
0.988000
nan
0.430000
0.701000
0.419000
0.828000
0.692000
nan
0.692000
nan
nan
nan
0.943000
0.539000
0.642000
0.625000
0.348000
nan
nan
nan
0.264000
nan
0.370000
nan
nan
nan
0.426000
nan
nan
nan
0.130000
0.156000
nan
0.233000
nan
0.844000
nan
nan
nan
nan
0.141000
0.143000
nan
0.275000
nan
nan
nan
nan
nan
1.000000
0.722000
0.729000
nan
nan
0.699000
0.800000
nan
nan
0.230000
0.274000
0.428000
0.288000
nan
nan
0.349000
nan
0.345000
0.215000
0.144000
0.144000
0.730000
nan
nan
nan
nan
nan
nan
nan
nan
0.235000
0.258000
nan
0.232000
0.205000
0.274000
0.228000
0.235000
0.360000
0.212000
nan
0.219000
0.310000
0.393000
nan
0.153000
nan
nan
nan
nan
nan
0.358000
nan
nan
0.306000
0.357000
0.348000
nan
nan
0.144000
nan
0.659000
0.724000
0.785000
nan
nan
nan
nan
nan
nan
nan
0.319000
nan
nan
0.600000
nan
0.520000
0.326000
nan
0.332000
0.453000
0.824000
nan
nan
nan
nan
0.468000
1.000000
nan
nan
nan
nan
1.000000
nan
1.000000
0.982000
nan
0.660000
nan
0.345000
0.369000
0.485000
0.790000
nan
nan
nan
0.728000
0.658000
0.473000
0.384000
0.948000
0.538000
nan
0.267000
nan
0.505000
0.267000
0.822000
0.562000
0.684000
nan
0.592000
0.768000
0.963000
0.991000
nan
0.845000
0.928000
nan
0.645000
0.654000
nan
0.386000
0.342000
0.277000
nan
nan
0.501000
0.779000
0.488000
nan
0.450000
nan
0.572000
nan
0.842000
0.864000
1.000000
nan
nan
nan
0.546000
nan
0.721000
0.593000
nan
0.363000
0.511000
0.588000
0.610000
0.574000
1.000000
nan
nan
0.449000
0.523000
nan
0.713000
0.622000
nan
0.280000
nan
nan
0.267000
nan
0.970000
0.537000
1.000000
nan
0.426000
0.624000
0.817000
0.782000
0.430000
0.448000
nan
nan
nan
0.459000
0.611000
nan
nan
0.987000
nan
nan
nan
nan
nan
0.584000
0.488000
0.498000
nan
nan
0.692000
0.556000
0.731000
0.871000
nan
nan
0.627000
0.847000
nan
0.891000
0.287000
nan
0.214000
nan
nan
nan
0.250000
nan
1.000000
0.703000
0.905000
1.000000
nan
nan
0.203000
nan
nan
0.234000
nan
nan
0.987000
0.564000
0.906000
0.412000
nan
0.320000
0.344000
nan
nan
nan
0.453000
nan
nan
nan
0.896000
nan
0.898000
nan
nan
nan
0.412000
0.552000
nan
nan
0.237000
nan
0.742000
nan
0.554000
0.464000
0.624000
1.000000
0.769000
nan
0.260000
nan
nan
nan
0.324000
nan
0.340000
0.325000
nan
0.623000
nan
0.390000
0.474000
nan
0.328000
0.400000
0.566000
0.560000
0.410000
0.423000
0.540000
nan
0.171000
nan
nan
0.605000
nan
nan
nan
0.323000
nan
nan
0.276000
nan
nan
0.183000
0.369000
0.236000
nan
0.171000
nan
