Coverage: 501.388889
nan
0.000000
nan
0.500000
0.250000
0.125000
0.375000
nan
nan
nan
0.250000
0.000000
0.000000
0.000000
0.750000
nan
nan
nan
nan
nan
nan
nan
nan
0.000000
0.250000
1.000000
nan
nan
0.000000
0.000000
nan
nan
nan
nan
nan
0.250000
0.000000
1.000000
0.500000
nan
0.250000
nan
1.000000
0.500000
0.250000
0.500000
nan
0.375000
0.500000
nan
nan
0.250000
0.250000
0.250000
0.250000
nan
nan
nan
0.125000
0.000000
0.125000
0.875000
nan
nan
0.500000
0.625000
0.375000
1.000000
0.250000
0.000000
nan
0.250000
nan
nan
nan
nan
0.750000
nan
nan
0.250000
1.000000
0.750000
nan
0.250000
nan
0.125000
nan
0.625000
nan
0.875000
0.000000
nan
0.500000
0.100000
0.600000
nan
0.200000
1.000000
nan
1.000000
nan
1.000000
0.200000
0.000000
nan
0.400000
nan
0.200000
nan
nan
nan
nan
0.500000
0.400000
nan
nan
0.300000
0.400000
nan
0.300000
0.000000
nan
nan
nan
0.000000
nan
nan
0.400000
0.100000
0.000000
0.000000
0.000000
0.000000
0.380000
0.095000
0.190000
0.950000
0.380000
0.000000
0.570000
0.000000
nan
0.095000
nan
0.950000
0.095000
0.380000
nan
0.000000
0.095000
nan
nan
0.380000
nan
0.000000
0.000000
0.000000
0.570000
0.760000
nan
nan
nan
0.665000
0.950000
nan
0.475000
0.000000
0.570000
0.190000
nan
1.000000
nan
0.180000
0.541000
0.450000
1.000000
nan
0.360000
nan
nan
0.360000
1.000000
0.180000
nan
0.180000
nan
0.541000
0.541000
nan
nan
nan
nan
0.180000
0.721000
nan
nan
nan
nan
nan
nan
0.541000
nan
0.180000
nan
0.901000
0.901000
0.360000
0.180000
nan
nan
nan
nan
nan
nan
nan
0.000000
