Coverage: 28605.882353
0.320000
nan
nan
0.320000
nan
0.378000
0.682000
0.460000
0.716000
0.508000
0.504000
0.389000
0.569000
0.539000
nan
0.440000
0.392000
0.484000
0.467000
nan
0.320000
nan
nan
0.535000
nan
0.406000
0.518000
0.426000
nan
0.487000
0.423000
0.375000
0.494000
nan
nan
nan
0.671000
0.624000
nan
0.525000
0.617000
nan
nan
0.399000
0.600000
nan
0.358000
0.791000
0.948000
nan
nan
0.644000
0.487000
0.539000
1.000000
0.613000
nan
0.702000
nan
0.678000
nan
0.474000
nan
nan
0.419000
0.736000
nan
0.924000
1.000000
1.000000
0.671000
0.549000
nan
0.702000
nan
nan
0.450000
nan
0.616000
0.528000
nan
0.558000
nan
nan
0.337000
0.480000
nan
nan
nan
0.536000
nan
nan
0.560000
nan
0.456000
0.474000
nan
nan
nan
0.729000
nan
nan
nan
nan
nan
nan
nan
0.428000
nan
nan
0.618000
nan
0.520000
0.385000
nan
0.361000
nan
nan
0.203000
nan
0.203000
nan
nan
0.556000
0.669000
0.552000
0.905000
1.000000
nan
0.275000
nan
0.357000
0.406000
0.958000
0.831000
0.915000
0.859000
0.620000
nan
0.448000
1.000000
0.402000
0.408000
nan
nan
0.281000
nan
0.249000
0.333000
nan
0.542000
nan
nan
nan
nan
nan
nan
0.454000
0.412000
nan
0.434000
nan
1.000000
0.534000
0.221000
0.458000
0.498000
0.626000
0.610000
nan
nan
0.518000
nan
nan
0.203000
nan
1.000000
nan
nan
nan
0.295000
0.162000
0.162000
nan
0.284000
nan
0.681000
nan
0.736000
nan
0.405000
nan
nan
0.366000
0.775000
nan
0.571000
nan
nan
nan
nan
nan
0.532000
0.978000
nan
nan
nan
0.575000
nan
0.386000
nan
nan
0.380000
nan
nan
nan
nan
0.834000
nan
nan
0.454000
1.000000
nan
nan
0.857000
0.489000
0.511000
1.000000
nan
nan
0.599000
nan
0.243000
nan
nan
nan
nan
0.368000
nan
0.607000
0.722000
nan
nan
nan
nan
nan
0.699000
nan
0.658000
0.808000
0.352000
nan
nan
nan
nan
0.564000
nan
nan
nan
0.286000
nan
nan
nan
nan
0.233000
0.495000
0.528000
nan
0.452000
nan
nan
0.207000
nan
0.597000
nan
0.364000
nan
nan
nan
nan
nan
0.194000
nan
nan
0.266000
0.264000
0.162000
0.311000
0.438000
0.237000
nan
nan
0.335000
0.180000
nan
nan
0.552000
nan
nan
nan
nan
nan
nan
0.611000
nan
0.475000
0.590000
nan
0.562000
0.501000
nan
0.450000
0.350000
0.429000
0.672000
nan
nan
nan
nan
nan
nan
0.378000
0.330000
nan
0.328000
0.442000
0.478000
0.401000
nan
nan
0.373000
nan
nan
0.429000
0.519000
nan
0.328000
nan
nan
nan
0.328000
nan
0.355000
0.399000
nan
0.337000
nan
0.623000
nan
nan
nan
0.565000
nan
nan
0.473000
nan
0.524000
nan
nan
nan
0.884000
nan
nan
nan
0.524000
0.531000
0.713000
nan
nan
nan
0.562000
0.465000
0.815000
0.889000
0.922000
nan
0.782000
0.590000
0.355000
0.629000
nan
0.989000
0.933000
1.000000
nan
0.754000
0.805000
0.376000
nan
1.000000
1.000000
nan
nan
nan
0.933000
0.624000
nan
nan
nan
nan
0.502000
0.524000
nan
0.560000
0.336000
0.302000
nan
nan
nan
0.789000
nan
nan
0.466000
0.901000
nan
0.817000
0.677000
0.789000
0.789000
0.803000
nan
0.502000
0.715000
0.400000
0.791000
0.636000
0.519000
0.563000
0.428000
nan
nan
nan
nan
0.708000
0.579000
nan
0.455000
0.807000
0.558000
nan
0.502000
0.556000
0.693000
0.686000
0.862000
nan
0.385000
nan
nan
nan
nan
0.781000
1.000000
nan
nan
0.326000
nan
nan
0.302000
0.302000
nan
nan
nan
nan
nan
nan
nan
1.000000
0.968000
0.396000
0.529000
0.495000
nan
nan
nan
0.798000
0.903000
nan
1.000000
nan
0.545000
0.639000
nan
nan
nan
0.958000
nan
nan
0.530000
0.377000
0.375000
nan
nan
0.524000
0.452000
0.405000
0.455000
0.654000
0.535000
nan
0.513000
nan
nan
nan
nan
nan
nan
0.692000
nan
nan
nan
nan
nan
nan
0.369000
0.865000
0.493000
0.638000
1.000000
0.487000
0.726000
0.994000
nan
0.709000
0.371000
nan
nan
nan
nan
nan
nan
0.532000
0.646000
0.716000
0.947000
0.587000
1.000000
nan
0.481000
0.324000
0.353000
nan
0.217000
nan
0.728000
0.854000
nan
0.413000
0.334000
nan
0.203000
0.184000
0.176000
0.603000
0.594000
nan
0.700000
0.420000
nan
nan
nan
nan
nan
nan
nan
nan
nan
nan
0.410000
nan
0.408000
nan
nan
nan
nan
0.437000
0.314000
nan
nan
nan
nan
nan
0.217000
0.324000
0.366000
0.405000
nan
nan
nan
0.452000
1.000000
nan
0.156000
0.111000
0.182000
0.452000
nan
0.632000
nan
0.185000
0.110000
0.109000
0.109000
0.109000
nan
nan
nan
0.278000
0.353000
0.229000
nan
nan
