Coverage: 842.307692
nan
0.000000
0.000000
0.200000
0.000000
0.700000
0.600000
nan
0.400000
0.000000
0.200000
0.100000
0.400000
nan
0.000000
0.200000
0.000000
0.000000
0.500000
0.700000
nan
0.100000
0.400000
0.600000
0.000000
nan
nan
1.000000
0.200000
0.400000
0.600000
0.200000
0.200000
nan
0.600000
0.500000
nan
nan
nan
0.200000
nan
1.000000
nan
nan
0.000000
0.800000
nan
0.000000
0.000000
nan
0.600000
0.400000
nan
nan
nan
0.700000
nan
1.000000
nan
nan
0.400000
0.700000
nan
0.900000
1.000000
1.000000
nan
1.000000
0.400000
nan
nan
0.200000
nan
nan
nan
nan
nan
0.200000
0.800000
0.600000
0.389000
nan
nan
nan
0.584000
0.681000
0.487000
nan
nan
nan
0.876000
nan
nan
0.389000
nan
0.119000
nan
nan
nan
0.438000
0.292000
0.292000
nan
0.195000
0.119000
0.146000
0.584000
0.243000
0.487000
0.438000
0.292000
0.438000
0.389000
nan
nan
nan
0.389000
0.341000
nan
nan
nan
nan
0.779000
0.535000
nan
nan
nan
1.000000
1.000000
nan
0.816000
0.336000
0.336000
0.961000
nan
0.528000
0.528000
1.000000
0.384000
0.913000
nan
0.961000
nan
0.816000
nan
nan
nan
0.384000
nan
nan
0.384000
nan
0.432000
nan
0.384000
nan
0.480000
0.672000
0.672000
0.768000
0.480000
nan
0.288000
nan
0.192000
0.192000
nan
0.115000
0.379000
0.616000
nan
nan
nan
nan
0.427000
nan
nan
nan
0.379000
0.521000
nan
nan
nan
nan
nan
0.569000
nan
nan
0.332000
0.190000
nan
nan
1.000000
nan
nan
0.474000
0.190000
nan
nan
0.237000
nan
0.190000
nan
nan
0.853000
nan
0.190000
0.806000
nan
nan
0.948000
nan
nan
nan
0.284000
nan
0.427000
nan
0.569000
nan
nan
0.427000
0.190000
nan
nan
nan
0.111000
0.190000
0.111000
nan
nan
nan
nan
nan
