Coverage: 2718.333333
0.027000
0.027000
nan
nan
nan
nan
0.453000
nan
0.160000
nan
0.666000
0.799000
0.453000
nan
nan
0.266000
nan
0.373000
0.426000
nan
0.639000
nan
0.826000
0.453000
nan
0.533000
0.373000
nan
0.320000
0.453000
0.320000
0.186000
0.453000
nan
nan
0.027000
nan
nan
1.000000
nan
nan
0.027000
0.053000
0.666000
nan
0.133000
nan
0.373000
0.506000
0.266000
nan
nan
1.000000
0.719000
nan
nan
nan
0.346000
nan
nan
0.719000
nan
nan
0.613000
nan
0.506000
0.852000
nan
0.320000
0.426000
0.586000
nan
0.506000
0.506000
nan
0.399000
0.453000
nan
nan
nan
0.746000
nan
1.000000
0.772000
nan
nan
0.479000
0.240000
0.719000
0.985000
nan
0.364000
nan
0.523000
0.364000
0.318000
nan
0.545000
nan
0.295000
0.318000
0.523000
0.318000
nan
nan
0.523000
0.500000
0.795000
nan
0.932000
0.795000
0.545000
1.000000
0.477000
nan
0.147000
0.318000
nan
0.523000
0.614000
nan
nan
0.795000
nan
0.455000
0.295000
nan
nan
1.000000
0.818000
0.659000
0.523000
nan
nan
0.205000
nan
0.341000
nan
nan
0.318000
nan
nan
nan
nan
0.182000
0.273000
0.159000
0.147000
0.523000
1.000000
nan
nan
1.000000
nan
0.795000
nan
nan
0.205000
nan
0.500000
nan
nan
0.386000
0.614000
0.591000
0.841000
nan
nan
0.386000
nan
nan
0.147000
0.227000
nan
0.705000
0.227000
0.432000
0.727000
0.386000
nan
