Coverage: 6698.882682
0.126000
nan
nan
0.126000
nan
0.206000
0.206000
0.218000
0.472000
0.206000
0.399000
nan
nan
0.290000
nan
0.290000
0.508000
0.363000
0.133000
0.157000
0.351000
nan
0.206000
0.557000
0.302000
nan
0.145000
0.278000
nan
nan
nan
nan
nan
0.436000
0.496000
0.847000
nan
nan
nan
1.000000
0.714000
0.569000
nan
0.126000
0.254000
0.194000
0.496000
nan
nan
nan
0.472000
0.278000
0.738000
0.569000
0.436000
0.532000
0.726000
nan
0.629000
1.000000
0.641000
0.714000
0.532000
0.522000
nan
nan
nan
nan
nan
nan
nan
0.239000
0.239000
nan
nan
nan
0.706000
0.614000
0.726000
nan
1.000000
0.829000
0.569000
nan
0.268000
nan
nan
nan
nan
0.243000
nan
nan
0.995000
nan
0.200000
0.276000
0.209000
0.251000
nan
nan
0.452000
1.000000
nan
nan
0.293000
0.418000
nan
nan
nan
nan
0.878000
0.594000
0.452000
nan
nan
0.284000
0.485000
0.351000
nan
1.000000
nan
nan
nan
nan
nan
nan
nan
0.920000
nan
nan
0.427000
nan
nan
nan
nan
nan
nan
nan
nan
nan
nan
nan
0.644000
nan
0.602000
0.594000
nan
nan
nan
0.719000
0.560000
0.527000
0.443000
0.535000
nan
nan
0.535000
nan
nan
0.326000
0.309000
0.435000
0.301000
0.343000
0.284000
0.385000
nan
nan
nan
nan
nan
nan
0.376000
nan
0.226000
0.259000
nan
0.234000
nan
