Coverage: 723.711340
0.000000
nan
nan
0.333000
0.500000
0.583000
0.000000
nan
0.000000
0.417000
nan
nan
0.417000
0.333000
0.500000
0.083000
0.417000
0.250000
0.333000
nan
nan
nan
nan
0.583000
0.250000
0.167000
0.250000
0.167000
0.750000
0.667000
nan
nan
nan
0.417000
nan
0.167000
0.333000
0.333000
nan
nan
0.417000
0.250000
nan
nan
0.167000
1.000000
0.167000
nan
nan
0.583000
0.583000
nan
0.167000
nan
nan
0.333000
0.417000
nan
0.833000
1.000000
1.000000
nan
nan
nan
1.000000
0.667000
0.667000
0.667000
nan
0.750000
0.417000
0.333000
nan
nan
0.500000
0.833000
nan
0.000000
nan
0.417000
nan
0.083000
0.248000
0.124000
nan
nan
0.289000
nan
nan
0.579000
nan
nan
0.496000
nan
nan
0.496000
0.579000
0.909000
1.000000
nan
nan
0.248000
0.872000
0.344000
nan
0.737000
nan
nan
nan
1.000000
0.295000
nan
nan
nan
nan
1.000000
0.786000
nan
nan
0.492000
0.344000
nan
0.344000
nan
nan
nan
nan
nan
0.442000
0.246000
0.541000
0.197000
nan
nan
nan
nan
nan
0.295000
nan
0.442000
0.295000
nan
0.295000
0.393000
0.344000
0.590000
0.197000
0.197000
nan
nan
0.836000
nan
0.393000
0.393000
0.147000
0.246000
nan
0.590000
0.541000
nan
nan
0.147000
nan
0.108000
nan
0.197000
0.639000
0.541000
0.147000
0.197000
0.108000
nan
nan
nan
0.737000
nan
nan
nan
nan
0.108000
0.026000
0.456000
0.912000
0.057000
nan
0.171000
nan
0.114000
nan
0.057000
0.026000
0.342000
nan
0.026000
