Coverage: 2155.932203
0.041000
nan
0.225000
nan
0.056000
0.041000
0.450000
nan
nan
0.394000
nan
1.000000
nan
nan
0.506000
0.113000
nan
nan
nan
0.309000
nan
nan
nan
0.056000
nan
0.506000
0.731000
0.647000
0.844000
nan
nan
0.366000
0.506000
nan
0.422000
nan
0.506000
nan
0.394000
nan
nan
nan
nan
0.844000
1.000000
0.788000
0.647000
nan
nan
nan
0.985000
nan
nan
nan
nan
nan
nan
0.900000
nan
nan
0.338000
0.619000
0.647000
nan
0.281000
0.041000
1.000000
0.703000
0.647000
0.253000
nan
0.619000
nan
0.309000
nan
nan
0.394000
nan
nan
nan
nan
0.056000
0.281000
nan
0.253000
0.450000
0.253000
nan
nan
0.647000
0.230000
0.526000
0.461000
nan
0.592000
0.658000
nan
0.263000
0.565000
nan
nan
0.151000
nan
nan
0.527000
nan
nan
nan
0.829000
0.414000
0.452000
0.979000
0.490000
1.000000
nan
nan
0.565000
0.678000
nan
0.414000
nan
0.829000
nan
nan
0.753000
1.000000
0.678000
0.527000
nan
0.414000
0.377000
nan
0.301000
nan
1.000000
nan
0.640000
0.791000
0.490000
0.113000
0.490000
0.264000
nan
0.565000
0.640000
nan
0.640000
nan
0.979000
0.264000
0.339000
0.452000
nan
0.565000
nan
0.264000
nan
nan
nan
0.377000
0.527000
0.226000
nan
nan
nan
0.113000
0.113000
nan
0.301000
nan
nan
nan
nan
0.301000
nan
nan
0.113000
