Coverage: 40464.741036
0.146000
0.146000
0.325000
nan
nan
nan
nan
0.501000
0.236000
0.300000
0.259000
0.364000
0.412000
nan
0.392000
0.442000
0.473000
nan
0.612000
nan
0.339000
0.576000
0.306000
0.312000
0.378000
nan
0.309000
0.985000
nan
0.615000
0.726000
nan
nan
0.278000
nan
nan
nan
nan
0.815000
nan
0.615000
nan
0.384000
0.529000
nan
nan
nan
nan
0.323000
1.000000
1.000000
nan
nan
nan
nan
0.854000
0.278000
0.195000
0.476000
nan
nan
nan
nan
0.829000
nan
0.567000
0.887000
0.759000
nan
0.787000
nan
nan
0.146000
nan
nan
nan
nan
nan
nan
0.498000
0.501000
0.434000
nan
0.784000
0.670000
0.737000
1.000000
nan
nan
0.821000
nan
nan
0.278000
0.147000
nan
nan
nan
1.000000
nan
0.645000
nan
0.400000
nan
nan
nan
1.000000
nan
0.828000
nan
nan
0.956000
0.849000
nan
0.455000
1.000000
nan
0.910000
0.914000
nan
nan
nan
0.422000
nan
0.660000
nan
nan
0.385000
0.785000
0.788000
nan
nan
nan
0.354000
0.553000
0.700000
nan
nan
nan
nan
nan
0.276000
0.611000
nan
nan
0.956000
0.755000
nan
0.800000
0.935000
nan
nan
0.794000
nan
nan
nan
nan
0.526000
0.675000
0.663000
nan
nan
0.712000
nan
nan
0.617000
nan
nan
0.544000
0.532000
0.276000
0.276000
nan
nan
0.663000
nan
0.632000
nan
nan
0.284000
nan
nan
nan
nan
0.565000
nan
0.464000
0.452000
nan
0.660000
0.299000
0.492000
0.385000
nan
0.620000
nan
0.440000
0.574000
0.428000
nan
0.409000
0.223000
0.248000
nan
nan
nan
nan
nan
0.274000
0.242000
nan
0.224000
0.217000
0.270000
0.234000
nan
nan
0.243000
0.227000
nan
0.146000
0.145000
0.145000
0.145000
nan
nan
nan
0.146000
0.162000
nan
0.273000
0.242000
0.204000
nan
nan
0.425000
nan
nan
nan
nan
nan
nan
nan
0.323000
nan
nan
0.254000
nan
nan
0.294000
nan
1.000000
nan
0.227000
nan
0.508000
nan
0.282000
nan
0.285000
0.390000
0.421000
0.455000
nan
0.497000
0.357000
nan
nan
nan
0.597000
0.781000
0.597000
0.441000
0.564000
nan
nan
nan
nan
nan
0.352000
0.418000
nan
0.770000
0.911000
1.000000
0.600000
0.935000
0.735000
nan
nan
0.444000
0.768000
nan
1.000000
0.731000
0.527000
nan
0.384000
0.521000
0.277000
nan
nan
nan
0.301000
0.644000
0.658000
nan
0.488000
0.549000
0.860000
nan
nan
nan
nan
0.455000
0.373000
0.394000
nan
nan
nan
nan
0.705000
0.739000
0.337000
nan
nan
nan
nan
0.324000
0.260000
0.366000
0.980000
0.786000
nan
0.326000
nan
nan
nan
nan
0.365000
0.593000
0.906000
0.852000
1.000000
nan
nan
nan
nan
nan
0.260000
nan
0.715000
nan
0.531000
0.502000
nan
nan
0.802000
0.606000
nan
nan
0.260000
nan
0.385000
nan
0.487000
nan
0.567000
nan
nan
0.315000
0.266000
0.521000
nan
1.000000
nan
0.426000
0.410000
nan
0.489000
0.620000
0.553000
0.751000
nan
1.000000
nan
nan
nan
0.922000
nan
0.285000
0.274000
0.442000
0.562000
nan
0.924000
1.000000
0.561000
0.976000
nan
nan
nan
nan
0.709000
nan
nan
nan
nan
nan
nan
nan
0.760000
nan
0.299000
0.313000
0.133000
nan
nan
nan
nan
nan
nan
0.385000
0.625000
nan
0.458000
nan
0.176000
nan
0.214000
0.270000
0.512000
1.000000
0.140000
nan
nan
nan
nan
0.505000
1.000000
nan
nan
0.897000
0.866000
0.336000
0.297000
0.279000
0.449000
nan
0.820000
0.632000
0.803000
nan
nan
nan
nan
0.443000
nan
0.287000
nan
0.133000
nan
nan
nan
nan
0.342000
nan
0.292000
nan
nan
nan
nan
nan
0.154000
0.295000
0.357000
0.151000
nan
nan
nan
nan
0.149000
nan
nan
0.690000
0.621000
nan
nan
nan
0.580000
0.697000
nan
nan
0.133000
0.180000
nan
0.215000
nan
nan
nan
nan
nan
nan
