Coverage: 19989.130435
nan
nan
nan
nan
0.290000
0.257000
0.242000
0.741000
nan
0.131000
0.131000
nan
0.261000
0.250000
nan
nan
nan
1.000000
nan
0.653000
nan
0.422000
0.316000
0.187000
0.257000
nan
nan
0.727000
nan
nan
0.131000
0.811000
0.429000
nan
nan
nan
nan
nan
nan
nan
nan
nan
nan
0.602000
nan
0.503000
nan
nan
0.239000
nan
nan
nan
nan
nan
0.334000
0.330000
0.866000
0.980000
nan
0.895000
nan
nan
nan
nan
nan
nan
0.602000
0.444000
0.554000
0.429000
nan
0.646000
0.352000
nan
0.330000
0.202000
nan
nan
nan
0.829000
1.000000
nan
nan
nan
0.220000
0.161000
nan
nan
0.514000
0.796000
0.793000
0.374000
0.723000
nan
nan
0.389000
0.308000
nan
1.000000
nan
nan
nan
nan
0.220000
0.220000
0.690000
0.862000
1.000000
nan
0.836000
0.707000
nan
nan
0.546000
0.546000
0.688000
0.783000
0.821000
1.000000
0.992000
nan
nan
nan
0.546000
0.769000
0.726000
nan
0.465000
nan
0.731000
0.598000
0.517000
0.347000
0.385000
0.347000
nan
0.783000
0.760000
nan
nan
nan
0.175000
nan
nan
0.774000
0.612000
0.779000
0.565000
nan
nan
0.175000
0.180000
0.788000
nan
nan
nan
nan
0.631000
0.821000
nan
0.755000
nan
0.508000
nan
0.873000
0.603000
nan
0.636000
nan
nan
0.218000
0.175000
nan
0.869000
0.902000
0.627000
1.000000
0.508000
0.665000
0.247000
0.807000
0.517000
nan
nan
nan
0.475000
0.684000
0.457000
nan
0.430000
nan
0.762000
0.492000
nan
0.637000
nan
0.985000
0.840000
0.919000
nan
0.305000
0.208000
0.492000
nan
0.680000
nan
nan
0.266000
0.582000
nan
nan
nan
nan
0.242000
nan
nan
0.208000
0.208000
nan
nan
nan
0.363000
0.610000
nan
nan
nan
nan
nan
0.418000
nan
0.297000
0.621000
0.735000
0.434000
nan
0.801000
1.000000
1.000000
nan
0.907000
0.758000
nan
nan
nan
nan
0.547000
0.578000
0.668000
nan
nan
0.778000
0.387000
0.637000
0.715000
nan
nan
nan
0.438000
0.747000
1.000000
nan
0.653000
nan
0.430000
nan
0.637000
0.754000
0.219000
nan
nan
nan
nan
0.520000
0.661000
nan
0.465000
0.516000
0.817000
nan
nan
nan
nan
0.289000
0.886000
0.473000
nan
0.549000
0.768000
nan
0.845000
0.898000
nan
1.000000
nan
nan
nan
0.478000
0.762000
0.715000
0.868000
nan
0.981000
nan
nan
nan
nan
1.000000
nan
0.484000
0.463000
0.463000
0.463000
0.561000
nan
0.496000
0.791000
0.898000
nan
0.874000
nan
nan
0.738000
nan
0.644000
0.585000
nan
nan
nan
nan
nan
0.697000
nan
0.933000
nan
0.756000
0.774000
0.490000
nan
nan
0.484000
0.662000
0.626000
nan
0.756000
0.874000
nan
nan
nan
nan
nan
0.555000
0.561000
nan
0.579000
0.597000
0.538000
0.662000
nan
nan
nan
1.000000
0.880000
nan
nan
nan
0.602000
0.691000
nan
0.898000
nan
nan
0.963000
0.750000
0.738000
nan
0.786000
0.236000
nan
nan
nan
0.235000
0.279000
nan
nan
0.264000
0.239000
nan
nan
0.174000
nan
nan
nan
0.290000
nan
0.360000
0.329000
nan
nan
nan
nan
nan
nan
nan
0.372000
0.432000
nan
0.424000
0.387000
nan
0.355000
0.337000
0.356000
nan
0.143000
0.227000
nan
0.208000
nan
0.485000
0.454000
nan
nan
0.180000
nan
nan
nan
nan
nan
0.172000
0.162000
0.421000
0.529000
nan
nan
nan
0.832000
0.643000
0.737000
nan
nan
0.246000
0.187000
nan
nan
nan
0.470000
0.523000
nan
nan
nan
nan
nan
nan
nan
0.438000
nan
1.000000
0.441000
0.289000
nan
nan
nan
nan
0.460000
1.000000
nan
nan
nan
nan
nan
0.151000
nan
0.169000
0.141000
0.198000
0.329000
nan
1.000000
0.720000
0.949000
nan
nan
nan
nan
nan
nan
nan
nan
0.255000
0.141000
0.141000
0.192000
0.306000
nan
0.812000
0.260000
0.192000
nan
0.218000
nan
nan
1.000000
0.945000
nan
0.672000
nan
nan
0.567000
0.752000
0.882000
nan
nan
nan
nan
nan
0.780000
0.899000
nan
0.536000
0.299000
0.329000
0.192000
0.946000
nan
nan
0.818000
nan
nan
nan
nan
nan
1.000000
nan
nan
nan
nan
nan
nan
nan
nan
nan
nan
0.501000
0.738000
0.449000
0.693000
1.000000
nan
nan
0.454000
nan
0.325000
0.277000
0.260000
0.683000
0.309000
0.470000
nan
0.295000
nan
0.453000
nan
0.423000
nan
nan
0.847000
nan
0.632000
nan
nan
nan
0.775000
nan
0.547000
nan
nan
nan
0.919000
0.216000
nan
nan
nan
nan
nan
nan
nan
nan
nan
nan
0.770000
0.641000
nan
nan
nan
nan
nan
0.748000
0.892000
0.642000
0.463000
0.805000
nan
nan
nan
nan
0.787000
0.302000
nan
0.165000
0.165000
0.181000
nan
0.165000
0.236000
nan
0.829000
0.729000
0.506000
0.429000
nan
0.234000
nan
0.595000
nan
nan
nan
0.300000
nan
0.366000
0.291000
0.565000
nan
nan
nan
nan
nan
0.281000
nan
nan
nan
nan
0.259000
nan
nan
