Coverage: 7161.734694
nan
0.127000
0.935000
nan
0.127000
nan
0.406000
nan
nan
0.332000
nan
nan
nan
0.443000
nan
nan
nan
0.800000
nan
0.148000
nan
0.127000
0.295000
nan
nan
0.935000
nan
0.935000
0.640000
0.763000
nan
0.713000
nan
nan
0.873000
nan
0.652000
0.258000
0.775000
0.800000
nan
nan
0.234000
nan
0.160000
nan
nan
0.861000
0.554000
0.578000
0.529000
nan
nan
0.886000
0.689000
nan
nan
nan
nan
nan
nan
nan
nan
0.504000
1.000000
0.763000
nan
nan
0.627000
nan
nan
nan
0.959000
nan
0.640000
nan
nan
nan
nan
nan
0.344000
0.369000
nan
0.923000
1.000000
0.578000
0.750000
nan
nan
0.517000
nan
0.775000
nan
nan
0.824000
nan
0.923000
0.541000
0.726000
0.615000
nan
nan
1.000000
nan
nan
0.886000
0.767000
0.655000
nan
nan
nan
nan
nan
0.779000
1.000000
nan
nan
nan
0.644000
nan
nan
1.000000
nan
0.542000
0.565000
0.689000
nan
nan
0.678000
nan
0.847000
0.463000
nan
0.599000
nan
0.474000
nan
nan
nan
0.418000
nan
0.858000
0.734000
nan
0.452000
0.531000
nan
nan
0.881000
nan
nan
0.610000
nan
nan
1.000000
0.553000
0.994000
0.587000
0.745000
0.757000
0.700000
0.632000
0.824000
0.689000
nan
nan
0.632000
0.723000
0.349000
nan
nan
0.565000
nan
nan
nan
0.395000
nan
0.565000
0.361000
0.429000
0.418000
0.407000
0.745000
nan
0.440000
0.576000
0.734000
nan
0.418000
0.349000
0.361000
nan
0.373000
nan
0.349000
nan
