Coverage: 29942.287695
nan
0.307000
0.409000
0.342000
0.348000
nan
0.404000
nan
0.320000
0.555000
0.594000
nan
0.432000
nan
nan
nan
0.387000
0.471000
0.684000
nan
nan
0.768000
0.307000
0.589000
0.656000
0.510000
0.307000
nan
0.482000
nan
0.667000
nan
nan
nan
nan
nan
nan
nan
0.774000
0.757000
nan
0.359000
0.409000
0.364000
nan
0.415000
0.359000
0.521000
0.448000
nan
0.471000
0.717000
0.533000
nan
nan
0.488000
0.678000
0.706000
nan
1.000000
0.880000
nan
nan
nan
0.566000
0.712000
nan
nan
nan
nan
0.639000
0.723000
0.661000
0.572000
nan
nan
0.813000
nan
nan
1.000000
0.796000
nan
0.914000
1.000000
nan
0.891000
nan
nan
0.824000
nan
0.666000
0.486000
0.495000
0.648000
nan
0.828000
0.565000
0.499000
nan
0.387000
0.387000
nan
0.517000
nan
0.762000
0.986000
0.718000
nan
0.486000
0.981000
nan
0.758000
nan
nan
nan
0.937000
0.872000
0.561000
0.806000
0.749000
nan
0.526000
0.876000
nan
nan
nan
nan
0.819000
nan
0.775000
nan
nan
nan
nan
0.640000
nan
nan
nan
nan
nan
nan
nan
nan
nan
0.670000
0.767000
0.955000
nan
nan
0.731000
0.705000
nan
1.000000
0.802000
0.718000
0.688000
0.762000
0.648000
0.495000
nan
nan
0.902000
nan
nan
nan
0.951000
0.880000
1.000000
0.710000
nan
nan
nan
0.387000
0.477000
nan
nan
nan
0.442000
nan
0.731000
nan
nan
nan
0.613000
0.942000
1.000000
0.742000
nan
nan
nan
0.506000
nan
0.834000
0.673000
0.588000
0.379000
nan
nan
0.383000
nan
0.929000
nan
nan
1.000000
0.731000
0.372000
nan
nan
0.598000
0.454000
0.280000
nan
nan
nan
0.482000
nan
0.557000
0.605000
nan
nan
nan
nan
0.547000
nan
0.899000
0.759000
nan
0.994000
0.513000
0.475000
nan
0.509000
0.325000
nan
0.280000
0.280000
0.355000
nan
0.803000
0.622000
0.625000
0.659000
nan
0.895000
nan
nan
1.000000
0.755000
0.868000
nan
nan
nan
nan
0.834000
nan
0.670000
0.557000
nan
nan
nan
nan
nan
0.933000
0.950000
0.700000
0.636000
nan
nan
nan
0.506000
0.472000
nan
nan
0.581000
0.656000
nan
0.632000
1.000000
nan
0.673000
0.148000
0.185000
0.235000
nan
nan
0.321000
0.135000
0.233000
0.245000
nan
nan
nan
nan
nan
nan
0.242000
nan
nan
nan
nan
nan
0.208000
0.146000
nan
nan
0.185000
0.135000
0.160000
0.191000
nan
0.135000
0.153000
nan
nan
nan
nan
nan
0.281000
nan
nan
nan
nan
0.322000
nan
0.323000
0.202000
nan
nan
nan
nan
0.254000
nan
0.393000
0.378000
1.000000
nan
nan
nan
0.640000
0.442000
0.458000
nan
0.462000
0.287000
nan
0.359000
0.453000
0.250000
0.348000
0.567000
nan
nan
nan
0.857000
nan
nan
nan
nan
1.000000
0.540000
nan
nan
0.961000
nan
nan
nan
nan
nan
0.815000
0.218000
0.432000
0.631000
0.974000
nan
nan
0.671000
0.672000
nan
0.532000
nan
nan
nan
nan
0.432000
0.575000
1.000000
nan
0.361000
0.277000
0.345000
0.312000
0.706000
0.667000
0.898000
nan
nan
nan
nan
nan
nan
0.298000
1.000000
nan
0.472000
0.468000
nan
nan
0.652000
nan
0.416000
0.535000
nan
1.000000
nan
nan
nan
nan
0.463000
nan
nan
0.277000
0.942000
0.803000
0.729000
nan
nan
0.392000
0.356000
nan
nan
nan
0.670000
nan
nan
nan
0.588000
0.350000
0.444000
0.803000
nan
nan
0.334000
nan
0.835000
nan
nan
nan
0.617000
0.449000
nan
nan
nan
nan
0.430000
nan
nan
nan
0.413000
nan
nan
nan
0.748000
0.715000
0.535000
0.685000
0.641000
nan
nan
nan
nan
0.473000
0.528000
1.000000
0.556000
0.622000
nan
nan
nan
nan
0.775000
0.920000
nan
0.545000
0.740000
nan
nan
0.377000
nan
nan
0.341000
nan
nan
nan
nan
nan
0.356000
0.670000
1.000000
nan
nan
nan
nan
nan
nan
0.862000
0.534000
0.769000
nan
0.589000
0.513000
0.677000
0.622000
0.408000
0.718000
0.857000
0.854000
nan
0.581000
0.511000
1.000000
0.606000
nan
0.282000
0.187000
nan
0.205000
nan
0.261000
0.810000
nan
0.523000
0.426000
0.548000
0.712000
0.753000
0.636000
0.919000
1.000000
nan
nan
nan
0.767000
0.813000
0.845000
nan
0.319000
0.382000
0.285000
nan
nan
0.292000
nan
nan
nan
nan
nan
0.521000
nan
nan
nan
nan
nan
nan
0.476000
nan
0.423000
nan
0.426000
0.388000
nan
0.321000
0.153000
nan
0.153000
0.280000
0.153000
nan
