Coverage: 32566.820276
0.196000
0.196000
nan
nan
nan
0.429000
0.289000
0.232000
nan
0.433000
0.401000
0.370000
nan
0.577000
0.690000
nan
nan
0.253000
nan
nan
nan
0.229000
0.211000
0.215000
0.196000
nan
0.655000
nan
nan
0.697000
nan
nan
0.581000
nan
0.532000
nan
0.616000
0.778000
nan
nan
nan
0.524000
nan
nan
nan
0.451000
0.697000
nan
nan
nan
nan
nan
nan
0.915000
nan
0.658000
nan
0.658000
0.546000
nan
0.373000
nan
nan
nan
nan
nan
0.595000
nan
0.458000
0.264000
0.229000
0.584000
0.489000
nan
0.979000
nan
0.905000
0.919000
0.644000
0.359000
0.595000
0.637000
nan
nan
0.627000
1.000000
nan
nan
nan
0.222000
nan
0.338000
1.000000
nan
0.996000
1.000000
nan
0.979000
0.614000
nan
0.625000
nan
nan
nan
0.740000
0.753000
nan
0.434000
0.497000
nan
nan
nan
0.952000
nan
nan
nan
1.000000
nan
nan
nan
nan
0.687000
0.640000
nan
nan
nan
0.701000
nan
nan
nan
0.860000
nan
0.661000
nan
nan
0.938000
nan
nan
nan
nan
nan
nan
0.693000
0.789000
0.999000
nan
0.753000
nan
nan
nan
nan
nan
nan
0.356000
nan
nan
nan
nan
nan
nan
0.400000
nan
0.727000
0.766000
nan
nan
0.351000
0.523000
0.758000
nan
0.750000
nan
nan
0.612000
nan
0.431000
0.489000
0.546000
0.439000
nan
nan
0.554000
0.583000
0.351000
0.351000
0.766000
0.737000
nan
1.000000
0.763000
nan
nan
nan
nan
0.606000
0.638000
nan
nan
nan
nan
nan
0.826000
1.000000
nan
nan
0.612000
0.604000
0.719000
nan
0.450000
nan
nan
nan
0.575000
0.714000
0.588000
0.316000
nan
nan
nan
nan
nan
1.000000
0.591000
nan
nan
0.410000
1.000000
0.838000
0.946000
0.810000
nan
0.336000
0.480000
0.716000
nan
nan
0.727000
0.469000
0.533000
0.627000
nan
0.602000
nan
0.410000
nan
nan
nan
nan
nan
0.602000
nan
nan
0.288000
0.433000
nan
nan
nan
0.741000
0.718000
nan
nan
nan
0.926000
0.998000
nan
0.394000
0.627000
1.000000
0.907000
0.494000
0.666000
0.860000
0.777000
0.499000
nan
0.965000
nan
0.394000
0.288000
0.288000
0.311000
0.291000
nan
0.879000
nan
0.610000
0.496000
nan
nan
0.405000
0.380000
nan
0.563000
0.954000
0.488000
0.435000
0.538000
0.729000
nan
0.477000
0.649000
nan
nan
nan
nan
nan
0.195000
nan
0.195000
0.766000
0.599000
nan
0.644000
0.577000
0.507000
0.660000
0.448000
nan
nan
nan
0.248000
0.428000
0.500000
nan
nan
0.565000
nan
0.437000
0.441000
nan
nan
0.322000
0.195000
0.358000
nan
0.570000
nan
nan
0.689000
nan
0.532000
nan
nan
nan
nan
nan
0.579000
0.926000
nan
0.579000
nan
0.468000
0.273000
0.255000
0.264000
0.365000
nan
nan
nan
nan
nan
0.523000
0.507000
nan
0.403000
0.450000
0.649000
0.653000
0.423000
0.381000
0.547000
nan
0.203000
0.552000
nan
nan
nan
0.842000
0.536000
0.653000
nan
nan
nan
nan
nan
0.408000
1.000000
nan
nan
nan
nan
nan
nan
0.752000
1.000000
1.000000
nan
nan
0.408000
nan
0.331000
nan
0.323000
0.351000
nan
nan
nan
nan
0.325000
0.788000
nan
0.211000
nan
0.323000
0.576000
0.567000
nan
0.357000
nan
nan
nan
0.262000
0.491000
nan
0.804000
0.453000
0.360000
nan
nan
0.311000
nan
nan
0.593000
0.825000
nan
0.262000
nan
nan
0.211000
nan
nan
nan
0.211000
nan
nan
nan
0.463000
0.756000
0.560000
0.530000
nan
0.646000
0.505000
0.405000
0.353000
nan
nan
nan
0.272000
0.394000
1.000000
nan
nan
0.487000
nan
0.425000
0.349000
nan
nan
1.000000
0.577000
0.659000
0.741000
nan
nan
nan
nan
0.775000
0.942000
nan
nan
nan
nan
0.715000
0.577000
1.000000
nan
nan
nan
nan
0.224000
0.392000
0.503000
nan
0.326000
0.237000
0.134000
nan
0.984000
nan
nan
0.298000
nan
nan
nan
nan
0.640000
0.726000
nan
nan
0.738000
0.651000
0.679000
nan
nan
0.394000
0.134000
0.400000
0.340000
0.182000
0.834000
0.713000
0.753000
0.725000
nan
0.517000
0.715000
nan
0.453000
nan
nan
0.982000
1.000000
nan
nan
nan
nan
nan
nan
nan
nan
0.228000
nan
0.750000
0.728000
0.813000
0.774000
nan
0.583000
nan
nan
nan
0.376000
nan
nan
0.328000
0.115000
nan
0.230000
0.450000
nan
nan
nan
nan
0.330000
nan
0.674000
nan
1.000000
0.939000
0.510000
0.351000
0.297000
nan
nan
nan
0.835000
0.735000
0.570000
nan
nan
0.597000
nan
1.000000
0.616000
0.289000
nan
0.220000
0.262000
0.430000
nan
nan
0.343000
nan
nan
nan
nan
nan
nan
nan
nan
nan
0.438000
0.615000
nan
nan
nan
nan
0.378000
0.335000
0.380000
0.231000
0.284000
0.385000
nan
nan
nan
nan
0.291000
0.334000
nan
nan
nan
nan
nan
nan
nan
0.325000
0.200000
0.291000
0.385000
nan
0.301000
nan
0.267000
0.418000
nan
0.357000
nan
nan
nan
nan
nan
0.122000
0.214000
nan
0.214000
0.129000
0.096000
0.096000
