Coverage: 11358.620690
0.067000
0.067000
0.067000
nan
nan
0.680000
nan
0.474000
0.288000
nan
0.227000
0.124000
0.247000
0.309000
0.247000
0.165000
0.556000
nan
0.391000
nan
nan
nan
0.391000
0.577000
0.247000
0.762000
nan
0.144000
0.330000
0.309000
0.412000
nan
nan
1.000000
nan
0.536000
0.556000
nan
nan
0.762000
0.742000
0.947000
nan
0.844000
0.742000
0.742000
0.453000
nan
0.783000
nan
nan
nan
0.515000
nan
0.577000
0.618000
0.680000
nan
nan
nan
nan
nan
nan
nan
0.762000
nan
0.700000
nan
0.680000
0.957000
nan
nan
0.709000
nan
0.672000
nan
nan
nan
nan
0.636000
nan
nan
nan
nan
0.436000
nan
nan
nan
nan
nan
0.886000
nan
0.872000
nan
0.636000
nan
0.527000
0.545000
nan
nan
0.850000
nan
0.677000
nan
0.472000
nan
0.425000
0.646000
nan
0.268000
0.488000
nan
nan
nan
nan
0.173000
0.283000
0.283000
0.252000
0.252000
0.142000
0.535000
nan
nan
0.220000
0.299000
nan
nan
nan
nan
1.000000
0.236000
nan
0.173000
0.252000
1.000000
1.000000
0.252000
0.283000
0.142000
0.142000
0.084000
0.110000
0.299000
nan
nan
nan
nan
0.157000
0.220000
nan
nan
nan
nan
nan
nan
nan
0.252000
0.472000
nan
nan
0.173000
0.157000
0.157000
nan
nan
nan
nan
0.268000
nan
0.142000
nan
0.084000
0.084000
