Coverage: 1509.424084
0.085000
nan
0.510000
nan
nan
0.212000
nan
nan
0.382000
nan
nan
0.085000
0.425000
0.170000
0.764000
0.425000
nan
0.594000
0.594000
nan
0.085000
nan
nan
nan
0.764000
nan
0.679000
0.679000
nan
nan
nan
0.340000
nan
0.425000
nan
nan
nan
0.340000
nan
nan
0.934000
nan
nan
0.085000
0.255000
0.127000
nan
0.849000
0.255000
0.467000
0.722000
0.552000
0.552000
nan
0.170000
0.340000
nan
nan
nan
nan
0.552000
0.637000
nan
nan
0.212000
nan
nan
nan
nan
0.722000
0.637000
nan
nan
nan
nan
0.849000
0.977000
0.892000
nan
0.637000
0.212000
0.425000
0.297000
nan
1.000000
0.594000
nan
0.212000
0.637000
nan
0.085000
0.934000
nan
nan
1.000000
nan
1.000000
nan
0.207000
nan
0.655000
0.690000
0.414000
0.724000
nan
0.690000
0.552000
0.552000
nan
nan
0.621000
0.759000
nan
0.517000
0.724000
0.793000
1.000000
nan
0.241000
nan
0.448000
0.379000
0.586000
0.276000
nan
nan
0.241000
0.448000
0.517000
0.310000
0.144000
0.276000
0.276000
nan
nan
0.345000
1.000000
nan
0.828000
0.690000
0.345000
0.793000
0.552000
0.414000
0.724000
1.000000
nan
0.483000
1.000000
nan
0.345000
0.897000
nan
nan
0.144000
nan
0.724000
nan
nan
nan
0.153000
0.483000
0.310000
nan
nan
nan
0.414000
nan
nan
nan
nan
0.483000
nan
nan
nan
nan
nan
nan
nan
nan
nan
nan
nan
nan
nan
nan
0.414000
1.000000
nan
0.345000
0.119000
