Coverage: 660.769231
nan
nan
0.000000
nan
nan
0.220000
nan
0.220000
0.000000
0.000000
0.220000
nan
0.000000
nan
nan
0.000000
nan
0.879000
nan
nan
nan
nan
nan
nan
nan
nan
0.440000
nan
nan
nan
nan
nan
nan
1.000000
0.000000
0.440000
0.000000
1.000000
0.440000
nan
0.220000
nan
0.220000
0.440000
nan
nan
nan
0.659000
0.248000
nan
nan
0.124000
0.124000
nan
0.207000
nan
nan
0.207000
0.165000
nan
0.289000
nan
0.165000
0.372000
0.620000
0.165000
nan
nan
0.124000
0.372000
0.620000
0.331000
nan
nan
nan
0.455000
nan
nan
0.496000
nan
0.372000
0.331000
nan
nan
nan
0.289000
0.661000
0.248000
0.620000
0.579000
nan
0.579000
0.372000
1.000000
nan
0.868000
0.248000
0.455000
0.331000
nan
0.496000
0.372000
0.455000
nan
0.909000
0.868000
nan
0.579000
0.248000
nan
nan
0.785000
0.661000
1.000000
nan
0.579000
0.744000
nan
nan
nan
nan
nan
nan
nan
nan
nan
nan
0.165000
nan
0.124000
0.537000
0.579000
nan
nan
0.207000
0.909000
1.000000
0.637000
nan
0.232000
nan
nan
nan
nan
0.695000
1.000000
0.521000
0.463000
0.289000
0.781000
nan
0.463000
0.810000
nan
0.868000
nan
0.666000
nan
nan
1.000000
0.463000
0.984000
0.897000
nan
0.405000
0.463000
0.550000
nan
nan
0.753000
0.521000
nan
0.087000
nan
0.897000
0.868000
nan
0.405000
0.521000
0.810000
nan
nan
nan
0.695000
0.955000
0.463000
0.521000
0.145000
0.405000
0.203000
nan
nan
nan
nan
0.289000
nan
0.087000
0.087000
0.174000
0.087000
0.116000
nan
nan
0.550000
nan
0.289000
0.260000
0.434000
0.116000
0.376000
1.000000
0.724000
0.405000
nan
0.260000
1.000000
nan
nan
1.000000
nan
nan
nan
0.214000
nan
nan
nan
nan
1.000000
0.429000
nan
0.143000
nan
nan
nan
nan
0.214000
nan
0.357000
0.571000
1.000000
nan
0.446000
0.446000
0.624000
nan
nan
nan
0.857000
nan
nan
nan
0.714000
0.000000
0.535000
0.929000
nan
0.446000
nan
0.000000
0.357000
0.535000
nan
nan
nan
0.089000
0.089000
nan
0.803000
0.714000
0.357000
0.000000
nan
nan
nan
nan
0.000000
0.178000
nan
nan
nan
nan
nan
nan
nan
nan
nan
0.268000
nan
0.089000
nan
