Coverage: 18067.653759
nan
nan
0.443000
nan
nan
0.744000
0.636000
nan
nan
nan
0.729000
nan
0.621000
nan
0.747000
nan
0.973000
0.871000
nan
nan
nan
0.865000
nan
1.000000
1.000000
1.000000
nan
nan
nan
0.440000
nan
nan
nan
0.362000
0.271000
0.277000
nan
0.129000
0.133000
0.129000
nan
nan
nan
nan
0.151000
0.148000
0.345000
nan
0.476000
0.378000
0.905000
nan
nan
0.371000
0.378000
0.423000
nan
nan
nan
nan
0.614000
nan
nan
0.586000
nan
0.684000
nan
0.869000
nan
0.654000
nan
0.411000
nan
nan
0.449000
nan
nan
1.000000
nan
nan
0.877000
0.942000
nan
nan
nan
nan
nan
nan
1.000000
nan
1.000000
0.864000
nan
0.679000
nan
0.626000
nan
nan
0.925000
0.526000
0.802000
0.709000
0.915000
nan
nan
0.704000
nan
0.438000
0.679000
nan
nan
nan
0.474000
nan
0.433000
0.345000
nan
0.561000
nan
nan
nan
0.619000
0.501000
nan
nan
0.586000
nan
nan
0.511000
nan
0.345000
0.353000
nan
nan
nan
nan
nan
0.546000
nan
nan
nan
nan
nan
0.454000
0.717000
nan
0.373000
0.511000
nan
0.634000
0.469000
nan
0.541000
nan
0.624000
0.544000
nan
nan
nan
nan
0.439000
0.414000
0.523000
nan
nan
0.489000
0.449000
0.259000
0.533000
0.514000
nan
nan
nan
0.638000
0.643000
0.583000
0.486000
nan
0.317000
nan
nan
nan
nan
0.496000
nan
nan
nan
0.735000
0.606000
nan
nan
0.603000
0.631000
0.788000
nan
0.538000
0.815000
0.955000
0.451000
0.681000
0.538000
0.573000
0.230000
nan
nan
0.230000
nan
nan
nan
nan
0.230000
0.297000
nan
0.738000
0.803000
nan
nan
0.596000
nan
nan
nan
0.693000
nan
0.758000
0.823000
0.835000
nan
nan
nan
0.628000
nan
0.815000
0.838000
1.000000
0.441000
nan
nan
nan
nan
nan
0.982000
nan
0.907000
1.000000
nan
nan
0.688000
nan
nan
0.636000
0.845000
nan
nan
0.658000
1.000000
nan
nan
nan
nan
0.907000
0.810000
nan
0.861000
nan
0.534000
nan
nan
nan
nan
1.000000
nan
nan
nan
nan
nan
nan
0.141000
0.141000
0.141000
0.146000
nan
nan
nan
0.367000
nan
nan
nan
nan
nan
0.564000
nan
nan
nan
0.719000
0.767000
1.000000
nan
nan
0.673000
nan
nan
1.000000
nan
0.552000
0.346000
nan
0.476000
0.564000
0.898000
nan
nan
0.516000
0.688000
nan
0.439000
0.439000
0.495000
0.555000
nan
nan
nan
nan
nan
0.534000
nan
0.481000
0.439000
nan
0.246000
0.987000
nan
nan
nan
nan
nan
nan
nan
0.850000
nan
