Coverage: 9497.123894
nan
nan
0.625000
nan
nan
nan
0.575000
0.834000
nan
0.855000
nan
0.791000
1.000000
0.942000
0.963000
0.726000
0.992000
0.820000
0.647000
nan
1.000000
0.848000
nan
nan
1.000000
nan
0.712000
0.568000
nan
nan
0.453000
nan
0.791000
0.597000
nan
nan
0.467000
0.496000
nan
0.345000
0.744000
nan
0.309000
0.933000
0.942000
nan
0.882000
nan
0.637000
nan
0.693000
1.000000
1.000000
0.285000
nan
nan
0.285000
nan
nan
nan
nan
nan
0.285000
nan
nan
1.000000
0.651000
nan
nan
nan
nan
nan
nan
0.804000
nan
0.577000
0.688000
0.522000
0.975000
nan
nan
0.785000
nan
0.693000
0.762000
0.619000
0.443000
0.827000
0.924000
0.591000
0.600000
0.961000
nan
nan
0.716000
nan
nan
nan
0.864000
0.624000
0.868000
nan
0.554000
nan
0.776000
0.804000
nan
0.476000
0.693000
0.374000
0.711000
0.614000
nan
nan
0.393000
nan
0.818000
0.633000
0.919000
nan
0.365000
0.296000
0.517000
0.684000
0.739000
0.821000
nan
nan
nan
nan
nan
nan
nan
0.735000
0.448000
0.539000
0.221000
nan
0.136000
nan
0.130000
nan
0.332000
0.614000
nan
nan
0.201000
0.130000
0.347000
nan
1.000000
nan
0.846000
0.634000
nan
0.846000
nan
0.846000
0.992000
0.609000
1.000000
nan
nan
0.569000
1.000000
0.619000
nan
0.901000
0.926000
0.448000
0.936000
nan
nan
0.498000
nan
nan
0.272000
0.156000
0.463000
0.725000
nan
0.302000
nan
0.176000
nan
0.130000
nan
0.403000
nan
0.554000
0.851000
nan
nan
nan
0.242000
0.428000
0.398000
0.629000
nan
nan
0.750000
0.735000
nan
nan
0.463000
0.297000
nan
nan
0.252000
0.337000
0.503000
0.654000
0.349000
nan
nan
0.383000
0.475000
nan
nan
nan
0.736000
0.663000
nan
0.291000
0.630000
0.596000
0.775000
nan
nan
nan
nan
nan
nan
0.688000
nan
0.513000
0.547000
0.552000
nan
0.547000
nan
0.644000
0.465000
0.460000
nan
nan
0.886000
0.310000
0.446000
0.610000
nan
0.533000
0.959000
nan
0.639000
0.857000
0.392000
0.479000
0.528000
0.334000
0.291000
nan
nan
nan
0.668000
0.789000
0.891000
nan
nan
0.973000
0.847000
nan
1.000000
0.722000
0.746000
nan
nan
0.436000
0.412000
0.731000
nan
0.291000
0.446000
nan
nan
nan
0.538000
nan
nan
0.320000
nan
nan
nan
nan
nan
0.605000
0.426000
nan
nan
nan
nan
nan
1.000000
nan
0.649000
nan
1.000000
nan
nan
nan
nan
1.000000
nan
nan
0.942000
nan
nan
0.666000
0.335000
0.340000
0.704000
1.000000
nan
nan
nan
0.743000
0.583000
nan
0.476000
0.695000
0.724000
0.928000
1.000000
0.879000
nan
nan
nan
nan
0.758000
nan
nan
0.763000
nan
nan
nan
0.981000
nan
0.884000
0.904000
0.981000
0.889000
nan
