Coverage: 823.756906
nan
nan
0.495000
nan
nan
nan
nan
nan
nan
nan
nan
nan
nan
0.270000
nan
0.450000
nan
0.270000
nan
nan
nan
nan
0.495000
nan
nan
0.100000
nan
nan
nan
0.495000
nan
nan
nan
nan
0.811000
0.315000
0.946000
0.721000
nan
nan
0.586000
0.766000
0.405000
nan
0.270000
0.946000
nan
nan
0.766000
nan
0.180000
1.000000
nan
0.315000
0.856000
1.000000
nan
nan
nan
nan
0.467000
nan
nan
0.807000
0.849000
nan
nan
0.764000
nan
nan
0.425000
nan
nan
0.127000
0.382000
nan
0.722000
nan
0.977000
0.679000
nan
