Coverage: 2711.170213
nan
nan
0.199000
nan
nan
nan
nan
nan
nan
0.558000
0.478000
nan
1.000000
nan
0.598000
0.956000
nan
nan
nan
0.637000
nan
0.637000
nan
nan
nan
nan
nan
0.916000
nan
nan
nan
0.598000
0.677000
0.637000
0.598000
nan
nan
nan
nan
0.279000
nan
0.478000
0.199000
1.000000
nan
nan
nan
nan
nan
nan
nan
nan
nan
nan
0.234000
nan
0.546000
nan
nan
0.741000
0.936000
0.936000
0.858000
0.429000
nan
nan
nan
nan
0.305000
0.344000
nan
1.000000
0.649000
nan
0.763000
nan
nan
nan
0.267000
0.267000
nan
1.000000
0.496000
nan
nan
0.840000
0.725000
nan
