Coverage: 11926.903553
nan
nan
0.436000
nan
nan
nan
nan
nan
nan
0.806000
nan
0.538000
nan
nan
0.479000
0.545000
1.000000
0.690000
0.305000
0.596000
0.610000
nan
0.930000
0.821000
nan
0.908000
0.821000
1.000000
nan
0.639000
0.305000
nan
nan
0.501000
0.341000
0.465000
0.400000
0.988000
nan
nan
0.581000
1.000000
nan
0.944000
0.437000
0.478000
0.536000
nan
0.527000
nan
0.554000
nan
nan
0.455000
nan
0.654000
0.883000
nan
0.883000
nan
0.559000
0.509000
0.703000
0.415000
0.293000
nan
0.685000
nan
nan
nan
0.249000
0.902000
0.568000
nan
1.000000
0.969000
0.838000
nan
0.892000
nan
0.261000
0.249000
nan
0.820000
nan
0.793000
0.654000
nan
0.352000
nan
nan
nan
0.744000
0.609000
0.532000
0.694000
nan
nan
nan
nan
nan
nan
0.780000
0.753000
0.874000
nan
nan
0.983000
1.000000
nan
nan
0.865000
0.861000
nan
0.249000
0.419000
nan
nan
nan
nan
nan
0.563000
nan
0.829000
nan
nan
nan
0.437000
nan
0.581000
nan
nan
0.577000
1.000000
0.883000
nan
0.672000
0.834000
0.599000
nan
nan
nan
1.000000
nan
1.000000
0.591000
nan
0.691000
0.988000
nan
0.863000
0.821000
0.553000
nan
0.414000
nan
nan
nan
0.414000
0.641000
nan
0.687000
0.473000
0.963000
nan
nan
0.737000
nan
0.905000
nan
0.414000
nan
nan
0.473000
nan
nan
0.628000
nan
nan
0.821000
nan
0.632000
0.595000
0.687000
nan
0.540000
0.762000
0.662000
0.704000
nan
0.528000
0.536000
nan
0.666000
0.800000
1.000000
nan
nan
0.779000
0.503000
0.699000
0.658000
nan
0.603000
0.574000
0.733000
nan
nan
nan
0.846000
0.545000
0.561000
0.545000
nan
0.612000
nan
0.440000
0.725000
nan
0.699000
0.549000
0.930000
nan
0.458000
nan
nan
nan
0.169000
0.313000
0.296000
nan
nan
0.187000
0.303000
nan
0.957000
nan
nan
nan
nan
nan
nan
nan
0.165000
nan
nan
0.201000
0.176000
nan
nan
nan
nan
0.810000
0.901000
nan
0.852000
nan
nan
nan
0.451000
0.419000
nan
nan
nan
nan
0.391000
0.412000
nan
nan
nan
1.000000
nan
nan
0.817000
nan
nan
nan
nan
nan
nan
nan
0.320000
0.373000
nan
nan
1.000000
nan
0.827000
nan
0.820000
nan
0.165000
0.165000
nan
0.521000
nan
0.655000
nan
nan
nan
nan
nan
0.553000
0.479000
0.524000
0.208000
0.465000
0.760000
nan
nan
nan
0.873000
0.774000
nan
nan
0.570000
nan
0.757000
0.373000
nan
0.331000
1.000000
nan
nan
nan
nan
nan
nan
nan
0.841000
nan
nan
nan
nan
0.359000
0.285000
0.465000
0.549000
0.377000
0.517000
nan
0.539000
0.215000
nan
nan
0.641000
0.480000
0.417000
0.546000
0.725000
nan
0.549000
0.688000
1.000000
nan
0.278000
0.546000
0.652000
nan
nan
0.846000
nan
nan
nan
1.000000
nan
nan
nan
nan
nan
nan
nan
nan
nan
nan
nan
nan
0.450000
nan
0.659000
nan
nan
nan
nan
0.714000
0.714000
nan
0.725000
nan
nan
nan
0.725000
nan
0.915000
nan
0.743000
nan
nan
0.322000
nan
nan
0.337000
0.160000
nan
nan
nan
nan
0.644000
nan
nan
nan
nan
nan
0.326000
nan
nan
nan
0.670000
0.817000
nan
nan
0.820000
nan
0.915000
1.000000
nan
nan
nan
0.575000
nan
0.516000
0.626000
nan
0.725000
0.546000
0.740000
0.564000
nan
0.593000
0.652000
nan
0.352000
0.359000
0.410000
nan
nan
nan
0.816000
0.846000
nan
0.576000
0.199000
0.199000
0.209000
0.299000
nan
nan
nan
nan
nan
0.411000
0.292000
nan
1.000000
nan
nan
0.703000
nan
nan
nan
0.687000
0.854000
nan
nan
nan
nan
nan
nan
0.687000
nan
0.838000
0.784000
nan
0.638000
nan
nan
0.589000
0.876000
nan
1.000000
nan
