Coverage: 6606.873977
nan
nan
0.439000
nan
nan
1.000000
0.704000
0.658000
nan
0.612000
0.831000
nan
nan
1.000000
nan
0.946000
0.439000
0.381000
0.138000
nan
nan
0.981000
0.900000
nan
nan
0.589000
nan
nan
nan
0.866000
0.958000
nan
0.589000
0.935000
0.946000
nan
nan
0.762000
1.000000
0.431000
nan
0.575000
nan
nan
0.202000
0.388000
nan
nan
0.682000
0.202000
nan
nan
0.266000
0.546000
0.553000
nan
nan
0.230000
0.202000
0.230000
0.503000
nan
nan
nan
0.388000
nan
0.230000
nan
0.388000
nan
nan
nan
0.524000
0.546000
nan
0.460000
nan
nan
0.682000
nan
0.503000
0.503000
nan
nan
nan
nan
0.575000
0.747000
nan
nan
nan
nan
0.718000
0.891000
nan
nan
nan
0.287000
0.287000
0.596000
nan
0.826000
nan
nan
nan
0.740000
nan
0.841000
0.855000
0.690000
0.948000
0.625000
nan
0.632000
0.654000
0.582000
1.000000
nan
nan
nan
0.639000
nan
0.984000
0.711000
0.790000
nan
0.682000
nan
0.625000
1.000000
nan
nan
0.769000
1.000000
0.230000
0.908000
nan
0.432000
0.655000
0.745000
nan
nan
0.566000
0.439000
0.886000
0.908000
nan
nan
nan
nan
0.357000
0.231000
nan
nan
nan
nan
nan
1.000000
0.707000
0.834000
0.782000
nan
0.827000
1.000000
nan
nan
0.484000
0.182000
0.182000
nan
0.182000
nan
0.581000
0.603000
nan
nan
0.625000
nan
nan
nan
1.000000
nan
0.678000
nan
nan
nan
0.328000
nan
nan
nan
0.975000
0.566000
0.618000
0.514000
0.506000
nan
nan
0.551000
0.678000
nan
0.477000
nan
nan
0.581000
0.410000
0.707000
0.663000
nan
0.819000
nan
0.514000
0.514000
0.663000
nan
nan
0.633000
nan
nan
nan
0.499000
0.477000
0.678000
nan
0.678000
0.328000
nan
0.588000
0.558000
nan
0.735000
nan
0.573000
0.681000
0.648000
nan
nan
nan
nan
nan
0.583000
nan
0.357000
nan
nan
0.583000
0.411000
0.605000
0.713000
nan
nan
0.659000
0.329000
0.659000
0.475000
nan
nan
nan
0.346000
0.713000
0.681000
0.519000
0.443000
0.843000
nan
nan
0.681000
nan
0.486000
0.562000
0.497000
nan
nan
nan
nan
nan
0.994000
nan
1.000000
0.432000
nan
0.508000
0.670000
0.529000
nan
0.627000
0.983000
0.573000
nan
0.648000
0.951000
0.821000
0.508000
0.778000
nan
nan
0.367000
nan
nan
0.329000
0.378000
0.929000
0.497000
0.918000
1.000000
1.000000
0.627000
0.335000
0.329000
nan
nan
0.789000
0.669000
nan
0.726000
nan
nan
0.248000
0.754000
nan
nan
0.327000
nan
0.591000
0.470000
0.248000
nan
nan
nan
nan
0.248000
0.263000
nan
nan
nan
nan
0.448000
nan
0.555000
0.626000
0.633000
nan
nan
0.619000
0.705000
nan
0.633000
nan
nan
nan
0.584000
0.740000
0.947000
0.342000
0.562000
nan
0.875000
0.648000
nan
0.598000
0.619000
nan
nan
0.555000
0.356000
0.363000
0.790000
nan
nan
0.733000
0.954000
nan
nan
0.591000
nan
nan
0.719000
nan
0.406000
nan
0.342000
0.427000
1.000000
nan
0.861000
1.000000
nan
0.797000
1.000000
nan
nan
0.548000
0.577000
0.961000
0.655000
0.655000
nan
nan
nan
nan
0.306000
0.285000
0.904000
1.000000
0.559000
0.473000
nan
0.872000
0.313000
1.000000
0.653000
nan
0.493000
0.619000
0.373000
0.653000
0.533000
nan
nan
nan
0.713000
0.719000
0.952000
nan
0.846000
nan
nan
nan
0.313000
0.313000
nan
nan
nan
nan
0.513000
nan
0.746000
0.313000
nan
0.666000
0.586000
0.473000
0.826000
0.666000
nan
0.806000
nan
nan
0.506000
nan
nan
0.619000
0.466000
nan
nan
0.759000
0.733000
nan
nan
nan
0.526000
0.546000
nan
nan
0.779000
nan
nan
0.713000
nan
0.480000
nan
nan
nan
nan
0.899000
nan
0.633000
nan
0.473000
0.659000
0.539000
1.000000
0.553000
nan
nan
nan
nan
nan
0.597000
0.640000
nan
0.603000
0.615000
0.789000
0.640000
nan
nan
0.329000
nan
0.237000
nan
nan
nan
nan
nan
0.664000
1.000000
nan
0.444000
1.000000
0.358000
nan
