Coverage: 28444.600939
nan
nan
0.520000
nan
nan
nan
nan
nan
1.000000
nan
nan
0.936000
0.708000
0.891000
0.800000
1.000000
0.833000
1.000000
nan
0.222000
nan
0.116000
nan
0.417000
nan
0.797000
nan
0.231000
nan
nan
0.331000
0.204000
nan
nan
0.137000
0.912000
0.785000
0.929000
1.000000
nan
nan
nan
nan
0.221000
0.221000
nan
nan
nan
0.367000
0.430000
nan
0.542000
nan
nan
nan
0.231000
nan
0.221000
nan
0.302000
0.982000
0.925000
nan
0.757000
0.690000
nan
0.562000
nan
nan
0.505000
0.268000
0.349000
0.806000
nan
0.816000
nan
0.812000
0.773000
nan
nan
nan
nan
nan
0.795000
0.591000
nan
nan
0.505000
0.795000
0.735000
0.611000
0.968000
nan
nan
nan
nan
0.574000
nan
nan
nan
0.288000
nan
0.891000
0.775000
nan
0.929000
nan
0.826000
0.785000
nan
nan
nan
nan
nan
0.363000
nan
0.298000
nan
nan
nan
0.960000
nan
nan
0.286000
nan
0.250000
0.526000
0.400000
0.962000
0.718000
nan
nan
0.860000
nan
0.921000
nan
nan
1.000000
1.000000
0.448000
0.468000
nan
nan
nan
0.144000
0.117000
nan
nan
nan
nan
nan
nan
nan
0.192000
0.175000
0.385000
0.398000
1.000000
nan
nan
nan
0.198000
nan
0.810000
nan
nan
nan
nan
0.378000
nan
0.157000
0.117000
nan
nan
nan
0.502000
nan
0.185000
nan
nan
0.121000
nan
nan
nan
nan
0.275000
nan
0.140000
0.144000
nan
0.159000
nan
0.925000
nan
nan
nan
0.140000
0.117000
0.321000
nan
nan
0.971000
nan
0.205000
nan
nan
nan
nan
nan
nan
0.220000
nan
nan
0.171000
0.276000
0.696000
1.000000
nan
nan
nan
0.636000
nan
nan
nan
nan
0.750000
0.743000
0.429000
0.691000
0.631000
nan
0.556000
nan
nan
nan
nan
nan
0.575000
0.744000
nan
nan
0.378000
nan
nan
nan
nan
0.341000
0.250000
0.325000
1.000000
nan
nan
nan
nan
0.242000
nan
0.597000
0.682000
nan
0.594000
nan
0.562000
nan
nan
0.173000
0.270000
nan
nan
nan
nan
1.000000
nan
0.173000
0.243000
nan
nan
0.497000
nan
0.421000
0.361000
nan
nan
nan
0.633000
0.530000
nan
0.376000
0.277000
nan
nan
0.550000
0.204000
0.263000
0.357000
nan
nan
0.231000
0.179000
nan
nan
0.349000
nan
nan
nan
0.224000
nan
0.684000
nan
1.000000
0.578000
nan
0.807000
0.173000
nan
nan
nan
0.482000
nan
nan
0.236000
0.206000
nan
nan
1.000000
nan
nan
nan
nan
nan
0.185000
0.274000
0.348000
0.289000
0.267000
0.258000
nan
0.464000
nan
0.796000
0.607000
nan
0.477000
0.625000
0.771000
0.363000
nan
0.304000
0.255000
0.372000
0.592000
0.545000
nan
nan
nan
0.204000
0.179000
0.412000
0.255000
nan
0.584000
nan
0.630000
nan
nan
0.621000
nan
nan
1.000000
nan
0.523000
0.670000
0.839000
0.697000
0.542000
0.475000
nan
0.496000
nan
nan
nan
1.000000
0.753000
nan
0.396000
0.368000
nan
0.379000
0.488000
0.350000
0.236000
0.251000
nan
nan
0.756000
0.523000
nan
0.573000
nan
nan
nan
0.530000
nan
0.517000
0.703000
nan
nan
nan
0.659000
0.463000
nan
nan
nan
0.236000
0.299000
nan
nan
nan
nan
0.400000
nan
nan
nan
nan
0.398000
nan
nan
0.758000
0.676000
0.986000
nan
0.251000
nan
nan
0.236000
0.312000
0.293000
nan
0.515000
nan
nan
nan
0.680000
1.000000
nan
nan
0.848000
nan
0.440000
0.308000
0.306000
0.573000
nan
nan
nan
nan
0.337000
nan
nan
0.375000
1.000000
0.813000
nan
0.288000
0.421000
0.867000
nan
0.292000
nan
nan
0.488000
0.519000
nan
0.826000
nan
nan
0.547000
0.645000
nan
nan
nan
nan
0.796000
1.000000
nan
0.541000
0.547000
0.532000
0.687000
nan
nan
0.669000
nan
0.842000
nan
0.271000
0.316000
0.674000
nan
nan
nan
nan
nan
nan
nan
nan
0.327000
0.253000
nan
0.816000
nan
0.856000
0.791000
0.683000
0.484000
nan
nan
0.148000
0.148000
0.236000
0.370000
nan
0.212000
0.234000
0.239000
nan
0.667000
nan
nan
0.559000
0.939000
nan
nan
nan
1.000000
0.990000
0.821000
0.840000
0.690000
nan
