Coverage: 5671.875000
nan
nan
0.688000
nan
nan
nan
nan
0.772000
nan
nan
nan
0.565000
nan
0.518000
nan
nan
nan
nan
nan
nan
nan
nan
nan
0.791000
1.000000
0.631000
0.886000
0.669000
0.735000
nan
0.528000
0.480000
1.000000
nan
0.311000
nan
nan
nan
nan
0.933000
nan
nan
0.415000
nan
nan
nan
nan
0.957000
0.663000
nan
nan
0.722000
nan
0.485000
nan
nan
nan
nan
0.900000
nan
0.801000
0.722000
nan
0.890000
0.445000
0.682000
nan
nan
0.653000
nan
0.910000
nan
0.901000
0.383000
0.611000
0.611000
0.580000
1.000000
0.735000
nan
nan
1.000000
0.943000
nan
nan
0.632000
nan
0.300000
nan
nan
0.518000
nan
