Coverage: 2204.210526
nan
nan
0.558000
nan
nan
nan
nan
0.791000
0.744000
nan
nan
nan
0.372000
nan
0.767000
0.628000
nan
nan
0.651000
nan
0.465000
0.372000
nan
nan
nan
nan
0.884000
nan
nan
0.299000
nan
0.437000
0.276000
nan
nan
nan
nan
0.529000
nan
nan
nan
nan
1.000000
nan
0.414000
0.391000
0.368000
0.529000
nan
nan
0.644000
0.989000
nan
0.736000
nan
0.667000
nan
nan
nan
nan
nan
0.591000
0.364000
1.000000
nan
1.000000
nan
nan
0.659000
nan
nan
nan
1.000000
0.659000
nan
0.455000
0.727000
0.727000
nan
0.727000
0.295000
0.341000
0.614000
0.568000
nan
nan
nan
0.659000
0.932000
nan
