Coverage: 1978.378378
nan
nan
0.338000
0.369000
nan
nan
0.369000
nan
0.676000
0.614000
1.000000
nan
0.707000
nan
nan
nan
nan
0.645000
0.584000
nan
nan
1.000000
0.614000
nan
0.707000
nan
0.215000
nan
nan
nan
nan
0.092000
0.860000
nan
nan
nan
nan
nan
0.771000
nan
nan
nan
nan
0.385000
nan
0.987000
0.826000
nan
0.826000
0.881000
nan
nan
0.462000
1.000000
nan
0.535000
0.657000
1.000000
0.706000
nan
nan
nan
nan
0.584000
nan
nan
0.827000
nan
0.511000
0.657000
0.487000
0.584000
nan
nan
0.730000
nan
nan
0.462000
0.608000
nan
nan
nan
nan
0.852000
nan
