Coverage: 9740.769231
nan
nan
0.427000
0.719000
nan
nan
0.805000
0.967000
nan
0.600000
nan
nan
nan
nan
nan
0.670000
0.719000
0.562000
nan
0.892000
1.000000
nan
0.892000
0.784000
nan
nan
nan
0.875000
0.773000
nan
nan
nan
nan
nan
nan
nan
nan
0.470000
0.340000
nan
nan
nan
0.422000
0.492000
0.189000
0.562000
nan
0.719000
0.686000
nan
0.821000
1.000000
nan
nan
1.000000
nan
nan
nan
nan
0.286000
nan
0.730000
1.000000
nan
0.759000
nan
nan
nan
0.390000
0.728000
0.775000
0.548000
nan
0.733000
nan
nan
nan
nan
0.327000
0.211000
nan
0.485000
nan
nan
0.311000
0.211000
0.211000
0.490000
0.907000
0.991000
nan
nan
1.000000
0.796000
nan
0.770000
nan
nan
0.838000
nan
0.385000
0.807000
0.501000
0.896000
0.675000
nan
0.601000
nan
nan
0.780000
0.353000
0.691000
nan
0.279000
0.264000
nan
0.807000
1.000000
nan
0.891000
0.991000
nan
nan
nan
nan
nan
nan
0.828000
0.480000
nan
0.569000
0.791000
0.712000
nan
0.865000
0.786000
nan
nan
nan
nan
0.211000
nan
nan
0.221000
nan
nan
0.295000
nan
0.627000
nan
nan
nan
nan
nan
nan
0.707000
nan
0.685000
0.754000
nan
0.395000
nan
0.851000
0.405000
0.840000
0.760000
0.954000
0.485000
nan
nan
nan
0.657000
nan
1.000000
nan
0.868000
nan
0.777000
nan
0.811000
nan
0.497000
nan
0.548000
nan
nan
nan
nan
0.554000
0.611000
nan
nan
0.811000
nan
nan
0.457000
0.577000
1.000000
nan
nan
nan
0.474000
0.243000
0.243000
0.497000
0.411000
0.668000
0.720000
nan
nan
nan
nan
nan
nan
0.611000
nan
nan
nan
0.777000
0.417000
0.634000
nan
nan
0.354000
nan
0.600000
0.463000
nan
0.571000
0.434000
nan
0.674000
0.560000
0.731000
0.748000
0.634000
0.475000
nan
0.262000
0.355000
0.951000
nan
nan
nan
nan
nan
nan
nan
nan
0.426000
0.220000
nan
nan
0.333000
nan
1.000000
0.732000
nan
0.852000
0.709000
0.615000
nan
nan
0.174000
0.219000
nan
nan
0.183000
0.355000
nan
0.860000
0.673000
0.579000
nan
0.735000
0.673000
nan
0.798000
0.579000
nan
0.438000
nan
nan
0.459000
0.595000
0.636000
0.422000
0.438000
0.986000
nan
