Coverage: 736.989796
nan
nan
0.136000
nan
nan
nan
0.271000
nan
0.226000
0.271000
nan
nan
0.950000
nan
nan
nan
nan
nan
nan
1.000000
nan
nan
nan
nan
nan
nan
nan
nan
nan
nan
nan
nan
0.633000
nan
nan
nan
nan
0.860000
nan
nan
nan
0.271000
0.090000
0.317000
nan
nan
nan
nan
0.633000
nan
nan
0.226000
0.317000
nan
nan
nan
nan
nan
0.181000
nan
nan
nan
0.407000
nan
nan
0.045000
0.317000
0.362000
1.000000
0.769000
0.498000
0.407000
nan
nan
1.000000
nan
nan
nan
1.000000
1.000000
nan
0.383000
nan
nan
nan
nan
0.656000
0.109000
0.656000
nan
0.492000
0.000000
nan
nan
nan
0.437000
0.328000
nan
nan
nan
0.164000
0.164000
nan
0.383000
nan
nan
0.055000
nan
0.546000
nan
0.820000
nan
0.328000
0.383000
0.437000
1.000000
0.055000
0.328000
0.109000
0.109000
0.164000
0.219000
0.219000
0.000000
0.328000
nan
0.109000
0.273000
nan
nan
0.219000
0.000000
0.164000
0.437000
nan
0.492000
0.164000
0.164000
0.000000
0.109000
0.219000
0.164000
0.164000
0.328000
nan
0.219000
nan
0.055000
nan
nan
nan
nan
0.164000
0.000000
0.328000
0.109000
nan
0.386000
0.514000
0.386000
nan
0.193000
nan
nan
nan
0.193000
nan
nan
0.322000
0.129000
0.193000
nan
nan
nan
0.450000
0.000000
nan
0.643000
0.000000
0.000000
nan
0.257000
0.579000
nan
0.000000
nan
nan
1.000000
nan
0.579000
0.836000
0.450000
0.322000
nan
nan
nan
0.322000
nan
nan
0.386000
0.900000
nan
0.579000
0.129000
0.643000
nan
0.322000
nan
0.643000
1.000000
nan
nan
0.129000
0.129000
nan
0.000000
0.322000
nan
0.836000
nan
1.000000
nan
nan
0.386000
0.257000
0.514000
0.514000
nan
nan
nan
nan
nan
0.193000
0.064000
0.643000
nan
0.386000
nan
nan
0.772000
0.643000
0.707000
nan
0.579000
0.772000
0.965000
1.000000
nan
0.385000
0.399000
0.239000
0.798000
nan
nan
nan
nan
nan
nan
0.399000
nan
nan
nan
nan
1.000000
0.399000
nan
0.798000
0.399000
1.000000
0.718000
nan
nan
0.638000
nan
0.878000
nan
0.638000
0.000000
nan
0.479000
0.319000
0.080000
1.000000
nan
0.638000
nan
nan
nan
nan
nan
0.080000
nan
