Coverage: 4682.894737
nan
nan
0.637000
nan
nan
nan
0.925000
nan
nan
0.840000
nan
nan
1.000000
nan
nan
0.603000
0.713000
nan
nan
0.279000
0.552000
nan
nan
0.722000
nan
0.297000
0.679000
0.705000
nan
0.654000
0.399000
0.407000
0.628000
nan
nan
0.730000
nan
0.560000
nan
nan
0.815000
0.756000
0.569000
nan
nan
0.289000
1.000000
1.000000
0.576000
0.979000
nan
nan
nan
0.595000
0.710000
nan
1.000000
nan
nan
0.480000
nan
0.729000
nan
nan
nan
0.288000
0.499000
0.499000
0.288000
nan
nan
0.250000
0.558000
nan
0.684000
nan
0.532000
nan
0.826000
0.735000
0.826000
0.355000
nan
nan
nan
0.634000
nan
nan
0.608000
nan
nan
0.228000
0.253000
0.932000
0.355000
0.380000
nan
nan
nan
nan
nan
nan
0.456000
nan
nan
nan
nan
0.253000
nan
nan
0.253000
0.355000
nan
0.304000
0.182000
nan
0.507000
nan
nan
nan
0.279000
nan
0.507000
0.355000
0.253000
nan
0.431000
nan
