Coverage: 18694.800000
nan
nan
0.583000
nan
nan
nan
nan
nan
nan
nan
1.000000
nan
nan
0.926000
nan
0.750000
nan
1.000000
nan
1.000000
0.892000
nan
0.549000
0.784000
nan
nan
0.573000
nan
nan
nan
0.451000
0.407000
0.676000
0.485000
nan
nan
nan
nan
0.941000
nan
nan
0.848000
0.559000
nan
nan
0.706000
nan
nan
0.995000
0.380000
nan
0.655000
nan
0.562000
nan
nan
0.548000
0.570000
nan
nan
0.546000
nan
0.373000
nan
nan
nan
nan
nan
nan
nan
0.439000
0.404000
nan
0.418000
nan
nan
nan
0.455000
0.446000
0.221000
nan
nan
nan
nan
0.852000
nan
nan
nan
nan
0.607000
0.679000
nan
nan
0.472000
nan
0.221000
0.221000
nan
nan
0.289000
nan
nan
0.449000
0.484000
nan
0.607000
nan
nan
0.619000
0.913000
0.524000
0.316000
nan
nan
0.270000
0.562000
0.690000
0.544000
0.351000
nan
0.524000
nan
0.418000
0.434000
nan
1.000000
nan
nan
0.328000
0.373000
0.570000
1.000000
nan
0.595000
0.396000
0.553000
nan
1.000000
nan
nan
nan
nan
nan
nan
nan
0.710000
nan
nan
nan
nan
0.237000
nan
nan
0.532000
nan
nan
0.579000
nan
0.679000
0.505000
0.606000
0.730000
nan
0.948000
nan
nan
1.000000
0.793000
nan
0.910000
nan
0.897000
0.899000
nan
nan
nan
nan
0.291000
nan
nan
nan
nan
1.000000
0.768000
0.727000
nan
nan
0.568000
nan
0.813000
nan
1.000000
nan
0.973000
nan
nan
nan
0.509000
0.948000
nan
nan
0.618000
nan
nan
nan
0.304000
0.621000
0.575000
nan
nan
nan
0.712000
0.828000
0.646000
nan
0.651000
nan
nan
0.704000
0.859000
0.679000
0.948000
nan
nan
0.735000
nan
nan
0.882000
0.656000
nan
nan
0.570000
0.980000
nan
nan
nan
nan
nan
0.428000
nan
0.775000
nan
0.535000
0.687000
0.492000
0.915000
nan
nan
0.783000
nan
nan
0.851000
nan
0.813000
0.638000
nan
0.633000
0.555000
nan
0.291000
0.291000
nan
nan
nan
0.621000
0.397000
nan
0.908000
0.830000
nan
0.763000
nan
nan
nan
nan
nan
nan
0.682000
nan
0.786000
0.749000
nan
nan
0.747000
0.620000
0.726000
0.588000
0.932000
0.588000
nan
nan
nan
nan
nan
0.512000
nan
nan
nan
0.184000
nan
0.153000
nan
nan
nan
nan
0.922000
0.572000
nan
nan
1.000000
nan
nan
0.153000
1.000000
nan
nan
nan
nan
0.500000
0.558000
nan
nan
nan
nan
0.159000
0.153000
0.344000
nan
0.281000
nan
nan
nan
nan
nan
0.507000
nan
0.588000
0.574000
nan
nan
0.380000
0.184000
0.251000
0.286000
0.267000
0.309000
1.000000
nan
nan
nan
0.415000
nan
0.507000
nan
0.415000
0.484000
0.270000
nan
0.327000
nan
nan
nan
0.422000
0.454000
nan
0.383000
0.380000
0.493000
0.631000
nan
nan
0.608000
nan
0.207000
nan
0.454000
nan
0.182000
0.919000
nan
nan
nan
nan
nan
nan
nan
0.428000
0.359000
nan
0.364000
0.562000
nan
nan
nan
1.000000
0.541000
0.509000
0.640000
1.000000
nan
