Coverage: 14022.950820
nan
nan
0.479000
nan
nan
nan
nan
0.368000
nan
nan
nan
0.792000
nan
nan
0.870000
nan
nan
0.787000
0.474000
0.750000
nan
nan
nan
nan
0.701000
0.987000
nan
nan
0.632000
0.867000
nan
nan
nan
0.641000
0.981000
0.432000
0.628000
nan
nan
0.389000
0.701000
nan
0.449000
nan
nan
nan
0.538000
nan
0.654000
0.530000
nan
nan
nan
0.820000
0.951000
nan
0.799000
0.778000
0.765000
0.812000
nan
nan
nan
0.244000
0.174000
nan
nan
nan
0.252000
0.158000
0.300000
nan
0.241000
0.359000
nan
nan
nan
0.678000
nan
nan
0.962000
0.868000
nan
