Coverage: 972.527473
nan
nan
0.284000
nan
nan
nan
0.190000
0.142000
nan
nan
0.000000
nan
0.379000
nan
0.047000
nan
nan
0.474000
nan
nan
1.000000
0.474000
nan
nan
0.616000
0.616000
nan
nan
nan
0.379000
0.047000
0.190000
0.616000
0.900000
1.000000
0.487000
nan
0.584000
0.389000
0.730000
1.000000
nan
nan
0.487000
0.730000
0.730000
nan
0.499000
0.649000
0.799000
0.399000
nan
0.349000
0.549000
nan
nan
nan
nan
0.948000
0.848000
nan
0.210000
nan
nan
0.549000
0.948000
0.848000
nan
0.399000
0.599000
nan
0.699000
0.399000
nan
nan
1.000000
nan
0.848000
nan
nan
0.399000
nan
