Coverage: 6065.402844
nan
nan
0.377000
nan
nan
nan
0.480000
0.702000
0.385000
0.522000
nan
nan
0.437000
0.634000
nan
0.463000
0.754000
nan
0.779000
0.865000
0.634000
nan
0.227000
nan
0.488000
nan
nan
0.797000
1.000000
0.848000
0.540000
nan
0.522000
1.000000
0.574000
0.497000
0.976000
0.325000
0.437000
0.685000
nan
nan
0.685000
nan
nan
nan
0.227000
nan
0.745000
nan
0.770000
nan
nan
0.334000
nan
0.583000
nan
0.658000
nan
nan
nan
0.422000
nan
nan
0.782000
1.000000
1.000000
nan
0.993000
nan
0.484000
0.658000
0.372000
nan
0.621000
0.683000
0.531000
nan
0.401000
0.978000
nan
0.893000
0.919000
nan
0.621000
0.557000
nan
1.000000
0.854000
0.932000
0.492000
0.738000
nan
0.492000
nan
0.764000
nan
0.647000
0.505000
nan
0.673000
nan
0.751000
nan
nan
0.362000
0.725000
0.686000
0.634000
0.440000
nan
