Coverage: 5345.161290
nan
nan
0.572000
0.474000
nan
nan
nan
0.316000
0.450000
nan
nan
nan
nan
0.742000
0.669000
0.754000
0.693000
nan
nan
nan
nan
nan
nan
0.754000
0.499000
nan
nan
nan
0.523000
nan
0.620000
1.000000
nan
0.450000
nan
0.803000
0.973000
0.803000
1.000000
nan
0.505000
nan
nan
0.729000
0.523000
nan
0.420000
0.514000
0.570000
nan
0.551000
nan
0.701000
0.766000
0.383000
nan
nan
nan
nan
0.308000
nan
nan
nan
nan
0.943000
1.000000
nan
nan
0.813000
0.523000
0.607000
nan
0.635000
0.570000
1.000000
nan
nan
nan
0.738000
nan
0.869000
nan
nan
0.579000
0.738000
nan
