Coverage: 480.952381
nan
nan
0.000000
nan
nan
nan
nan
nan
nan
nan
nan
nan
0.000000
nan
nan
0.000000
nan
0.163000
0.325000
0.163000
nan
0.000000
nan
0.163000
nan
0.325000
0.325000
0.325000
0.813000
0.488000
0.163000
0.000000
0.163000
nan
nan
0.133000
nan
nan
nan
nan
nan
0.351000
0.468000
nan
0.351000
0.585000
0.786000
nan
0.234000
0.750000
nan
nan
nan
0.468000
0.234000
nan
0.702000
nan
nan
nan
nan
0.702000
0.585000
0.571000
0.500000
nan
nan
0.714000
0.500000
nan
nan
0.500000
0.500000
nan
nan
nan
0.286000
nan
nan
0.643000
nan
nan
nan
nan
1.000000
0.104000
1.000000
0.786000
nan
