Coverage: 1498.492462
nan
nan
0.211000
nan
nan
nan
nan
nan
0.514000
0.604000
1.000000
0.393000
nan
nan
nan
0.302000
0.483000
nan
0.091000
nan
nan
1.000000
nan
1.000000
0.967000
nan
nan
nan
nan
0.514000
nan
0.151000
0.121000
0.091000
nan
0.753000
nan
nan
nan
0.878000
nan
nan
nan
nan
0.753000
nan
nan
nan
nan
0.609000
0.968000
nan
nan
0.502000
0.717000
nan
nan
nan
nan
nan
nan
0.825000
nan
nan
nan
0.466000
nan
nan
nan
0.717000
nan
nan
0.359000
nan
0.430000
nan
nan
0.359000
0.664000
nan
0.456000
0.373000
0.664000
0.249000
0.456000
0.249000
nan
1.000000
0.830000
nan
0.332000
nan
0.456000
nan
nan
0.747000
0.913000
0.332000
nan
