Coverage: 3567.613636
nan
nan
0.227000
nan
nan
0.454000
0.658000
nan
0.635000
0.816000
nan
nan
nan
0.952000
0.930000
nan
nan
0.907000
nan
1.000000
0.612000
0.703000
nan
nan
0.726000
nan
0.726000
0.590000
0.635000
nan
nan
0.748000
0.590000
0.612000
nan
nan
nan
nan
nan
nan
0.629000
0.629000
nan
0.889000
0.737000
0.966000
nan
0.803000
0.933000
nan
nan
nan
0.347000
nan
1.000000
0.369000
0.499000
0.672000
0.390000
nan
nan
0.651000
0.230000
1.000000
nan
nan
nan
0.476000
nan
nan
0.807000
0.580000
0.497000
nan
0.290000
nan
