Coverage: 3421.276596
nan
0.489000
0.427000
nan
nan
nan
0.702000
nan
0.458000
0.702000
0.672000
0.641000
0.580000
0.427000
1.000000
0.733000
0.336000
nan
nan
0.916000
nan
nan
nan
nan
nan
nan
nan
nan
nan
nan
nan
0.824000
nan
nan
nan
nan
nan
0.591000
0.318000
0.784000
0.568000
nan
0.799000
nan
0.591000
nan
0.500000
0.272000
0.657000
nan
nan
nan
0.776000
0.657000
nan
0.791000
0.284000
0.806000
0.687000
nan
nan
0.388000
nan
0.343000
nan
nan
nan
nan
nan
0.209000
0.299000
0.328000
0.328000
nan
0.209000
0.821000
0.448000
1.000000
1.000000
nan
nan
nan
nan
nan
nan
0.269000
0.642000
nan
