Coverage: 2493.055556
nan
nan
0.492000
nan
nan
nan
0.799000
nan
nan
0.584000
nan
nan
nan
0.614000
0.553000
0.522000
nan
0.399000
nan
0.983000
nan
0.522000
1.000000
0.307000
0.553000
nan
nan
0.430000
0.430000
0.922000
0.492000
0.461000
0.952000
0.492000
nan
nan
0.737000
1.000000
0.860000
nan
0.392000
nan
0.597000
nan
nan
nan
nan
0.512000
nan
nan
0.631000
0.273000
nan
nan
0.307000
0.273000
nan
nan
nan
0.529000
0.512000
nan
0.938000
0.597000
nan
nan
0.512000
0.341000
0.256000
0.119000
nan
nan
0.750000
0.188000
nan
0.358000
0.307000
0.341000
0.614000
nan
nan
nan
0.835000
0.818000
0.546000
nan
0.307000
0.171000
nan
nan
nan
0.171000
0.324000
nan
nan
nan
1.000000
nan
0.665000
nan
nan
nan
0.080000
0.080000
0.080000
nan
nan
nan
nan
nan
nan
nan
nan
1.000000
0.733000
nan
