Coverage: 2083.582090
nan
nan
0.602000
nan
nan
nan
nan
nan
0.628000
0.942000
nan
nan
1.000000
0.628000
0.183000
0.236000
0.524000
nan
0.288000
nan
0.314000
nan
0.105000
0.340000
0.340000
nan
nan
nan
nan
nan
nan
nan
nan
0.791000
0.766000
1.000000
nan
nan
nan
nan
0.445000
0.965000
nan
nan
0.692000
nan
nan
0.618000
nan
0.618000
0.419000
nan
0.767000
0.651000
0.581000
0.651000
nan
0.395000
0.558000
1.000000
0.698000
0.698000
nan
nan
nan
nan
0.674000
0.279000
nan
0.372000
1.000000
0.977000
0.512000
nan
nan
nan
nan
0.163000
nan
0.209000
0.814000
0.137000
0.256000
0.256000
0.395000
nan
1.000000
nan
nan
nan
nan
nan
nan
nan
nan
nan
0.767000
0.698000
nan
0.256000
nan
