Coverage: 1319.072165
nan
nan
0.496000
nan
nan
nan
1.000000
0.284000
1.000000
0.355000
nan
nan
0.922000
1.000000
0.213000
nan
0.426000
0.496000
nan
0.284000
nan
0.213000
nan
0.638000
nan
nan
nan
0.355000
0.355000
0.142000
nan
nan
nan
0.851000
nan
nan
nan
nan
nan
0.286000
0.476000
0.524000
0.286000
0.143000
0.238000
0.106000
nan
0.429000
0.080000
nan
0.106000
0.476000
0.333000
nan
0.238000
nan
0.524000
nan
0.476000
0.286000
0.524000
0.286000
0.619000
0.524000
0.714000
nan
nan
0.429000
nan
1.000000
0.571000
nan
nan
0.762000
0.714000
0.667000
0.190000
nan
nan
0.286000
nan
nan
nan
0.190000
nan
0.381000
1.000000
nan
nan
0.619000
nan
nan
0.762000
nan
