Coverage: 1877.777778
nan
nan
0.313000
nan
nan
0.855000
1.000000
0.769000
nan
0.712000
nan
0.541000
0.826000
nan
0.684000
nan
nan
nan
nan
nan
nan
nan
nan
nan
nan
nan
0.684000
1.000000
1.000000
0.769000
0.627000
0.855000
nan
nan
0.826000
nan
0.370000
0.513000
0.940000
0.684000
0.627000
nan
nan
nan
0.167000
nan
nan
nan
0.638000
0.944000
nan
0.916000
0.805000
0.838000
nan
0.838000
nan
0.486000
nan
nan
nan
0.351000
nan
0.405000
0.514000
0.676000
nan
nan
0.649000
nan
1.000000
1.000000
nan
0.432000
nan
0.108000
nan
nan
0.135000
nan
nan
0.093000
nan
nan
nan
0.514000
1.000000
0.216000
nan
