Coverage: 1784.285714
nan
nan
0.250000
1.000000
nan
nan
0.778000
nan
nan
1.000000
nan
nan
nan
nan
nan
0.972000
0.250000
nan
0.250000
0.361000
nan
nan
nan
nan
0.333000
nan
nan
0.333000
nan
nan
0.278000
0.472000
1.000000
nan
nan
0.806000
nan
nan
nan
0.161000
nan
nan
0.161000
0.278000
nan
0.611000
1.000000
0.806000
0.528000
0.361000
0.361000
nan
nan
nan
0.667000
0.583000
nan
0.444000
0.278000
0.389000
nan
0.444000
nan
nan
nan
0.405000
nan
0.573000
0.843000
nan
0.708000
0.337000
0.809000
0.371000
0.236000
0.573000
nan
0.438000
nan
0.708000
nan
nan
0.405000
0.438000
0.708000
nan
nan
0.506000
0.304000
0.742000
nan
nan
nan
nan
nan
nan
nan
0.337000
0.304000
nan
nan
nan
0.573000
0.607000
nan
0.135000
1.000000
0.944000
1.000000
nan
