Coverage: 1322.950820
nan
nan
0.438000
nan
nan
nan
nan
0.677000
nan
nan
nan
nan
nan
1.000000
nan
nan
0.398000
nan
nan
nan
0.797000
0.797000
1.000000
0.797000
0.598000
nan
nan
nan
nan
0.438000
nan
nan
nan
0.558000
nan
nan
nan
nan
1.000000
0.080000
0.080000
0.199000
0.478000
0.159000
0.239000
nan
nan
0.238000
nan
nan
0.715000
0.525000
nan
nan
nan
nan
0.286000
0.334000
0.572000
0.525000
0.556000
nan
0.667000
1.000000
0.667000
1.000000
nan
0.611000
nan
nan
0.944000
nan
1.000000
0.389000
nan
0.167000
nan
nan
0.222000
0.778000
0.333000
1.000000
nan
