Coverage: 7779.619565
nan
nan
0.316000
nan
nan
nan
nan
0.556000
0.680000
0.584000
0.575000
0.958000
0.603000
0.872000
nan
0.565000
nan
0.354000
0.785000
nan
nan
nan
nan
0.833000
nan
nan
0.939000
nan
0.766000
nan
1.000000
1.000000
nan
0.498000
0.766000
0.833000
nan
0.594000
nan
nan
1.000000
0.658000
nan
nan
nan
0.436000
0.663000
nan
nan
nan
nan
nan
0.541000
nan
nan
0.611000
nan
nan
0.448000
nan
0.809000
0.384000
nan
nan
0.489000
0.367000
0.344000
0.512000
0.500000
nan
0.402000
nan
0.745000
0.820000
0.588000
0.855000
nan
nan
nan
nan
nan
0.803000
0.547000
nan
0.914000
nan
nan
nan
0.460000
nan
0.756000
0.500000
nan
nan
nan
0.384000
nan
0.344000
nan
0.442000
1.000000
0.495000
nan
nan
0.460000
0.745000
0.605000
nan
0.559000
0.820000
nan
0.512000
0.594000
0.908000
nan
1.000000
0.780000
0.407000
0.460000
0.698000
0.844000
nan
nan
0.663000
0.500000
0.820000
0.344000
0.733000
0.669000
1.000000
0.344000
0.409000
nan
0.240000
0.279000
nan
nan
1.000000
nan
nan
nan
nan
nan
nan
nan
nan
nan
0.153000
0.047000
0.952000
nan
nan
nan
nan
nan
nan
0.065000
nan
0.260000
0.481000
nan
1.000000
nan
nan
nan
0.052000
0.117000
nan
0.286000
0.770000
nan
nan
0.094000
0.047000
0.065000
nan
nan
nan
nan
nan
0.110000
0.062000
0.071000
nan
0.049000
nan
0.117000
0.218000
nan
0.047000
1.000000
0.604000
0.520000
0.698000
nan
0.049000
nan
0.260000
0.088000
nan
0.123000
nan
nan
nan
0.312000
nan
nan
nan
0.253000
0.175000
nan
nan
0.279000
0.685000
0.468000
0.211000
0.104000
nan
0.146000
0.107000
0.162000
0.452000
0.841000
0.250000
0.127000
nan
0.094000
0.312000
nan
1.000000
nan
nan
nan
0.183000
0.251000
nan
0.298000
0.183000
0.291000
0.339000
1.000000
nan
0.413000
0.752000
0.664000
0.481000
nan
nan
0.346000
nan
nan
nan
nan
nan
nan
0.901000
0.678000
1.000000
nan
nan
nan
0.684000
0.955000
nan
0.874000
nan
0.623000
nan
