Coverage: 11209.230769
nan
nan
0.427000
nan
nan
nan
0.629000
nan
0.670000
0.629000
0.640000
nan
nan
nan
0.694000
nan
nan
nan
0.516000
0.332000
0.267000
0.249000
nan
nan
nan
nan
0.990000
0.611000
0.646000
0.551000
nan
nan
0.177000
nan
nan
nan
1.000000
nan
nan
nan
nan
nan
nan
nan
nan
nan
1.000000
0.474000
0.486000
0.540000
1.000000
nan
nan
0.670000
nan
nan
0.509000
nan
0.472000
nan
nan
0.605000
nan
nan
nan
0.538000
0.547000
nan
0.455000
0.422000
0.741000
0.542000
0.269000
0.331000
0.484000
nan
0.563000
0.592000
0.538000
0.886000
0.464000
nan
nan
1.000000
nan
1.000000
nan
nan
nan
0.352000
0.783000
0.576000
nan
0.654000
nan
