Coverage: 11042.888403
nan
nan
0.318000
nan
nan
nan
0.778000
0.656000
nan
nan
0.210000
nan
0.237000
nan
nan
nan
nan
nan
nan
1.000000
nan
0.115000
0.054000
0.115000
0.358000
nan
0.129000
nan
nan
0.548000
0.879000
nan
0.643000
nan
nan
0.528000
nan
nan
nan
nan
0.974000
nan
nan
1.000000
1.000000
nan
0.827000
0.672000
nan
0.522000
0.402000
0.655000
nan
nan
0.659000
0.659000
0.624000
nan
nan
nan
nan
0.562000
nan
0.756000
0.836000
1.000000
0.752000
nan
0.460000
nan
0.540000
nan
0.456000
0.818000
0.995000
0.703000
nan
nan
0.535000
nan
0.447000
0.340000
0.451000
nan
0.340000
nan
0.593000
0.491000
nan
nan
nan
0.340000
0.787000
0.933000
1.000000
nan
0.500000
nan
nan
0.411000
nan
nan
nan
nan
0.809000
nan
nan
nan
0.686000
nan
0.663000
0.597000
nan
nan
nan
0.526000
0.584000
0.349000
nan
0.517000
nan
nan
nan
nan
nan
0.380000
nan
0.902000
1.000000
0.610000
0.721000
nan
nan
0.531000
nan
nan
nan
nan
0.708000
0.420000
nan
0.796000
nan
nan
0.946000
nan
0.758000
0.572000
0.826000
0.439000
0.261000
nan
nan
0.155000
nan
0.141000
0.141000
0.208000
0.227000
nan
nan
1.000000
0.750000
nan
nan
nan
nan
nan
nan
0.186000
nan
0.141000
0.671000
nan
0.621000
0.712000
0.799000
nan
nan
0.682000
0.546000
nan
0.636000
nan
nan
0.621000
nan
0.167000
nan
nan
nan
nan
0.799000
0.659000
nan
0.565000
0.599000
nan
nan
nan
nan
0.674000
0.618000
nan
nan
nan
nan
0.648000
0.644000
0.739000
nan
nan
0.398000
0.720000
0.743000
nan
0.955000
nan
0.152000
0.333000
nan
0.432000
0.261000
0.815000
0.799000
nan
0.777000
1.000000
0.621000
nan
nan
0.311000
0.981000
nan
nan
0.451000
nan
1.000000
0.977000
0.486000
nan
nan
nan
nan
nan
0.587000
0.972000
nan
nan
0.245000
0.470000
nan
nan
0.685000
0.525000
nan
0.254000
nan
0.855000
nan
0.268000
nan
nan
nan
0.372000
nan
0.695000
0.153000
nan
nan
nan
0.763000
nan
nan
1.000000
nan
0.176000
0.129000
nan
0.923000
nan
1.000000
0.982000
0.682000
nan
nan
0.649000
0.701000
nan
nan
0.336000
nan
nan
nan
nan
0.555000
nan
nan
nan
nan
0.271000
0.855000
0.362000
0.235000
0.352000
0.620000
0.427000
nan
nan
0.131000
0.129000
nan
nan
nan
nan
nan
nan
nan
0.796000
nan
0.349000
0.352000
nan
0.179000
nan
0.268000
nan
0.129000
0.822000
1.000000
nan
0.816000
0.895000
0.773000
0.872000
nan
0.730000
nan
nan
0.619000
0.601000
nan
0.507000
0.714000
0.623000
nan
0.783000
0.655000
nan
nan
0.842000
0.602000
0.666000
nan
nan
0.362000
nan
