Coverage: 10008.471074
nan
nan
0.334000
0.407000
nan
nan
0.171000
0.366000
0.399000
nan
nan
nan
0.724000
0.667000
0.969000
0.317000
nan
0.187000
nan
0.147000
1.000000
0.570000
0.440000
1.000000
nan
0.026000
nan
0.057000
nan
0.619000
0.667000
nan
nan
1.000000
0.961000
nan
0.733000
nan
0.418000
nan
0.533000
nan
0.389000
0.269000
nan
0.206000
0.235000
0.523000
0.581000
nan
nan
nan
nan
0.566000
0.667000
nan
nan
nan
0.504000
0.490000
nan
nan
nan
nan
0.389000
0.490000
nan
0.639000
0.898000
nan
0.763000
nan
nan
nan
nan
0.336000
0.413000
0.470000
nan
nan
nan
nan
0.663000
0.480000
0.730000
0.931000
nan
0.422000
nan
nan
0.864000
nan
nan
nan
0.307000
0.374000
0.682000
0.494000
0.586000
0.206000
0.658000
0.456000
nan
0.490000
nan
nan
nan
1.000000
0.883000
1.000000
nan
0.576000
0.586000
nan
nan
0.903000
0.206000
0.418000
nan
nan
0.749000
nan
nan
nan
nan
0.797000
nan
nan
nan
nan
0.490000
0.672000
nan
nan
nan
nan
1.000000
nan
nan
0.533000
nan
nan
nan
0.485000
0.617000
1.000000
0.538000
0.684000
nan
nan
nan
nan
nan
0.180000
0.180000
0.917000
nan
nan
0.413000
0.296000
0.500000
0.405000
0.509000
0.680000
nan
0.834000
nan
0.563000
nan
nan
nan
0.513000
0.254000
0.196000
nan
nan
nan
nan
0.880000
nan
0.492000
0.521000
0.434000
0.467000
0.738000
0.863000
0.592000
nan
nan
0.780000
0.859000
0.463000
nan
0.634000
0.309000
0.192000
0.734000
0.721000
nan
0.901000
nan
nan
nan
nan
0.350000
nan
0.676000
nan
0.575000
nan
nan
1.000000
0.425000
0.234000
0.646000
0.505000
0.830000
1.000000
nan
nan
0.180000
0.329000
0.213000
0.621000
nan
nan
nan
0.609000
0.471000
0.813000
0.981000
nan
nan
nan
1.000000
0.858000
nan
nan
nan
0.886000
nan
0.303000
1.000000
nan
nan
nan
nan
nan
0.572000
0.645000
0.337000
0.287000
1.000000
0.763000
nan
nan
0.589000
nan
nan
nan
nan
0.287000
0.287000
0.404000
0.566000
nan
0.348000
nan
0.589000
nan
0.746000
nan
0.572000
nan
0.600000
nan
0.780000
0.864000
nan
0.578000
0.522000
0.460000
nan
nan
nan
nan
0.690000
0.785000
0.477000
nan
nan
nan
0.342000
0.325000
0.639000
nan
nan
nan
0.443000
0.679000
0.808000
0.342000
0.466000
0.566000
0.393000
0.499000
nan
0.471000
nan
0.617000
0.477000
0.695000
nan
0.651000
0.421000
0.662000
0.653000
nan
nan
0.373000
nan
0.444000
nan
nan
nan
nan
0.391000
nan
nan
nan
0.253000
0.622000
0.307000
0.364000
0.360000
nan
0.551000
nan
0.378000
0.467000
nan
nan
0.636000
nan
0.253000
0.293000
0.249000
nan
0.511000
nan
0.453000
0.201000
0.201000
0.489000
0.400000
nan
nan
nan
0.813000
0.671000
nan
0.840000
0.724000
0.987000
0.213000
0.427000
0.547000
nan
nan
nan
nan
1.000000
nan
nan
1.000000
nan
nan
1.000000
nan
1.000000
nan
nan
0.836000
nan
