Coverage: 4047.867299
nan
nan
0.446000
nan
nan
nan
0.280000
nan
nan
0.535000
0.229000
nan
nan
nan
1.000000
nan
1.000000
nan
0.687000
0.993000
nan
nan
0.802000
0.522000
0.624000
1.000000
0.242000
0.395000
0.306000
nan
nan
0.331000
nan
nan
0.891000
nan
1.000000
1.000000
0.585000
0.448000
nan
nan
nan
0.336000
0.349000
0.623000
0.610000
0.959000
nan
nan
nan
nan
nan
nan
nan
0.560000
nan
0.436000
0.172000
0.172000
nan
nan
nan
nan
0.461000
nan
nan
nan
nan
nan
nan
0.698000
0.712000
nan
0.712000
0.356000
0.424000
0.465000
nan
nan
nan
nan
0.575000
0.589000
nan
1.000000
nan
0.643000
0.561000
nan
0.342000
0.671000
0.698000
0.917000
0.287000
0.630000
0.438000
nan
0.342000
nan
nan
0.548000
nan
nan
0.923000
nan
0.520000
nan
nan
0.917000
nan
