Coverage: 14142.753623
nan
nan
0.490000
1.000000
nan
nan
0.424000
0.657000
0.245000
0.866000
0.944000
nan
0.884000
nan
0.454000
nan
nan
nan
nan
nan
0.765000
nan
nan
1.000000
1.000000
nan
0.711000
0.568000
nan
nan
0.765000
nan
0.592000
nan
nan
0.759000
nan
nan
nan
0.421000
0.721000
nan
nan
nan
nan
0.291000
nan
0.319000
nan
nan
0.571000
0.416000
0.673000
0.710000
0.654000
0.517000
nan
nan
0.346000
0.544000
0.592000
nan
nan
0.582000
nan
nan
nan
0.322000
0.729000
0.853000
nan
nan
nan
nan
nan
nan
0.534000
0.971000
nan
0.882000
nan
0.855000
nan
0.861000
nan
nan
nan
0.890000
0.579000
0.633000
nan
0.332000
nan
nan
nan
0.909000
nan
nan
nan
nan
0.718000
0.609000
0.735000
nan
1.000000
nan
nan
nan
nan
0.547000
0.291000
0.291000
0.587000
nan
0.743000
0.767000
nan
nan
nan
0.477000
0.590000
nan
nan
0.391000
nan
nan
0.799000
nan
nan
nan
1.000000
nan
nan
0.426000
nan
0.346000
1.000000
nan
0.676000
nan
nan
0.721000
nan
0.836000
0.450000
0.625000
0.923000
0.508000
nan
0.504000
0.699000
0.842000
nan
nan
1.000000
0.872000
nan
nan
0.964000
nan
nan
0.894000
nan
nan
nan
nan
0.842000
nan
0.684000
0.673000
nan
0.522000
nan
0.430000
nan
0.220000
nan
0.220000
0.702000
0.901000
nan
nan
0.500000
0.761000
nan
nan
0.787000
nan
nan
0.699000
nan
0.537000
nan
0.324000
nan
nan
nan
1.000000
0.798000
0.596000
0.699000
nan
0.625000
nan
0.261000
0.765000
0.717000
0.467000
0.772000
1.000000
0.651000
nan
0.478000
0.765000
0.599000
0.478000
0.644000
0.879000
nan
nan
nan
0.220000
nan
nan
nan
0.548000
nan
0.794000
0.908000
nan
nan
nan
0.232000
0.382000
0.530000
0.732000
nan
nan
0.532000
nan
0.517000
nan
0.488000
nan
nan
0.447000
nan
0.748000
0.450000
0.803000
0.721000
nan
nan
nan
nan
0.248000
nan
nan
nan
1.000000
1.000000
nan
0.756000
nan
0.625000
nan
nan
nan
0.429000
nan
nan
nan
0.680000
0.365000
nan
0.572000
0.701000
0.581000
nan
nan
0.987000
0.850000
nan
nan
nan
nan
nan
0.564000
nan
0.669000
1.000000
nan
nan
nan
nan
0.570000
nan
nan
0.713000
nan
nan
nan
0.710000
nan
0.356000
nan
nan
nan
nan
nan
0.686000
nan
0.348000
nan
