Coverage: 1830.000000
nan
nan
0.190000
nan
nan
nan
0.333000
nan
nan
0.524000
1.000000
nan
nan
nan
nan
0.667000
nan
0.524000
0.333000
0.333000
0.143000
nan
nan
0.810000
0.857000
1.000000
0.762000
0.619000
0.587000
0.545000
nan
0.629000
nan
nan
nan
0.713000
nan
0.797000
nan
0.755000
nan
0.336000
nan
0.671000
nan
0.472000
nan
nan
nan
nan
1.000000
0.980000
0.944000
0.472000
nan
0.617000
nan
0.399000
0.399000
nan
nan
nan
0.980000
nan
nan
0.799000
0.944000
0.653000
1.000000
nan
nan
nan
0.363000
nan
nan
0.125000
nan
0.544000
0.436000
nan
