Coverage: 24910.153846
nan
nan
0.357000
nan
nan
nan
nan
0.770000
0.847000
0.898000
nan
0.796000
nan
0.760000
nan
0.495000
nan
nan
1.000000
0.862000
0.561000
0.826000
0.602000
nan
0.837000
0.862000
nan
0.847000
nan
nan
nan
nan
1.000000
0.709000
nan
nan
0.837000
1.000000
0.913000
0.353000
0.371000
nan
1.000000
0.386000
nan
0.397000
nan
0.524000
0.608000
1.000000
0.844000
0.717000
nan
0.688000
nan
nan
nan
nan
0.389000
nan
nan
0.735000
0.652000
nan
nan
0.302000
0.379000
nan
nan
0.437000
nan
nan
0.826000
nan
nan
0.364000
0.415000
0.400000
nan
nan
0.296000
nan
1.000000
nan
nan
0.637000
nan
0.990000
0.539000
nan
0.296000
0.296000
0.499000
0.349000
0.429000
0.673000
nan
0.753000
0.393000
nan
0.557000
0.488000
0.699000
0.677000
nan
0.338000
0.557000
0.382000
0.568000
0.579000
nan
0.382000
0.437000
0.484000
nan
0.611000
0.539000
0.677000
nan
nan
0.593000
0.414000
0.523000
0.504000
nan
0.766000
0.663000
0.685000
nan
0.482000
0.535000
nan
nan
0.744000
0.990000
nan
0.495000
0.532000
0.638000
0.719000
0.414000
nan
0.563000
nan
nan
0.678000
0.672000
0.573000
nan
nan
nan
nan
0.825000
nan
0.875000
nan
nan
0.716000
nan
nan
0.414000
nan
nan
0.430000
nan
nan
nan
nan
0.638000
0.430000
nan
0.769000
0.828000
0.601000
1.000000
0.859000
nan
0.489000
0.787000
0.943000
0.738000
0.430000
0.563000
0.582000
nan
0.856000
1.000000
nan
nan
0.837000
0.977000
nan
nan
0.750000
0.856000
1.000000
0.598000
nan
nan
nan
nan
0.722000
0.672000
0.548000
nan
nan
0.454000
nan
0.442000
0.315000
nan
nan
nan
0.737000
0.655000
0.597000
nan
0.733000
0.875000
nan
nan
nan
0.540000
0.717000
0.871000
0.787000
nan
0.894000
0.649000
0.919000
nan
0.569000
0.753000
0.837000
nan
nan
0.633000
0.517000
nan
nan
nan
nan
nan
0.817000
nan
0.930000
nan
0.633000
nan
nan
nan
0.864000
0.837000
nan
nan
nan
0.889000
0.735000
0.472000
nan
nan
1.000000
nan
0.313000
nan
nan
nan
0.787000
nan
0.810000
nan
0.289000
0.289000
nan
0.454000
0.289000
0.445000
0.553000
nan
nan
nan
nan
1.000000
nan
0.667000
nan
0.805000
nan
0.898000
1.000000
nan
nan
nan
nan
nan
0.408000
nan
0.467000
nan
0.787000
0.950000
nan
0.558000
0.642000
nan
0.592000
nan
nan
nan
nan
nan
nan
nan
nan
0.953000
nan
nan
nan
0.398000
nan
nan
nan
nan
nan
0.375000
0.426000
nan
0.300000
nan
0.524000
0.586000
0.760000
0.540000
0.565000
nan
0.730000
0.633000
nan
0.608000
nan
0.678000
0.682000
0.299000
0.584000
nan
nan
0.622000
nan
0.222000
nan
0.080000
0.143000
nan
nan
nan
nan
0.694000
0.930000
nan
0.653000
nan
nan
nan
0.081000
nan
nan
1.000000
nan
1.000000
0.952000
nan
nan
1.000000
nan
nan
0.057000
0.057000
nan
nan
0.341000
nan
0.076000
0.060000
nan
nan
0.057000
nan
nan
nan
nan
nan
0.679000
0.663000
nan
nan
0.550000
nan
nan
nan
0.443000
nan
0.203000
0.264000
nan
nan
0.940000
nan
nan
nan
nan
nan
nan
nan
nan
nan
0.322000
nan
0.109000
0.759000
0.820000
0.718000
0.671000
0.451000
nan
nan
0.176000
nan
0.452000
1.000000
0.925000
nan
nan
nan
nan
nan
0.793000
0.528000
nan
nan
nan
0.425000
nan
0.418000
0.312000
nan
0.532000
nan
0.647000
0.871000
0.980000
nan
nan
nan
nan
0.425000
nan
nan
0.831000
nan
nan
nan
0.404000
nan
0.278000
0.160000
nan
0.631000
0.597000
0.445000
0.326000
0.463000
0.562000
0.425000
0.642000
0.449000
nan
0.550000
0.818000
0.993000
nan
nan
nan
nan
nan
0.710000
0.530000
0.584000
0.618000
nan
nan
0.752000
0.696000
nan
0.673000
0.856000
0.659000
0.681000
nan
0.896000
0.331000
0.980000
nan
nan
nan
nan
nan
nan
nan
nan
nan
nan
0.445000
0.335000
0.185000
0.143000
nan
0.393000
0.813000
nan
nan
nan
1.000000
nan
nan
nan
nan
nan
0.143000
nan
nan
nan
nan
0.320000
nan
0.801000
nan
nan
nan
0.820000
nan
nan
nan
0.885000
0.786000
nan
nan
0.634000
1.000000
1.000000
nan
