Coverage: 3068.571429
nan
nan
0.778000
nan
nan
nan
0.434000
nan
nan
nan
nan
nan
nan
0.542000
0.561000
nan
1.000000
nan
nan
nan
0.904000
0.778000
nan
nan
nan
nan
0.362000
0.199000
1.000000
0.633000
0.524000
0.398000
0.850000
nan
0.524000
0.778000
nan
0.723000
0.561000
nan
0.669000
nan
nan
0.416000
nan
0.357000
nan
0.762000
nan
nan
nan
0.429000
0.643000
nan
0.976000
0.452000
1.000000
0.833000
0.833000
0.405000
nan
nan
0.214000
nan
0.310000
0.476000
nan
nan
0.905000
0.262000
1.000000
nan
0.119000
0.667000
nan
