Coverage: 1783.146067
nan
nan
0.598000
nan
nan
nan
nan
nan
nan
nan
nan
0.864000
0.731000
nan
0.332000
nan
nan
nan
nan
0.631000
nan
0.100000
nan
0.498000
0.242000
nan
0.112000
nan
0.134000
nan
nan
nan
0.819000
nan
0.618000
0.538000
0.699000
0.242000
0.592000
0.565000
nan
0.215000
nan
nan
nan
nan
nan
nan
nan
0.780000
nan
0.350000
0.457000
nan
0.430000
1.000000
0.973000
0.780000
nan
0.350000
0.592000
0.308000
nan
nan
nan
nan
0.576000
nan
nan
0.884000
nan
0.617000
nan
0.637000
0.699000
nan
0.761000
nan
