Coverage: 11281.300813
nan
nan
0.301000
nan
nan
nan
nan
nan
0.609000
nan
nan
nan
1.000000
0.464000
0.530000
0.807000
0.416000
nan
1.000000
0.229000
0.175000
0.506000
0.374000
0.880000
0.832000
nan
nan
0.699000
0.838000
nan
0.747000
nan
nan
nan
nan
nan
0.904000
1.000000
0.741000
0.578000
0.211000
0.092000
0.303000
0.279000
nan
0.266000
nan
0.285000
0.237000
nan
0.393000
nan
nan
nan
nan
nan
0.163000
nan
nan
nan
nan
1.000000
0.364000
nan
0.266000
nan
nan
nan
nan
nan
0.641000
0.079000
0.082000
0.124000
nan
0.119000
nan
0.119000
0.232000
nan
nan
1.000000
nan
nan
nan
nan
nan
0.177000
0.116000
0.119000
0.258000
nan
nan
nan
0.680000
nan
nan
nan
nan
0.129000
0.116000
0.079000
0.079000
0.359000
0.517000
1.000000
nan
nan
nan
0.316000
0.730000
nan
0.185000
nan
nan
0.567000
nan
nan
0.477000
0.274000
nan
0.598000
0.757000
0.675000
nan
0.693000
0.535000
0.772000
nan
0.659000
0.596000
nan
0.778000
nan
0.820000
0.991000
nan
0.691000
nan
nan
nan
nan
nan
nan
nan
nan
nan
1.000000
nan
0.181000
nan
0.363000
nan
0.181000
nan
nan
nan
0.947000
0.788000
nan
0.211000
nan
0.217000
nan
0.506000
0.966000
nan
nan
0.227000
nan
nan
1.000000
nan
nan
0.230000
nan
0.357000
0.211000
0.214000
0.256000
nan
nan
nan
0.327000
nan
0.522000
0.191000
nan
nan
nan
nan
nan
0.515000
0.778000
nan
nan
0.373000
0.331000
1.000000
0.548000
nan
0.483000
nan
0.451000
0.704000
nan
0.522000
0.642000
nan
nan
nan
0.525000
nan
nan
nan
0.415000
nan
0.344000
nan
nan
nan
nan
nan
0.366000
0.181000
nan
0.299000
0.308000
0.312000
0.522000
0.602000
nan
0.651000
nan
nan
0.660000
0.811000
nan
nan
nan
nan
0.664000
0.669000
nan
0.749000
0.673000
nan
nan
nan
nan
0.606000
0.517000
nan
0.811000
0.726000
nan
0.511000
nan
nan
nan
nan
nan
0.698000
1.000000
nan
0.896000
nan
1.000000
nan
