Coverage: 9514.489311
nan
nan
0.560000
1.000000
nan
nan
nan
0.632000
0.560000
nan
nan
nan
nan
0.477000
nan
nan
nan
0.124000
0.187000
nan
0.446000
nan
nan
nan
0.850000
1.000000
0.943000
0.777000
0.622000
nan
nan
0.404000
nan
1.000000
nan
0.204000
0.204000
0.204000
0.541000
nan
nan
0.508000
0.355000
0.546000
nan
0.470000
0.262000
0.470000
0.388000
nan
0.601000
0.426000
0.508000
0.497000
nan
0.426000
nan
nan
nan
0.388000
0.633000
0.551000
0.672000
0.743000
nan
nan
nan
nan
nan
nan
0.404000
nan
0.513000
nan
nan
1.000000
0.355000
nan
0.650000
0.590000
0.513000
nan
nan
nan
0.541000
1.000000
nan
nan
nan
0.786000
0.677000
0.617000
0.666000
nan
nan
0.579000
0.382000
0.257000
nan
0.257000
nan
nan
nan
1.000000
0.961000
0.934000
0.268000
nan
0.207000
nan
0.841000
0.557000
0.584000
nan
0.699000
nan
nan
nan
nan
0.366000
nan
nan
0.399000
0.388000
0.265000
nan
0.226000
nan
0.526000
nan
0.596000
0.688000
nan
nan
nan
0.134000
0.152000
0.243000
nan
nan
nan
nan
nan
0.243000
nan
nan
nan
0.547000
nan
nan
0.607000
1.000000
nan
0.353000
nan
0.960000
nan
nan
0.360000
nan
nan
nan
0.402000
nan
nan
nan
nan
0.381000
0.420000
0.226000
0.575000
0.236000
nan
nan
0.067000
0.120000
0.099000
0.328000
0.243000
0.208000
nan
nan
0.102000
nan
0.106000
nan
0.067000
nan
nan
nan
0.804000
0.681000
0.963000
0.279000
nan
0.123000
nan
nan
0.138000
1.000000
0.769000
nan
nan
1.000000
nan
0.071000
nan
nan
nan
0.081000
nan
0.501000
nan
0.212000
nan
0.067000
nan
0.166000
nan
0.106000
nan
nan
0.416000
0.557000
nan
nan
nan
0.254000
nan
nan
nan
nan
nan
0.325000
0.393000
nan
0.640000
nan
0.121000
0.782000
nan
nan
0.810000
nan
nan
0.695000
0.860000
0.883000
nan
0.746000
1.000000
1.000000
nan
nan
nan
nan
nan
nan
0.128000
0.121000
nan
0.238000
nan
nan
0.146000
0.622000
1.000000
0.759000
0.919000
0.869000
nan
0.197000
0.121000
0.274000
0.242000
nan
nan
0.279000
nan
nan
0.563000
nan
nan
nan
0.723000
0.682000
nan
0.524000
nan
0.278000
0.919000
nan
nan
nan
nan
nan
nan
0.433000
nan
nan
0.711000
0.896000
nan
0.948000
0.412000
0.390000
0.492000
nan
0.433000
0.310000
0.363000
0.283000
0.385000
nan
nan
nan
0.374000
0.326000
0.395000
0.711000
nan
