Coverage: 2038.743455
nan
nan
0.309000
nan
nan
nan
nan
0.224000
0.645000
nan
0.421000
nan
nan
0.477000
0.449000
1.000000
nan
nan
nan
nan
0.617000
nan
nan
0.196000
0.337000
nan
nan
nan
0.645000
0.309000
0.954000
nan
nan
nan
0.477000
0.421000
nan
0.870000
0.645000
nan
nan
0.547000
0.793000
nan
0.820000
0.656000
nan
0.519000
0.766000
nan
nan
nan
nan
nan
0.902000
1.000000
nan
0.932000
0.826000
0.985000
nan
nan
nan
0.373000
0.799000
0.613000
0.879000
0.399000
0.107000
nan
nan
nan
nan
nan
0.639000
nan
nan
0.826000
0.746000
nan
nan
nan
nan
0.852000
1.000000
nan
nan
0.852000
nan
0.559000
nan
