Coverage: 6194.568690
nan
nan
0.477000
nan
nan
nan
nan
nan
nan
nan
nan
nan
nan
nan
nan
nan
nan
nan
nan
nan
nan
0.192000
nan
nan
0.092000
nan
nan
0.156000
0.312000
0.128000
0.687000
nan
nan
nan
0.247000
0.559000
nan
nan
0.165000
nan
0.532000
0.642000
0.596000
1.000000
1.000000
nan
nan
nan
nan
0.577000
nan
0.357000
0.889000
nan
nan
nan
nan
0.504000
0.362000
nan
0.625000
nan
nan
0.094000
0.164000
nan
nan
0.123000
nan
0.129000
0.090000
0.783000
1.000000
nan
nan
0.847000
nan
0.824000
0.836000
nan
nan
nan
nan
0.090000
nan
nan
nan
nan
nan
0.193000
0.269000
0.643000
nan
nan
0.994000
nan
nan
nan
nan
0.345000
0.134000
0.134000
0.421000
0.240000
0.590000
nan
0.257000
nan
nan
0.450000
nan
0.345000
nan
0.432000
1.000000
0.655000
0.912000
nan
0.789000
0.906000
nan
nan
0.801000
nan
0.257000
nan
0.725000
0.403000
nan
0.187000
nan
nan
0.842000
nan
nan
0.090000
0.251000
0.175000
nan
nan
nan
nan
nan
nan
0.321000
0.847000
0.269000
nan
0.187000
0.275000
nan
0.158000
nan
0.526000
nan
0.497000
nan
nan
1.000000
0.857000
nan
0.894000
nan
nan
nan
nan
1.000000
0.702000
0.730000
nan
nan
0.830000
nan
nan
nan
nan
0.492000
0.264000
1.000000
nan
nan
1.000000
0.885000
nan
nan
nan
nan
0.365000
0.720000
nan
0.985000
0.757000
0.711000
0.958000
0.410000
nan
nan
0.192000
0.520000
nan
0.246000
0.176000
0.210000
nan
nan
0.347000
nan
nan
0.228000
nan
nan
0.720000
nan
