Coverage: 1396.721311
nan
nan
0.688000
nan
nan
nan
nan
nan
nan
0.812000
nan
nan
0.750000
0.438000
nan
0.750000
0.562000
0.188000
0.375000
nan
0.375000
1.000000
0.562000
nan
nan
0.875000
0.500000
nan
nan
0.062000
nan
0.188000
nan
1.000000
0.699000
nan
nan
0.323000
nan
0.024000
0.054000
0.430000
0.484000
nan
0.270000
0.586000
0.360000
nan
0.090000
nan
nan
nan
nan
nan
1.000000
nan
nan
nan
nan
nan
nan
1.000000
nan
nan
0.631000
0.811000
0.766000
0.586000
0.225000
0.180000
nan
nan
0.541000
nan
0.450000
nan
0.901000
nan
1.000000
0.631000
nan
0.541000
nan
