Coverage: 444.385027
nan
nan
0.500000
nan
nan
nan
0.900000
nan
0.600000
0.200000
1.000000
0.200000
0.800000
nan
0.800000
0.000000
1.000000
0.400000
0.700000
nan
nan
0.486000
0.607000
nan
0.607000
nan
nan
nan
0.607000
nan
nan
0.000000
0.486000
0.850000
nan
nan
nan
0.486000
0.286000
nan
nan
nan
nan
nan
0.286000
nan
nan
0.143000
0.143000
nan
0.000000
0.286000
1.000000
nan
0.571000
nan
0.714000
nan
nan
nan
nan
1.000000
nan
0.714000
0.857000
0.000000
0.143000
0.000000
nan
1.000000
nan
nan
nan
nan
nan
0.714000
0.714000
nan
nan
nan
nan
nan
nan
1.000000
nan
0.143000
nan
