Coverage: 10196.356275
nan
nan
0.604000
nan
nan
nan
0.325000
0.614000
nan
0.228000
0.274000
0.264000
0.234000
nan
nan
nan
0.888000
nan
nan
nan
1.000000
0.751000
0.599000
0.523000
0.406000
0.680000
0.371000
1.000000
nan
nan
nan
nan
1.000000
nan
nan
nan
nan
1.000000
nan
nan
0.688000
0.381000
nan
nan
nan
0.252000
nan
0.877000
0.963000
0.814000
nan
nan
nan
0.326000
0.531000
nan
0.617000
1.000000
0.401000
0.499000
0.370000
0.252000
0.311000
nan
nan
nan
nan
0.904000
0.853000
0.826000
nan
nan
0.476000
nan
nan
nan
nan
nan
1.000000
nan
nan
0.918000
0.934000
nan
nan
nan
nan
nan
nan
nan
nan
0.761000
0.438000
0.693000
0.693000
nan
nan
nan
0.378000
nan
1.000000
nan
nan
nan
nan
0.412000
nan
0.272000
0.319000
nan
0.536000
0.387000
0.616000
0.438000
nan
0.570000
0.391000
0.740000
nan
nan
nan
nan
nan
nan
nan
nan
nan
nan
0.816000
nan
0.608000
0.736000
nan
nan
0.612000
nan
nan
nan
nan
nan
nan
0.918000
nan
nan
0.812000
0.323000
nan
