Coverage: 3880.373832
nan
nan
0.803000
nan
nan
nan
nan
0.502000
0.311000
0.642000
0.692000
0.803000
nan
nan
nan
nan
nan
nan
0.823000
nan
nan
nan
nan
nan
1.000000
nan
nan
nan
nan
1.000000
nan
nan
0.983000
nan
nan
nan
0.572000
1.000000
0.271000
nan
nan
0.873000
nan
nan
nan
0.572000
nan
0.823000
0.712000
nan
nan
nan
nan
0.662000
1.000000
nan
0.917000
0.685000
1.000000
nan
0.636000
nan
0.966000
0.477000
0.673000
0.734000
1.000000
0.514000
0.624000
0.477000
0.795000
0.563000
nan
0.624000
0.367000
nan
0.367000
0.269000
0.477000
0.771000
nan
0.879000
0.670000
nan
nan
nan
nan
0.279000
nan
0.830000
0.335000
nan
0.652000
0.745000
nan
nan
nan
nan
0.521000
nan
0.279000
0.596000
nan
nan
nan
nan
0.372000
0.484000
0.465000
0.279000
0.614000
0.652000
0.614000
nan
