Coverage: 5793.264249
nan
nan
0.585000
nan
nan
nan
nan
nan
0.858000
nan
nan
nan
nan
nan
nan
nan
1.000000
nan
nan
0.858000
0.888000
nan
nan
nan
nan
nan
nan
nan
nan
0.646000
nan
0.676000
0.787000
nan
nan
nan
0.585000
nan
0.333000
0.827000
0.616000
nan
nan
nan
nan
0.474000
nan
nan
nan
0.444000
0.928000
0.994000
0.672000
0.434000
nan
nan
1.000000
nan
0.817000
0.558000
nan
0.796000
nan
0.724000
0.703000
nan
0.652000
0.641000
nan
0.403000
nan
0.652000
1.000000
nan
0.703000
0.837000
0.869000
nan
nan
nan
nan
0.689000
nan
0.519000
0.953000
nan
0.742000
nan
0.614000
0.530000
nan
0.593000
nan
