Coverage: 10264.425163
nan
nan
0.431000
nan
nan
nan
nan
0.616000
nan
0.739000
0.893000
nan
0.631000
nan
0.277000
nan
0.924000
0.831000
nan
1.000000
0.754000
nan
nan
nan
nan
1.000000
nan
0.724000
0.693000
0.724000
nan
nan
0.554000
nan
0.152000
0.199000
0.168000
0.230000
nan
nan
nan
nan
0.320000
0.249000
nan
nan
0.316000
0.296000
0.370000
nan
0.168000
0.234000
nan
nan
0.444000
nan
0.327000
0.405000
0.335000
nan
0.292000
0.339000
nan
nan
0.456000
0.483000
nan
nan
nan
nan
0.135000
0.135000
nan
nan
0.974000
0.627000
0.588000
nan
0.135000
0.152000
0.269000
0.269000
nan
nan
nan
nan
nan
0.339000
0.300000
0.203000
0.171000
0.281000
0.335000
0.896000
0.721000
0.386000
0.179000
0.390000
0.826000
nan
nan
nan
0.323000
1.000000
0.772000
nan
0.896000
nan
nan
nan
nan
1.000000
0.920000
1.000000
nan
0.398000
0.234000
0.394000
0.458000
nan
nan
0.418000
nan
nan
nan
nan
nan
nan
nan
nan
0.412000
0.425000
nan
nan
nan
0.728000
nan
nan
nan
nan
0.153000
nan
nan
nan
0.669000
nan
nan
0.194000
0.451000
0.445000
nan
nan
nan
nan
0.982000
0.471000
0.692000
1.000000
0.514000
0.498000
0.458000
nan
0.979000
nan
0.155000
nan
nan
nan
nan
0.214000
0.563000
0.425000
nan
0.906000
nan
nan
nan
nan
0.784000
nan
0.586000
nan
nan
0.840000
0.768000
nan
0.873000
0.306000
0.231000
nan
0.458000
0.153000
0.376000
0.336000
nan
0.656000
nan
0.488000
0.270000
nan
0.153000
0.198000
0.415000
0.507000
1.000000
0.586000
0.725000
1.000000
nan
0.715000
nan
nan
nan
nan
nan
nan
0.748000
0.596000
0.692000
nan
nan
nan
0.755000
nan
nan
nan
0.301000
nan
nan
0.460000
0.379000
0.525000
nan
nan
nan
nan
0.701000
nan
0.851000
nan
nan
0.831000
0.570000
0.611000
nan
0.452000
0.301000
0.322000
1.000000
nan
nan
nan
nan
nan
nan
0.811000
0.566000
0.640000
nan
0.456000
0.546000
0.762000
nan
0.672000
0.452000
nan
nan
1.000000
0.542000
nan
0.550000
nan
0.896000
1.000000
nan
nan
nan
nan
0.310000
nan
0.578000
nan
nan
0.978000
0.872000
nan
0.448000
0.314000
nan
nan
nan
nan
nan
nan
nan
nan
0.505000
nan
nan
0.428000
0.623000
nan
nan
0.301000
nan
nan
nan
nan
0.607000
nan
0.762000
nan
0.666000
nan
nan
nan
0.493000
0.511000
nan
0.525000
nan
nan
nan
0.911000
0.911000
nan
0.721000
0.803000
0.630000
nan
nan
0.415000
0.397000
0.388000
nan
nan
nan
0.500000
0.434000
nan
nan
0.596000
0.394000
nan
nan
nan
nan
nan
0.859000
nan
nan
nan
0.561000
0.576000
nan
nan
nan
nan
nan
0.975000
nan
