Coverage: 912.972973
nan
nan
0.845000
nan
nan
nan
nan
1.000000
nan
nan
0.563000
nan
0.141000
1.000000
nan
nan
nan
nan
nan
nan
0.000000
0.845000
0.000000
nan
nan
nan
1.000000
nan
nan
nan
0.423000
0.141000
0.141000
0.845000
0.141000
nan
0.282000
nan
0.563000
0.682000
nan
0.227000
0.455000
0.682000
0.227000
0.346000
0.346000
nan
nan
0.346000
nan
nan
nan
0.346000
0.952000
0.260000
nan
nan
nan
0.433000
0.173000
0.519000
0.260000
nan
0.606000
0.866000
0.519000
nan
nan
nan
0.346000
0.346000
nan
0.866000
nan
nan
nan
nan
0.433000
0.693000
0.693000
nan
1.000000
0.779000
nan
