Coverage: 10439.459459
nan
nan
0.248000
nan
nan
nan
nan
1.000000
nan
0.326000
0.298000
nan
0.712000
0.344000
nan
nan
0.868000
1.000000
0.396000
nan
0.372000
nan
nan
0.420000
nan
0.559000
nan
0.503000
0.431000
nan
0.487000
nan
0.383000
nan
nan
0.274000
0.296000
nan
nan
nan
nan
nan
nan
0.287000
nan
nan
nan
0.320000
0.305000
0.285000
0.150000
0.194000
0.553000
nan
nan
nan
0.393000
nan
1.000000
nan
nan
nan
0.534000
0.306000
0.407000
nan
0.604000
0.478000
nan
0.347000
nan
0.599000
0.403000
0.979000
1.000000
0.670000
0.866000
0.632000
0.548000
0.604000
nan
nan
nan
nan
nan
0.857000
0.309000
0.501000
nan
0.763000
0.576000
0.548000
0.997000
0.838000
0.651000
0.674000
0.679000
0.716000
0.890000
nan
nan
0.698000
0.567000
nan
nan
0.306000
nan
nan
nan
nan
0.913000
nan
0.805000
nan
0.599000
0.553000
nan
nan
nan
nan
nan
0.543000
0.557000
nan
nan
0.306000
nan
nan
1.000000
0.716000
nan
0.721000
0.768000
nan
0.590000
0.782000
nan
0.829000
nan
0.646000
0.735000
0.897000
nan
1.000000
nan
0.762000
nan
nan
1.000000
0.643000
0.988000
1.000000
0.931000
nan
0.514000
0.604000
nan
nan
0.988000
0.497000
0.796000
0.863000
0.446000
0.344000
nan
nan
nan
nan
nan
0.429000
0.356000
0.451000
0.880000
nan
0.468000
0.344000
0.643000
nan
0.315000
nan
0.621000
0.638000
nan
nan
0.700000
nan
0.542000
0.361000
nan
0.315000
nan
0.593000
0.502000
nan
0.315000
nan
nan
nan
nan
nan
0.457000
0.508000
0.700000
0.604000
nan
0.700000
nan
0.559000
0.971000
nan
nan
nan
0.514000
nan
0.412000
0.593000
nan
nan
nan
nan
0.491000
nan
nan
0.457000
nan
nan
nan
nan
0.587000
nan
nan
0.322000
0.389000
0.406000
nan
nan
nan
nan
0.435000
0.481000
0.464000
nan
0.296000
nan
0.363000
nan
0.414000
0.609000
nan
nan
0.531000
0.375000
0.425000
0.134000
0.125000
0.125000
0.125000
0.341000
0.140000
0.380000
0.503000
0.766000
0.822000
0.598000
0.369000
0.335000
0.235000
nan
nan
nan
nan
nan
nan
0.431000
nan
nan
0.900000
0.738000
0.498000
0.755000
0.397000
nan
1.000000
nan
nan
nan
0.978000
0.783000
0.604000
nan
nan
0.822000
0.593000
0.710000
nan
1.000000
0.671000
0.660000
nan
nan
0.878000
0.867000
nan
nan
0.671000
0.615000
nan
nan
nan
0.788000
1.000000
0.319000
nan
0.755000
nan
nan
0.721000
nan
nan
0.520000
0.308000
nan
0.808000
1.000000
nan
0.318000
nan
nan
nan
nan
0.787000
nan
0.821000
0.813000
0.456000
0.550000
0.563000
nan
0.924000
nan
0.748000
0.757000
0.834000
nan
nan
0.765000
0.808000
1.000000
nan
nan
nan
nan
nan
nan
0.886000
0.830000
nan
0.808000
nan
nan
0.727000
0.696000
0.666000
nan
nan
0.907000
0.744000
nan
nan
nan
nan
0.628000
0.684000
nan
0.610000
0.606000
nan
nan
nan
nan
0.813000
nan
0.469000
0.550000
nan
nan
0.460000
0.503000
0.559000
0.632000
nan
0.585000
0.365000
nan
0.520000
nan
0.334000
0.355000
0.503000
0.426000
0.605000
nan
nan
nan
nan
0.363000
1.000000
nan
nan
nan
nan
nan
nan
nan
0.571000
0.382000
nan
0.600000
nan
nan
nan
nan
0.624000
nan
0.527000
0.522000
nan
0.527000
0.452000
0.570000
nan
nan
nan
nan
nan
0.656000
nan
nan
0.909000
nan
nan
nan
0.699000
0.694000
nan
nan
nan
nan
nan
nan
nan
nan
1.000000
0.635000
nan
