Coverage: 5688.549618
nan
nan
0.253000
nan
nan
nan
nan
0.276000
0.172000
0.379000
nan
nan
0.460000
0.414000
0.414000
nan
nan
0.448000
0.713000
nan
nan
nan
nan
0.425000
0.678000
0.356000
0.333000
0.540000
0.517000
nan
nan
0.575000
nan
nan
nan
0.460000
nan
0.908000
nan
1.000000
1.000000
1.000000
0.563000
0.885000
nan
0.851000
nan
nan
nan
0.793000
nan
nan
1.000000
0.512000
nan
0.631000
0.443000
0.618000
0.437000
nan
nan
0.512000
0.443000
0.387000
0.550000
0.487000
1.000000
nan
nan
nan
nan
nan
nan
0.949000
0.475000
0.668000
0.937000
0.312000
nan
nan
nan
nan
0.300000
nan
0.312000
nan
0.294000
nan
nan
nan
nan
nan
nan
nan
0.194000
0.250000
nan
nan
nan
nan
0.156000
0.156000
0.156000
nan
0.244000
nan
nan
nan
0.993000
0.593000
1.000000
0.962000
0.219000
nan
nan
nan
0.250000
nan
nan
nan
nan
nan
nan
nan
nan
nan
nan
0.256000
0.563000
nan
nan
nan
nan
nan
nan
0.368000
nan
0.563000
0.422000
nan
0.482000
0.878000
0.959000
nan
0.543000
nan
nan
nan
0.844000
0.831000
nan
0.744000
nan
nan
0.677000
nan
0.529000
nan
nan
nan
0.811000
nan
