Coverage: 3782.000000
nan
nan
0.433000
nan
nan
nan
nan
0.738000
0.594000
0.369000
0.465000
nan
0.482000
nan
0.225000
nan
1.000000
nan
nan
nan
nan
nan
nan
0.706000
0.819000
1.000000
0.947000
nan
nan
0.722000
0.706000
1.000000
nan
nan
nan
0.128000
nan
0.578000
0.337000
0.241000
0.478000
0.597000
nan
0.800000
nan
0.382000
1.000000
nan
1.000000
0.561000
0.836000
0.884000
0.800000
nan
0.191000
0.227000
nan
0.478000
nan
nan
1.000000
nan
nan
0.346000
nan
nan
0.406000
0.872000
0.800000
nan
nan
0.442000
nan
0.191000
nan
0.251000
nan
nan
nan
0.191000
nan
0.251000
nan
0.645000
0.836000
nan
0.812000
0.370000
nan
0.525000
0.693000
0.716000
0.418000
0.597000
nan
0.406000
0.191000
nan
nan
0.585000
0.549000
0.418000
0.657000
0.370000
0.681000
nan
0.346000
0.645000
0.513000
0.215000
0.549000
0.561000
nan
nan
0.573000
0.824000
nan
0.800000
nan
nan
0.967000
nan
nan
nan
0.542000
0.271000
nan
0.297000
0.567000
0.516000
0.645000
nan
nan
0.567000
1.000000
nan
0.709000
nan
nan
nan
nan
nan
nan
0.374000
0.610000
0.286000
nan
0.558000
0.324000
0.260000
nan
nan
0.493000
0.532000
nan
nan
nan
nan
0.311000
nan
0.766000
nan
nan
nan
nan
0.169000
0.337000
nan
nan
nan
0.311000
0.545000
nan
nan
nan
0.571000
nan
nan
nan
nan
0.986000
0.649000
0.922000
0.831000
nan
nan
nan
0.610000
0.831000
0.467000
nan
nan
nan
0.844000
nan
nan
0.996000
nan
1.000000
nan
