Coverage: 2086.607143
nan
nan
0.243000
nan
nan
nan
nan
nan
0.377000
nan
0.377000
nan
0.701000
0.485000
0.701000
0.620000
nan
0.485000
0.889000
0.916000
0.647000
0.189000
0.485000
1.000000
nan
nan
nan
0.162000
0.296000
0.117000
nan
1.000000
0.970000
0.755000
nan
nan
nan
nan
0.458000
0.356000
0.738000
nan
0.611000
0.738000
1.000000
0.328000
nan
nan
0.611000
0.662000
nan
nan
0.814000
0.483000
nan
0.328000
0.407000
nan
nan
0.458000
0.738000
nan
1.000000
0.407000
nan
0.458000
0.407000
nan
0.611000
0.458000
1.000000
nan
nan
0.916000
0.560000
0.891000
nan
0.458000
nan
nan
nan
nan
nan
0.662000
nan
0.749000
0.835000
nan
nan
nan
0.835000
0.907000
0.432000
0.662000
0.403000
nan
0.806000
nan
0.778000
nan
nan
nan
0.634000
nan
0.252000
nan
0.547000
0.576000
nan
0.547000
0.605000
0.806000
nan
0.547000
0.720000
nan
nan
0.806000
nan
nan
nan
0.920000
0.662000
nan
