Coverage: 17851.740139
nan
nan
0.334000
0.676000
nan
nan
nan
0.568000
nan
0.672000
nan
nan
0.726000
nan
1.000000
0.627000
nan
nan
1.000000
0.988000
nan
nan
0.280000
0.365000
0.442000
0.401000
0.519000
nan
nan
nan
0.717000
nan
1.000000
0.830000
0.943000
0.815000
nan
nan
nan
nan
0.662000
0.566000
0.416000
nan
nan
0.929000
0.872000
nan
nan
nan
0.383000
nan
0.269000
0.959000
0.582000
0.779000
0.839000
nan
0.280000
nan
nan
0.383000
nan
nan
nan
nan
0.649000
nan
0.453000
nan
nan
0.559000
nan
nan
nan
nan
0.423000
0.682000
nan
0.736000
nan
0.662000
nan
nan
nan
nan
0.269000
nan
nan
0.965000
nan
0.769000
nan
0.829000
0.859000
0.955000
nan
0.845000
0.339000
0.269000
0.622000
0.533000
0.932000
0.939000
nan
0.905000
nan
0.666000
nan
0.506000
0.320000
nan
nan
nan
1.000000
0.513000
0.915000
0.709000
nan
0.686000
0.456000
nan
nan
nan
1.000000
0.712000
0.756000
nan
nan
nan
1.000000
0.815000
0.672000
0.536000
nan
nan
nan
nan
nan
nan
nan
0.438000
0.234000
0.314000
nan
nan
0.703000
nan
0.625000
nan
0.807000
nan
0.126000
0.091000
0.091000
nan
0.091000
nan
0.098000
nan
nan
nan
0.941000
nan
0.800000
nan
0.121000
0.145000
0.126000
nan
nan
nan
0.091000
0.885000
1.000000
nan
nan
0.932000
0.761000
0.382000
nan
nan
nan
0.735000
nan
0.993000
1.000000
nan
0.761000
0.262000
0.178000
0.169000
nan
nan
nan
nan
nan
0.575000
nan
0.850000
0.804000
nan
nan
nan
nan
0.373000
0.161000
0.327000
0.406000
0.714000
nan
0.657000
nan
0.885000
nan
0.347000
0.818000
1.000000
0.419000
0.486000
0.345000
nan
nan
0.230000
0.542000
nan
0.581000
nan
nan
nan
nan
0.097000
0.262000
nan
nan
nan
1.000000
nan
0.127000
nan
nan
0.206000
0.127000
0.661000
1.000000
nan
0.358000
nan
0.700000
0.359000
nan
0.556000
0.550000
0.191000
0.150000
nan
0.238000
0.227000
0.269000
0.487000
1.000000
nan
nan
nan
0.539000
nan
nan
0.868000
0.839000
nan
0.471000
0.524000
nan
nan
nan
nan
nan
0.599000
0.789000
nan
0.752000
0.571000
0.803000
0.621000
nan
nan
nan
0.409000
0.527000
nan
nan
0.300000
0.577000
0.387000
0.453000
nan
nan
0.184000
nan
0.134000
0.313000
0.813000
nan
nan
nan
0.664000
nan
nan
0.207000
nan
nan
0.491000
0.705000
0.599000
nan
nan
0.483000
0.578000
nan
0.680000
nan
nan
0.404000
nan
nan
0.352000
nan
0.688000
0.658000
0.522000
nan
