Coverage: 2117.910448
nan
nan
0.195000
nan
nan
nan
0.702000
0.273000
0.390000
nan
0.234000
nan
nan
nan
0.078000
nan
0.234000
nan
nan
0.000000
0.078000
nan
nan
1.000000
nan
nan
nan
nan
0.390000
nan
0.000000
0.273000
nan
0.702000
nan
nan
0.819000
0.936000
nan
nan
nan
0.507000
nan
nan
1.000000
1.000000
0.430000
nan
nan
nan
0.573000
0.293000
0.550000
nan
0.330000
0.642000
0.090000
nan
nan
nan
nan
nan
0.367000
nan
1.000000
0.642000
0.403000
0.257000
0.090000
0.202000
0.147000
nan
nan
nan
nan
nan
nan
nan
nan
nan
nan
nan
1.000000
nan
1.000000
nan
0.587000
nan
nan
nan
nan
0.678000
nan
nan
nan
0.733000
nan
0.990000
nan
0.293000
nan
