Coverage: 14342.682927
nan
nan
0.697000
nan
nan
nan
0.553000
nan
0.784000
nan
nan
nan
0.473000
0.361000
0.578000
1.000000
nan
nan
1.000000
nan
nan
0.392000
0.460000
0.392000
nan
nan
0.553000
nan
0.342000
nan
0.597000
0.709000
nan
0.622000
nan
nan
nan
0.945000
nan
nan
0.541000
0.442000
0.473000
0.367000
0.373000
nan
0.541000
nan
nan
1.000000
nan
0.983000
nan
nan
0.166000
nan
0.318000
0.385000
nan
nan
nan
nan
0.711000
nan
nan
0.718000
0.632000
nan
nan
nan
0.620000
nan
0.458000
0.550000
0.687000
nan
0.782000
0.614000
nan
0.528000
nan
0.595000
0.641000
0.528000
0.568000
nan
nan
nan
nan
0.763000
1.000000
0.513000
0.495000
0.305000
nan
nan
0.794000
nan
nan
1.000000
nan
nan
nan
nan
0.321000
0.333000
nan
0.498000
1.000000
nan
0.556000
nan
nan
0.166000
0.166000
0.305000
0.913000
0.779000
nan
0.821000
nan
0.745000
0.834000
0.754000
nan
nan
0.171000
nan
nan
nan
0.711000
nan
0.385000
nan
nan
0.284000
0.272000
nan
0.168000
0.409000
0.797000
0.467000
nan
nan
nan
nan
0.754000
0.944000
0.555000
0.675000
nan
0.268000
nan
nan
0.139000
0.244000
0.250000
0.573000
nan
0.647000
0.697000
0.268000
0.860000
nan
nan
0.277000
0.296000
0.391000
nan
nan
0.247000
nan
0.311000
0.351000
nan
0.583000
0.777000
0.740000
nan
0.324000
0.432000
nan
nan
0.888000
0.472000
0.139000
nan
nan
0.151000
nan
1.000000
0.919000
0.826000
nan
0.401000
0.549000
nan
nan
0.444000
0.697000
nan
nan
1.000000
1.000000
0.188000
0.262000
nan
0.139000
0.342000
nan
nan
nan
nan
0.139000
0.200000
0.506000
0.333000
nan
0.401000
nan
0.629000
0.447000
0.441000
nan
0.367000
nan
nan
nan
0.869000
nan
0.364000
nan
nan
nan
nan
nan
nan
0.623000
nan
0.259000
nan
nan
1.000000
nan
nan
nan
nan
0.182000
nan
nan
nan
0.265000
nan
nan
0.904000
0.997000
0.673000
nan
1.000000
0.376000
nan
nan
nan
nan
0.207000
nan
0.309000
nan
nan
nan
nan
nan
0.296000
nan
nan
0.346000
nan
nan
nan
0.432000
nan
0.435000
0.895000
0.811000
nan
nan
nan
nan
0.182000
nan
0.182000
0.253000
0.182000
0.528000
nan
nan
nan
0.845000
0.595000
0.750000
0.728000
0.531000
nan
0.660000
nan
nan
nan
nan
0.626000
0.543000
0.595000
0.469000
0.716000
0.475000
0.737000
0.565000
nan
nan
nan
nan
nan
nan
1.000000
0.827000
nan
0.503000
0.793000
0.811000
0.454000
nan
0.653000
0.489000
0.565000
nan
nan
nan
nan
nan
0.801000
nan
0.532000
nan
0.302000
0.256000
0.115000
0.122000
0.080000
0.118000
nan
nan
0.076000
nan
nan
nan
nan
0.835000
nan
nan
nan
0.613000
0.254000
0.191000
0.101000
nan
nan
nan
nan
nan
nan
nan
nan
nan
nan
nan
1.000000
0.651000
0.825000
0.759000
nan
1.000000
nan
nan
nan
nan
nan
0.891000
0.748000
nan
nan
nan
0.989000
nan
