Coverage: 2601.891892
nan
nan
0.303000
nan
nan
nan
0.370000
nan
nan
0.336000
nan
0.269000
nan
1.000000
nan
nan
0.605000
0.840000
nan
nan
1.000000
0.336000
0.840000
0.504000
0.672000
nan
0.403000
nan
nan
nan
nan
nan
1.000000
nan
nan
0.739000
nan
0.269000
0.269000
0.403000
0.471000
nan
nan
nan
0.101000
nan
0.134000
0.471000
nan
0.067000
0.370000
nan
0.403000
nan
nan
nan
0.908000
0.253000
0.619000
nan
nan
nan
0.141000
nan
0.141000
nan
nan
0.422000
nan
0.309000
0.309000
0.309000
0.197000
0.619000
0.281000
0.141000
0.563000
0.534000
nan
0.591000
nan
0.759000
0.141000
nan
0.985000
0.281000
nan
0.394000
0.394000
0.394000
0.703000
0.394000
0.338000
0.478000
0.394000
0.338000
1.000000
0.309000
0.816000
nan
0.816000
nan
nan
0.422000
0.450000
nan
nan
nan
nan
nan
0.366000
nan
0.309000
0.366000
nan
0.309000
0.422000
nan
1.000000
nan
0.422000
nan
0.141000
0.281000
0.506000
1.000000
nan
0.450000
0.956000
nan
nan
nan
nan
nan
nan
0.703000
nan
0.281000
nan
nan
nan
0.422000
nan
0.943000
0.728000
1.000000
0.889000
1.000000
nan
0.782000
nan
0.189000
0.135000
nan
nan
nan
nan
1.000000
nan
nan
nan
0.189000
nan
nan
0.970000
nan
nan
nan
0.970000
0.539000
nan
nan
nan
0.458000
nan
nan
0.674000
nan
0.485000
0.539000
nan
nan
nan
0.889000
0.323000
0.162000
0.135000
nan
0.863000
0.620000
0.105000
nan
nan
0.970000
nan
nan
nan
0.377000
nan
0.836000
nan
0.458000
0.404000
nan
0.539000
nan
nan
0.105000
0.135000
nan
0.593000
nan
0.458000
0.189000
nan
nan
0.539000
nan
nan
nan
nan
0.350000
nan
0.701000
nan
0.216000
0.105000
0.189000
nan
0.323000
0.728000
nan
nan
nan
0.377000
nan
nan
0.377000
nan
nan
nan
0.566000
0.135000
0.323000
nan
0.243000
nan
nan
0.323000
nan
0.143000
0.086000
nan
0.314000
0.742000
nan
nan
1.000000
0.200000
0.257000
0.200000
0.228000
0.485000
nan
nan
0.599000
nan
1.000000
0.628000
0.285000
0.000000
0.000000
0.086000
0.029000
0.143000
0.000000
0.057000
0.000000
0.029000
0.086000
0.000000
0.428000
0.428000
0.399000
0.827000
nan
0.228000
0.200000
0.342000
0.485000
nan
0.456000
nan
nan
0.656000
nan
0.086000
0.342000
nan
0.228000
nan
1.000000
nan
0.514000
nan
nan
0.228000
0.171000
0.285000
0.171000
0.057000
nan
nan
nan
0.000000
nan
nan
0.086000
0.742000
nan
0.086000
nan
nan
0.514000
nan
nan
nan
nan
0.159000
nan
0.106000
nan
nan
nan
0.319000
nan
0.505000
0.292000
nan
nan
0.691000
nan
nan
nan
nan
0.053000
0.372000
nan
0.053000
nan
nan
nan
0.319000
nan
nan
nan
nan
nan
0.292000
nan
0.239000
nan
nan
nan
nan
nan
0.452000
0.531000
nan
nan
0.425000
nan
0.611000
0.664000
0.239000
0.053000
nan
0.372000
0.372000
1.000000
nan
0.106000
0.186000
nan
0.159000
0.159000
0.266000
nan
nan
nan
nan
nan
nan
nan
nan
nan
nan
nan
nan
nan
0.133000
nan
nan
0.053000
0.478000
nan
0.398000
nan
nan
nan
nan
0.531000
0.425000
nan
nan
nan
0.823000
0.558000
nan
1.000000
nan
nan
nan
nan
nan
nan
nan
nan
0.345000
0.345000
0.770000
nan
0.345000
0.425000
nan
0.452000
nan
nan
nan
0.531000
nan
0.133000
0.212000
0.956000
nan
nan
nan
0.345000
0.956000
nan
nan
0.637000
nan
1.000000
0.658000
0.475000
nan
nan
nan
0.577000
nan
0.405000
nan
0.496000
nan
0.278000
nan
0.445000
nan
nan
nan
0.799000
0.688000
nan
0.546000
nan
nan
nan
0.384000
nan
nan
0.536000
nan
0.506000
0.718000
1.000000
nan
0.486000
0.496000
nan
0.567000
nan
0.769000
0.546000
nan
nan
0.364000
0.278000
0.647000
0.809000
0.506000
nan
nan
nan
0.516000
0.496000
0.880000
0.607000
nan
nan
nan
0.678000
1.000000
0.516000
nan
nan
nan
nan
nan
nan
nan
nan
0.364000
nan
nan
nan
nan
nan
0.880000
nan
0.961000
nan
nan
nan
0.789000
nan
0.880000
0.516000
nan
nan
nan
0.577000
nan
1.000000
nan
0.344000
0.759000
0.840000
nan
nan
nan
0.278000
nan
0.860000
0.283000
nan
0.587000
nan
nan
0.395000
nan
nan
0.728000
nan
0.597000
0.707000
nan
0.759000
0.749000
0.443000
0.390000
0.432000
0.517000
nan
0.622000
nan
nan
0.443000
nan
0.633000
nan
nan
0.717000
1.000000
0.865000
0.749000
0.907000
nan
0.274000
0.475000
nan
nan
0.707000
nan
nan
nan
nan
nan
nan
nan
nan
nan
nan
nan
nan
0.591000
0.496000
1.000000
nan
nan
nan
0.781000
0.807000
nan
0.742000
0.690000
0.729000
0.651000
0.794000
0.729000
0.651000
1.000000
0.729000
nan
nan
0.794000
nan
nan
nan
nan
0.833000
nan
nan
0.843000
0.521000
0.703000
nan
0.716000
0.573000
nan
