Coverage: 1166.666667
nan
nan
nan
0.264000
nan
nan
0.753000
nan
nan
nan
nan
0.678000
0.866000
nan
0.113000
0.414000
nan
nan
nan
0.226000
nan
nan
0.452000
0.452000
1.000000
nan
nan
nan
nan
nan
nan
0.301000
0.264000
0.113000
nan
0.226000
0.339000
nan
0.753000
0.791000
0.979000
0.603000
nan
0.377000
0.452000
0.377000
nan
nan
nan
nan
nan
nan
0.038000
0.075000
0.113000
0.038000
0.075000
0.026000
0.819000
nan
nan
nan
nan
0.026000
nan
0.292000
nan
nan
nan
1.000000
nan
nan
nan
nan
nan
nan
nan
nan
nan
0.585000
nan
nan
nan
nan
nan
0.702000
nan
nan
nan
0.819000
nan
0.234000
1.000000
nan
0.175000
0.292000
0.585000
nan
0.175000
0.409000
0.175000
nan
nan
0.292000
nan
nan
nan
nan
0.702000
0.526000
nan
0.026000
0.288000
1.000000
0.345000
0.633000
0.576000
0.403000
0.058000
nan
0.058000
0.288000
0.345000
0.345000
0.345000
0.288000
0.345000
nan
0.173000
nan
nan
nan
nan
0.921000
0.921000
0.288000
nan
nan
0.115000
nan
0.288000
nan
nan
0.518000
nan
nan
0.576000
0.633000
0.576000
0.403000
0.403000
nan
