Coverage: 3650.970874
nan
nan
0.284000
nan
nan
nan
nan
nan
nan
0.483000
0.852000
nan
1.000000
0.511000
nan
0.256000
0.881000
0.739000
nan
nan
0.568000
nan
0.227000
nan
nan
nan
0.426000
0.710000
0.653000
0.369000
0.653000
0.313000
nan
nan
1.000000
0.881000
0.824000
1.000000
0.767000
nan
0.483000
0.313000
nan
0.313000
0.912000
0.668000
0.554000
0.228000
nan
0.472000
0.163000
0.212000
0.684000
0.635000
0.407000
0.326000
nan
nan
nan
nan
0.309000
0.928000
nan
0.554000
0.749000
0.489000
nan
nan
0.603000
0.423000
0.651000
0.472000
nan
nan
nan
nan
nan
nan
nan
nan
0.554000
1.000000
nan
nan
nan
nan
1.000000
nan
nan
nan
nan
nan
nan
nan
nan
nan
nan
0.570000
0.847000
0.619000
nan
0.635000
nan
nan
0.684000
nan
