Coverage: 7480.263158
nan
nan
0.320000
nan
nan
nan
0.389000
nan
nan
nan
0.473000
0.633000
0.519000
nan
0.664000
nan
1.000000
0.473000
0.351000
nan
1.000000
0.862000
0.763000
0.328000
0.687000
nan
nan
nan
nan
1.000000
nan
nan
0.954000
0.725000
nan
nan
0.420000
nan
0.374000
0.496000
0.465000
0.481000
nan
nan
0.237000
nan
nan
0.824000
nan
nan
nan
nan
0.553000
nan
0.406000
nan
nan
0.513000
nan
nan
0.712000
0.628000
0.982000
nan
nan
0.354000
nan
0.461000
nan
nan
0.203000
0.085000
0.088000
nan
nan
0.179000
nan
0.139000
nan
1.000000
nan
nan
0.151000
nan
0.235000
0.263000
nan
nan
nan
0.163000
nan
nan
1.000000
0.732000
nan
nan
0.085000
nan
nan
0.191000
nan
nan
0.215000
nan
0.127000
nan
nan
nan
nan
0.740000
nan
nan
nan
0.660000
nan
0.529000
0.839000
nan
nan
0.107000
nan
0.175000
nan
0.091000
nan
nan
0.676000
nan
0.243000
0.107000
0.183000
0.219000
0.171000
0.143000
nan
nan
nan
nan
0.183000
0.776000
nan
nan
nan
nan
nan
nan
0.143000
nan
0.151000
nan
nan
nan
nan
nan
nan
nan
nan
nan
0.628000
0.191000
0.171000
nan
0.123000
nan
nan
nan
0.091000
0.085000
1.000000
0.593000
nan
0.595000
nan
0.734000
0.854000
0.209000
0.380000
nan
0.417000
0.278000
0.310000
nan
0.202000
nan
nan
nan
0.942000
nan
nan
nan
nan
nan
0.141000
nan
nan
nan
0.278000
0.601000
0.544000
nan
nan
0.164000
nan
nan
0.247000
nan
0.405000
nan
nan
0.342000
0.158000
nan
0.980000
0.424000
0.373000
nan
nan
0.443000
1.000000
nan
nan
0.936000
0.993000
1.000000
0.848000
nan
0.215000
0.202000
nan
1.000000
0.158000
0.141000
nan
nan
0.670000
0.462000
0.525000
nan
nan
nan
0.196000
nan
nan
0.626000
0.835000
0.550000
0.304000
0.658000
0.626000
nan
0.588000
nan
nan
0.822000
0.607000
0.721000
nan
nan
0.550000
nan
0.141000
0.152000
nan
0.109000
0.131000
nan
1.000000
nan
nan
nan
nan
nan
nan
0.371000
nan
nan
0.686000
0.451000
0.531000
0.423000
nan
0.246000
nan
0.366000
0.143000
0.137000
0.326000
0.320000
0.937000
0.229000
0.377000
0.589000
nan
nan
nan
nan
nan
0.366000
1.000000
nan
nan
nan
nan
nan
0.086000
nan
nan
nan
nan
nan
nan
0.154000
0.349000
0.154000
nan
0.246000
nan
nan
nan
nan
nan
nan
nan
0.137000
nan
nan
0.076000
0.829000
0.726000
nan
nan
0.657000
0.714000
nan
nan
nan
0.229000
0.076000
nan
0.131000
0.280000
0.246000
nan
nan
0.326000
0.126000
0.280000
0.217000
nan
1.000000
nan
nan
0.076000
0.331000
nan
0.331000
nan
0.103000
nan
0.343000
nan
0.160000
0.183000
nan
0.131000
0.097000
0.166000
0.442000
0.568000
0.924000
0.987000
0.458000
0.347000
nan
0.505000
0.253000
nan
nan
nan
0.553000
nan
0.529000
0.363000
1.000000
nan
nan
nan
0.458000
0.490000
nan
0.663000
0.600000
0.679000
0.853000
nan
0.600000
0.568000
0.813000
nan
nan
0.261000
0.347000
0.229000
0.403000
0.521000
0.947000
nan
nan
nan
nan
nan
nan
nan
nan
nan
nan
0.276000
nan
nan
nan
nan
0.742000
nan
nan
0.513000
0.671000
nan
0.829000
0.253000
0.490000
0.292000
nan
