Coverage: 3796.103896
nan
nan
0.642000
nan
nan
nan
nan
0.520000
0.102000
nan
0.598000
nan
nan
nan
nan
nan
nan
nan
0.377000
nan
0.664000
0.676000
nan
nan
0.808000
1.000000
0.199000
0.266000
0.365000
0.753000
nan
nan
nan
nan
nan
0.354000
nan
0.221000
0.188000
0.963000
nan
0.842000
0.664000
1.000000
nan
nan
nan
0.102000
0.177000
nan
0.399000
nan
nan
nan
nan
nan
nan
nan
nan
0.343000
1.000000
nan
nan
nan
nan
nan
nan
nan
nan
nan
nan
nan
nan
nan
nan
nan
nan
nan
0.819000
nan
nan
0.697000
nan
nan
nan
nan
0.312000
nan
nan
nan
nan
nan
0.348000
1.000000
nan
0.532000
nan
nan
nan
nan
0.440000
nan
nan
1.000000
nan
nan
nan
nan
nan
0.440000
0.752000
nan
nan
0.862000
0.367000
nan
0.440000
0.642000
nan
nan
0.330000
nan
nan
0.422000
0.513000
nan
nan
0.862000
nan
nan
nan
0.990000
0.330000
nan
nan
0.281000
0.513000
0.495000
nan
0.281000
nan
nan
0.495000
nan
0.367000
nan
0.660000
0.825000
nan
0.788000
nan
nan
0.550000
0.678000
nan
nan
nan
nan
nan
0.568000
nan
nan
nan
nan
nan
0.623000
0.678000
nan
0.733000
0.348000
0.440000
0.281000
nan
0.862000
nan
0.990000
nan
0.715000
0.458000
0.972000
nan
nan
nan
nan
0.862000
1.000000
0.843000
nan
0.935000
nan
0.935000
0.403000
0.403000
0.623000
nan
0.487000
0.749000
0.798000
0.516000
0.360000
nan
nan
nan
0.594000
0.341000
0.496000
0.633000
0.487000
nan
nan
0.282000
nan
0.234000
nan
0.370000
nan
0.273000
nan
nan
nan
nan
0.049000
0.165000
nan
0.292000
nan
nan
nan
nan
0.107000
nan
nan
0.662000
nan
nan
nan
nan
nan
nan
0.876000
nan
0.866000
nan
nan
nan
nan
0.856000
nan
0.973000
nan
0.185000
0.224000
0.049000
0.078000
0.107000
nan
0.058000
0.185000
0.175000
nan
0.049000
nan
nan
0.175000
nan
nan
0.058000
nan
0.535000
1.000000
0.526000
nan
nan
nan
nan
1.000000
nan
nan
nan
0.127000
0.360000
0.389000
nan
nan
nan
nan
nan
nan
nan
nan
0.195000
nan
nan
nan
0.642000
nan
0.185000
nan
0.058000
0.195000
nan
0.068000
0.068000
nan
0.049000
nan
nan
nan
nan
nan
nan
nan
nan
1.000000
0.731000
nan
1.000000
0.479000
0.551000
0.240000
nan
0.371000
0.180000
nan
0.251000
nan
0.268000
0.146000
0.967000
nan
nan
0.178000
0.574000
1.000000
nan
nan
0.714000
0.535000
nan
nan
nan
nan
0.357000
nan
0.790000
0.816000
0.701000
nan
0.688000
nan
nan
nan
nan
nan
0.204000
nan
1.000000
nan
nan
0.880000
0.408000
nan
