Coverage: 2658.064516
nan
nan
0.233000
0.483000
nan
nan
0.358000
nan
nan
nan
0.859000
nan
nan
nan
0.859000
0.842000
nan
0.770000
0.931000
0.573000
nan
nan
nan
0.913000
nan
nan
nan
nan
nan
nan
0.913000
0.734000
nan
nan
0.412000
nan
nan
0.483000
0.609000
1.000000
nan
0.555000
0.787000
0.888000
1.000000
nan
nan
nan
nan
nan
nan
nan
nan
nan
nan
0.921000
0.847000
nan
0.363000
nan
nan
nan
nan
0.868000
nan
0.646000
0.444000
nan
0.343000
0.920000
0.875000
0.741000
0.898000
0.943000
0.584000
0.561000
nan
nan
0.561000
0.898000
nan
0.673000
0.696000
1.000000
0.292000
nan
