Coverage: 416.666667
nan
nan
0.000000
0.000000
nan
nan
0.333000
nan
0.667000
nan
nan
0.667000
0.444000
0.222000
1.000000
nan
1.000000
nan
0.333000
nan
0.444000
nan
nan
nan
0.667000
0.000000
nan
nan
nan
nan
0.889000
nan
0.222000
0.333000
nan
nan
nan
nan
0.667000
nan
nan
nan
nan
nan
nan
nan
1.000000
nan
0.738000
nan
0.295000
nan
0.295000
nan
0.074000
0.590000
0.517000
0.000000
nan
0.148000
0.148000
nan
0.443000
0.443000
1.000000
0.664000
nan
1.000000
0.295000
nan
0.148000
nan
nan
nan
nan
nan
nan
nan
nan
nan
nan
nan
nan
nan
0.148000
nan
0.295000
0.738000
nan
nan
nan
0.959000
nan
0.295000
nan
nan
nan
nan
nan
0.169000
0.906000
nan
nan
nan
0.906000
nan
0.253000
nan
nan
nan
0.169000
nan
0.169000
nan
nan
0.169000
nan
nan
nan
nan
0.084000
nan
nan
nan
1.000000
nan
nan
0.000000
0.000000
0.337000
0.337000
nan
0.674000
nan
