Coverage: 27514.285714
nan
nan
0.379000
nan
nan
nan
1.000000
0.831000
0.557000
nan
0.482000
0.390000
nan
0.397000
nan
nan
0.702000
nan
0.409000
nan
nan
nan
nan
nan
0.562000
nan
nan
0.489000
1.000000
0.687000
0.319000
nan
0.209000
nan
nan
0.271000
0.195000
0.198000
0.221000
0.661000
0.688000
nan
0.335000
0.379000
nan
nan
0.607000
nan
nan
nan
nan
0.267000
0.445000
0.319000
nan
nan
0.433000
0.789000
0.306000
0.688000
0.614000
nan
nan
0.776000
nan
0.266000
nan
nan
0.400000
0.266000
0.442000
0.829000
nan
0.354000
0.266000
0.764000
nan
nan
0.820000
nan
nan
0.345000
nan
0.347000
0.769000
0.797000
nan
nan
nan
0.271000
0.509000
0.366000
nan
nan
nan
0.801000
0.676000
nan
0.709000
nan
nan
0.481000
nan
0.484000
0.739000
1.000000
nan
nan
0.377000
1.000000
nan
nan
0.651000
nan
nan
0.333000
0.560000
nan
0.892000
0.808000
0.959000
nan
nan
0.382000
0.616000
0.414000
0.326000
0.373000
nan
nan
0.797000
0.290000
0.276000
1.000000
nan
0.509000
nan
nan
nan
nan
0.688000
0.637000
nan
nan
0.581000
0.516000
0.609000
nan
nan
nan
0.347000
0.424000
0.529000
nan
0.263000
nan
nan
1.000000
0.729000
0.594000
0.472000
nan
0.407000
0.596000
0.738000
0.774000
nan
0.745000
0.745000
nan
nan
0.815000
nan
nan
0.680000
0.474000
0.287000
0.899000
nan
nan
0.919000
1.000000
nan
nan
nan
nan
nan
nan
1.000000
nan
nan
0.763000
nan
nan
nan
nan
nan
nan
nan
0.925000
nan
0.399000
0.646000
0.393000
0.776000
0.622000
nan
0.620000
nan
nan
nan
0.849000
0.482000
0.578000
0.565000
0.312000
nan
nan
nan
0.243000
nan
0.323000
nan
nan
nan
0.370000
nan
nan
nan
0.139000
0.149000
nan
0.206000
nan
0.750000
nan
nan
nan
nan
0.139000
0.139000
nan
0.239000
nan
nan
nan
nan
nan
0.880000
0.623000
0.943000
nan
nan
0.893000
1.000000
nan
nan
0.627000
0.750000
1.000000
0.774000
nan
nan
0.943000
nan
0.933000
0.586000
0.265000
0.299000
1.000000
nan
nan
nan
nan
nan
nan
nan
nan
0.634000
0.685000
nan
0.632000
0.538000
0.731000
0.613000
0.625000
0.962000
0.586000
nan
0.584000
0.806000
0.990000
nan
0.403000
nan
nan
nan
nan
nan
0.912000
nan
nan
0.815000
0.900000
0.876000
nan
