Coverage: 11337.193764
nan
nan
0.183000
nan
nan
nan
1.000000
nan
0.105000
0.219000
0.203000
nan
nan
0.215000
nan
0.217000
nan
nan
nan
nan
nan
0.132000
nan
nan
nan
0.177000
0.264000
nan
nan
nan
nan
nan
0.154000
0.179000
0.183000
nan
nan
0.311000
nan
nan
nan
0.490000
0.150000
0.293000
nan
0.072000
0.096000
0.425000
0.560000
0.393000
0.315000
0.192000
nan
0.147000
nan
0.446000
nan
0.311000
nan
nan
nan
nan
nan
nan
nan
nan
0.642000
0.675000
0.348000
nan
0.667000
0.331000
0.204000
0.405000
0.413000
nan
0.867000
nan
0.290000
0.299000
0.270000
nan
0.209000
nan
0.773000
nan
0.695000
0.985000
nan
nan
nan
nan
nan
0.217000
0.540000
0.470000
nan
nan
nan
0.138000
0.245000
nan
nan
nan
nan
0.998000
0.613000
0.303000
0.258000
nan
nan
0.335000
nan
nan
nan
1.000000
0.413000
0.138000
0.138000
0.507000
0.761000
nan
nan
nan
nan
nan
nan
0.540000
1.000000
nan
nan
0.577000
nan
nan
0.949000
0.846000
nan
0.662000
nan
nan
0.732000
nan
0.343000
nan
nan
nan
nan
0.781000
nan
nan
1.000000
nan
0.822000
nan
nan
nan
0.295000
0.262000
nan
nan
0.277000
nan
nan
nan
0.321000
nan
nan
0.328000
0.452000
0.492000
nan
nan
0.623000
0.291000
nan
nan
nan
0.623000
0.700000
nan
nan
nan
nan
0.572000
nan
nan
0.142000
nan
nan
0.134000
nan
nan
nan
0.751000
0.514000
nan
nan
0.488000
0.652000
nan
nan
nan
0.437000
nan
0.361000
nan
nan
nan
nan
nan
nan
0.189000
nan
nan
0.802000
nan
0.470000
nan
0.780000
nan
1.000000
nan
0.357000
nan
0.445000
0.426000
nan
nan
0.499000
0.404000
0.142000
nan
0.182000
0.893000
1.000000
nan
nan
nan
nan
1.000000
0.470000
0.361000
0.350000
nan
0.904000
nan
0.707000
0.612000
nan
nan
nan
0.284000
nan
0.193000
nan
nan
nan
nan
nan
0.226000
0.134000
nan
0.598000
nan
nan
nan
nan
nan
nan
nan
nan
nan
0.134000
nan
nan
nan
0.707000
nan
nan
0.386000
nan
nan
nan
0.922000
nan
nan
nan
0.887000
0.491000
0.917000
0.246000
0.443000
nan
nan
0.941000
nan
nan
1.000000
nan
0.821000
0.743000
0.932000
0.592000
0.806000
1.000000
nan
nan
nan
nan
nan
nan
nan
nan
nan
0.961000
0.743000
nan
0.800000
0.548000
0.605000
0.649000
nan
0.693000
0.353000
0.416000
0.554000
0.580000
nan
0.668000
nan
nan
nan
0.888000
0.580000
nan
nan
nan
0.491000
nan
0.580000
nan
nan
0.687000
0.926000
nan
0.561000
nan
0.617000
nan
