Coverage: 2715.000000
nan
nan
0.313000
nan
nan
nan
nan
nan
nan
nan
nan
0.900000
nan
nan
0.822000
nan
nan
0.783000
1.000000
nan
nan
nan
nan
nan
0.509000
nan
0.861000
0.548000
nan
0.470000
0.274000
nan
nan
0.978000
0.470000
nan
nan
nan
nan
nan
0.352000
0.157000
1.000000
nan
0.509000
nan
0.783000
nan
nan
0.626000
0.744000
nan
0.783000
1.000000
0.352000
0.606000
nan
nan
0.260000
nan
0.289000
nan
nan
0.404000
0.433000
0.722000
nan
nan
0.317000
nan
0.100000
0.491000
0.693000
nan
0.952000
nan
0.260000
0.548000
nan
nan
nan
nan
nan
0.606000
nan
1.000000
nan
nan
0.202000
nan
nan
nan
nan
0.693000
nan
nan
0.433000
nan
0.100000
nan
nan
nan
nan
0.750000
nan
nan
nan
nan
0.924000
0.375000
1.000000
0.260000
nan
0.779000
nan
1.000000
0.664000
nan
0.606000
0.173000
nan
nan
nan
nan
nan
0.231000
0.115000
nan
0.837000
nan
nan
0.144000
nan
0.866000
nan
nan
0.635000
nan
nan
nan
0.100000
nan
nan
nan
nan
nan
nan
0.375000
0.606000
nan
nan
0.924000
0.635000
0.173000
nan
nan
nan
0.635000
0.577000
nan
0.144000
nan
nan
0.924000
0.202000
0.260000
nan
0.202000
0.289000
0.289000
0.075000
0.452000
0.226000
0.904000
0.339000
nan
0.527000
0.527000
0.716000
nan
0.414000
0.640000
0.753000
0.301000
0.075000
0.075000
0.188000
0.301000
0.603000
0.226000
nan
0.414000
0.377000
0.188000
0.866000
nan
0.678000
0.226000
nan
0.414000
nan
0.151000
0.264000
0.075000
nan
nan
nan
0.301000
nan
0.716000
nan
0.075000
nan
0.339000
nan
0.490000
nan
nan
0.490000
0.113000
nan
nan
nan
0.188000
0.866000
0.979000
nan
0.377000
0.565000
0.678000
nan
0.565000
0.490000
0.866000
1.000000
nan
0.979000
1.000000
1.000000
nan
0.829000
nan
0.490000
nan
nan
0.132000
0.127000
0.189000
nan
nan
0.198000
nan
nan
nan
0.226000
nan
nan
0.127000
nan
nan
nan
nan
0.594000
nan
0.283000
nan
0.127000
nan
nan
0.320000
0.500000
nan
0.396000
nan
nan
nan
0.509000
nan
nan
nan
0.509000
0.631000
0.754000
nan
0.603000
nan
0.405000
0.679000
0.631000
0.971000
0.481000
0.858000
nan
nan
0.820000
1.000000
nan
0.971000
0.782000
1.000000
0.839000
nan
nan
1.000000
0.914000
nan
0.745000
nan
nan
0.622000
0.990000
0.895000
nan
0.735000
0.349000
nan
0.895000
nan
0.631000
nan
