Coverage: 1393.500000
nan
nan
0.286000
nan
nan
nan
0.714000
nan
1.000000
nan
0.476000
nan
0.286000
0.333000
0.571000
0.476000
nan
1.000000
0.095000
nan
nan
nan
nan
nan
nan
0.238000
0.667000
1.000000
0.429000
0.429000
nan
0.619000
0.286000
0.476000
nan
nan
0.571000
0.667000
0.824000
nan
0.659000
0.904000
nan
0.104000
nan
0.104000
nan
0.313000
nan
nan
nan
nan
nan
nan
nan
nan
nan
nan
nan
0.800000
nan
0.348000
1.000000
nan
0.417000
0.557000
0.591000
0.243000
0.730000
nan
nan
0.278000
0.522000
0.626000
nan
nan
nan
nan
0.626000
nan
0.313000
nan
nan
nan
0.487000
nan
0.452000
0.696000
0.730000
0.591000
0.626000
nan
nan
0.696000
0.209000
0.626000
0.765000
nan
0.730000
nan
