Coverage: 3707.262570
nan
nan
0.223000
0.284000
nan
nan
nan
0.609000
nan
0.507000
0.568000
0.771000
nan
nan
nan
nan
0.669000
0.852000
0.933000
1.000000
0.629000
0.609000
0.771000
nan
nan
nan
nan
0.730000
0.710000
nan
0.811000
0.527000
nan
nan
nan
0.507000
0.751000
0.402000
0.335000
0.536000
0.754000
nan
0.603000
nan
0.653000
0.653000
nan
0.519000
0.385000
0.737000
nan
0.486000
nan
nan
nan
0.318000
0.637000
0.235000
1.000000
nan
nan
nan
nan
nan
nan
1.000000
nan
0.469000
nan
0.486000
nan
nan
nan
0.687000
nan
0.436000
nan
0.452000
nan
