Coverage: 1846.632124
nan
nan
0.250000
nan
nan
nan
nan
0.529000
nan
0.195000
nan
nan
nan
0.334000
nan
nan
nan
nan
nan
0.111000
nan
nan
0.223000
0.501000
nan
nan
0.362000
nan
0.445000
0.250000
0.417000
nan
0.167000
nan
nan
0.111000
0.056000
nan
1.000000
0.195000
nan
0.389000
nan
nan
nan
nan
1.000000
nan
nan
nan
nan
nan
nan
0.695000
nan
nan
nan
nan
nan
0.417000
nan
nan
nan
nan
nan
0.334000
0.134000
0.564000
nan
0.779000
0.430000
0.726000
0.833000
1.000000
nan
nan
nan
0.054000
0.182000
0.208000
nan
nan
nan
0.285000
0.415000
1.000000
nan
nan
nan
0.960000
0.986000
0.208000
nan
