Coverage: 1094.764398
nan
nan
0.534000
nan
nan
0.214000
nan
nan
nan
nan
0.641000
0.427000
0.961000
nan
0.712000
0.320000
nan
1.000000
nan
0.712000
0.285000
0.249000
0.569000
nan
nan
nan
nan
nan
0.071000
0.142000
nan
0.227000
nan
0.260000
0.519000
nan
nan
nan
0.714000
1.000000
nan
nan
nan
nan
nan
nan
nan
0.381000
0.293000
nan
0.323000
0.499000
0.176000
nan
nan
nan
nan
0.880000
0.130000
1.000000
0.733000
nan
0.205000
0.323000
nan
0.499000
nan
nan
nan
nan
0.733000
0.704000
nan
0.352000
nan
nan
0.176000
nan
0.411000
1.000000
nan
nan
0.733000
nan
nan
nan
nan
nan
0.645000
0.352000
nan
