Coverage: 2609.230769
nan
nan
0.301000
nan
nan
nan
0.339000
nan
nan
0.188000
nan
nan
nan
0.527000
nan
0.075000
nan
0.753000
nan
nan
0.979000
0.829000
nan
nan
nan
0.716000
0.753000
nan
nan
0.490000
1.000000
1.000000
nan
nan
nan
0.678000
0.753000
0.452000
1.000000
0.408000
nan
0.656000
0.390000
0.585000
nan
0.426000
0.603000
0.355000
0.257000
0.240000
0.063000
0.668000
nan
nan
0.668000
nan
0.377000
0.325000
nan
0.462000
0.685000
0.736000
1.000000
0.771000
nan
0.668000
nan
nan
0.072000
0.137000
0.257000
nan
nan
0.565000
nan
1.000000
0.668000
0.995000
nan
nan
nan
0.063000
nan
nan
nan
0.377000
nan
0.291000
nan
nan
nan
nan
0.342000
0.565000
nan
