Coverage: 66332.171582
nan
nan
1.000000
nan
nan
nan
nan
0.820000
nan
1.000000
nan
0.385000
nan
nan
nan
nan
0.784000
nan
nan
nan
0.350000
0.306000
0.645000
nan
nan
0.879000
nan
0.891000
nan
0.880000
0.708000
nan
0.711000
nan
nan
0.928000
nan
nan
0.523000
0.515000
0.532000
0.576000
nan
0.350000
nan
0.548000
nan
nan
0.423000
nan
0.590000
0.430000
nan
0.616000
0.131000
nan
0.146000
0.092000
0.074000
0.125000
nan
nan
nan
nan
0.139000
nan
nan
nan
nan
nan
nan
nan
0.143000
nan
nan
0.069000
0.043000
0.124000
nan
nan
0.075000
0.097000
1.000000
0.575000
nan
nan
0.501000
nan
nan
nan
0.369000
0.499000
nan
0.751000
0.669000
1.000000
0.568000
nan
0.268000
nan
nan
nan
nan
0.690000
nan
0.603000
0.925000
nan
nan
0.256000
0.599000
nan
0.406000
nan
nan
nan
0.108000
0.065000
0.043000
nan
nan
nan
nan
0.528000
nan
nan
nan
0.043000
0.048000
nan
0.297000
0.478000
nan
nan
0.777000
nan
0.561000
0.465000
0.424000
nan
0.575000
1.000000
0.732000
0.475000
0.569000
nan
nan
0.654000
nan
0.526000
0.690000
0.847000
0.596000
1.000000
1.000000
nan
0.987000
nan
1.000000
nan
0.094000
nan
nan
0.288000
nan
nan
0.376000
0.467000
nan
nan
nan
nan
nan
nan
0.345000
nan
0.130000
0.272000
nan
nan
0.363000
0.454000
nan
0.283000
nan
nan
0.116000
nan
0.309000
nan
nan
0.216000
nan
0.235000
nan
nan
nan
0.264000
0.298000
nan
0.081000
nan
nan
nan
0.184000
nan
nan
nan
0.081000
0.214000
0.154000
0.316000
0.164000
nan
nan
nan
0.089000
0.081000
0.083000
0.716000
nan
nan
nan
nan
nan
nan
nan
nan
nan
0.175000
0.171000
0.222000
nan
nan
0.136000
0.294000
nan
nan
nan
nan
nan
nan
nan
0.218000
0.141000
0.308000
nan
nan
0.387000
0.494000
nan
0.434000
0.350000
0.624000
0.259000
0.263000
0.179000
0.266000
0.478000
nan
nan
0.739000
nan
1.000000
nan
0.276000
0.362000
nan
nan
0.642000
1.000000
0.386000
nan
