Coverage: 19215.662651
nan
nan
0.348000
nan
nan
nan
nan
1.000000
0.651000
nan
0.704000
nan
nan
nan
0.766000
0.891000
nan
0.722000
0.891000
0.909000
nan
nan
0.357000
nan
nan
0.365000
nan
nan
nan
nan
1.000000
0.980000
nan
nan
0.856000
0.535000
0.570000
0.731000
nan
nan
1.000000
0.954000
nan
0.248000
nan
nan
nan
0.524000
nan
nan
0.185000
nan
0.307000
0.389000
0.185000
nan
nan
0.196000
nan
0.489000
0.572000
0.355000
nan
0.431000
0.720000
0.744000
nan
nan
0.185000
0.258000
nan
0.279000
0.713000
0.596000
0.565000
nan
0.489000
0.634000
0.727000
nan
0.572000
0.820000
nan
nan
nan
0.593000
0.703000
0.906000
nan
0.786000
0.376000
0.555000
0.641000
0.782000
0.979000
nan
0.300000
nan
nan
0.489000
0.331000
nan
1.000000
nan
0.451000
nan
nan
nan
nan
0.768000
0.937000
nan
0.872000
0.713000
nan
0.720000
nan
0.720000
nan
nan
nan
0.772000
1.000000
0.744000
nan
nan
0.992000
nan
1.000000
nan
0.465000
0.207000
0.258000
nan
0.387000
0.354000
0.357000
0.250000
0.615000
nan
nan
nan
nan
nan
nan
nan
nan
0.525000
nan
nan
nan
0.489000
0.470000
0.663000
nan
nan
0.270000
nan
0.288000
0.264000
nan
0.763000
0.619000
nan
nan
nan
nan
nan
nan
nan
nan
0.085000
nan
0.145000
nan
0.136000
nan
nan
nan
nan
0.077000
0.365000
nan
nan
nan
nan
0.077000
nan
nan
nan
0.081000
1.000000
1.000000
0.433000
0.656000
0.176000
0.594000
0.906000
nan
nan
nan
nan
nan
0.144000
nan
nan
nan
0.694000
0.536000
0.800000
0.691000
nan
nan
0.109000
0.077000
nan
0.214000
nan
0.208000
nan
0.079000
0.798000
nan
nan
0.236000
nan
0.145000
0.603000
1.000000
0.564000
nan
nan
0.451000
nan
0.555000
nan
nan
0.443000
0.641000
nan
nan
0.471000
nan
0.610000
nan
nan
nan
nan
nan
nan
0.885000
nan
0.378000
nan
nan
0.607000
nan
nan
nan
nan
nan
nan
0.717000
0.713000
nan
1.000000
nan
nan
nan
nan
0.772000
0.781000
0.625000
0.772000
0.786000
nan
nan
nan
0.506000
nan
0.885000
1.000000
nan
0.966000
nan
nan
nan
0.365000
nan
0.748000
0.489000
0.977000
nan
nan
0.893000
0.889000
0.893000
nan
nan
0.420000
0.269000
nan
0.409000
nan
0.706000
0.356000
0.471000
0.269000
0.394000
nan
nan
1.000000
nan
0.882000
0.572000
nan
nan
nan
nan
nan
nan
nan
nan
nan
nan
0.902000
nan
0.682000
nan
0.400000
0.823000
nan
nan
0.737000
nan
0.492000
0.484000
nan
0.465000
0.535000
0.578000
0.749000
0.946000
nan
nan
nan
nan
0.313000
0.361000
nan
nan
nan
0.258000
0.343000
nan
nan
nan
0.372000
0.367000
0.314000
0.230000
0.539000
1.000000
nan
nan
nan
nan
nan
0.932000
nan
nan
nan
nan
nan
nan
0.236000
nan
nan
nan
0.165000
nan
nan
nan
nan
0.181000
nan
nan
0.581000
0.508000
nan
nan
nan
nan
0.864000
0.715000
nan
1.000000
nan
