Coverage: 1697.326203
nan
nan
0.298000
nan
nan
nan
nan
0.715000
0.835000
0.686000
nan
nan
0.745000
0.358000
0.447000
0.566000
nan
nan
nan
nan
1.000000
nan
nan
nan
1.000000
0.775000
0.805000
nan
nan
0.984000
nan
nan
0.745000
0.447000
nan
nan
1.000000
nan
nan
nan
nan
nan
nan
nan
nan
0.894000
0.864000
nan
nan
0.686000
0.805000
nan
0.691000
0.781000
0.601000
0.758000
0.576000
nan
0.788000
0.303000
1.000000
nan
nan
nan
nan
nan
nan
1.000000
nan
0.576000
nan
nan
nan
nan
0.074000
0.394000
0.636000
0.576000
0.879000
nan
nan
0.636000
0.758000
0.697000
1.000000
0.879000
nan
