Coverage: 3171.232877
nan
nan
0.160000
nan
nan
nan
nan
nan
0.455000
0.686000
nan
0.543000
nan
nan
nan
nan
nan
nan
nan
nan
0.974000
0.718000
nan
0.463000
nan
0.287000
nan
0.335000
0.088000
nan
0.583000
nan
nan
1.000000
nan
nan
nan
nan
nan
1.000000
nan
nan
nan
1.000000
0.407000
0.448000
0.779000
nan
nan
0.513000
nan
nan
nan
nan
nan
nan
0.435000
0.299000
0.799000
nan
nan
nan
nan
nan
0.591000
0.864000
nan
nan
nan
nan
nan
nan
nan
0.649000
nan
nan
0.383000
nan
nan
0.513000
nan
nan
nan
nan
0.351000
nan
nan
nan
nan
nan
nan
0.214000
nan
nan
nan
0.214000
nan
nan
nan
nan
nan
1.000000
0.617000
1.000000
1.000000
nan
nan
nan
0.214000
nan
0.383000
nan
0.325000
nan
0.526000
0.266000
0.325000
0.617000
nan
nan
0.552000
0.643000
0.799000
1.000000
0.591000
nan
nan
nan
0.773000
nan
nan
nan
0.792000
nan
nan
0.708000
0.682000
nan
0.584000
0.494000
nan
0.558000
0.506000
0.747000
0.247000
nan
nan
0.331000
nan
0.390000
nan
nan
0.474000
0.377000
0.506000
nan
0.396000
nan
0.494000
0.422000
0.409000
nan
nan
0.214000
nan
nan
1.000000
nan
nan
nan
nan
0.701000
0.329000
nan
0.591000
0.964000
nan
nan
nan
nan
nan
nan
nan
nan
1.000000
0.964000
0.657000
0.964000
nan
nan
nan
nan
nan
nan
nan
nan
0.657000
nan
nan
nan
0.460000
0.329000
nan
nan
0.876000
0.526000
nan
0.438000
nan
0.570000
nan
nan
nan
0.657000
0.876000
1.000000
nan
nan
nan
0.263000
0.307000
0.438000
nan
nan
nan
nan
0.044000
nan
nan
0.285000
0.153000
nan
nan
nan
0.044000
nan
nan
nan
nan
nan
0.044000
0.066000
0.044000
nan
nan
nan
nan
0.175000
nan
0.131000
nan
nan
nan
nan
nan
0.241000
0.372000
0.175000
0.197000
nan
0.307000
nan
nan
nan
0.372000
nan
0.153000
nan
nan
0.044000
nan
nan
nan
nan
0.131000
nan
0.350000
0.219000
0.219000
0.350000
nan
nan
nan
nan
nan
0.241000
0.350000
nan
0.044000
0.153000
0.285000
nan
nan
0.482000
0.625000
0.300000
0.600000
1.000000
0.150000
nan
0.050000
0.175000
nan
nan
0.500000
nan
nan
nan
0.375000
0.075000
0.075000
nan
nan
nan
nan
0.050000
0.075000
nan
0.100000
nan
nan
1.000000
0.050000
nan
nan
nan
nan
nan
1.000000
0.650000
nan
nan
nan
nan
0.100000
0.125000
nan
nan
nan
nan
1.000000
nan
nan
0.150000
nan
nan
nan
nan
0.575000
0.100000
nan
0.900000
0.575000
0.725000
nan
0.250000
0.175000
0.100000
nan
0.350000
nan
nan
nan
nan
nan
0.200000
nan
nan
0.875000
0.575000
0.400000
0.075000
nan
nan
0.275000
nan
0.200000
0.150000
nan
nan
nan
0.100000
nan
nan
0.550000
nan
nan
0.375000
nan
nan
nan
nan
0.050000
0.125000
0.200000
nan
0.200000
0.075000
nan
0.125000
nan
0.725000
nan
0.975000
nan
nan
nan
0.117000
nan
nan
0.238000
nan
0.333000
0.143000
nan
nan
0.476000
0.143000
0.286000
0.476000
nan
nan
nan
nan
nan
nan
1.000000
0.476000
nan
nan
nan
nan
nan
nan
0.571000
0.476000
0.857000
nan
0.333000
0.429000
0.143000
0.667000
0.952000
nan
nan
nan
0.762000
0.333000
0.381000
0.190000
nan
0.905000
nan
0.952000
1.000000
nan
0.571000
0.429000
0.429000
1.000000
0.333000
nan
nan
0.714000
nan
nan
0.238000
0.381000
0.143000
0.190000
0.286000
nan
nan
nan
nan
1.000000
0.117000
0.190000
0.117000
0.190000
0.333000
0.381000
nan
0.667000
nan
nan
nan
nan
nan
nan
nan
0.429000
0.619000
nan
0.667000
0.857000
nan
0.143000
nan
0.190000
0.392000
nan
0.667000
nan
nan
0.235000
nan
0.745000
nan
0.353000
nan
0.235000
nan
0.235000
nan
0.353000
0.235000
nan
0.275000
0.431000
nan
0.118000
0.392000
nan
nan
0.353000
nan
0.706000
0.235000
nan
0.196000
0.157000
nan
0.667000
0.235000
0.314000
nan
nan
nan
nan
0.314000
0.784000
0.235000
0.275000
0.098000
0.706000
0.627000
nan
0.314000
nan
nan
0.784000
0.353000
nan
nan
0.314000
nan
