Coverage: 8461.036468
nan
nan
0.690000
nan
nan
nan
0.211000
0.239000
0.563000
nan
0.732000
nan
0.690000
0.789000
0.761000
nan
nan
1.000000
1.000000
0.521000
0.577000
0.845000
nan
nan
0.690000
0.465000
1.000000
0.651000
nan
0.635000
nan
0.580000
nan
0.416000
0.800000
nan
nan
nan
nan
0.596000
0.682000
0.336000
0.336000
0.619000
nan
0.423000
nan
0.392000
0.439000
0.336000
nan
nan
0.431000
0.423000
0.533000
nan
0.612000
0.659000
nan
nan
0.643000
nan
0.698000
0.690000
0.510000
nan
0.800000
nan
0.541000
0.345000
0.494000
0.549000
nan
0.808000
0.933000
0.996000
1.000000
0.745000
nan
nan
nan
0.416000
nan
nan
1.000000
0.706000
0.980000
nan
0.831000
nan
nan
0.964000
0.525000
0.753000
nan
0.886000
nan
nan
0.682000
0.909000
0.933000
nan
0.659000
nan
0.776000
nan
nan
0.753000
nan
1.000000
nan
nan
nan
0.564000
nan
0.724000
0.471000
0.517000
0.596000
nan
0.430000
0.279000
nan
nan
nan
nan
0.279000
nan
0.476000
0.443000
nan
nan
0.620000
0.653000
0.591000
nan
0.372000
0.492000
0.405000
0.517000
0.608000
nan
nan
0.827000
0.414000
0.629000
0.715000
nan
nan
0.484000
0.575000
nan
nan
nan
nan
0.749000
0.765000
nan
nan
0.579000
nan
0.806000
0.715000
0.893000
0.591000
nan
nan
0.310000
0.306000
nan
nan
nan
nan
0.364000
nan
nan
0.811000
0.699000
0.782000
nan
nan
nan
0.279000
nan
nan
nan
0.773000
0.860000
nan
nan
1.000000
0.964000
nan
1.000000
nan
nan
nan
nan
nan
nan
nan
nan
1.000000
nan
nan
nan
nan
0.724000
0.819000
nan
nan
0.529000
nan
0.471000
0.496000
nan
0.910000
nan
nan
nan
nan
nan
nan
nan
0.616000
nan
0.577000
nan
0.913000
nan
0.695000
0.609000
0.436000
0.568000
0.636000
0.745000
nan
0.995000
nan
nan
0.800000
nan
nan
0.800000
nan
nan
nan
0.450000
nan
0.360000
0.650000
0.404000
0.504000
nan
0.954000
0.800000
1.000000
nan
nan
nan
0.459000
0.813000
0.968000
0.495000
0.695000
nan
0.722000
0.691000
0.804000
nan
nan
1.000000
nan
0.595000
nan
nan
nan
nan
0.859000
nan
0.686000
0.813000
nan
nan
0.568000
0.691000
0.595000
nan
0.804000
0.768000
nan
0.595000
nan
nan
1.000000
nan
0.360000
0.722000
0.563000
nan
nan
nan
nan
0.445000
nan
0.360000
nan
nan
nan
nan
nan
nan
nan
nan
nan
nan
nan
nan
nan
nan
nan
0.377000
nan
0.477000
nan
0.582000
nan
nan
nan
nan
nan
nan
nan
0.450000
nan
0.636000
0.650000
nan
0.578000
nan
0.557000
0.371000
nan
0.873000
0.895000
0.797000
nan
0.753000
0.698000
nan
nan
0.764000
nan
nan
0.764000
0.895000
nan
0.775000
0.715000
0.693000
nan
nan
nan
1.000000
0.813000
nan
nan
nan
1.000000
1.000000
0.480000
0.862000
nan
0.529000
0.835000
0.246000
0.622000
0.357000
nan
0.276000
0.332000
nan
nan
0.294000
nan
0.594000
nan
nan
nan
nan
0.268000
nan
nan
0.389000
nan
nan
nan
0.849000
nan
0.466000
nan
0.928000
nan
nan
0.882000
0.232000
0.377000
0.325000
0.491000
0.594000
nan
nan
0.683000
nan
0.670000
0.447000
0.830000
0.926000
0.606000
0.396000
nan
