Coverage: 1556.451613
nan
nan
0.083000
nan
nan
nan
nan
1.000000
0.386000
0.275000
0.799000
nan
0.909000
0.551000
nan
0.331000
nan
nan
nan
nan
nan
nan
0.386000
0.193000
0.634000
0.165000
0.496000
nan
0.909000
0.854000
nan
0.420000
nan
nan
nan
nan
nan
0.446000
nan
0.986000
nan
0.630000
nan
nan
0.420000
nan
0.840000
nan
nan
nan
nan
nan
nan
nan
nan
0.525000
0.499000
nan
0.474000
0.474000
0.673000
nan
nan
1.000000
nan
nan
nan
nan
0.399000
0.898000
nan
nan
nan
0.948000
nan
nan
1.000000
nan
nan
nan
nan
nan
nan
0.274000
0.499000
nan
