Coverage: 11966.272189
nan
nan
0.317000
nan
nan
nan
nan
nan
0.326000
0.531000
0.354000
nan
nan
0.969000
0.746000
0.951000
nan
0.615000
0.699000
nan
nan
0.839000
1.000000
1.000000
nan
nan
nan
1.000000
nan
0.298000
nan
0.308000
0.503000
0.559000
0.326000
0.475000
nan
0.599000
0.484000
0.198000
0.193000
0.255000
nan
nan
0.242000
0.233000
0.224000
nan
nan
0.489000
0.515000
0.255000
0.193000
0.238000
0.233000
nan
0.537000
0.352000
nan
0.550000
0.193000
0.955000
0.607000
0.379000
0.396000
0.489000
0.555000
0.647000
nan
0.647000
0.832000
0.511000
nan
0.766000
0.955000
0.920000
0.849000
1.000000
0.379000
0.480000
nan
nan
0.418000
nan
nan
0.942000
nan
0.766000
nan
nan
0.867000
1.000000
nan
0.220000
nan
0.792000
0.709000
0.990000
nan
0.986000
nan
1.000000
nan
0.717000
nan
nan
0.673000
0.920000
0.977000
0.750000
0.913000
0.406000
nan
0.507000
nan
nan
nan
nan
0.982000
nan
0.584000
nan
0.286000
0.266000
nan
nan
0.581000
0.796000
0.976000
0.776000
0.770000
0.924000
nan
0.790000
nan
nan
nan
nan
0.295000
0.550000
nan
nan
0.401000
0.266000
nan
0.641000
0.650000
nan
nan
nan
nan
1.000000
nan
nan
0.572000
nan
nan
nan
nan
nan
nan
nan
0.601000
nan
nan
nan
0.813000
nan
nan
nan
nan
nan
0.266000
nan
0.338000
nan
nan
1.000000
nan
0.710000
0.624000
nan
0.532000
0.994000
nan
nan
nan
0.618000
nan
nan
0.323000
0.482000
nan
0.949000
nan
nan
nan
nan
nan
0.344000
nan
nan
nan
nan
nan
0.482000
0.525000
nan
0.618000
0.608000
0.667000
0.759000
nan
0.658000
0.578000
nan
0.538000
nan
0.323000
nan
nan
0.900000
nan
1.000000
nan
nan
nan
nan
nan
nan
nan
0.747000
0.506000
nan
0.726000
nan
0.266000
nan
