Coverage: 331.944444
nan
nan
0.143000
nan
nan
nan
0.286000
nan
nan
0.000000
1.000000
nan
nan
nan
nan
0.000000
0.571000
0.286000
nan
0.286000
0.000000
0.000000
0.571000
nan
nan
0.000000
nan
0.000000
nan
nan
nan
nan
nan
0.000000
0.571000
0.286000
0.286000
0.857000
nan
0.714000
nan
nan
0.286000
nan
0.714000
0.143000
0.704000
1.000000
nan
0.845000
0.000000
nan
nan
nan
nan
0.845000
nan
0.282000
nan
nan
1.000000
0.423000
nan
nan
nan
0.282000
0.563000
0.563000
0.423000
0.000000
nan
0.282000
0.704000
0.282000
nan
0.563000
0.000000
nan
0.563000
0.511000
0.511000
nan
0.511000
0.682000
0.682000
0.682000
0.511000
1.000000
nan
nan
nan
nan
nan
0.341000
0.000000
0.923000
0.000000
nan
0.170000
0.341000
0.341000
0.341000
0.000000
nan
0.170000
nan
nan
0.000000
0.341000
nan
nan
0.682000
0.852000
0.852000
0.682000
nan
