Coverage: 16760.804020
nan
nan
1.000000
nan
nan
nan
nan
0.807000
nan
0.380000
nan
nan
nan
nan
0.990000
nan
nan
0.837000
nan
nan
nan
0.569000
nan
nan
nan
0.636000
nan
0.443000
0.774000
nan
nan
nan
0.614000
0.621000
0.586000
0.471000
0.630000
nan
nan
nan
1.000000
0.671000
0.415000
0.474000
nan
0.682000
nan
0.845000
nan
nan
0.938000
nan
0.656000
nan
0.875000
nan
0.746000
nan
0.945000
0.524000
nan
0.845000
0.502000
nan
nan
0.735000
0.827000
nan
0.738000
0.554000
1.000000
0.495000
0.746000
nan
nan
0.853000
nan
0.513000
nan
nan
nan
nan
0.521000
0.620000
0.749000
0.513000
0.292000
nan
0.295000
nan
nan
nan
nan
nan
nan
0.701000
nan
0.425000
nan
