Coverage: 13247.547170
nan
nan
0.316000
0.759000
nan
nan
0.569000
0.651000
nan
nan
0.271000
0.199000
nan
0.804000
0.859000
nan
nan
1.000000
nan
nan
0.669000
nan
nan
nan
nan
1.000000
0.362000
0.822000
0.886000
nan
0.488000
nan
nan
1.000000
0.325000
0.220000
0.435000
0.220000
0.527000
0.554000
nan
nan
nan
0.495000
0.495000
nan
nan
nan
nan
0.243000
0.284000
nan
0.220000
nan
0.316000
nan
nan
0.623000
0.531000
nan
nan
0.733000
0.536000
nan
0.664000
0.536000
1.000000
0.760000
0.549000
nan
0.426000
0.458000
0.279000
nan
0.348000
nan
0.408000
nan
0.417000
0.540000
nan
nan
nan
nan
1.000000
0.723000
nan
0.636000
nan
0.563000
nan
nan
0.774000
0.508000
nan
nan
nan
nan
nan
nan
nan
nan
0.343000
0.554000
nan
0.774000
nan
0.517000
nan
0.806000
nan
0.980000
nan
0.614000
nan
0.517000
0.440000
0.412000
nan
0.527000
1.000000
nan
0.536000
0.783000
0.426000
0.623000
0.412000
nan
0.475000
0.450000
0.381000
nan
0.340000
0.236000
0.198000
0.233000
0.356000
nan
0.211000
0.412000
0.604000
nan
0.611000
nan
0.488000
nan
0.346000
nan
nan
nan
0.560000
0.620000
0.774000
0.941000
nan
nan
nan
0.195000
nan
0.195000
0.195000
0.837000
0.403000
0.274000
0.296000
nan
nan
0.966000
nan
1.000000
0.799000
nan
0.705000
nan
nan
0.947000
nan
0.935000
nan
nan
0.991000
0.664000
0.740000
1.000000
nan
nan
nan
nan
nan
0.271000
0.532000
0.626000
nan
nan
nan
nan
0.740000
nan
nan
nan
0.456000
nan
nan
nan
nan
0.422000
0.938000
1.000000
nan
0.702000
0.670000
0.604000
0.500000
0.762000
0.375000
0.576000
nan
nan
0.651000
0.891000
nan
nan
nan
0.247000
nan
nan
nan
1.000000
0.936000
0.656000
0.850000
0.835000
nan
0.583000
nan
nan
nan
nan
nan
0.411000
nan
1.000000
nan
nan
nan
0.262000
0.482000
0.431000
0.886000
1.000000
nan
0.247000
nan
nan
nan
nan
0.381000
0.414000
nan
nan
0.328000
0.293000
0.419000
0.555000
nan
0.442000
0.462000
nan
nan
nan
0.247000
nan
0.419000
nan
nan
nan
nan
0.492000
0.484000
nan
0.638000
0.603000
0.636000
0.553000
0.601000
0.575000
0.611000
nan
nan
nan
nan
nan
nan
nan
0.303000
0.252000
nan
nan
0.550000
nan
0.866000
nan
nan
nan
0.318000
0.431000
0.449000
0.676000
0.596000
nan
nan
0.409000
nan
nan
nan
nan
0.838000
nan
0.886000
0.510000
0.712000
1.000000
nan
0.412000
nan
0.453000
0.841000
nan
0.547000
nan
nan
nan
0.526000
0.636000
nan
nan
nan
nan
1.000000
nan
nan
nan
nan
nan
0.996000
nan
0.477000
0.775000
nan
0.429000
0.333000
nan
nan
nan
0.333000
nan
nan
0.446000
nan
0.419000
0.647000
nan
0.391000
0.432000
0.488000
0.595000
0.654000
nan
0.958000
0.709000
nan
nan
1.000000
0.851000
0.681000
0.321000
0.797000
0.979000
nan
nan
0.448000
0.674000
0.598000
nan
0.872000
nan
0.650000
0.563000
nan
0.793000
0.828000
0.828000
0.666000
nan
nan
nan
nan
0.503000
0.894000
nan
nan
0.392000
0.424000
nan
nan
nan
nan
nan
0.674000
0.579000
nan
0.602000
nan
nan
0.868000
0.808000
nan
0.559000
nan
nan
0.670000
nan
nan
nan
0.813000
nan
nan
nan
0.759000
nan
