Coverage: 10330.617978
nan
nan
0.366000
nan
nan
nan
nan
nan
nan
0.608000
0.583000
nan
0.807000
nan
0.499000
nan
0.807000
0.799000
nan
nan
nan
nan
1.000000
nan
nan
0.891000
nan
0.757000
0.940000
nan
nan
0.924000
1.000000
nan
0.841000
1.000000
0.445000
nan
nan
0.293000
nan
nan
0.489000
nan
0.992000
0.619000
nan
0.377000
0.474000
nan
nan
0.542000
nan
0.397000
nan
0.334000
0.295000
0.624000
0.910000
nan
0.682000
0.503000
0.629000
0.726000
0.406000
1.000000
nan
nan
nan
nan
0.590000
nan
nan
0.392000
nan
nan
0.518000
0.842000
0.634000
0.319000
0.721000
0.469000
0.542000
0.953000
nan
1.000000
0.905000
nan
0.871000
nan
nan
0.702000
0.615000
0.823000
0.402000
0.556000
0.707000
0.677000
0.944000
nan
nan
0.576000
0.769000
0.436000
0.315000
0.556000
nan
nan
nan
nan
1.000000
nan
nan
nan
0.293000
0.293000
0.697000
nan
nan
nan
0.702000
0.736000
nan
nan
nan
nan
0.651000
nan
0.914000
nan
0.275000
0.307000
nan
0.356000
0.247000
nan
nan
nan
nan
0.882000
nan
nan
nan
nan
0.417000
0.821000
0.530000
0.850000
0.570000
nan
0.356000
nan
nan
nan
nan
0.991000
1.000000
nan
0.692000
nan
nan
0.485000
0.489000
nan
nan
0.967000
nan
nan
nan
0.477000
0.380000
nan
0.756000
0.651000
0.801000
nan
0.866000
nan
0.797000
1.000000
0.983000
0.740000
0.554000
nan
nan
0.518000
0.149000
0.218000
0.352000
0.206000
0.619000
0.667000
nan
0.368000
0.206000
0.214000
0.263000
nan
nan
nan
0.190000
nan
nan
nan
0.149000
nan
0.983000
nan
nan
0.812000
1.000000
nan
nan
0.336000
nan
0.138000
0.143000
0.147000
nan
nan
0.161000
0.263000
nan
nan
nan
nan
nan
nan
0.718000
0.242000
1.000000
nan
nan
nan
nan
nan
nan
0.729000
nan
0.799000
1.000000
nan
nan
nan
nan
nan
nan
nan
0.869000
0.634000
nan
nan
0.557000
0.634000
0.676000
nan
