Coverage: 289270.253165
nan
nan
0.253000
nan
nan
nan
nan
0.137000
0.224000
1.000000
nan
nan
nan
nan
nan
nan
nan
nan
nan
nan
nan
nan
nan
nan
nan
nan
nan
nan
nan
0.616000
nan
nan
0.359000
nan
nan
nan
0.221000
0.243000
0.776000
0.392000
0.232000
0.163000
0.189000
0.214000
nan
0.223000
nan
nan
0.293000
nan
0.217000
nan
0.182000
0.394000
0.290000
nan
0.277000
nan
0.176000
nan
1.000000
nan
nan
nan
nan
nan
nan
nan
nan
nan
nan
0.292000
nan
0.301000
nan
0.210000
nan
0.211000
nan
nan
0.340000
nan
nan
0.289000
nan
nan
nan
nan
nan
0.644000
nan
nan
1.000000
0.263000
0.030000
0.037000
0.034000
0.047000
0.057000
0.166000
nan
nan
nan
nan
nan
nan
nan
0.480000
0.641000
nan
nan
nan
nan
nan
0.046000
nan
nan
0.033000
nan
0.105000
nan
0.079000
nan
0.030000
0.030000
nan
nan
nan
nan
nan
0.314000
nan
nan
0.063000
nan
0.255000
0.686000
0.533000
1.000000
nan
nan
0.493000
nan
0.448000
nan
0.151000
1.000000
0.083000
nan
0.125000
0.130000
nan
nan
nan
nan
0.051000
nan
nan
nan
nan
0.777000
0.687000
nan
nan
nan
nan
nan
nan
nan
nan
0.991000
0.295000
nan
0.177000
nan
nan
0.789000
0.203000
nan
0.915000
0.198000
nan
nan
nan
nan
0.238000
nan
1.000000
nan
nan
0.175000
nan
0.082000
0.137000
0.192000
nan
0.865000
nan
nan
nan
0.085000
0.056000
0.059000
0.066000
nan
nan
nan
0.986000
nan
nan
nan
nan
nan
0.086000
0.054000
nan
1.000000
0.428000
nan
0.462000
0.112000
nan
nan
nan
nan
nan
0.100000
0.164000
0.489000
nan
nan
0.376000
nan
0.085000
0.054000
nan
nan
0.223000
0.499000
0.166000
0.092000
0.035000
0.033000
nan
nan
nan
nan
nan
nan
nan
nan
0.111000
0.082000
0.051000
nan
nan
nan
0.197000
nan
0.180000
0.033000
0.033000
nan
nan
0.060000
nan
1.000000
nan
nan
nan
nan
nan
0.699000
nan
0.095000
0.075000
0.067000
0.091000
nan
0.535000
nan
0.053000
nan
nan
0.051000
nan
0.036000
nan
nan
0.667000
nan
nan
0.851000
nan
nan
nan
nan
0.061000
nan
0.049000
nan
nan
nan
nan
nan
nan
nan
0.556000
nan
nan
nan
nan
0.123000
nan
0.304000
1.000000
nan
nan
nan
0.544000
nan
0.073000
nan
0.118000
nan
nan
nan
0.381000
nan
0.249000
0.443000
0.141000
nan
1.000000
0.352000
0.460000
0.406000
nan
0.420000
nan
nan
nan
nan
0.420000
nan
nan
1.000000
nan
nan
1.000000
0.574000
0.419000
nan
0.222000
nan
0.170000
0.151000
nan
0.141000
0.254000
0.220000
0.247000
0.838000
nan
nan
nan
nan
0.764000
nan
0.290000
0.371000
nan
nan
nan
nan
nan
nan
nan
nan
nan
nan
nan
nan
nan
nan
nan
0.076000
nan
nan
nan
nan
0.045000
0.034000
nan
0.032000
0.052000
0.036000
0.021000
nan
0.021000
nan
nan
0.021000
nan
0.041000
0.037000
0.021000
0.058000
0.034000
0.024000
nan
0.029000
0.027000
0.030000
nan
0.022000
nan
0.021000
nan
nan
0.024000
nan
0.048000
nan
0.035000
0.033000
0.048000
0.045000
0.025000
nan
nan
0.050000
nan
nan
0.045000
nan
nan
0.826000
0.710000
0.555000
nan
nan
0.274000
nan
0.307000
nan
nan
nan
nan
nan
nan
1.000000
0.661000
0.274000
0.274000
0.476000
nan
0.571000
nan
nan
0.528000
0.495000
0.353000
nan
1.000000
nan
nan
0.588000
nan
nan
0.769000
0.727000
0.601000
1.000000
0.562000
0.364000
0.604000
0.523000
nan
nan
nan
0.833000
nan
nan
nan
nan
nan
nan
0.403000
0.589000
nan
0.817000
0.705000
0.740000
0.724000
nan
0.670000
0.577000
nan
nan
nan
nan
nan
nan
nan
nan
nan
nan
nan
nan
nan
0.624000
0.662000
0.841000
nan
nan
0.779000
nan
0.550000
0.674000
0.538000
nan
nan
nan
0.852000
0.690000
0.589000
0.886000
nan
nan
0.449000
nan
