Coverage: 14149.440000
nan
nan
0.439000
nan
nan
nan
nan
0.807000
0.362000
0.568000
0.685000
1.000000
nan
nan
0.736000
nan
nan
0.878000
0.762000
nan
0.936000
nan
0.833000
0.575000
nan
0.859000
1.000000
0.846000
nan
nan
0.452000
0.975000
0.438000
0.795000
0.659000
nan
0.419000
nan
nan
nan
nan
nan
nan
nan
0.148000
nan
0.167000
nan
nan
0.310000
0.326000
nan
nan
nan
nan
nan
0.900000
0.574000
nan
nan
nan
nan
0.477000
0.725000
0.675000
nan
nan
nan
1.000000
0.485000
0.628000
1.000000
nan
nan
nan
nan
0.830000
nan
0.865000
0.807000
nan
0.783000
0.586000
0.857000
nan
nan
0.667000
0.772000
0.636000
0.857000
0.725000
nan
0.148000
nan
0.186000
0.159000
nan
nan
0.148000
0.551000
nan
1.000000
0.558000
0.582000
0.473000
nan
0.252000
nan
0.849000
0.985000
0.438000
0.652000
nan
0.710000
nan
0.593000
0.679000
nan
0.717000
nan
0.520000
0.857000
nan
nan
nan
nan
nan
nan
0.811000
0.950000
nan
0.764000
0.368000
0.484000
0.368000
nan
nan
nan
nan
0.903000
0.988000
0.823000
nan
1.000000
0.632000
nan
0.912000
nan
0.831000
nan
0.764000
0.674000
0.959000
nan
nan
nan
nan
0.755000
1.000000
nan
0.598000
nan
nan
0.963000
0.908000
nan
nan
0.547000
0.496000
0.368000
0.713000
0.602000
0.641000
nan
0.543000
0.615000
nan
0.615000
nan
nan
nan
0.704000
0.641000
0.416000
0.624000
0.607000
0.471000
0.666000
nan
0.479000
0.543000
0.764000
nan
0.611000
nan
0.764000
1.000000
0.738000
nan
nan
nan
nan
0.441000
0.653000
0.382000
0.946000
nan
nan
0.628000
nan
0.632000
0.556000
0.861000
0.535000
0.696000
0.749000
nan
0.811000
0.301000
0.630000
nan
nan
0.737000
nan
0.844000
0.420000
0.296000
0.329000
nan
0.296000
0.375000
0.441000
nan
0.729000
nan
0.572000
nan
0.894000
nan
0.581000
0.716000
nan
nan
nan
nan
nan
0.832000
nan
0.445000
nan
nan
nan
0.824000
nan
0.922000
0.721000
nan
0.877000
0.449000
0.449000
0.358000
nan
0.609000
nan
nan
0.482000
nan
0.601000
0.556000
nan
1.000000
nan
0.828000
nan
nan
nan
nan
0.296000
nan
nan
nan
nan
nan
0.807000
0.556000
0.572000
nan
nan
0.852000
nan
0.984000
0.568000
1.000000
0.824000
nan
0.894000
1.000000
nan
nan
nan
nan
0.461000
0.737000
nan
nan
0.564000
nan
0.441000
nan
0.428000
0.559000
0.387000
nan
nan
nan
0.644000
0.639000
nan
0.667000
nan
0.693000
nan
0.288000
0.387000
0.465000
0.271000
nan
nan
nan
0.457000
0.380000
0.238000
0.356000
nan
0.427000
nan
0.651000
nan
0.441000
nan
0.745000
0.788000
0.538000
0.795000
nan
nan
nan
nan
0.540000
0.415000
nan
nan
nan
nan
0.823000
0.658000
0.486000
0.432000
nan
0.417000
nan
0.672000
nan
0.363000
0.420000
0.608000
nan
nan
0.674000
nan
nan
nan
0.040000
0.889000
nan
nan
0.040000
nan
nan
0.040000
nan
1.000000
1.000000
0.934000
0.832000
nan
nan
nan
0.113000
nan
0.160000
0.236000
nan
0.064000
0.040000
nan
0.601000
0.420000
nan
0.222000
nan
nan
nan
1.000000
nan
nan
0.970000
nan
nan
0.212000
0.221000
nan
nan
0.212000
nan
0.212000
1.000000
nan
0.814000
0.984000
0.776000
nan
0.429000
nan
nan
0.607000
nan
0.538000
nan
0.548000
0.453000
nan
0.854000
0.700000
0.816000
nan
0.527000
0.474000
nan
nan
nan
nan
0.213000
nan
0.346000
nan
0.249000
nan
0.251000
0.403000
0.406000
nan
0.852000
0.712000
nan
0.569000
0.949000
1.000000
0.517000
0.470000
0.719000
0.372000
0.591000
nan
0.747000
nan
0.852000
1.000000
nan
0.472000
nan
nan
0.637000
nan
0.576000
0.561000
nan
nan
0.534000
0.630000
0.546000
nan
0.598000
0.613000
nan
0.472000
0.348000
0.351000
0.414000
nan
nan
nan
nan
nan
nan
nan
nan
nan
nan
nan
nan
0.414000
nan
nan
nan
nan
1.000000
nan
nan
0.416000
1.000000
nan
nan
nan
nan
nan
nan
nan
nan
nan
nan
nan
nan
0.838000
nan
