Coverage: 19025.806452
nan
nan
0.597000
nan
nan
nan
0.284000
0.506000
1.000000
0.485000
nan
nan
0.838000
nan
0.606000
nan
0.487000
0.588000
nan
0.453000
nan
nan
nan
0.355000
0.382000
0.492000
nan
0.410000
nan
nan
nan
nan
nan
nan
0.641000
0.563000
0.618000
nan
0.380000
nan
nan
nan
nan
0.286000
0.439000
nan
0.700000
0.746000
nan
0.549000
0.837000
nan
nan
0.488000
nan
0.680000
0.616000
nan
0.883000
0.892000
0.825000
nan
nan
0.946000
nan
0.455000
nan
nan
0.255000
0.243000
1.000000
nan
nan
nan
0.446000
nan
0.771000
0.373000
0.243000
0.783000
nan
nan
0.719000
0.783000
0.968000
nan
nan
0.886000
nan
nan
nan
nan
nan
0.925000
0.628000
nan
0.312000
nan
nan
nan
0.491000
0.628000
0.637000
0.555000
0.949000
nan
nan
0.995000
0.740000
nan
nan
nan
0.931000
nan
1.000000
0.616000
nan
0.595000
0.807000
nan
nan
nan
nan
nan
0.786000
0.983000
0.983000
nan
0.940000
0.646000
0.825000
0.928000
nan
0.862000
nan
nan
nan
nan
0.676000
nan
nan
nan
0.243000
nan
0.476000
1.000000
nan
nan
0.621000
0.860000
nan
nan
nan
0.857000
nan
nan
1.000000
nan
0.282000
nan
0.243000
0.243000
1.000000
nan
nan
nan
nan
0.823000
0.734000
nan
nan
0.394000
0.691000
nan
0.685000
0.811000
nan
0.676000
nan
nan
nan
nan
1.000000
nan
nan
0.624000
nan
nan
0.705000
nan
0.909000
0.806000
0.760000
nan
nan
0.325000
0.518000
0.964000
nan
nan
nan
nan
nan
0.673000
nan
0.509000
0.483000
nan
nan
nan
nan
nan
0.915000
0.811000
nan
0.998000
0.918000
nan
0.964000
0.463000
0.837000
nan
nan
0.299000
0.245000
0.800000
0.642000
0.616000
0.728000
nan
nan
nan
0.555000
nan
nan
0.849000
0.630000
0.826000
0.834000
nan
nan
0.555000
0.296000
0.429000
0.541000
nan
0.243000
nan
0.847000
0.609000
0.742000
0.631000
nan
nan
0.422000
0.625000
nan
nan
nan
0.358000
nan
nan
0.568000
0.197000
0.495000
nan
0.476000
nan
1.000000
0.974000
nan
0.898000
nan
0.771000
0.631000
nan
nan
0.580000
0.384000
nan
nan
0.818000
0.895000
0.774000
nan
0.739000
0.885000
nan
1.000000
nan
0.631000
0.457000
0.393000
0.336000
nan
0.641000
0.612000
nan
nan
nan
0.796000
0.498000
nan
0.498000
0.482000
0.650000
0.358000
0.533000
0.625000
nan
nan
nan
0.662000
nan
nan
0.485000
0.456000
nan
0.383000
nan
nan
nan
nan
nan
nan
0.160000
nan
nan
0.189000
0.124000
0.174000
0.129000
nan
1.000000
nan
nan
nan
nan
nan
nan
nan
nan
0.121000
0.226000
0.216000
0.195000
0.219000
nan
nan
nan
0.466000
0.456000
nan
1.000000
nan
nan
nan
nan
0.996000
0.511000
0.819000
0.948000
0.940000
0.653000
nan
