Coverage: 8011.137441
nan
nan
0.304000
nan
nan
nan
nan
0.636000
nan
0.728000
nan
0.304000
0.194000
0.111000
nan
1.000000
nan
0.682000
nan
1.000000
0.645000
nan
0.802000
nan
nan
nan
nan
nan
nan
0.848000
nan
0.700000
nan
nan
nan
nan
0.848000
0.454000
0.427000
nan
nan
0.233000
nan
nan
0.719000
0.427000
nan
nan
nan
0.665000
0.303000
0.260000
nan
nan
nan
0.611000
0.206000
nan
nan
nan
0.654000
nan
nan
nan
nan
nan
0.297000
0.433000
0.319000
nan
0.287000
0.535000
0.319000
nan
nan
nan
0.173000
0.168000
nan
0.249000
0.168000
0.156000
nan
1.000000
nan
0.222000
nan
0.227000
0.687000
nan
0.671000
0.389000
nan
nan
0.254000
0.941000
0.454000
0.314000
0.281000
0.946000
0.357000
0.498000
0.692000
1.000000
nan
nan
0.156000
nan
nan
0.156000
0.633000
nan
0.698000
0.860000
nan
0.233000
0.681000
0.487000
nan
nan
nan
0.303000
nan
nan
nan
1.000000
0.270000
0.752000
0.543000
0.162000
0.214000
nan
0.180000
0.338000
nan
nan
0.133000
nan
nan
nan
nan
nan
0.201000
0.062000
0.062000
nan
0.821000
nan
0.885000
0.637000
nan
0.573000
0.710000
nan
0.705000
0.680000
0.633000
0.744000
nan
0.774000
0.765000
nan
1.000000
0.851000
nan
nan
nan
nan
0.064000
0.090000
0.188000
nan
0.244000
nan
0.697000
0.936000
0.577000
0.778000
nan
0.445000
nan
0.628000
nan
nan
0.782000
0.740000
nan
nan
0.363000
0.958000
nan
0.062000
0.068000
nan
0.209000
0.115000
0.774000
0.581000
0.693000
1.000000
nan
nan
nan
nan
1.000000
nan
0.304000
0.573000
0.855000
nan
nan
nan
0.958000
nan
nan
0.684000
1.000000
0.782000
0.233000
0.668000
0.916000
nan
nan
1.000000
nan
nan
0.891000
nan
0.564000
nan
nan
1.000000
0.215000
nan
nan
nan
0.215000
nan
nan
0.802000
0.411000
0.302000
0.282000
nan
nan
nan
0.337000
nan
nan
0.544000
0.510000
0.421000
nan
0.297000
0.302000
nan
0.223000
0.327000
0.376000
nan
0.574000
0.836000
0.530000
0.233000
0.614000
0.831000
0.215000
0.376000
0.539000
0.480000
0.718000
0.906000
0.851000
0.787000
0.599000
nan
nan
nan
nan
nan
nan
nan
nan
nan
nan
0.752000
0.871000
0.810000
0.760000
nan
0.433000
nan
0.495000
0.518000
nan
0.664000
0.512000
0.636000
nan
0.557000
0.448000
0.795000
0.826000
0.687000
1.000000
nan
0.681000
nan
nan
nan
nan
nan
nan
nan
nan
1.000000
0.801000
0.580000
nan
0.467000
0.738000
nan
