Coverage: 6242.638623
nan
nan
0.499000
nan
nan
nan
nan
0.135000
0.985000
nan
nan
nan
nan
1.000000
nan
nan
0.985000
0.702000
0.607000
nan
nan
nan
0.661000
0.904000
nan
0.715000
0.513000
nan
0.432000
nan
0.391000
nan
nan
nan
nan
1.000000
1.000000
0.850000
nan
0.823000
0.580000
0.432000
0.472000
nan
0.931000
0.972000
0.472000
0.285000
nan
0.455000
nan
nan
0.802000
0.499000
0.865000
0.455000
0.410000
0.570000
nan
0.606000
0.802000
0.419000
0.633000
nan
0.508000
0.695000
0.374000
0.285000
0.312000
nan
0.339000
nan
nan
nan
nan
0.624000
nan
nan
nan
nan
0.766000
1.000000
1.000000
0.437000
0.339000
0.285000
0.285000
0.508000
0.927000
nan
nan
nan
nan
0.980000
nan
nan
0.348000
nan
0.758000
nan
0.704000
nan
0.606000
0.401000
nan
0.455000
0.365000
0.410000
nan
0.517000
nan
0.437000
0.686000
nan
0.383000
0.713000
0.570000
nan
0.749000
nan
nan
0.677000
0.740000
0.686000
nan
nan
0.624000
nan
1.000000
nan
nan
0.388000
0.061000
0.143000
0.326000
nan
nan
0.107000
nan
0.204000
0.454000
nan
nan
0.122000
nan
nan
nan
nan
0.133000
nan
0.163000
0.240000
0.296000
0.551000
nan
0.581000
0.745000
nan
nan
0.184000
nan
0.056000
0.133000
0.051000
0.826000
nan
nan
nan
0.133000
nan
0.775000
nan
0.643000
0.551000
nan
0.204000
nan
0.112000
0.903000
nan
nan
nan
nan
0.683000
0.306000
0.051000
nan
0.051000
0.122000
nan
1.000000
0.061000
nan
nan
0.235000
0.729000
nan
nan
0.938000
0.576000
1.000000
nan
0.076000
0.138000
nan
0.612000
0.643000
0.051000
nan
nan
nan
nan
nan
0.729000
0.454000
nan
nan
0.444000
nan
1.000000
nan
nan
nan
nan
0.076000
nan
0.872000
nan
nan
nan
nan
0.645000
nan
0.216000
nan
0.302000
0.216000
nan
0.255000
0.307000
0.494000
nan
0.216000
nan
0.406000
nan
nan
0.983000
0.712000
0.822000
1.000000
0.905000
nan
0.312000
nan
0.255000
nan
nan
nan
0.520000
nan
0.473000
0.941000
nan
nan
0.374000
0.447000
1.000000
0.754000
nan
0.338000
0.276000
0.281000
0.551000
0.572000
0.296000
0.681000
nan
0.910000
0.915000
0.660000
nan
nan
nan
nan
0.582000
nan
nan
0.244000
nan
nan
0.614000
0.879000
nan
nan
0.239000
0.582000
0.905000
nan
nan
nan
nan
nan
0.681000
nan
nan
nan
nan
nan
0.400000
nan
nan
nan
nan
0.385000
1.000000
nan
nan
nan
nan
nan
nan
nan
nan
0.603000
nan
nan
0.905000
0.738000
0.582000
nan
0.827000
nan
nan
0.796000
1.000000
nan
nan
1.000000
0.875000
nan
0.883000
0.859000
0.978000
0.922000
nan
nan
0.612000
0.724000
0.827000
nan
1.000000
nan
0.612000
0.771000
nan
0.644000
nan
0.493000
nan
0.429000
nan
nan
0.684000
nan
nan
0.319000
nan
nan
nan
nan
nan
nan
0.501000
0.922000
nan
0.660000
nan
0.390000
0.319000
nan
nan
nan
nan
nan
nan
0.851000
0.620000
0.493000
0.660000
nan
0.565000
0.795000
0.790000
0.679000
nan
0.641000
0.409000
0.878000
nan
nan
nan
nan
0.734000
0.874000
0.623000
0.455000
0.558000
nan
nan
nan
0.651000
nan
nan
0.669000
0.846000
nan
nan
0.437000
nan
0.483000
0.632000
nan
