Coverage: 6772.532189
nan
nan
0.492000
nan
nan
nan
0.965000
1.000000
nan
0.814000
nan
nan
nan
nan
nan
nan
nan
1.000000
nan
nan
nan
nan
nan
nan
0.328000
0.265000
0.322000
nan
0.486000
nan
nan
0.385000
0.473000
nan
0.442000
0.530000
nan
nan
nan
nan
nan
0.776000
0.997000
0.662000
0.706000
1.000000
0.637000
nan
0.378000
0.271000
0.297000
1.000000
0.447000
nan
nan
0.534000
0.473000
1.000000
0.780000
nan
0.578000
0.876000
0.745000
0.788000
0.666000
0.929000
nan
nan
0.736000
0.701000
0.885000
0.499000
nan
0.683000
0.613000
nan
0.894000
0.762000
nan
nan
nan
0.876000
nan
0.762000
0.937000
nan
0.596000
0.534000
0.710000
0.753000
0.929000
nan
0.694000
0.626000
0.479000
nan
0.743000
nan
0.538000
0.557000
nan
nan
nan
nan
0.289000
0.460000
0.606000
0.342000
0.489000
nan
0.499000
0.327000
nan
nan
nan
0.401000
nan
0.509000
0.616000
1.000000
nan
nan
nan
nan
nan
nan
nan
0.704000
nan
0.841000
0.655000
0.469000
nan
