Coverage: 375.773196
nan
nan
0.250000
nan
nan
nan
nan
nan
nan
nan
0.125000
0.250000
nan
nan
nan
0.625000
nan
nan
nan
nan
0.125000
nan
nan
nan
1.000000
nan
nan
nan
0.750000
nan
0.625000
1.000000
nan
nan
0.000000
nan
1.000000
nan
nan
0.875000
0.625000
0.250000
0.250000
nan
nan
0.500000
1.000000
nan
0.500000
0.625000
0.750000
0.500000
0.125000
nan
nan
nan
0.234000
nan
nan
nan
nan
1.000000
1.000000
0.936000
nan
nan
nan
nan
0.234000
nan
0.702000
nan
0.702000
0.351000
0.351000
1.000000
nan
nan
nan
nan
0.702000
nan
nan
0.234000
0.000000
nan
0.117000
0.234000
nan
nan
0.468000
nan
0.702000
nan
