Coverage: 4954.976303
nan
nan
0.409000
nan
nan
nan
nan
nan
nan
0.987000
0.385000
0.385000
0.277000
0.229000
0.325000
0.469000
0.746000
nan
nan
nan
nan
nan
nan
0.373000
0.373000
1.000000
nan
1.000000
0.818000
nan
nan
nan
nan
0.878000
nan
nan
nan
0.337000
nan
0.542000
nan
0.830000
nan
nan
nan
nan
nan
nan
0.602000
nan
0.842000
nan
0.794000
1.000000
0.987000
nan
0.975000
0.878000
0.569000
0.569000
0.886000
nan
nan
0.859000
nan
nan
0.669000
nan
nan
nan
nan
0.696000
nan
nan
nan
0.470000
0.310000
0.868000
nan
nan
nan
nan
nan
nan
nan
nan
0.310000
0.759000
nan
nan
nan
1.000000
nan
nan
0.587000
0.578000
nan
nan
nan
nan
nan
nan
0.515000
0.524000
0.506000
nan
0.660000
0.461000
0.362000
0.633000
nan
nan
nan
nan
0.578000
0.325000
nan
nan
nan
nan
nan
nan
nan
nan
0.434000
0.488000
0.452000
0.913000
nan
0.958000
nan
0.578000
0.831000
nan
nan
nan
nan
0.425000
nan
0.985000
0.696000
0.822000
0.687000
nan
nan
nan
0.434000
0.533000
0.551000
0.587000
nan
nan
0.859000
nan
1.000000
0.624000
nan
0.678000
1.000000
0.804000
nan
0.560000
0.822000
0.777000
nan
nan
0.452000
0.310000
0.779000
nan
nan
0.712000
0.712000
0.471000
0.481000
nan
0.664000
nan
0.952000
nan
nan
1.000000
nan
nan
nan
nan
0.789000
1.000000
nan
0.519000
nan
0.246000
0.246000
0.308000
nan
0.423000
nan
nan
nan
0.606000
0.885000
nan
nan
nan
nan
nan
nan
nan
nan
0.375000
0.346000
0.452000
nan
nan
0.356000
0.337000
nan
0.394000
nan
nan
0.289000
nan
nan
0.770000
nan
nan
0.664000
nan
nan
nan
nan
0.635000
nan
0.404000
nan
nan
nan
nan
nan
nan
nan
nan
0.712000
1.000000
0.423000
0.519000
0.317000
0.375000
0.246000
0.346000
nan
0.635000
0.375000
0.596000
nan
nan
0.693000
nan
nan
0.616000
0.462000
nan
nan
nan
nan
0.337000
0.471000
nan
nan
0.375000
0.452000
0.366000
0.404000
nan
nan
0.664000
0.837000
nan
0.445000
0.589000
0.359000
0.660000
nan
0.244000
0.660000
0.244000
0.589000
0.474000
0.804000
0.790000
nan
nan
nan
nan
0.933000
0.747000
nan
0.459000
0.660000
0.258000
nan
nan
nan
0.531000
0.732000
nan
0.574000
nan
nan
0.976000
nan
nan
nan
nan
0.488000
0.761000
0.330000
nan
nan
nan
1.000000
nan
