Coverage: 2048.333333
nan
nan
nan
0.166000
nan
nan
0.385000
0.553000
0.481000
0.505000
0.361000
0.577000
0.481000
0.505000
0.841000
nan
nan
nan
0.505000
0.673000
nan
0.649000
0.192000
0.192000
0.361000
nan
0.433000
0.673000
0.673000
nan
nan
nan
nan
nan
nan
nan
1.000000
nan
nan
0.925000
0.475000
nan
nan
nan
nan
0.300000
nan
nan
0.350000
0.700000
1.000000
0.775000
0.675000
0.700000
1.000000
0.550000
0.775000
0.250000
nan
nan
nan
0.375000
0.775000
nan
1.000000
0.450000
0.825000
0.925000
1.000000
0.450000
nan
nan
nan
0.250000
nan
nan
0.725000
nan
0.675000
nan
