Coverage: 3951.724138
nan
nan
0.638000
nan
nan
nan
0.665000
nan
nan
0.971000
1.000000
0.678000
nan
0.439000
nan
0.625000
0.492000
nan
nan
nan
1.000000
0.479000
nan
0.332000
nan
nan
nan
nan
nan
nan
0.851000
nan
nan
0.691000
1.000000
nan
nan
0.665000
0.266000
0.479000
0.359000
nan
0.319000
nan
0.330000
nan
nan
0.899000
nan
nan
0.614000
nan
0.899000
0.719000
0.539000
nan
0.300000
0.800000
nan
0.817000
0.467000
0.817000
0.617000
1.000000
0.717000
1.000000
1.000000
0.767000
0.350000
nan
nan
0.583000
0.483000
nan
