Coverage: 12229.213483
nan
nan
0.554000
nan
nan
nan
nan
0.695000
0.668000
0.650000
0.823000
nan
nan
nan
0.970000
nan
0.952000
nan
0.718000
0.718000
nan
nan
nan
nan
nan
0.682000
0.503000
nan
0.311000
0.279000
nan
0.220000
1.000000
1.000000
1.000000
0.823000
nan
nan
nan
nan
nan
0.242000
nan
nan
nan
0.233000
nan
nan
0.233000
nan
0.559000
0.662000
0.998000
nan
nan
nan
nan
nan
nan
0.753000
nan
nan
nan
nan
0.495000
0.770000
nan
nan
0.400000
0.722000
nan
nan
nan
nan
nan
nan
1.000000
0.460000
0.233000
0.507000
0.335000
0.671000
0.714000
nan
0.753000
nan
nan
nan
0.632000
nan
nan
nan
nan
nan
0.675000
nan
0.619000
0.606000
nan
nan
0.714000
nan
0.323000
nan
nan
nan
0.589000
nan
nan
0.447000
0.843000
0.864000
nan
nan
nan
nan
0.430000
0.550000
nan
nan
nan
nan
nan
nan
0.572000
nan
1.000000
nan
0.469000
0.490000
0.318000
0.671000
0.796000
nan
0.851000
nan
nan
0.692000
0.800000
nan
nan
0.374000
0.409000
nan
0.542000
nan
1.000000
nan
0.314000
nan
nan
nan
0.602000
0.894000
0.761000
nan
0.396000
0.516000
0.401000
0.659000
nan
nan
0.664000
0.812000
1.000000
nan
nan
nan
nan
1.000000
nan
0.616000
nan
nan
0.875000
nan
0.159000
0.159000
nan
nan
nan
nan
0.736000
0.879000
1.000000
nan
0.961000
nan
0.535000
0.306000
0.421000
nan
nan
0.196000
0.159000
nan
0.358000
0.722000
nan
nan
nan
nan
nan
0.444000
0.674000
nan
nan
0.626000
0.937000
0.612000
0.569000
0.703000
nan
0.822000
nan
0.473000
nan
0.664000
nan
nan
0.879000
0.497000
nan
0.741000
0.325000
0.808000
0.712000
nan
0.812000
nan
0.741000
0.875000
nan
0.421000
0.593000
0.487000
nan
0.507000
nan
0.253000
0.387000
0.459000
0.354000
0.631000
nan
0.784000
0.947000
0.266000
nan
nan
0.359000
0.111000
0.100000
0.098000
0.098000
0.606000
0.706000
nan
nan
0.222000
nan
0.177000
0.148000
nan
0.177000
0.155000
nan
0.098000
0.141000
0.129000
0.329000
0.362000
0.810000
0.717000
0.322000
0.743000
nan
nan
nan
nan
nan
nan
nan
nan
nan
0.689000
nan
nan
0.635000
0.479000
nan
nan
0.667000
0.765000
0.809000
0.729000
0.533000
0.468000
nan
nan
0.308000
0.490000
nan
nan
nan
0.718000
0.812000
nan
0.421000
0.471000
0.584000
nan
nan
nan
0.943000
nan
nan
nan
0.831000
0.646000
0.838000
1.000000
nan
0.199000
nan
nan
0.345000
nan
nan
nan
0.996000
nan
nan
0.609000
nan
nan
1.000000
nan
nan
nan
nan
nan
nan
0.530000
nan
