Coverage: 1309.714286
nan
nan
0.404000
0.625000
nan
nan
0.441000
nan
0.809000
0.588000
nan
0.221000
0.221000
nan
nan
nan
nan
nan
nan
0.478000
1.000000
1.000000
nan
nan
nan
nan
0.147000
0.017000
nan
0.294000
0.184000
0.331000
nan
0.257000
1.000000
0.699000
nan
nan
0.919000
1.000000
nan
0.367000
nan
nan
nan
nan
0.467000
0.490000
nan
0.805000
0.525000
0.350000
nan
0.490000
nan
nan
nan
0.560000
0.560000
0.525000
0.280000
nan
nan
nan
0.350000
0.210000
1.000000
1.000000
0.595000
0.770000
0.525000
nan
nan
0.665000
nan
