Coverage: 3400.531915
0.009000
nan
nan
0.946000
0.847000
0.158000
0.611000
nan
nan
nan
0.118000
0.355000
nan
nan
nan
0.079000
0.217000
nan
nan
nan
nan
0.315000
0.473000
0.355000
nan
0.009000
0.177000
nan
0.453000
0.571000
nan
0.946000
nan
nan
1.000000
nan
0.118000
nan
nan
0.335000
0.768000
nan
nan
1.000000
0.887000
0.296000
0.512000
0.335000
0.749000
0.552000
nan
nan
0.138000
0.099000
0.296000
0.493000
nan
0.020000
0.009000
nan
nan
nan
nan
nan
nan
0.422000
nan
nan
nan
nan
0.843000
nan
nan
0.253000
nan
0.274000
0.943000
1.000000
nan
nan
nan
0.443000
0.822000
0.674000
nan
0.611000
nan
0.506000
0.611000
0.548000
nan
0.485000
0.864000
nan
nan
0.548000
nan
0.651000
0.359000
nan
0.988000
nan
nan
0.449000
0.382000
0.449000
0.651000
nan
0.651000
0.122000
0.426000
1.000000
nan
nan
nan
nan
nan
nan
0.247000
nan
nan
0.426000
nan
0.224000
nan
nan
0.157000
0.122000
nan
nan
nan
nan
nan
nan
nan
nan
nan
nan
nan
0.337000
nan
0.135000
0.808000
nan
nan
0.247000
nan
0.584000
nan
nan
nan
nan
nan
nan
nan
0.292000
0.651000
nan
0.426000
nan
0.718000
nan
0.224000
0.404000
nan
0.673000
0.337000
nan
nan
nan
nan
nan
nan
0.135000
nan
nan
0.404000
nan
nan
nan
0.122000
0.629000
nan
nan
0.135000
nan
nan
nan
