Coverage: 4252.777778
0.072000
nan
0.072000
nan
nan
nan
nan
0.175000
nan
0.175000
0.364000
0.243000
nan
nan
0.202000
nan
0.283000
nan
0.405000
0.580000
0.539000
0.459000
nan
nan
0.661000
nan
nan
nan
nan
0.072000
0.148000
nan
nan
1.000000
0.904000
nan
0.162000
nan
nan
0.094000
0.445000
0.148000
0.445000
0.701000
nan
0.728000
nan
0.755000
nan
0.351000
nan
0.472000
nan
nan
nan
0.445000
nan
0.823000
nan
nan
0.243000
nan
0.216000
nan
0.270000
nan
0.499000
nan
nan
nan
nan
nan
0.742000
nan
nan
nan
nan
nan
0.863000
nan
nan
0.418000
0.094000
0.202000
1.000000
1.000000
nan
0.688000
0.472000
0.297000
0.593000
nan
nan
0.337000
nan
nan
nan
0.688000
nan
0.432000
0.863000
nan
nan
0.850000
nan
0.782000
nan
0.763000
0.547000
nan
0.420000
0.610000
nan
nan
nan
nan
nan
nan
nan
0.941000
nan
0.852000
0.687000
0.801000
0.509000
nan
nan
0.267000
nan
0.432000
1.000000
nan
0.432000
nan
0.559000
nan
0.979000
1.000000
1.000000
nan
nan
0.064000
nan
0.203000
nan
nan
nan
0.165000
0.242000
nan
nan
nan
0.140000
0.292000
0.153000
nan
0.242000
nan
0.127000
nan
nan
nan
0.877000
0.610000
nan
0.776000
0.623000
0.865000
nan
nan
nan
0.318000
nan
0.127000
nan
0.044000
nan
0.102000
nan
nan
0.636000
nan
0.153000
0.318000
nan
nan
nan
nan
0.966000
nan
0.044000
0.127000
0.191000
nan
0.242000
nan
0.044000
0.648000
nan
0.521000
0.763000
nan
nan
nan
nan
0.178000
0.966000
0.737000
nan
0.509000
nan
0.458000
nan
nan
nan
0.038000
