Coverage: 5279.640719
nan
nan
nan
nan
0.304000
nan
nan
nan
0.087000
0.260000
0.130000
nan
nan
nan
0.087000
nan
0.130000
0.564000
0.130000
nan
nan
nan
0.434000
0.304000
nan
nan
0.390000
0.260000
0.347000
nan
nan
0.477000
0.390000
0.521000
1.000000
0.304000
nan
1.000000
0.434000
0.390000
0.174000
0.390000
0.087000
0.217000
0.130000
0.347000
0.651000
nan
1.000000
0.174000
0.087000
nan
0.434000
0.174000
0.260000
0.174000
0.390000
0.607000
0.738000
nan
0.607000
0.434000
0.217000
nan
0.521000
0.130000
0.304000
0.130000
nan
nan
nan
0.434000
0.477000
nan
nan
nan
nan
0.521000
nan
0.217000
nan
nan
nan
nan
0.830000
0.483000
0.483000
0.725000
0.544000
0.665000
0.604000
0.423000
0.060000
nan
0.665000
nan
0.665000
0.121000
nan
nan
nan
1.000000
nan
nan
nan
nan
nan
0.423000
0.483000
0.604000
0.544000
nan
1.000000
nan
nan
0.242000
0.423000
nan
0.725000
nan
nan
0.544000
0.302000
nan
0.060000
nan
nan
0.363000
0.725000
0.363000
nan
0.544000
0.544000
0.242000
0.302000
nan
0.060000
0.363000
0.363000
1.000000
0.121000
0.121000
0.604000
0.181000
nan
0.121000
nan
nan
nan
nan
0.242000
0.846000
nan
nan
0.302000
0.544000
nan
0.483000
nan
nan
0.242000
0.363000
nan
0.060000
0.302000
nan
0.060000
