Coverage: 9059.154930
nan
nan
0.177000
nan
0.177000
nan
nan
nan
0.319000
0.319000
nan
nan
nan
nan
nan
nan
0.319000
nan
nan
0.709000
nan
nan
nan
nan
0.426000
nan
nan
nan
0.461000
nan
0.638000
0.567000
nan
nan
nan
nan
1.000000
nan
1.000000
0.426000
nan
nan
nan
nan
0.780000
0.922000
nan
nan
0.355000
0.496000
0.532000
nan
nan
0.851000
nan
0.638000
nan
0.390000
0.284000
nan
0.248000
0.213000
0.284000
nan
0.355000
nan
nan
nan
0.355000
nan
nan
nan
0.674000
nan
nan
nan
nan
0.319000
nan
nan
nan
nan
nan
nan
0.496000
nan
nan
nan
0.461000
0.355000
0.532000
nan
0.638000
nan
nan
nan
nan
0.355000
0.603000
nan
0.177000
0.177000
0.426000
nan
0.390000
0.284000
nan
0.319000
nan
nan
nan
nan
nan
nan
nan
nan
0.188000
nan
0.467000
0.382000
nan
0.552000
nan
nan
1.000000
0.765000
0.467000
0.637000
nan
nan
nan
nan
nan
0.842000
0.347000
nan
0.347000
0.693000
0.446000
nan
0.396000
0.842000
nan
0.891000
0.545000
nan
nan
nan
0.495000
0.347000
0.347000
nan
0.644000
nan
nan
0.891000
0.347000
0.149000
nan
nan
nan
0.842000
0.297000
0.248000
0.495000
nan
0.248000
0.693000
0.198000
nan
0.297000
nan
nan
nan
nan
1.000000
nan
1.000000
nan
nan
nan
nan
nan
0.446000
nan
0.446000
0.495000
0.149000
nan
nan
nan
0.198000
nan
0.495000
nan
0.396000
0.297000
0.149000
nan
0.396000
0.347000
nan
nan
0.644000
0.297000
0.446000
nan
0.198000
nan
nan
nan
0.149000
nan
