Coverage: 971.428571
nan
nan
nan
nan
nan
nan
nan
nan
nan
nan
nan
nan
nan
nan
nan
nan
nan
nan
nan
nan
nan
nan
nan
nan
nan
nan
nan
0.000000
0.089000
nan
nan
0.089000
0.089000
nan
0.000000
nan
nan
0.000000
nan
nan
nan
nan
nan
0.089000
nan
0.000000
nan
0.179000
nan
0.000000
nan
0.179000
0.000000
0.089000
0.000000
0.089000
0.089000
nan
0.179000
nan
0.000000
0.000000
0.179000
0.089000
0.179000
nan
0.089000
nan
0.000000
nan
nan
nan
nan
nan
nan
nan
nan
nan
1.000000
0.179000
0.179000
0.625000
nan
nan
0.804000
nan
nan
nan
0.982000
nan
0.000000
0.536000
nan
0.804000
nan
0.764000
nan
0.190000
nan
nan
nan
nan
nan
0.317000
nan
0.000000
nan
nan
nan
0.188000
nan
nan
0.942000
0.753000
nan
0.151000
0.188000
0.264000
nan
nan
nan
0.603000
nan
0.000000
0.000000
0.000000
0.490000
0.377000
nan
nan
0.151000
0.640000
nan
0.075000
0.226000
0.414000
nan
nan
nan
0.490000
1.000000
nan
0.753000
0.490000
nan
0.678000
nan
nan
0.640000
nan
nan
0.452000
nan
nan
0.113000
nan
0.565000
0.678000
nan
nan
1.000000
0.603000
nan
0.979000
0.264000
0.452000
1.000000
0.226000
nan
0.791000
nan
nan
0.226000
0.339000
0.000000
0.640000
0.301000
0.377000
0.565000
nan
nan
0.565000
nan
nan
0.151000
nan
0.151000
0.075000
nan
