Coverage: 29547.686833
0.029000
0.029000
0.290000
nan
nan
0.365000
nan
nan
0.885000
nan
nan
0.412000
nan
nan
nan
nan
nan
nan
0.029000
0.371000
0.824000
0.493000
0.702000
nan
nan
0.871000
nan
0.959000
0.959000
nan
1.000000
0.614000
0.520000
0.608000
0.993000
nan
nan
0.142000
0.142000
0.142000
0.061000
0.068000
0.047000
0.446000
0.331000
nan
0.547000
0.695000
0.513000
nan
0.959000
0.479000
nan
0.547000
nan
nan
0.500000
0.635000
0.446000
0.547000
0.284000
nan
nan
0.270000
nan
nan
nan
0.236000
nan
0.749000
1.000000
0.554000
nan
nan
nan
nan
0.101000
0.614000
0.837000
0.804000
nan
nan
nan
nan
1.000000
nan
nan
0.912000
nan
0.905000
1.000000
nan
nan
0.147000
0.147000
0.147000
nan
1.000000
0.325000
0.915000
nan
nan
0.987000
nan
nan
1.000000
nan
nan
nan
nan
nan
nan
nan
nan
nan
nan
0.818000
0.650000
0.921000
0.890000
nan
0.493000
nan
nan
0.481000
0.740000
nan
0.692000
0.511000
nan
0.542000
0.277000
0.277000
0.409000
nan
nan
nan
nan
0.662000
0.800000
nan
0.331000
0.349000
0.662000
nan
0.247000
nan
nan
nan
nan
nan
0.277000
nan
0.680000
nan
0.421000
nan
0.469000
nan
nan
0.523000
0.511000
0.584000
0.529000
0.656000
nan
nan
0.523000
nan
nan
nan
0.421000
nan
nan
nan
nan
nan
0.427000
nan
0.662000
0.361000
0.331000
0.349000
nan
nan
nan
0.560000
0.433000
0.409000
nan
nan
0.451000
0.626000
nan
0.433000
0.597000
0.714000
nan
nan
0.788000
nan
nan
nan
nan
nan
nan
1.000000
0.868000
0.412000
0.339000
0.135000
0.388000
0.079000
0.480000
0.646000
nan
nan
nan
0.252000
0.135000
nan
0.129000
nan
0.086000
0.079000
0.079000
nan
nan
nan
nan
nan
nan
nan
0.345000
0.394000
nan
0.400000
0.769000
nan
nan
1.000000
nan
nan
nan
nan
nan
nan
nan
1.000000
nan
0.388000
nan
nan
nan
0.123000
nan
nan
0.486000
0.579000
nan
nan
nan
nan
nan
0.400000
0.283000
0.449000
0.640000
nan
0.240000
0.486000
0.265000
0.603000
nan
0.376000
0.388000
0.277000
nan
0.326000
nan
0.443000
0.283000
0.382000
0.431000
0.714000
nan
nan
nan
nan
0.609000
0.511000
0.400000
nan
0.468000
0.548000
nan
nan
nan
nan
0.740000
0.635000
nan
0.642000
0.374000
nan
0.331000
nan
nan
0.797000
0.472000
0.310000
0.437000
nan
nan
nan
0.550000
0.614000
0.324000
0.353000
0.487000
0.529000
nan
0.254000
0.409000
nan
nan
0.296000
0.395000
0.239000
0.529000
0.416000
nan
0.289000
0.268000
0.239000
0.247000
0.239000
nan
nan
0.451000
nan
0.628000
0.388000
0.423000
0.543000
nan
0.938000
0.268000
0.677000
1.000000
0.451000
0.409000
0.444000
0.381000
0.494000
nan
nan
0.458000
0.381000
0.360000
0.402000
nan
nan
nan
0.543000
1.000000
0.740000
0.522000
1.000000
0.019000
0.007000
0.013000
0.007000
0.007000
0.015000
0.019000
0.016000
nan
nan
nan
0.032000
0.185000
0.141000
0.503000
0.191000
0.031000
0.611000
nan
0.019000
nan
nan
nan
0.057000
0.043000
nan
0.038000
nan
nan
0.031000
nan
nan
nan
nan
nan
0.045000
0.067000
0.020000
nan
0.035000
nan
0.016000
nan
0.048000
0.074000
1.000000
nan
nan
1.000000
nan
0.010000
nan
nan
0.068000
0.049000
0.071000
0.049000
1.000000
nan
0.027000
0.017000
nan
0.041000
0.034000
0.066000
nan
nan
nan
0.031000
nan
nan
0.019000
0.015000
nan
0.010000
0.007000
0.007000
nan
nan
nan
nan
0.013000
nan
0.059000
0.030000
0.047000
0.048000
0.052000
0.048000
nan
nan
0.063000
0.065000
nan
nan
0.023000
1.000000
nan
nan
nan
nan
0.020000
nan
nan
0.012000
1.000000
nan
0.027000
1.000000
nan
nan
nan
0.021000
0.047000
0.045000
nan
0.052000
nan
nan
nan
0.889000
nan
0.023000
nan
nan
nan
0.022000
nan
0.029000
0.023000
nan
0.016000
0.673000
0.024000
nan
nan
0.025000
0.018000
nan
0.493000
nan
0.523000
nan
nan
nan
nan
0.020000
nan
nan
nan
nan
nan
0.024000
nan
nan
0.027000
0.275000
0.023000
0.022000
nan
0.012000
0.015000
0.016000
nan
nan
0.145000
0.016000
nan
0.116000
nan
nan
nan
nan
0.017000
nan
0.014000
nan
0.078000
0.012000
nan
nan
nan
0.017000
nan
nan
0.012000
0.056000
nan
nan
nan
0.030000
nan
0.020000
0.017000
nan
1.000000
nan
nan
nan
nan
0.249000
nan
nan
0.401000
nan
0.966000
nan
0.791000
nan
0.653000
0.747000
1.000000
0.597000
0.624000
0.556000
0.676000
0.849000
nan
0.392000
0.351000
nan
0.422000
0.468000
nan
0.565000
0.744000
0.773000
0.840000
nan
nan
0.375000
nan
0.586000
0.466000
0.486000
nan
0.457000
nan
nan
0.386000
0.533000
0.343000
0.629000
nan
0.594000
0.539000
0.638000
nan
nan
nan
nan
0.647000
0.594000
nan
nan
0.697000
0.785000
nan
0.480000
0.249000
nan
nan
nan
0.287000
nan
nan
1.000000
0.793000
0.445000
nan
nan
nan
0.264000
nan
0.419000
0.249000
0.512000
0.492000
nan
nan
nan
0.460000
0.363000
0.111000
0.131000
nan
nan
0.183000
0.202000
nan
nan
nan
0.114000
0.098000
0.096000
0.217000
0.120000
0.161000
0.168000
nan
0.111000
nan
0.110000
nan
nan
0.166000
0.150000
nan
0.176000
0.147000
0.090000
nan
nan
nan
nan
0.271000
nan
0.166000
nan
nan
nan
nan
nan
nan
0.138000
nan
0.180000
nan
nan
0.146000
nan
0.145000
0.134000
nan
nan
nan
0.271000
0.220000
nan
1.000000
0.090000
0.090000
nan
nan
0.123000
nan
nan
0.182000
nan
0.220000
0.277000
nan
0.266000
0.314000
nan
nan
nan
nan
nan
0.173000
nan
nan
0.222000
nan
0.358000
0.416000
1.000000
nan
nan
1.000000
nan
nan
nan
nan
0.472000
0.443000
nan
0.514000
nan
0.447000
0.242000
nan
0.205000
nan
nan
0.117000
0.097000
nan
nan
nan
nan
nan
0.023000
0.018000
nan
0.030000
0.035000
0.017000
0.020000
0.030000
0.019000
nan
nan
nan
0.045000
nan
nan
nan
1.000000
nan
0.016000
nan
nan
0.043000
0.058000
nan
nan
nan
nan
0.029000
1.000000
0.022000
nan
1.000000
nan
nan
0.994000
nan
0.048000
nan
nan
0.021000
0.958000
0.028000
nan
0.033000
nan
0.033000
0.027000
0.042000
0.063000
nan
nan
0.012000
0.805000
0.029000
0.057000
0.738000
0.030000
0.028000
0.038000
nan
0.038000
0.017000
nan
0.035000
nan
nan
nan
nan
nan
0.007000
nan
nan
0.008000
nan
nan
0.022000
nan
0.011000
0.018000
0.219000
0.007000
0.007000
