Coverage: 9044.021739
nan
nan
nan
0.450000
0.326000
0.395000
0.051000
0.056000
0.047000
nan
0.069000
nan
0.090000
nan
0.124000
nan
0.167000
0.866000
nan
0.086000
0.047000
0.047000
0.112000
0.103000
nan
0.811000
nan
nan
nan
0.922000
nan
0.613000
nan
nan
nan
nan
nan
nan
nan
0.884000
0.506000
nan
nan
0.210000
nan
0.103000
nan
nan
nan
0.081000
nan
nan
nan
0.768000
nan
nan
nan
nan
0.708000
nan
nan
0.768000
0.596000
0.648000
0.648000
0.725000
nan
0.759000
0.562000
nan
nan
nan
nan
nan
0.120000
0.129000
0.232000
0.227000
0.154000
nan
0.227000
nan
nan
nan
0.459000
0.369000
0.545000
nan
1.000000
nan
0.459000
0.498000
nan
0.824000
1.000000
1.000000
0.206000
nan
nan
0.107000
0.084000
nan
nan
0.623000
nan
nan
nan
0.111000
0.128000
0.334000
nan
nan
0.227000
1.000000
0.566000
nan
0.260000
0.487000
0.223000
nan
nan
nan
nan
nan
nan
0.084000
nan
0.084000
nan
0.099000
0.797000
0.528000
nan
0.966000
0.330000
nan
0.438000
0.714000
nan
0.830000
0.685000
nan
nan
0.277000
nan
0.838000
1.000000
nan
0.087000
nan
0.107000
nan
0.124000
nan
0.107000
0.223000
nan
nan
0.442000
0.644000
nan
nan
0.644000
nan
0.099000
nan
nan
0.760000
0.755000
nan
0.289000
nan
nan
nan
nan
0.153000
nan
0.359000
0.685000
0.805000
nan
0.846000
0.499000
nan
nan
0.239000
nan
0.124000
0.566000
1.000000
nan
nan
nan
nan
0.400000
0.487000
0.669000
0.945000
1.000000
nan
0.278000
nan
0.791000
1.000000
nan
nan
0.130000
nan
0.127000
nan
0.880000
nan
0.945000
0.709000
nan
nan
nan
0.201000
0.127000
nan
0.384000
0.455000
0.933000
nan
nan
nan
nan
0.662000
nan
nan
0.319000
0.224000
0.390000
0.437000
nan
0.927000
0.856000
nan
0.786000
0.502000
0.585000
0.981000
1.000000
0.207000
nan
0.230000
nan
nan
nan
0.201000
nan
0.127000
0.396000
nan
nan
nan
0.538000
nan
nan
nan
0.608000
nan
0.437000
0.307000
nan
nan
nan
nan
nan
0.236000
nan
0.431000
0.248000
0.413000
0.543000
nan
nan
0.490000
0.236000
nan
0.236000
nan
0.272000
nan
0.230000
0.502000
0.356000
nan
0.322000
nan
0.522000
nan
0.669000
nan
0.669000
0.392000
nan
nan
0.734000
1.000000
nan
0.620000
nan
nan
0.082000
nan
nan
0.114000
nan
nan
0.718000
nan
nan
0.212000
nan
nan
1.000000
0.294000
0.326000
0.098000
0.294000
0.065000
0.033000
0.065000
0.098000
0.065000
0.131000
0.179000
0.440000
0.326000
nan
nan
nan
0.522000
0.375000
nan
0.261000
nan
0.473000
0.326000
0.277000
nan
nan
1.000000
0.049000
0.212000
0.245000
0.277000
0.049000
0.131000
0.098000
0.131000
nan
0.245000
nan
0.049000
nan
nan
nan
nan
0.179000
0.016000
nan
0.033000
nan
0.007000
0.007000
0.007000
