Coverage: 12596.923077
nan
0.111000
0.485000
nan
0.594000
0.520000
nan
0.414000
nan
0.877000
0.212000
0.120000
nan
0.180000
0.318000
0.513000
nan
0.156000
nan
0.658000
0.301000
nan
nan
nan
0.237000
0.127000
0.764000
0.679000
0.697000
nan
0.690000
0.814000
0.456000
nan
0.485000
0.874000
nan
0.343000
nan
nan
nan
0.623000
nan
0.994000
0.796000
0.591000
0.407000
0.379000
nan
1.000000
1.000000
nan
nan
0.111000
0.111000
nan
nan
0.884000
0.142000
nan
0.131000
1.000000
nan
0.127000
nan
nan
0.531000
0.655000
0.432000
0.747000
0.754000
nan
0.881000
nan
0.580000
0.460000
nan
0.669000
0.821000
0.933000
nan
0.842000
nan
nan
nan
1.000000
nan
0.711000
nan
nan
nan
nan
0.756000
nan
nan
nan
nan
0.691000
1.000000
nan
0.595000
nan
nan
0.771000
0.630000
0.877000
0.736000
nan
0.676000
0.610000
nan
0.725000
nan
nan
0.638000
nan
1.000000
nan
0.578000
0.888000
0.946000
0.976000
nan
nan
nan
0.246000
nan
nan
nan
0.627000
0.529000
nan
0.785000
0.883000
0.589000
nan
0.289000
0.343000
nan
0.252000
0.322000
0.403000
0.589000
nan
0.490000
0.545000
0.529000
0.545000
nan
0.578000
nan
0.305000
nan
nan
nan
0.289000
nan
0.262000
nan
nan
0.256000
nan
0.289000
nan
0.256000
nan
0.252000
nan
0.311000
0.371000
nan
0.338000
0.256000
0.311000
0.281000
nan
0.310000
nan
0.328000
nan
nan
nan
0.457000
0.422000
nan
nan
0.293000
nan
0.439000
nan
0.264000
0.257000
nan
0.257000
nan
