Coverage: 1747.619048
nan
nan
nan
nan
nan
nan
nan
nan
nan
nan
nan
0.207000
nan
nan
0.517000
0.310000
0.345000
nan
0.552000
0.207000
0.379000
nan
0.345000
0.084000
0.414000
0.276000
1.000000
0.483000
nan
0.345000
1.000000
0.552000
nan
0.276000
nan
0.552000
0.138000
0.724000
nan
0.552000
nan
nan
0.276000
0.241000
0.207000
0.276000
nan
nan
nan
0.345000
nan
0.379000
0.897000
nan
nan
nan
nan
0.828000
nan
nan
0.862000
0.690000
0.724000
nan
0.084000
nan
0.207000
0.793000
0.931000
0.690000
0.655000
nan
nan
nan
0.276000
0.310000
nan
0.897000
0.517000
nan
nan
nan
0.084000
nan
nan
nan
1.000000
1.000000
nan
0.241000
0.207000
0.103000
nan
0.583000
0.156000
0.736000
nan
nan
0.260000
0.216000
0.476000
0.606000
nan
nan
0.649000
0.476000
nan
nan
nan
nan
0.519000
nan
0.346000
nan
0.433000
nan
nan
nan
0.649000
0.952000
1.000000
0.476000
nan
0.390000
0.823000
0.952000
nan
nan
0.693000
0.649000
0.563000
0.563000
0.866000
1.000000
nan
0.476000
0.130000
nan
0.476000
nan
nan
0.779000
nan
nan
0.216000
nan
0.063000
nan
nan
0.433000
1.000000
0.823000
nan
0.130000
0.130000
0.346000
nan
0.346000
0.649000
nan
0.260000
nan
0.173000
0.087000
nan
0.346000
0.866000
nan
nan
nan
nan
nan
0.649000
nan
0.063000
nan
nan
0.087000
nan
nan
0.260000
nan
0.779000
0.063000
nan
nan
nan
nan
nan
