Coverage: 5889.504950
nan
nan
1.000000
nan
0.338000
nan
nan
0.366000
nan
0.366000
0.816000
0.619000
nan
nan
nan
nan
nan
nan
nan
0.703000
0.534000
nan
nan
nan
0.338000
0.675000
0.647000
1.000000
1.000000
nan
nan
0.816000
nan
nan
nan
nan
nan
0.197000
nan
nan
0.478000
0.506000
nan
nan
nan
0.956000
0.985000
nan
nan
nan
0.450000
0.338000
0.731000
0.506000
0.816000
0.872000
nan
nan
nan
nan
nan
0.281000
0.135000
0.788000
nan
0.422000
0.394000
0.253000
0.844000
nan
0.135000
nan
nan
nan
nan
0.366000
0.534000
0.591000
0.422000
0.591000
nan
0.394000
nan
0.281000
0.309000
0.309000
nan
0.135000
0.309000
0.928000
nan
nan
0.338000
0.394000
nan
0.478000
0.591000
0.506000
nan
1.000000
nan
nan
1.000000
nan
0.412000
nan
1.000000
0.412000
nan
nan
nan
nan
nan
0.176000
nan
nan
nan
0.059000
0.118000
0.235000
nan
nan
0.118000
0.529000
nan
0.294000
0.059000
0.059000
0.412000
nan
0.471000
0.353000
0.118000
0.412000
0.176000
0.294000
0.176000
0.412000
0.353000
nan
0.118000
nan
0.412000
0.118000
nan
0.059000
nan
nan
nan
nan
0.471000
nan
0.118000
0.235000
0.235000
0.353000
nan
nan
0.529000
nan
0.059000
0.235000
0.471000
0.824000
nan
nan
nan
nan
0.235000
0.706000
nan
0.235000
0.647000
nan
nan
0.294000
0.471000
0.176000
0.471000
0.706000
1.000000
0.471000
0.529000
0.063000
0.084000
nan
nan
0.063000
0.021000
nan
nan
nan
0.104000
nan
0.063000
nan
0.021000
0.021000
0.077000
0.452000
nan
0.049000
0.084000
nan
0.125000
0.230000
0.021000
0.077000
nan
0.097000
nan
0.056000
nan
nan
nan
nan
0.557000
nan
0.543000
0.195000
nan
0.077000
nan
0.049000
nan
nan
nan
nan
0.376000
0.432000
0.237000
0.174000
0.522000
0.773000
nan
nan
0.174000
nan
1.000000
0.787000
nan
0.070000
nan
nan
0.132000
0.132000
0.292000
0.188000
0.320000
nan
nan
nan
0.731000
0.926000
0.411000
nan
0.975000
0.877000
0.494000
0.668000
nan
0.856000
1.000000
1.000000
0.989000
nan
0.828000
0.501000
0.364000
nan
0.319000
0.282000
nan
0.303000
0.422000
0.534000
0.513000
nan
0.574000
nan
0.140000
nan
nan
nan
0.140000
0.261000
0.358000
0.598000
1.000000
0.549000
0.743000
0.874000
nan
0.188000
0.140000
0.297000
nan
nan
0.592000
0.810000
nan
0.167000
nan
0.765000
nan
1.000000
0.610000
0.710000
nan
nan
0.182000
nan
nan
0.519000
0.607000
nan
nan
nan
0.998000
nan
nan
nan
1.000000
nan
0.373000
nan
nan
0.419000
nan
0.446000
0.237000
nan
nan
nan
nan
0.643000
0.525000
nan
0.364000
nan
nan
nan
nan
0.407000
nan
nan
nan
nan
nan
nan
nan
0.376000
nan
0.437000
nan
0.385000
nan
nan
nan
nan
0.510000
0.540000
nan
nan
nan
nan
nan
0.932000
nan
nan
nan
nan
nan
nan
0.267000
0.331000
nan
0.270000
0.665000
1.000000
0.911000
0.973000
0.850000
0.677000
0.579000
0.419000
1.000000
nan
nan
0.874000
0.800000
0.320000
nan
nan
nan
1.000000
nan
nan
nan
nan
0.690000
nan
nan
0.640000
nan
nan
nan
0.579000
nan
0.382000
nan
0.394000
0.567000
nan
0.622000
nan
0.797000
nan
0.606000
0.670000
0.558000
nan
0.857000
0.558000
0.686000
nan
0.606000
nan
0.494000
0.701000
nan
0.351000
0.749000
0.287000
nan
nan
0.415000
0.351000
0.820000
nan
nan
nan
nan
nan
0.980000
nan
nan
nan
nan
0.096000
0.159000
0.287000
nan
0.207000
nan
nan
nan
nan
nan
0.271000
0.191000
nan
0.082000
nan
nan
0.622000
nan
0.082000
0.128000
nan
0.096000
0.053000
nan
nan
0.159000
0.352000
nan
0.196000
0.235000
nan
0.157000
0.313000
nan
nan
0.509000
0.157000
nan
nan
0.039000
nan
0.235000
0.039000
0.196000
nan
0.117000
0.294000
0.176000
0.196000
0.039000
nan
0.254000
nan
0.157000
0.117000
nan
