Coverage: 154461.016949
nan
nan
nan
nan
nan
0.003000
0.003000
nan
0.003000
0.006000
0.003000
nan
0.008000
0.008000
nan
0.003000
0.014000
nan
0.017000
nan
0.006000
0.014000
0.107000
nan
0.031000
nan
0.020000
nan
nan
nan
nan
0.064000
0.039000
nan
0.143000
nan
0.073000
0.050000
0.064000
0.104000
0.081000
0.028000
0.185000
0.154000
0.154000
0.050000
nan
0.062000
nan
1.000000
nan
nan
nan
nan
nan
nan
nan
1.000000
0.451000
0.370000
0.179000
0.210000
0.373000
0.491000
0.460000
0.440000
0.322000
nan
nan
0.378000
nan
nan
1.000000
nan
0.463000
nan
0.648000
0.863000
nan
nan
0.676000
nan
0.361000
nan
0.268000
0.885000
0.483000
0.202000
0.368000
0.319000
0.167000
0.273000
0.137000
0.268000
nan
nan
nan
0.497000
nan
nan
nan
nan
0.319000
0.151000
0.145000
0.667000
nan
0.497000
nan
0.270000
0.824000
nan
0.375000
0.448000
nan
nan
0.384000
nan
0.300000
0.445000
nan
nan
nan
nan
nan
nan
0.719000
nan
1.000000
0.670000
0.381000
0.422000
0.400000
nan
nan
nan
nan
nan
0.268000
0.194000
0.160000
0.962000
nan
nan
nan
0.429000
0.415000
0.137000
nan
nan
nan
0.438000
0.240000
0.137000
0.137000
nan
0.267000
nan
nan
nan
1.000000
nan
0.362000
nan
nan
1.000000
nan
0.569000
0.419000
0.256000
nan
0.632000
0.432000
nan
nan
1.000000
nan
0.963000
0.454000
0.933000
0.521000
1.000000
0.308000
nan
nan
nan
0.602000
0.298000
0.506000
nan
nan
nan
nan
0.720000
0.361000
nan
0.797000
nan
nan
nan
nan
nan
1.000000
0.248000
0.261000
0.148000
nan
0.221000
0.725000
0.165000
nan
nan
0.206000
nan
nan
0.494000
0.258000
nan
0.276000
0.228000
0.178000
0.394000
0.193000
nan
nan
0.153000
nan
nan
nan
nan
nan
0.078000
nan
0.055000
nan
0.038000
0.045000
nan
nan
nan
0.023000
0.018000
nan
nan
0.015000
nan
0.509000
0.370000
0.000000
nan
nan
nan
nan
nan
nan
0.370000
0.123000
nan
0.123000
0.370000
0.506000
0.123000
nan
nan
0.000000
0.246000
0.000000
0.246000
0.000000
0.000000
0.488000
0.244000
0.244000
0.000000
nan
0.000000
nan
nan
nan
nan
nan
0.000000
0.000000
0.000000
0.000000
nan
0.000000
0.000000
0.000000
0.976000
nan
nan
0.244000
nan
nan
nan
nan
nan
nan
nan
0.000000
0.000000
0.000000
0.000000
nan
nan
nan
0.000000
0.000000
nan
0.000000
nan
nan
0.000000
nan
nan
nan
nan
nan
nan
nan
0.000000
nan
0.000000
nan
nan
nan
nan
nan
nan
nan
nan
nan
nan
nan
nan
nan
nan
nan
nan
nan
nan
nan
nan
nan
nan
nan
nan
nan
nan
nan
nan
nan
nan
