Coverage: 5363.451777
nan
nan
nan
0.180000
nan
nan
nan
nan
nan
nan
0.575000
nan
nan
nan
0.293000
nan
nan
nan
nan
nan
nan
nan
0.406000
nan
0.350000
nan
nan
nan
nan
nan
nan
0.981000
nan
0.925000
nan
nan
0.541000
nan
0.632000
0.203000
0.180000
nan
0.203000
0.395000
0.372000
nan
nan
nan
nan
0.677000
0.350000
0.305000
nan
nan
0.305000
nan
0.384000
nan
0.180000
nan
0.485000
0.508000
nan
nan
nan
nan
nan
nan
nan
0.666000
0.417000
nan
0.305000
0.440000
nan
0.733000
nan
0.485000
0.496000
nan
nan
0.203000
nan
0.609000
1.000000
0.305000
nan
nan
nan
nan
0.692000
0.645000
nan
nan
1.000000
nan
1.000000
nan
nan
nan
nan
nan
nan
0.317000
0.282000
0.774000
nan
nan
nan
nan
0.188000
nan
nan
0.188000
nan
0.270000
0.375000
0.375000
nan
0.716000
nan
0.610000
0.645000
nan
nan
nan
nan
0.223000
nan
0.246000
nan
nan
0.158000
0.097000
nan
0.378000
0.719000
0.658000
nan
nan
nan
0.694000
nan
nan
nan
nan
nan
0.487000
nan
nan
nan
0.438000
0.426000
0.195000
nan
0.609000
0.365000
0.987000
nan
nan
0.536000
0.901000
nan
0.463000
nan
1.000000
0.183000
0.317000
0.171000
0.463000
0.804000
nan
nan
nan
nan
0.670000
0.706000
0.426000
0.353000
nan
0.317000
nan
nan
nan
0.091000
0.091000
nan
nan
0.091000
nan
nan
0.414000
nan
0.122000
nan
nan
nan
