Coverage: 3645.918367
0.090000
nan
nan
nan
0.317000
nan
nan
nan
0.407000
0.362000
0.769000
0.633000
0.407000
nan
0.452000
0.362000
0.090000
0.090000
0.498000
nan
0.543000
nan
nan
nan
nan
0.317000
0.543000
0.362000
0.271000
0.633000
nan
nan
1.000000
nan
nan
nan
nan
nan
nan
nan
nan
0.860000
nan
0.317000
nan
0.271000
nan
nan
0.588000
nan
nan
0.724000
nan
0.588000
0.090000
0.226000
0.136000
nan
0.588000
nan
nan
0.950000
0.407000
0.905000
0.950000
0.633000
0.271000
0.181000
nan
nan
nan
nan
0.860000
0.950000
nan
1.000000
0.452000
0.814000
0.226000
0.271000
nan
0.226000
nan
0.679000
0.769000
1.000000
nan
nan
nan
nan
nan
nan
0.317000
0.860000
0.860000
nan
nan
0.421000
0.230000
nan
nan
0.498000
nan
nan
0.920000
nan
nan
nan
1.000000
nan
0.766000
nan
0.920000
nan
0.421000
nan
0.613000
nan
nan
0.958000
0.920000
nan
0.766000
nan
0.843000
0.230000
0.536000
nan
nan
nan
0.958000
1.000000
0.345000
nan
0.766000
nan
nan
nan
0.498000
0.575000
0.536000
nan
0.307000
nan
nan
1.000000
nan
nan
0.575000
nan
nan
0.575000
0.307000
0.153000
0.230000
nan
0.421000
nan
nan
0.421000
0.307000
nan
0.421000
0.613000
nan
0.383000
0.345000
0.192000
0.498000
nan
nan
nan
0.536000
0.153000
0.498000
0.192000
nan
nan
nan
0.345000
nan
0.192000
0.421000
0.153000
0.153000
nan
0.273000
0.364000
nan
nan
0.318000
0.158000
0.158000
0.474000
nan
0.105000
nan
nan
0.526000
nan
nan
0.000000
nan
nan
nan
nan
0.789000
nan
0.211000
nan
nan
0.632000
0.316000
0.211000
0.421000
nan
0.105000
nan
nan
nan
nan
0.526000
nan
nan
nan
nan
nan
nan
0.105000
0.000000
0.263000
nan
0.105000
nan
nan
1.000000
nan
nan
0.316000
0.211000
0.263000
nan
0.158000
0.105000
0.000000
0.632000
0.263000
nan
0.526000
nan
0.263000
0.368000
0.211000
0.053000
nan
nan
nan
nan
nan
0.789000
nan
nan
0.158000
0.105000
nan
0.000000
1.000000
0.737000
nan
nan
nan
nan
nan
nan
1.000000
0.947000
nan
0.947000
1.000000
nan
nan
nan
0.947000
0.947000
0.895000
nan
nan
nan
nan
0.842000
nan
nan
nan
0.000000
