Coverage: 2718.421053
0.073000
nan
nan
nan
0.472000
nan
0.472000
nan
nan
nan
nan
0.835000
nan
nan
nan
0.109000
0.073000
nan
0.254000
nan
0.073000
0.073000
nan
nan
0.980000
nan
0.980000
nan
nan
0.363000
nan
nan
nan
nan
0.363000
0.508000
0.799000
nan
nan
0.653000
0.799000
0.762000
0.327000
nan
nan
0.581000
nan
0.399000
0.653000
nan
0.508000
nan
nan
nan
0.762000
0.799000
nan
0.508000
nan
0.907000
0.653000
0.254000
nan
0.762000
0.617000
nan
nan
nan
0.363000
nan
nan
nan
0.617000
nan
0.544000
0.871000
1.000000
nan
nan
0.799000
nan
0.290000
nan
nan
nan
nan
nan
nan
0.617000
0.436000
0.690000
0.653000
nan
nan
0.399000
0.472000
nan
nan
1.000000
1.000000
0.399000
0.581000
nan
0.762000
nan
nan
nan
nan
0.254000
nan
nan
0.616000
0.900000
nan
0.427000
nan
0.379000
0.900000
nan
nan
0.948000
0.758000
nan
0.284000
0.474000
0.190000
0.806000
nan
0.237000
1.000000
1.000000
nan
0.900000
nan
nan
nan
nan
0.474000
0.284000
nan
nan
nan
0.332000
0.711000
0.948000
nan
nan
0.758000
nan
nan
nan
0.379000
nan
nan
nan
nan
nan
0.284000
0.116000
0.379000
nan
nan
0.284000
0.332000
0.427000
nan
nan
0.284000
nan
0.474000
nan
0.427000
nan
0.853000
0.521000
0.853000
nan
nan
0.616000
0.237000
nan
0.379000
nan
0.332000
0.379000
0.521000
nan
0.474000
nan
nan
nan
nan
0.474000
nan
0.569000
nan
0.474000
0.237000
0.427000
nan
0.427000
0.153000
0.129000
1.000000
nan
nan
nan
nan
nan
nan
nan
0.521000
nan
0.190000
0.095000
0.142000
nan
0.284000
0.521000
nan
nan
nan
nan
0.237000
0.284000
0.069000
0.379000
0.069000
