Coverage: 22705.633803
0.072000
0.072000
nan
0.072000
nan
nan
nan
nan
nan
nan
nan
nan
nan
nan
0.172000
nan
nan
0.077000
nan
0.222000
nan
0.345000
nan
0.457000
0.443000
0.450000
nan
0.471000
nan
0.394000
0.517000
0.633000
nan
nan
nan
0.134000
nan
nan
nan
nan
0.099000
nan
0.222000
0.102000
0.218000
0.137000
0.292000
nan
0.148000
0.148000
0.141000
nan
0.253000
nan
0.559000
1.000000
0.387000
0.588000
0.310000
nan
0.514000
0.665000
nan
0.756000
nan
nan
0.422000
0.208000
0.373000
nan
0.299000
nan
1.000000
nan
nan
0.503000
nan
nan
0.767000
0.890000
0.911000
nan
nan
nan
nan
0.489000
0.781000
0.971000
nan
1.000000
nan
nan
0.911000
nan
0.869000
0.887000
0.915000
nan
0.497000
0.378000
nan
nan
0.309000
0.583000
nan
0.328000
nan
nan
nan
0.807000
0.738000
nan
0.602000
nan
0.423000
0.221000
0.221000
nan
0.449000
0.298000
nan
0.745000
0.607000
0.477000
nan
0.527000
nan
nan
nan
nan
0.395000
0.766000
0.497000
0.421000
nan
0.235000
0.538000
nan
0.250000
0.356000
nan
0.527000
0.630000
nan
0.546000
nan
nan
0.833000
0.995000
nan
0.229000
nan
0.980000
0.710000
nan
nan
0.611000
nan
nan
0.221000
nan
nan
1.000000
nan
0.624000
0.557000
0.406000
nan
0.505000
nan
1.000000
nan
nan
nan
0.928000
0.583000
nan
0.782000
nan
nan
nan
nan
0.538000
nan
nan
nan
0.274000
nan
nan
0.430000
0.760000
1.000000
0.717000
nan
nan
nan
nan
0.417000
0.367000
nan
nan
0.514000
nan
nan
nan
nan
nan
nan
0.648000
0.490000
nan
nan
nan
