Coverage: 49331.890661
nan
0.073000
0.092000
0.073000
nan
nan
nan
0.089000
0.235000
0.102000
0.194000
nan
0.129000
0.137000
0.094000
nan
nan
nan
0.088000
0.202000
0.203000
nan
nan
0.279000
0.348000
0.306000
nan
nan
nan
nan
nan
nan
0.424000
nan
nan
nan
nan
0.308000
0.127000
0.220000
nan
0.313000
0.317000
nan
nan
nan
nan
nan
0.261000
0.252000
nan
0.391000
nan
0.196000
nan
nan
nan
0.162000
0.267000
0.849000
nan
nan
nan
0.101000
0.105000
0.766000
nan
nan
0.094000
nan
nan
0.073000
nan
1.000000
0.424000
0.651000
1.000000
0.580000
0.533000
0.250000
nan
0.172000
nan
nan
0.582000
0.210000
0.234000
0.555000
nan
nan
0.169000
0.169000
0.132000
1.000000
nan
nan
nan
nan
0.209000
0.496000
nan
0.412000
0.453000
nan
0.550000
0.528000
nan
nan
nan
0.311000
nan
nan
0.336000
0.300000
nan
nan
nan
0.492000
0.544000
nan
nan
0.523000
0.491000
0.567000
nan
nan
0.509000
0.424000
0.495000
0.250000
0.624000
nan
nan
0.500000
0.424000
0.422000
0.296000
0.485000
0.554000
nan
0.298000
nan
0.169000
0.245000
nan
0.338000
0.170000
0.330000
0.330000
nan
0.620000
nan
0.386000
0.489000
0.399000
0.523000
0.910000
1.000000
nan
0.186000
0.169000
0.169000
nan
nan
nan
0.970000
0.578000
0.812000
nan
nan
nan
0.324000
0.782000
1.000000
nan
nan
nan
nan
0.569000
1.000000
0.621000
0.544000
0.664000
nan
0.331000
nan
nan
nan
0.435000
0.365000
nan
nan
nan
nan
0.331000
0.715000
0.844000
0.961000
nan
nan
nan
nan
nan
nan
nan
0.425000
0.357000
0.577000
nan
1.000000
nan
nan
nan
0.467000
0.530000
0.352000
nan
nan
0.714000
nan
nan
0.785000
0.424000
0.666000
0.560000
nan
nan
nan
0.482000
nan
0.381000
0.424000
0.370000
1.000000
0.763000
nan
0.598000
nan
0.817000
0.740000
0.942000
1.000000
nan
0.554000
0.478000
nan
nan
nan
nan
0.923000
nan
0.957000
nan
nan
0.765000
0.513000
0.502000
0.526000
nan
nan
nan
nan
nan
0.455000
0.785000
0.970000
nan
nan
nan
0.331000
nan
0.419000
nan
nan
0.695000
nan
nan
0.469000
nan
nan
0.333000
nan
nan
nan
nan
0.497000
0.641000
nan
nan
0.685000
nan
0.981000
0.755000
1.000000
0.868000
0.471000
1.000000
0.621000
0.529000
0.776000
nan
nan
nan
nan
0.537000
nan
0.226000
0.345000
0.424000
nan
nan
nan
nan
0.367000
0.488000
nan
0.084000
nan
nan
nan
nan
nan
1.000000
nan
nan
0.373000
0.159000
nan
0.084000
0.106000
nan
0.084000
0.613000
nan
0.226000
0.256000
nan
0.291000
0.349000
nan
nan
0.298000
0.791000
nan
nan
0.433000
0.604000
0.787000
nan
nan
nan
nan
nan
0.710000
nan
nan
nan
nan
0.653000
nan
0.508000
0.517000
nan
nan
0.515000
nan
nan
nan
nan
nan
0.312000
nan
0.405000
0.322000
nan
nan
nan
0.284000
0.335000
nan
0.194000
0.298000
0.212000
0.238000
0.171000
nan
0.157000
nan
0.178000
0.242000
0.287000
nan
nan
0.412000
0.244000
0.238000
nan
0.123000
0.189000
nan
0.212000
nan
0.104000
0.246000
0.072000
0.096000
nan
nan
0.074000
nan
nan
0.149000
0.045000
0.087000
nan
0.091000
0.019000
nan
0.323000
0.068000
0.030000
0.028000
nan
nan
nan
0.019000
0.062000
nan
0.038000
nan
nan
0.014000
0.014000
nan
nan
nan
0.019000
0.014000
nan
