Coverage: 2373.157895
nan
nan
0.318000
nan
0.053000
0.477000
0.821000
nan
0.609000
0.106000
0.768000
0.424000
nan
0.927000
0.397000
0.344000
0.053000
0.212000
0.053000
0.132000
0.132000
nan
nan
nan
nan
0.503000
0.503000
0.662000
0.768000
0.530000
nan
nan
nan
0.159000
0.238000
0.053000
0.318000
0.636000
0.291000
nan
nan
0.477000
nan
nan
nan
0.530000
nan
1.000000
0.662000
nan
nan
nan
0.742000
0.530000
1.000000
0.185000
nan
nan
0.265000
nan
nan
nan
0.795000
0.477000
nan
0.556000
0.901000
0.503000
nan
nan
nan
0.609000
1.000000
nan
0.636000
nan
0.927000
0.132000
0.212000
0.689000
0.238000
0.477000
0.241000
nan
nan
0.220000
0.351000
nan
0.220000
0.031000
0.782000
nan
nan
0.195000
0.217000
nan
nan
nan
nan
nan
nan
nan
0.261000
nan
0.586000
nan
nan
1.000000
0.217000
nan
0.109000
0.065000
0.031000
nan
0.152000
nan
1.000000
nan
nan
0.977000
0.543000
nan
0.586000
nan
nan
0.043000
nan
nan
nan
0.261000
nan
0.391000
0.326000
nan
nan
nan
0.261000
nan
0.195000
0.543000
0.994000
0.282000
0.174000
0.087000
nan
0.195000
nan
nan
nan
nan
0.261000
nan
nan
nan
nan
nan
nan
0.652000
0.282000
0.456000
0.434000
0.434000
nan
0.456000
nan
0.586000
0.500000
0.031000
0.326000
0.195000
0.478000
0.413000
nan
nan
nan
nan
0.347000
nan
nan
0.521000
nan
0.043000
0.109000
0.301000
nan
1.000000
nan
0.301000
0.215000
nan
