Coverage: 4571.875000
0.089000
0.089000
0.496000
0.786000
0.896000
0.813000
nan
0.841000
nan
nan
nan
nan
0.207000
nan
0.096000
nan
nan
0.689000
nan
0.089000
0.234000
nan
nan
nan
nan
1.000000
0.855000
nan
nan
0.124000
nan
nan
0.675000
nan
nan
0.289000
nan
nan
0.207000
nan
nan
0.303000
nan
nan
nan
1.000000
0.882000
nan
0.579000
nan
0.717000
0.744000
nan
0.634000
nan
nan
0.221000
nan
1.000000
0.606000
0.482000
0.992000
0.868000
0.317000
0.951000
nan
nan
0.579000
0.538000
nan
nan
0.221000
nan
0.551000
nan
0.896000
nan
0.386000
0.662000
nan
0.496000
0.262000
0.345000
0.331000
nan
0.427000
0.427000
0.386000
0.317000
0.207000
0.482000
0.758000
0.941000
nan
nan
nan
nan
0.666000
0.482000
nan
0.390000
nan
nan
nan
nan
0.620000
0.827000
nan
0.505000
nan
0.620000
0.666000
nan
nan
0.299000
0.276000
nan
nan
nan
0.804000
nan
nan
nan
0.987000
1.000000
nan
0.528000
0.299000
0.436000
0.299000
0.666000
0.161000
nan
0.299000
0.574000
nan
0.459000
0.413000
0.299000
0.459000
nan
nan
0.207000
1.000000
1.000000
0.115000
0.034000
0.138000
0.046000
0.046000
0.069000
0.028000
0.299000
0.161000
0.138000
0.321000
nan
0.138000
0.321000
0.482000
nan
0.321000
0.115000
0.092000
0.046000
0.161000
nan
0.184000
0.253000
0.138000
0.689000
0.207000
0.299000
0.299000
nan
nan
nan
nan
0.620000
nan
0.092000
nan
nan
nan
nan
nan
0.010000
nan
0.092000
nan
nan
0.010000
