Coverage: 3117.460317
0.000000
0.000000
0.000000
0.000000
0.000000
0.000000
0.000000
0.000000
0.244000
0.244000
0.439000
0.220000
nan
nan
nan
0.098000
0.293000
nan
nan
0.805000
0.366000
nan
0.341000
0.317000
0.195000
0.366000
nan
nan
0.171000
0.293000
0.439000
0.390000
0.610000
0.463000
nan
nan
nan
0.805000
nan
0.732000
nan
0.293000
0.439000
0.512000
nan
0.366000
0.390000
nan
nan
nan
nan
0.317000
nan
nan
1.000000
1.000000
0.756000
nan
0.561000
0.683000
0.439000
nan
nan
0.976000
0.537000
0.195000
0.659000
nan
nan
1.000000
0.780000
0.878000
1.000000
nan
0.951000
0.415000
0.239000
nan
nan
nan
0.437000
0.634000
nan
nan
0.775000
nan
nan
nan
0.296000
nan
nan
0.521000
nan
0.408000
nan
0.479000
nan
nan
0.268000
nan
0.352000
0.817000
0.563000
1.000000
0.775000
1.000000
0.563000
nan
nan
nan
0.254000
0.662000
nan
nan
0.171000
nan
nan
0.521000
0.535000
0.479000
0.465000
nan
nan
0.268000
0.268000
0.718000
0.845000
nan
1.000000
0.732000
nan
0.732000
1.000000
nan
0.197000
0.171000
nan
nan
0.324000
0.310000
nan
0.465000
0.718000
nan
0.535000
0.577000
nan
0.186000
nan
nan
0.479000
nan
0.423000
nan
0.338000
0.704000
0.718000
nan
0.507000
0.549000
0.408000
nan
nan
nan
0.451000
nan
0.254000
nan
nan
0.493000
nan
nan
0.152000
nan
nan
0.535000
nan
0.521000
nan
nan
nan
0.408000
nan
0.296000
nan
nan
0.254000
nan
nan
