Coverage: 3535.185185
0.158000
nan
nan
0.158000
0.338000
nan
0.374000
0.569000
0.534000
0.623000
nan
nan
0.427000
0.427000
nan
nan
0.623000
0.427000
nan
nan
0.178000
nan
0.534000
0.338000
nan
nan
nan
nan
0.214000
0.302000
0.374000
nan
nan
0.463000
0.320000
0.158000
nan
nan
nan
0.605000
0.214000
0.214000
0.374000
0.712000
nan
0.605000
0.516000
nan
0.747000
nan
0.534000
nan
0.676000
0.730000
1.000000
nan
0.534000
0.463000
0.658000
nan
0.890000
0.765000
nan
0.961000
nan
0.320000
0.427000
nan
0.534000
0.356000
nan
0.730000
nan
0.854000
0.569000
0.516000
0.801000
0.694000
nan
nan
nan
1.000000
nan
1.000000
0.320000
nan
0.961000
nan
nan
0.142000
nan
nan
nan
0.409000
0.747000
0.142000
nan
nan
0.338000
nan
nan
nan
0.854000
nan
0.712000
0.907000
nan
0.641000
0.765000
0.427000
nan
0.819000
nan
nan
0.498000
0.125000
0.125000
nan
0.658000
nan
nan
0.605000
nan
0.819000
nan
nan
nan
1.000000
nan
0.765000
nan
0.480000
nan
0.925000
nan
0.801000
nan
nan
0.552000
0.747000
0.925000
nan
0.694000
0.427000
0.498000
nan
0.463000
0.605000
0.356000
nan
0.587000
nan
0.214000
nan
nan
0.214000
0.178000
0.178000
0.125000
0.605000
0.125000
nan
