Coverage: 2378.688525
nan
nan
0.153000
0.307000
0.153000
0.153000
0.613000
0.192000
nan
0.153000
0.268000
0.268000
nan
0.153000
nan
0.460000
0.307000
0.132000
0.383000
0.421000
nan
0.153000
0.192000
0.132000
0.881000
0.230000
nan
0.268000
nan
0.268000
0.383000
nan
0.843000
nan
0.345000
nan
nan
0.307000
nan
nan
0.498000
0.766000
0.843000
0.958000
nan
nan
nan
1.000000
nan
0.766000
nan
0.958000
0.575000
nan
nan
nan
0.805000
nan
nan
nan
nan
nan
0.498000
0.536000
nan
1.000000
nan
nan
0.715000
nan
0.977000
nan
nan
nan
nan
0.238000
0.238000
nan
nan
nan
0.681000
0.111000
0.272000
0.136000
nan
nan
nan
nan
nan
0.783000
nan
0.817000
nan
0.749000
0.579000
nan
nan
nan
nan
nan
nan
nan
nan
0.417000
nan
0.596000
0.268000
0.209000
0.179000
nan
nan
nan
nan
nan
0.387000
0.089000
0.924000
nan
0.268000
nan
nan
nan
nan
nan
nan
0.537000
0.477000
0.537000
0.268000
nan
0.835000
nan
nan
nan
0.686000
0.089000
0.358000
nan
nan
1.000000
0.507000
nan
0.596000
nan
1.000000
0.805000
0.745000
1.000000
nan
0.238000
nan
nan
0.209000
nan
0.686000
nan
0.119000
nan
nan
nan
nan
0.656000
0.566000
0.477000
nan
0.447000
nan
nan
nan
nan
nan
nan
nan
0.715000
nan
0.477000
nan
0.656000
nan
0.984000
0.268000
0.089000
nan
