Coverage: 28850.662252
0.075000
nan
nan
nan
nan
0.105000
0.087000
nan
0.123000
0.130000
0.180000
0.099000
0.077000
0.094000
0.154000
nan
nan
0.137000
nan
nan
0.086000
nan
0.075000
0.142000
0.194000
nan
0.182000
0.154000
0.180000
0.190000
nan
0.264000
nan
0.156000
nan
nan
nan
0.079000
nan
0.075000
nan
0.591000
nan
nan
nan
nan
nan
nan
0.261000
0.557000
0.650000
nan
0.583000
nan
nan
nan
0.422000
nan
nan
nan
1.000000
nan
0.336000
0.509000
0.379000
0.747000
nan
nan
1.000000
nan
nan
nan
nan
0.219000
1.000000
0.518000
nan
0.624000
0.542000
nan
nan
0.526000
0.806000
0.585000
nan
nan
nan
nan
0.343000
nan
nan
0.444000
0.297000
0.533000
0.458000
0.415000
0.739000
nan
nan
nan
nan
nan
nan
0.220000
0.124000
0.381000
nan
0.502000
0.363000
0.313000
0.344000
nan
nan
nan
nan
0.609000
0.565000
0.505000
nan
nan
0.458000
nan
1.000000
nan
0.201000
0.113000
nan
nan
0.805000
0.772000
0.701000
0.386000
nan
nan
0.858000
nan
0.177000
nan
nan
nan
nan
nan
0.462000
0.998000
0.872000
nan
0.863000
nan
nan
nan
0.828000
0.770000
0.738000
0.722000
nan
0.757000
nan
nan
nan
0.178000
0.113000
0.335000
nan
0.483000
0.436000
nan
0.256000
0.113000
nan
1.000000
nan
1.000000
nan
0.650000
nan
nan
nan
nan
0.567000
nan
0.360000
nan
nan
nan
nan
nan
0.768000
nan
nan
nan
0.491000
0.236000
0.313000
0.212000
0.277000
nan
nan
nan
0.729000
0.776000
nan
0.854000
0.963000
nan
nan
nan
nan
0.859000
0.901000
nan
0.329000
0.222000
0.826000
nan
0.710000
0.741000
nan
nan
nan
0.619000
nan
0.639000
0.654000
0.736000
nan
0.778000
0.903000
nan
nan
nan
nan
0.455000
nan
nan
0.248000
0.157000
0.333000
nan
0.298000
nan
0.592000
nan
nan
nan
nan
nan
nan
nan
0.411000
0.562000
nan
nan
0.290000
0.526000
0.377000
nan
0.306000
nan
0.912000
1.000000
nan
nan
0.157000
nan
nan
nan
nan
0.690000
nan
0.634000
0.981000
nan
0.477000
0.399000
nan
0.296000
nan
0.199000
0.171000
nan
nan
nan
nan
nan
0.216000
nan
nan
nan
nan
nan
nan
nan
1.000000
0.433000
nan
nan
0.316000
nan
0.671000
1.000000
nan
0.232000
0.157000
0.369000
0.472000
nan
nan
0.178000
nan
nan
nan
nan
nan
nan
0.359000
0.434000
nan
0.176000
nan
0.334000
nan
0.306000
0.229000
nan
0.221000
0.099000
nan
0.214000
0.214000
nan
nan
nan
nan
nan
0.189000
0.244000
0.241000
nan
nan
0.308000
0.334000
nan
nan
nan
nan
nan
0.215000
1.000000
nan
0.260000
0.068000
0.252000
nan
1.000000
0.250000
0.232000
nan
nan
nan
nan
0.111000
0.276000
0.247000
nan
nan
0.057000
nan
nan
nan
0.208000
0.279000
nan
nan
0.374000
0.306000
nan
nan
nan
nan
0.057000
0.057000
nan
0.097000
nan
nan
nan
0.321000
nan
nan
nan
0.074000
0.058000
0.282000
0.276000
nan
0.103000
nan
nan
nan
nan
0.361000
1.000000
nan
0.239000
nan
0.108000
0.130000
0.068000
nan
0.072000
0.990000
nan
nan
nan
nan
nan
nan
nan
nan
nan
nan
nan
nan
nan
0.078000
0.128000
0.173000
0.622000
1.000000
nan
nan
0.413000
0.478000
0.749000
nan
nan
1.000000
nan
nan
nan
nan
nan
0.832000
0.966000
nan
0.686000
0.701000
nan
0.505000
0.499000
nan
0.624000
nan
nan
0.523000
nan
0.660000
nan
nan
0.472000
nan
nan
0.734000
0.371000
0.472000
nan
nan
0.523000
nan
0.413000
nan
0.428000
nan
0.190000
nan
nan
nan
nan
0.434000
nan
nan
nan
0.351000
nan
0.401000
0.371000
0.294000
nan
0.250000
0.279000
0.327000
0.184000
1.000000
nan
0.122000
nan
0.128000
nan
nan
0.241000
0.217000
0.264000
0.683000
0.558000
nan
0.532000
nan
nan
0.532000
0.446000
0.296000
nan
0.275000
0.420000
0.254000
0.613000
nan
0.611000
0.558000
0.395000
nan
0.355000
0.837000
nan
nan
0.383000
0.454000
nan
nan
nan
0.482000
0.298000
nan
nan
nan
nan
nan
0.567000
nan
0.113000
nan
nan
0.241000
0.142000
0.128000
0.255000
nan
0.071000
nan
nan
0.284000
0.312000
nan
0.184000
nan
nan
0.049000
nan
0.582000
nan
nan
nan
0.057000
0.184000
nan
0.085000
nan
0.170000
nan
0.085000
nan
0.085000
0.142000
nan
0.057000
0.184000
0.411000
0.057000
nan
nan
0.184000
nan
0.049000
nan
nan
0.085000
nan
nan
0.049000
nan
0.071000
nan
nan
nan
0.142000
nan
0.085000
nan
nan
0.071000
nan
nan
nan
nan
