Coverage: 4239.893617
0.150000
nan
0.304000
0.150000
0.391000
0.261000
0.304000
0.217000
nan
nan
0.217000
nan
nan
nan
0.261000
0.478000
0.217000
0.522000
0.261000
0.217000
0.348000
nan
0.304000
nan
nan
0.565000
1.000000
nan
0.609000
0.739000
nan
0.652000
0.435000
nan
0.652000
0.826000
0.261000
nan
0.957000
nan
0.174000
nan
0.565000
0.348000
0.304000
nan
0.478000
0.826000
nan
0.826000
1.000000
nan
nan
nan
0.522000
0.652000
0.348000
nan
nan
nan
0.304000
0.478000
0.348000
0.696000
nan
nan
0.150000
nan
nan
1.000000
nan
nan
nan
0.391000
0.435000
0.522000
nan
0.739000
nan
0.348000
1.000000
nan
nan
nan
0.304000
nan
nan
0.682000
nan
1.000000
0.426000
nan
0.795000
1.000000
0.682000
0.398000
nan
nan
nan
0.568000
nan
0.483000
nan
0.398000
0.455000
nan
nan
nan
0.057000
nan
0.114000
nan
nan
0.795000
nan
nan
0.041000
nan
nan
nan
0.199000
nan
0.227000
nan
0.341000
0.369000
nan
0.795000
0.227000
nan
nan
0.653000
nan
nan
nan
nan
0.568000
0.938000
0.597000
0.398000
0.511000
0.398000
nan
nan
nan
nan
1.000000
nan
0.313000
0.256000
0.426000
nan
0.284000
0.369000
0.170000
0.369000
nan
nan
nan
0.426000
nan
nan
0.398000
0.369000
nan
0.398000
0.170000
nan
nan
0.142000
0.057000
0.085000
nan
0.653000
nan
nan
nan
nan
nan
nan
0.199000
nan
0.041000
nan
0.114000
nan
0.085000
0.041000
