Coverage: 3578.333333
nan
0.220000
0.631000
0.220000
nan
0.252000
0.694000
nan
nan
nan
nan
nan
0.252000
nan
nan
0.231000
nan
0.589000
0.484000
0.526000
nan
0.336000
0.484000
0.484000
0.799000
nan
nan
nan
nan
0.273000
0.220000
0.547000
0.841000
0.526000
0.526000
0.336000
nan
nan
nan
0.757000
0.547000
0.442000
0.421000
nan
0.652000
nan
0.294000
0.862000
0.862000
nan
nan
1.000000
0.799000
0.526000
0.336000
0.252000
0.547000
0.967000
nan
nan
nan
1.000000
0.568000
1.000000
0.736000
nan
0.484000
0.421000
nan
nan
0.967000
nan
nan
0.358000
nan
0.721000
nan
0.618000
0.288000
nan
nan
0.968000
0.886000
nan
0.742000
nan
nan
0.626000
nan
nan
nan
0.141000
nan
0.161000
nan
0.827000
nan
nan
0.565000
nan
0.141000
nan
1.000000
0.283000
nan
0.262000
nan
nan
0.666000
nan
0.383000
nan
nan
nan
0.303000
nan
nan
0.505000
nan
nan
0.989000
nan
nan
0.848000
nan
1.000000
0.545000
nan
0.706000
0.565000
nan
nan
0.464000
nan
nan
0.545000
nan
0.383000
nan
nan
0.141000
nan
0.303000
0.565000
nan
0.363000
0.323000
nan
1.000000
0.727000
nan
nan
0.383000
nan
0.767000
0.505000
nan
nan
0.444000
nan
0.343000
0.383000
nan
nan
0.767000
nan
nan
0.646000
nan
0.202000
0.283000
nan
nan
nan
nan
0.565000
0.605000
0.424000
0.363000
0.141000
