Coverage: 2686.294416
nan
0.253000
0.885000
nan
nan
nan
0.429000
0.429000
0.751000
0.804000
nan
0.268000
0.322000
0.253000
nan
0.402000
0.509000
nan
0.375000
0.268000
nan
0.563000
0.268000
0.349000
nan
0.375000
nan
0.509000
0.724000
nan
0.885000
1.000000
0.670000
0.831000
nan
0.322000
0.697000
0.724000
nan
0.617000
0.643000
nan
0.617000
0.295000
0.509000
0.295000
nan
0.322000
0.429000
nan
0.590000
nan
nan
nan
0.253000
0.670000
nan
0.885000
0.697000
0.670000
0.429000
nan
1.000000
0.885000
nan
nan
nan
0.483000
0.697000
0.777000
0.697000
1.000000
0.483000
0.912000
nan
0.328000
0.410000
0.636000
0.328000
0.595000
0.513000
0.862000
nan
0.554000
0.574000
1.000000
0.192000
0.768000
0.149000
0.832000
nan
nan
nan
0.939000
nan
0.747000
nan
0.512000
0.972000
0.683000
nan
0.619000
nan
0.341000
nan
nan
nan
nan
nan
0.598000
nan
0.192000
0.448000
0.149000
nan
0.320000
nan
nan
0.149000
0.149000
nan
nan
0.128000
nan
nan
0.256000
nan
nan
nan
0.704000
nan
nan
nan
nan
nan
1.000000
0.448000
nan
nan
0.192000
0.128000
0.128000
0.470000
nan
nan
nan
0.939000
nan
nan
nan
0.072000
0.072000
nan
0.896000
nan
nan
0.662000
0.299000
nan
0.171000
nan
nan
nan
0.341000
1.000000
0.213000
nan
nan
nan
0.078000
nan
0.149000
0.406000
nan
nan
nan
nan
0.798000
nan
0.909000
nan
0.710000
0.887000
nan
0.576000
nan
0.510000
0.732000
nan
0.621000
nan
0.399000
nan
nan
nan
nan
0.054000
