Coverage: 2345.614035
nan
0.059000
0.238000
0.149000
0.149000
0.327000
nan
0.267000
0.357000
nan
0.297000
nan
nan
nan
0.297000
0.297000
0.059000
nan
nan
0.089000
nan
0.565000
nan
0.327000
nan
0.149000
nan
0.743000
nan
0.238000
0.119000
nan
0.089000
nan
0.357000
0.059000
nan
0.208000
0.059000
0.327000
0.565000
nan
0.327000
0.624000
0.386000
0.238000
0.892000
nan
0.059000
0.089000
0.089000
0.327000
1.000000
1.000000
nan
nan
0.773000
nan
nan
nan
nan
0.059000
0.713000
0.505000
nan
0.684000
nan
nan
nan
0.297000
nan
nan
nan
0.089000
nan
0.951000
0.446000
0.713000
nan
0.535000
nan
0.594000
0.417000
1.000000
nan
nan
0.285000
0.908000
0.493000
0.311000
0.597000
0.415000
0.389000
nan
0.311000
nan
nan
nan
0.545000
0.337000
0.441000
nan
nan
nan
nan
0.986000
nan
nan
nan
nan
0.208000
nan
0.571000
0.519000
nan
nan
nan
0.597000
0.700000
nan
nan
nan
nan
0.089000
nan
nan
0.519000
nan
0.726000
nan
0.649000
nan
nan
0.571000
nan
0.389000
nan
nan
1.000000
nan
0.856000
0.415000
0.156000
nan
0.104000
0.089000
0.285000
1.000000
0.856000
0.233000
0.104000
0.259000
0.363000
0.182000
0.597000
nan
nan
0.259000
0.104000
nan
0.752000
0.259000
0.156000
0.182000
0.130000
0.208000
nan
0.156000
nan
0.089000
nan
