Coverage: 21984.057971
nan
0.092000
0.246000
0.185000
0.195000
0.249000
0.261000
nan
0.265000
nan
nan
nan
0.115000
nan
nan
nan
nan
nan
0.204000
0.233000
0.344000
0.236000
nan
0.271000
0.204000
nan
0.112000
0.386000
nan
nan
nan
nan
0.510000
nan
nan
0.609000
0.411000
1.000000
0.692000
nan
0.261000
0.198000
nan
0.112000
0.150000
0.201000
0.261000
0.405000
0.555000
nan
nan
nan
nan
0.092000
0.092000
0.341000
nan
nan
nan
0.207000
nan
0.252000
nan
nan
nan
0.622000
nan
nan
nan
0.223000
nan
nan
nan
0.367000
0.453000
0.695000
1.000000
nan
nan
nan
1.000000
0.721000
0.810000
nan
0.507000
0.539000
nan
0.682000
0.695000
nan
0.829000
0.944000
0.309000
nan
0.195000
nan
0.132000
0.133000
0.112000
nan
0.733000
1.000000
0.387000
nan
nan
0.141000
nan
0.436000
0.643000
0.434000
nan
0.554000
0.776000
nan
nan
0.082000
0.064000
0.097000
0.424000
nan
1.000000
0.626000
nan
nan
0.064000
nan
0.064000
nan
nan
0.647000
nan
nan
nan
nan
nan
0.735000
0.786000
nan
nan
nan
nan
0.066000
nan
0.087000
nan
nan
nan
0.064000
nan
0.228000
0.218000
0.199000
nan
nan
nan
nan
nan
nan
nan
nan
nan
0.133000
0.131000
0.077000
nan
nan
nan
nan
0.169000
0.081000
0.139000
0.381000
0.157000
0.079000
0.310000
0.381000
0.377000
0.167000
1.000000
nan
0.139000
nan
nan
0.203000
0.130000
nan
nan
nan
nan
nan
nan
0.593000
0.575000
0.459000
nan
0.057000
nan
nan
nan
nan
nan
nan
nan
nan
nan
nan
0.255000
0.178000
nan
nan
nan
nan
0.184000
0.113000
0.230000
nan
nan
0.251000
nan
0.134000
nan
nan
nan
1.000000
0.164000
nan
0.094000
0.100000
0.123000
0.101000
nan
nan
nan
nan
0.077000
1.000000
nan
0.086000
nan
0.073000
0.154000
0.182000
0.190000
nan
0.112000
nan
0.056000
0.055000
0.057000
nan
0.055000
0.073000
nan
nan
nan
0.141000
0.123000
0.101000
nan
0.139000
0.200000
0.169000
nan
0.159000
nan
0.128000
0.982000
0.966000
1.000000
nan
0.055000
0.092000
0.084000
0.079000
0.117000
nan
0.184000
0.099000
nan
nan
0.101000
0.113000
nan
nan
nan
0.083000
nan
0.090000
nan
0.088000
nan
nan
nan
1.000000
nan
nan
1.000000
nan
0.412000
0.796000
nan
nan
nan
0.284000
nan
nan
0.245000
nan
nan
nan
nan
nan
nan
1.000000
0.985000
nan
0.598000
0.598000
0.961000
nan
nan
nan
0.660000
0.976000
nan
nan
nan
0.909000
nan
nan
0.961000
0.697000
nan
0.443000
nan
0.363000
0.495000
nan
nan
0.749000
nan
nan
nan
0.782000
nan
0.768000
nan
nan
nan
0.561000
0.806000
0.768000
nan
0.443000
0.862000
nan
nan
nan
0.759000
0.721000
0.848000
nan
0.547000
nan
0.434000
0.476000
nan
0.358000
nan
0.594000
0.358000
0.594000
0.547000
nan
0.391000
nan
nan
0.419000
0.335000
0.476000
nan
0.344000
nan
0.372000
nan
nan
0.377000
nan
nan
0.193000
0.182000
nan
nan
0.212000
nan
nan
0.136000
nan
nan
nan
0.139000
nan
nan
nan
0.141000
nan
nan
0.073000
nan
0.059000
nan
nan
0.059000
0.059000
