Coverage: 3267.567568
nan
0.124000
0.222000
0.185000
nan
nan
nan
nan
nan
0.278000
0.389000
0.334000
nan
nan
nan
nan
0.853000
nan
0.741000
nan
nan
nan
0.778000
nan
nan
0.538000
0.408000
nan
0.593000
nan
0.204000
0.278000
nan
nan
0.278000
nan
nan
nan
0.426000
nan
0.463000
nan
nan
nan
0.630000
nan
0.519000
nan
0.704000
nan
nan
nan
0.241000
0.408000
0.185000
nan
0.124000
nan
0.124000
1.000000
nan
nan
0.408000
nan
0.797000
0.259000
0.185000
nan
nan
0.297000
0.408000
1.000000
0.853000
nan
1.000000
0.259000
0.704000
0.315000
0.315000
0.653000
nan
nan
nan
0.501000
nan
nan
nan
nan
nan
nan
0.954000
0.457000
0.501000
0.849000
nan
0.414000
nan
nan
nan
0.479000
0.261000
0.609000
nan
nan
0.261000
nan
0.750000
nan
0.050000
0.100000
nan
nan
0.200000
nan
nan
nan
nan
0.425000
nan
nan
0.775000
nan
0.650000
nan
nan
nan
0.675000
nan
nan
0.800000
nan
nan
0.550000
1.000000
nan
1.000000
nan
1.000000
0.825000
0.275000
0.825000
0.400000
nan
0.325000
nan
0.350000
nan
0.575000
nan
0.200000
0.125000
nan
nan
0.850000
0.475000
0.225000
0.175000
nan
nan
0.150000
nan
nan
0.425000
0.225000
nan
nan
0.300000
0.100000
nan
nan
0.200000
nan
nan
0.150000
0.250000
0.050000
0.050000
0.250000
nan
0.125000
nan
nan
nan
0.050000
nan
