Coverage: 5335.051546
nan
nan
nan
nan
nan
0.524000
nan
0.675000
0.689000
nan
nan
nan
0.103000
0.103000
nan
0.262000
0.606000
nan
0.103000
0.234000
nan
0.110000
nan
nan
0.124000
0.193000
nan
0.138000
0.510000
nan
0.303000
0.124000
nan
1.000000
0.841000
nan
1.000000
0.648000
nan
nan
nan
nan
nan
nan
nan
nan
nan
nan
0.124000
nan
nan
0.372000
0.896000
nan
nan
nan
nan
nan
nan
nan
0.248000
0.179000
nan
1.000000
nan
nan
0.482000
nan
0.482000
0.896000
nan
0.813000
nan
nan
0.992000
0.852000
0.598000
nan
nan
nan
0.374000
nan
0.687000
nan
nan
nan
nan
0.538000
0.213000
nan
nan
nan
nan
nan
nan
nan
0.254000
nan
nan
nan
nan
nan
0.523000
0.777000
nan
nan
nan
nan
0.523000
nan
nan
0.747000
nan
0.777000
nan
nan
0.732000
nan
0.493000
nan
0.658000
0.807000
0.976000
nan
0.969000
0.867000
nan
0.660000
nan
0.306000
nan
nan
0.354000
nan
0.837000
0.531000
0.628000
0.515000
nan
0.451000
0.274000
0.483000
0.531000
nan
nan
nan
nan
0.982000
nan
nan
nan
nan
nan
0.789000
0.596000
0.853000
0.902000
nan
nan
nan
nan
0.837000
1.000000
0.290000
nan
0.242000
nan
0.354000
0.258000
0.403000
0.531000
nan
nan
0.354000
nan
nan
nan
nan
nan
nan
0.233000
nan
nan
nan
nan
0.451000
nan
nan
0.580000
nan
0.644000
0.580000
nan
0.233000
