Coverage: 1832.278481
nan
0.057000
nan
nan
nan
nan
nan
0.302000
0.483000
0.211000
0.121000
nan
nan
0.057000
0.181000
nan
0.423000
nan
0.057000
nan
0.634000
nan
nan
nan
nan
0.695000
0.544000
nan
0.211000
0.453000
0.876000
nan
nan
0.453000
0.211000
0.211000
0.423000
0.544000
0.091000
nan
0.211000
nan
nan
0.121000
0.393000
nan
nan
0.302000
0.725000
nan
0.272000
nan
nan
nan
nan
0.574000
1.000000
nan
nan
0.332000
0.566000
0.388000
0.507000
0.268000
0.358000
nan
nan
nan
1.000000
nan
0.179000
0.507000
0.686000
nan
nan
0.566000
1.000000
nan
0.417000
0.328000
0.715000
nan
nan
nan
nan
nan
0.954000
0.238000
0.686000
0.149000
nan
nan
nan
nan
nan
nan
nan
0.507000
nan
nan
nan
nan
nan
0.149000
0.085000
0.324000
1.000000
0.353000
0.176000
nan
nan
nan
0.265000
0.353000
nan
nan
1.000000
0.794000
0.235000
0.085000
nan
nan
0.294000
nan
0.618000
0.559000
nan
nan
nan
nan
0.735000
0.324000
0.085000
0.235000
0.412000
0.147000
0.529000
0.559000
nan
nan
0.235000
nan
0.235000
0.618000
0.412000
nan
nan
nan
nan
0.441000
nan
nan
nan
0.353000
nan
0.176000
0.118000
nan
