Coverage: 7506.217617
0.046000
nan
nan
nan
0.438000
nan
0.195000
0.122000
nan
0.475000
0.171000
0.219000
0.365000
nan
nan
0.046000
0.158000
nan
0.073000
0.073000
0.244000
0.365000
0.414000
nan
0.341000
0.499000
0.231000
0.694000
nan
0.268000
nan
nan
nan
nan
0.524000
0.548000
0.231000
nan
0.046000
0.134000
0.158000
0.402000
0.962000
nan
0.560000
0.317000
0.280000
0.901000
nan
nan
0.792000
nan
nan
nan
nan
nan
nan
0.524000
nan
nan
0.621000
1.000000
nan
0.329000
0.987000
nan
0.840000
0.694000
0.426000
0.341000
0.378000
0.656000
nan
nan
0.893000
nan
nan
nan
0.401000
nan
nan
0.665000
nan
0.760000
0.556000
0.574000
nan
nan
0.453000
nan
nan
nan
0.786000
0.617000
nan
nan
nan
nan
nan
nan
nan
nan
nan
nan
0.278000
1.000000
0.701000
0.629000
0.750000
0.169000
nan
0.200000
0.145000
1.000000
nan
nan
nan
nan
nan
nan
0.136000
nan
0.756000
0.907000
1.000000
nan
nan
0.139000
0.136000
0.145000
0.333000
nan
0.296000
nan
0.490000
0.568000
nan
nan
nan
0.611000
0.218000
0.417000
0.453000
nan
nan
nan
nan
0.514000
0.441000
nan
nan
nan
nan
0.459000
0.157000
0.629000
0.399000
0.478000
nan
nan
nan
nan
nan
nan
nan
0.333000
nan
nan
0.357000
nan
nan
nan
nan
nan
nan
nan
nan
nan
0.187000
nan
nan
0.339000
nan
nan
0.580000
0.532000
nan
0.453000
nan
0.381000
nan
nan
0.136000
