Coverage: 24234.782609
0.021000
nan
nan
0.021000
nan
nan
nan
0.021000
nan
nan
0.038000
0.036000
0.033000
0.050000
0.024000
0.038000
nan
0.037000
0.024000
0.048000
0.044000
0.042000
0.037000
0.045000
0.965000
0.054000
0.058000
1.000000
0.047000
nan
nan
nan
nan
nan
nan
0.066000
nan
0.067000
0.064000
nan
0.048000
nan
0.061000
0.055000
nan
1.000000
0.057000
0.090000
0.044000
nan
0.043000
nan
nan
nan
1.000000
0.078000
nan
0.056000
0.084000
0.068000
nan
0.072000
nan
0.070000
nan
nan
nan
nan
nan
nan
0.058000
0.051000
0.062000
0.063000
0.073000
nan
0.066000
0.062000
0.043000
nan
0.090000
0.040000
0.065000
nan
0.661000
nan
0.509000
nan
0.461000
nan
0.616000
0.683000
nan
0.533000
0.544000
nan
nan
nan
1.000000
0.978000
0.594000
0.542000
0.329000
nan
nan
nan
0.750000
1.000000
0.571000
nan
nan
nan
nan
0.170000
nan
nan
nan
nan
nan
0.336000
nan
nan
0.173000
nan
nan
1.000000
0.644000
nan
nan
nan
0.570000
nan
0.358000
nan
0.509000
0.260000
0.376000
0.452000
nan
0.335000
0.345000
nan
0.191000
0.135000
0.096000
0.187000
nan
0.433000
0.350000
nan
nan
nan
0.147000
nan
nan
nan
nan
nan
nan
nan
nan
nan
nan
nan
0.084000
0.092000
0.064000
0.064000
nan
0.064000
0.066000
0.156000
nan
0.073000
0.073000
0.079000
0.097000
0.093000
0.104000
0.108000
nan
nan
0.086000
1.000000
nan
nan
nan
nan
nan
nan
1.000000
nan
0.957000
1.000000
0.856000
nan
0.655000
0.571000
0.487000
0.638000
0.991000
nan
nan
nan
nan
0.168000
0.118000
0.118000
0.470000
0.588000
nan
nan
0.168000
nan
nan
0.134000
0.101000
0.168000
nan
nan
nan
nan
0.134000
0.319000
0.084000
0.134000
0.218000
nan
nan
nan
0.185000
nan
nan
0.336000
nan
0.151000
0.218000
nan
0.084000
0.017000
0.067000
nan
nan
0.118000
0.185000
nan
0.034000
0.118000
0.034000
0.034000
nan
nan
nan
nan
nan
0.034000
nan
0.067000
0.067000
nan
0.000000
nan
0.000000
0.118000
0.050000
nan
0.000000
0.050000
nan
nan
nan
0.084000
0.034000
0.000000
0.034000
1.000000
0.667000
nan
nan
nan
nan
nan
nan
1.000000
1.000000
nan
0.667000
0.667000
nan
0.667000
1.000000
nan
0.333000
0.000000
0.333000
nan
nan
0.000000
0.667000
0.667000
nan
nan
0.000000
0.000000
nan
0.333000
0.000000
nan
0.333000
0.000000
0.333000
0.000000
nan
nan
nan
nan
nan
nan
nan
nan
nan
nan
nan
nan
nan
nan
nan
nan
nan
nan
nan
nan
nan
nan
nan
nan
nan
nan
nan
nan
nan
nan
nan
nan
nan
nan
nan
nan
nan
nan
nan
nan
nan
nan
nan
nan
nan
nan
nan
nan
nan
nan
nan
nan
nan
nan
nan
nan
nan
nan
nan
nan
nan
nan
nan
nan
nan
nan
nan
nan
nan
nan
nan
nan
nan
nan
nan
nan
nan
nan
nan
nan
nan
nan
nan
nan
nan
0.000000
nan
0.064000
nan
0.128000
0.000000
nan
nan
nan
0.064000
nan
0.000000
nan
nan
0.000000
nan
0.703000
0.128000
nan
0.128000
nan
nan
nan
nan
1.000000
nan
0.383000
nan
0.128000
nan
nan
0.256000
0.000000
0.958000
nan
0.192000
0.639000
0.064000
0.958000
nan
nan
nan
0.767000
1.000000
0.000000
nan
0.000000
0.000000
nan
nan
nan
0.000000
nan
0.000000
nan
nan
nan
nan
0.000000
nan
nan
nan
nan
