Coverage: 1755.555556
0.089000
0.089000
0.508000
1.000000
0.254000
0.145000
0.089000
nan
nan
nan
0.653000
0.290000
nan
nan
0.145000
0.436000
nan
nan
nan
0.508000
nan
nan
0.290000
0.363000
0.436000
nan
nan
0.363000
0.218000
0.581000
nan
nan
0.399000
0.327000
0.835000
0.508000
nan
nan
nan
nan
0.617000
nan
0.980000
nan
0.907000
nan
nan
nan
nan
nan
0.980000
0.327000
nan
nan
nan
0.145000
0.218000
0.799000
0.508000
1.000000
0.234000
0.990000
nan
nan
nan
nan
nan
nan
0.585000
1.000000
0.741000
nan
nan
0.546000
0.624000
nan
0.390000
nan
nan
nan
nan
0.936000
0.858000
0.702000
0.780000
0.702000
0.585000
0.351000
0.117000
nan
nan
nan
nan
0.546000
nan
nan
nan
0.546000
nan
0.417000
nan
0.333000
0.083000
nan
0.667000
0.500000
0.417000
0.833000
0.292000
nan
0.250000
nan
0.833000
0.625000
0.333000
nan
0.875000
1.000000
nan
0.083000
0.667000
nan
nan
nan
nan
nan
nan
0.375000
0.333000
nan
0.833000
nan
nan
nan
nan
nan
nan
0.417000
0.083000
0.750000
nan
nan
0.625000
nan
0.250000
nan
nan
nan
nan
0.375000
0.333000
nan
0.333000
nan
nan
0.208000
0.083000
nan
0.583000
0.167000
0.083000
nan
