Coverage: 5606.074766
nan
nan
nan
nan
nan
0.346000
0.420000
0.284000
nan
nan
nan
nan
0.543000
nan
0.543000
nan
nan
nan
nan
0.246000
nan
0.370000
nan
0.259000
nan
nan
nan
nan
0.556000
0.704000
0.309000
nan
nan
nan
nan
nan
0.358000
nan
0.963000
0.531000
nan
nan
0.457000
nan
nan
0.284000
1.000000
0.765000
0.988000
0.765000
0.568000
0.617000
nan
nan
nan
0.802000
0.914000
0.568000
0.469000
0.864000
0.988000
nan
nan
nan
nan
0.716000
0.840000
nan
nan
0.840000
nan
nan
0.457000
nan
nan
1.000000
nan
0.246000
nan
nan
0.444000
nan
nan
1.000000
0.494000
nan
nan
0.802000
0.321000
0.383000
nan
0.457000
0.246000
nan
nan
0.395000
0.889000
nan
0.309000
nan
nan
0.556000
nan
0.272000
0.309000
0.716000
1.000000
0.774000
0.679000
0.688000
nan
nan
0.717000
0.545000
0.832000
nan
0.249000
nan
nan
nan
0.182000
0.239000
0.315000
nan
0.822000
0.641000
0.813000
0.832000
1.000000
nan
nan
1.000000
nan
nan
0.918000
nan
nan
nan
0.937000
nan
nan
nan
0.143000
nan
nan
nan
0.822000
1.000000
nan
0.612000
0.918000
0.430000
0.793000
0.707000
0.832000
0.803000
nan
0.851000
nan
0.736000
0.717000
0.440000
nan
nan
nan
nan
nan
0.574000
0.602000
0.287000
nan
nan
0.116000
0.116000
0.574000
nan
0.220000
nan
0.277000
nan
nan
0.421000
0.507000
nan
nan
0.507000
0.593000
0.554000
nan
0.296000
nan
0.392000
nan
nan
nan
nan
nan
0.191000
0.143000
0.116000
nan
0.382000
0.468000
0.602000
nan
nan
nan
nan
0.258000
nan
0.220000
0.459000
0.115000
nan
