Coverage: 145488.729875
nan
nan
0.199000
nan
nan
0.228000
0.215000
0.280000
nan
0.199000
0.228000
0.258000
0.373000
0.404000
nan
0.441000
nan
nan
nan
0.389000
0.199000
0.219000
0.278000
0.292000
0.443000
nan
0.462000
0.375000
nan
0.244000
nan
0.289000
0.548000
nan
nan
nan
nan
0.583000
0.590000
nan
0.457000
0.545000
nan
nan
0.515000
nan
0.894000
0.906000
nan
nan
0.331000
nan
0.605000
0.739000
0.848000
0.870000
0.740000
0.585000
0.804000
0.711000
nan
0.644000
0.315000
nan
nan
0.498000
nan
nan
1.000000
0.636000
0.578000
0.682000
0.379000
nan
nan
1.000000
nan
0.503000
nan
nan
0.674000
nan
nan
1.000000
0.970000
1.000000
nan
0.359000
nan
0.240000
nan
nan
0.450000
nan
0.679000
nan
nan
1.000000
1.000000
nan
nan
0.240000
nan
nan
nan
0.710000
nan
nan
nan
nan
0.824000
0.648000
0.799000
0.715000
nan
nan
nan
nan
nan
0.624000
nan
nan
0.720000
0.718000
0.484000
nan
nan
nan
0.931000
nan
0.483000
nan
nan
nan
nan
0.480000
nan
nan
0.373000
nan
nan
0.615000
0.686000
0.765000
0.600000
0.414000
0.446000
0.273000
nan
nan
nan
nan
0.240000
nan
nan
0.615000
0.601000
nan
nan
nan
nan
0.255000
nan
0.444000
nan
0.400000
nan
nan
nan
nan
0.888000
nan
nan
nan
0.301000
0.315000
0.558000
nan
nan
nan
0.273000
nan
nan
0.393000
nan
0.335000
0.399000
0.409000
0.564000
nan
nan
nan
nan
nan
0.705000
nan
0.764000
0.997000
nan
nan
0.704000
nan
0.410000
0.533000
nan
nan
0.251000
nan
0.101000
0.087000
0.092000
0.271000
nan
nan
nan
nan
0.082000
0.089000
0.097000
nan
0.119000
nan
nan
0.213000
nan
0.265000
0.270000
0.239000
0.326000
0.189000
0.089000
0.082000
nan
nan
nan
nan
nan
nan
0.196000
nan
0.091000
0.221000
nan
nan
0.160000
nan
nan
0.115000
nan
0.312000
0.335000
nan
nan
nan
0.179000
0.098000
nan
0.095000
nan
nan
nan
nan
nan
nan
0.102000
0.113000
nan
nan
nan
0.082000
nan
nan
nan
nan
nan
nan
nan
nan
nan
nan
0.204000
nan
0.240000
0.277000
nan
nan
nan
nan
1.000000
nan
nan
1.000000
nan
nan
0.220000
0.376000
0.621000
0.729000
nan
1.000000
0.773000
0.921000
nan
nan
nan
nan
0.515000
nan
0.940000
0.687000
0.593000
0.956000
0.473000
nan
0.442000
0.531000
0.414000
nan
0.628000
nan
nan
0.370000
nan
0.244000
0.099000
nan
0.242000
nan
nan
0.102000
1.000000
nan
nan
nan
0.231000
0.203000
nan
0.382000
nan
nan
0.303000
nan
nan
nan
0.150000
nan
nan
0.660000
0.738000
1.000000
nan
nan
0.752000
nan
0.566000
0.541000
0.756000
0.425000
0.491000
nan
0.578000
nan
nan
nan
0.710000
nan
0.885000
0.082000
nan
nan
0.154000
nan
nan
1.000000
nan
0.434000
0.291000
nan
0.186000
0.148000
0.159000
0.166000
nan
0.074000
0.073000
0.058000
nan
0.070000
nan
0.079000
0.056000
0.070000
nan
nan
0.061000
0.056000
0.070000
0.072000
nan
0.127000
nan
0.102000
0.056000
0.056000
0.090000
nan
0.880000
nan
0.949000
nan
nan
nan
0.712000
0.761000
nan
nan
nan
0.269000
nan
nan
1.000000
0.607000
nan
nan
nan
nan
0.527000
0.519000
0.558000
0.463000
nan
nan
0.496000
nan
nan
nan
0.269000
0.465000
nan
nan
nan
nan
nan
nan
0.409000
0.437000
0.925000
nan
nan
nan
nan
0.980000
1.000000
nan
0.681000
0.762000
0.586000
0.661000
0.527000
0.637000
0.403000
0.722000
nan
nan
nan
0.727000
nan
nan
nan
0.321000
nan
0.561000
0.404000
nan
nan
1.000000
0.428000
nan
nan
nan
nan
0.412000
0.490000
0.463000
0.605000
0.441000
nan
nan
nan
nan
nan
0.488000
nan
0.458000
0.414000
nan
0.474000
0.300000
0.342000
0.286000
nan
0.278000
0.480000
nan
nan
nan
nan
nan
nan
nan
nan
0.715000
0.427000
0.702000
nan
0.362000
nan
nan
nan
nan
0.976000
nan
nan
nan
nan
nan
nan
nan
0.627000
0.473000
nan
0.326000
0.579000
0.785000
0.411000
nan
0.510000
0.362000
0.483000
nan
nan
nan
0.417000
0.326000
nan
nan
nan
nan
nan
nan
nan
nan
0.286000
0.286000
nan
nan
nan
nan
nan
