Coverage: 20985.975610
nan
nan
nan
0.199000
0.361000
nan
nan
nan
1.000000
nan
nan
nan
nan
nan
0.201000
0.216000
nan
nan
nan
nan
nan
nan
0.216000
0.199000
nan
0.395000
0.522000
0.253000
0.201000
0.423000
0.670000
nan
nan
nan
nan
0.315000
0.497000
nan
0.478000
nan
nan
0.676000
0.556000
0.911000
0.540000
0.673000
0.673000
0.685000
nan
0.661000
0.574000
0.429000
0.543000
0.448000
nan
0.441000
nan
nan
1.000000
nan
nan
0.199000
nan
nan
nan
nan
nan
nan
0.874000
0.871000
0.883000
1.000000
0.463000
0.265000
0.392000
0.392000
nan
0.457000
0.420000
0.747000
nan
0.719000
0.630000
0.679000
0.429000
0.469000
0.772000
0.985000
nan
0.960000
0.567000
nan
0.389000
0.318000
nan
0.377000
nan
0.240000
nan
nan
nan
nan
0.506000
0.307000
1.000000
nan
nan
0.223000
nan
nan
nan
nan
nan
0.454000
0.904000
nan
0.885000
0.571000
0.589000
nan
0.454000
0.586000
nan
0.500000
0.586000
0.530000
0.459000
0.524000
nan
0.692000
0.805000
nan
nan
nan
nan
0.712000
nan
0.361000
0.647000
0.424000
0.225000
nan
0.552000
0.515000
nan
0.567000
0.593000
nan
nan
nan
nan
0.277000
nan
0.690000
0.801000
nan
0.985000
0.941000
nan
0.835000
nan
0.303000
nan
0.240000
nan
1.000000
nan
0.978000
0.889000
0.798000
nan
0.534000
0.223000
0.223000
nan
nan
nan
1.000000
0.926000
nan
nan
0.273000
nan
0.586000
0.769000
0.452000
0.526000
nan
0.472000
0.301000
0.161000
0.559000
0.932000
nan
1.000000
0.816000
0.564000
nan
nan
nan
nan
nan
0.225000
nan
nan
0.176000
nan
nan
nan
nan
nan
0.667000
0.337000
nan
nan
nan
0.470000
nan
0.334000
0.540000
0.615000
nan
nan
0.486000
0.461000
0.593000
nan
0.658000
0.502000
nan
0.308000
nan
0.174000
nan
nan
nan
nan
0.591000
0.488000
nan
0.178000
0.151000
0.397000
nan
0.564000
0.502000
nan
nan
nan
0.310000
nan
1.000000
0.392000
0.365000
1.000000
nan
0.151000
nan
0.205000
0.189000
0.230000
0.520000
nan
0.384000
nan
0.390000
0.649000
nan
0.352000
0.245000
0.151000
0.117000
0.164000
nan
nan
nan
0.184000
0.120000
0.324000
nan
0.033000
0.036000
0.171000
0.168000
0.157000
0.155000
0.185000
nan
nan
0.139000
0.096000
0.156000
0.173000
nan
0.181000
0.210000
nan
0.160000
nan
0.392000
nan
0.048000
nan
nan
0.214000
0.160000
0.179000
0.266000
nan
nan
0.033000
nan
nan
0.166000
nan
0.211000
nan
0.345000
0.236000
0.278000
nan
nan
0.033000
nan
nan
0.337000
0.171000
0.188000
0.280000
nan
nan
0.083000
nan
0.231000
0.250000
nan
nan
0.106000
1.000000
nan
0.212000
nan
nan
nan
nan
nan
nan
1.000000
0.129000
0.298000
0.349000
nan
nan
nan
nan
0.138000
1.000000
0.316000
0.328000
nan
nan
nan
nan
nan
0.088000
0.117000
0.257000
0.201000
nan
0.078000
0.271000
0.188000
0.198000
0.269000
0.295000
nan
0.119000
nan
0.252000
0.310000
nan
nan
nan
nan
nan
0.088000
nan
nan
nan
0.088000
0.285000
0.243000
0.169000
0.206000
0.293000
nan
nan
nan
nan
nan
0.120000
1.000000
nan
0.355000
1.000000
0.612000
0.537000
nan
nan
0.457000
1.000000
0.471000
nan
nan
nan
0.558000
0.560000
nan
0.403000
nan
0.257000
0.247000
nan
nan
0.117000
0.137000
0.109000
nan
nan
nan
nan
nan
nan
nan
0.157000
nan
nan
nan
nan
nan
nan
nan
0.204000
nan
nan
0.250000
0.264000
nan
0.297000
0.217000
nan
0.201000
nan
0.196000
nan
0.107000
0.150000
nan
nan
0.153000
0.201000
0.127000
0.273000
nan
0.137000
0.187000
0.114000
0.171000
0.130000
nan
nan
0.130000
0.219000
0.114000
nan
0.155000
0.049000
0.050000
0.091000
0.049000
0.087000
0.121000
nan
0.082000
0.055000
0.066000
0.064000
0.080000
0.049000
nan
nan
nan
