Coverage: 4029.850746
0.039000
nan
0.301000
0.585000
1.000000
nan
nan
nan
nan
nan
0.617000
nan
nan
0.063000
0.039000
nan
nan
nan
nan
0.285000
nan
0.617000
0.237000
nan
nan
nan
nan
0.554000
nan
0.475000
nan
nan
nan
nan
0.427000
0.047000
nan
nan
nan
0.332000
nan
0.222000
0.380000
0.269000
0.459000
nan
nan
nan
0.411000
nan
0.332000
0.039000
nan
0.206000
nan
nan
0.269000
0.633000
0.712000
0.491000
0.253000
nan
0.063000
nan
nan
0.332000
nan
0.206000
0.174000
nan
0.427000
0.301000
0.823000
0.807000
nan
nan
nan
nan
nan
nan
0.142000
0.759000
0.823000
nan
nan
nan
nan
0.427000
nan
0.285000
0.158000
nan
nan
0.965000
nan
1.000000
nan
0.396000
0.253000
0.332000
nan
nan
0.491000
0.680000
nan
nan
1.000000
nan
nan
0.534000
0.890000
nan
0.267000
0.107000
nan
1.000000
nan
nan
nan
0.142000
nan
0.374000
nan
nan
nan
nan
nan
0.623000
nan
0.890000
0.445000
0.231000
0.498000
0.605000
nan
0.285000
nan
nan
nan
0.961000
0.694000
nan
nan
0.320000
0.302000
nan
0.320000
nan
0.676000
0.338000
nan
nan
0.480000
0.249000
0.463000
0.302000
0.302000
nan
0.694000
nan
0.196000
nan
nan
1.000000
1.000000
0.836000
nan
0.074000
0.093000
nan
nan
nan
0.160000
0.074000
0.338000
0.320000
nan
nan
0.374000
nan
nan
0.427000
0.445000
0.463000
0.516000
0.445000
0.445000
0.747000
0.231000
nan
0.267000
0.320000
nan
0.142000
0.214000
nan
0.160000
0.052000
nan
0.071000
nan
