Coverage: 2961.940299
0.007000
nan
0.080000
nan
nan
0.177000
0.836000
nan
nan
nan
0.241000
nan
nan
nan
0.007000
0.007000
nan
nan
nan
nan
0.016000
nan
nan
0.113000
0.032000
nan
nan
nan
nan
nan
nan
0.096000
0.322000
0.273000
0.209000
nan
nan
0.257000
0.225000
nan
nan
nan
0.611000
nan
nan
nan
nan
nan
nan
0.161000
0.386000
nan
nan
nan
nan
nan
0.418000
0.595000
nan
nan
nan
nan
0.322000
0.177000
nan
0.402000
0.820000
nan
nan
nan
0.080000
0.177000
nan
0.273000
nan
nan
nan
nan
1.000000
0.788000
nan
0.322000
1.000000
nan
nan
nan
0.113000
0.080000
nan
0.322000
0.096000
nan
0.064000
nan
nan
1.000000
0.965000
nan
0.080000
nan
nan
0.016000
nan
nan
0.080000
0.096000
nan
0.322000
0.305000
0.370000
0.193000
0.289000
nan
nan
nan
nan
nan
nan
nan
nan
0.466000
nan
0.129000
nan
nan
0.169000
0.473000
nan
nan
nan
nan
nan
nan
nan
0.203000
0.203000
nan
0.828000
nan
nan
0.845000
1.000000
1.000000
0.895000
0.591000
0.828000
nan
0.642000
0.220000
0.253000
0.760000
nan
nan
nan
nan
nan
1.000000
nan
nan
nan
nan
0.240000
0.132000
nan
nan
nan
nan
nan
nan
nan
0.220000
nan
nan
nan
nan
nan
0.600000
0.660000
nan
nan
nan
nan
0.520000
0.889000
nan
0.220000
0.160000
0.440000
nan
0.440000
nan
nan
nan
nan
0.560000
nan
0.680000
nan
0.700000
0.740000
nan
nan
nan
0.981000
0.640000
nan
0.132000
nan
0.760000
0.700000
nan
0.520000
nan
0.760000
0.660000
0.620000
nan
nan
nan
nan
nan
0.420000
0.520000
nan
nan
0.480000
nan
0.540000
nan
0.580000
0.800000
0.144000
nan
nan
nan
0.520000
0.500000
0.480000
nan
0.393000
0.462000
0.554000
0.831000
nan
0.370000
nan
nan
0.531000
nan
nan
nan
nan
nan
nan
0.323000
0.185000
nan
nan
nan
0.323000
nan
0.600000
nan
nan
0.139000
0.208000
0.139000
0.139000
