Coverage: 5942.027027
nan
0.213000
nan
0.254000
0.560000
0.224000
nan
nan
nan
0.468000
nan
0.275000
nan
0.336000
nan
0.213000
nan
0.295000
nan
nan
nan
0.621000
0.539000
nan
0.356000
nan
nan
nan
0.336000
nan
nan
0.478000
nan
0.448000
0.621000
1.000000
nan
0.498000
0.458000
nan
0.478000
nan
0.712000
0.539000
nan
nan
0.326000
0.213000
0.570000
0.814000
0.478000
nan
nan
nan
0.498000
0.458000
0.885000
0.580000
nan
nan
nan
0.702000
1.000000
0.519000
nan
nan
nan
nan
nan
nan
nan
nan
0.346000
nan
nan
nan
nan
nan
0.885000
nan
0.966000
nan
nan
nan
0.804000
nan
0.895000
0.549000
nan
nan
nan
0.600000
nan
1.000000
nan
0.336000
0.753000
0.855000
nan
nan
nan
0.244000
nan
0.875000
0.285000
nan
0.590000
nan
nan
0.397000
nan
nan
0.757000
nan
0.631000
0.694000
nan
0.767000
0.746000
0.441000
0.389000
0.431000
0.504000
nan
0.631000
nan
nan
0.441000
nan
0.631000
nan
nan
0.715000
1.000000
0.862000
0.746000
0.904000
nan
0.323000
0.473000
nan
nan
0.704000
nan
nan
nan
nan
nan
nan
nan
nan
nan
nan
nan
nan
0.599000
0.494000
1.000000
nan
nan
nan
0.652000
0.673000
nan
0.599000
0.568000
0.589000
0.547000
0.641000
0.620000
0.525000
1.000000
0.641000
nan
nan
0.683000
nan
nan
nan
nan
0.715000
nan
nan
0.788000
0.515000
0.641000
nan
0.641000
0.925000
nan
0.494000
nan
0.610000
0.368000
0.357000
nan
0.504000
0.547000
0.757000
nan
0.323000
0.323000
0.596000
0.303000
0.651000
nan
nan
nan
0.831000
0.540000
0.776000
nan
0.512000
nan
nan
0.554000
0.471000
nan
0.831000
0.720000
nan
0.623000
0.554000
nan
0.485000
0.665000
nan
0.360000
nan
0.374000
nan
nan
nan
nan
0.776000
0.900000
1.000000
nan
0.596000
1.000000
nan
nan
0.471000
nan
0.499000
1.000000
0.443000
nan
0.471000
0.554000
0.831000
0.928000
nan
0.914000
0.637000
0.568000
nan
0.914000
0.485000
nan
nan
0.651000
0.623000
nan
nan
nan
0.748000
nan
nan
0.789000
0.596000
0.457000
0.485000
nan
0.303000
0.346000
nan
0.319000
0.485000
nan
0.693000
0.303000
nan
0.886000
0.970000
0.660000
0.616000
nan
0.495000
nan
0.434000
nan
0.608000
nan
nan
0.564000
0.807000
0.668000
nan
0.434000
0.443000
nan
nan
0.391000
0.302000
0.373000
0.694000
nan
0.564000
0.616000
0.938000
nan
0.755000
nan
nan
nan
nan
0.391000
nan
0.885000
0.417000
0.391000
nan
nan
nan
0.547000
0.547000
0.547000
0.425000
0.408000
nan
0.495000
0.425000
nan
0.556000
0.460000
nan
nan
nan
nan
nan
nan
0.321000
0.503000
1.000000
nan
0.302000
nan
nan
0.816000
0.868000
nan
0.911000
0.868000
0.868000
1.000000
0.903000
1.000000
0.877000
nan
0.981000
0.868000
0.451000
0.859000
0.302000
0.425000
nan
0.751000
1.000000
0.742000
0.777000
0.866000
nan
nan
0.398000
nan
0.335000
0.618000
nan
nan
1.000000
nan
0.557000
nan
nan
nan
0.477000
nan
0.627000
nan
0.618000
nan
0.583000
nan
nan
nan
nan
nan
nan
nan
0.733000
0.716000
nan
0.716000
0.539000
nan
nan
nan
0.716000
0.504000
nan
0.610000
nan
0.398000
0.406000
nan
0.380000
nan
0.636000
1.000000
0.565000
0.786000
0.760000
0.557000
nan
0.345000
nan
0.389000
0.477000
0.398000
nan
nan
nan
nan
0.689000
nan
nan
nan
nan
0.335000
nan
nan
0.822000
0.636000
nan
0.981000
0.565000
nan
0.848000
0.495000
0.433000
nan
0.335000
0.424000
0.627000
0.901000
0.636000
nan
0.680000
nan
0.839000
0.585000
nan
nan
0.585000
nan
nan
0.437000
nan
0.461000
0.478000
0.964000
nan
0.700000
nan
nan
nan
nan
nan
0.618000
0.486000
0.552000
0.626000
nan
0.610000
0.527000
nan
0.675000
0.651000
nan
0.486000
0.675000
nan
nan
0.560000
nan
nan
0.741000
nan
0.478000
nan
0.329000
0.593000
0.791000
0.585000
nan
0.437000
0.354000
0.741000
0.379000
nan
nan
nan
nan
1.000000
nan
nan
nan
0.750000
0.684000
nan
0.168000
0.189000
nan
1.000000
0.494000
0.535000
nan
nan
nan
0.346000
1.000000
0.667000
0.535000
nan
0.585000
0.168000
nan
0.428000
0.338000
0.873000
nan
0.807000
0.173000
0.168000
nan
nan
0.379000
nan
0.881000
0.557000
0.237000
0.327000
nan
nan
0.787000
0.631000
nan
0.616000
0.616000
0.312000
nan
nan
0.742000
nan
nan
nan
nan
nan
0.297000
nan
0.557000
nan
nan
nan
0.453000
0.416000
0.468000
nan
nan
nan
0.237000
nan
nan
nan
nan
0.571000
0.527000
0.646000
0.519000
nan
nan
0.289000
nan
0.690000
0.438000
0.453000
0.668000
nan
0.735000
0.898000
0.549000
nan
0.297000
0.237000
0.816000
1.000000
nan
0.839000
nan
nan
nan
0.609000
0.705000
0.839000
nan
nan
nan
nan
nan
nan
nan
nan
0.312000
nan
0.527000
0.245000
nan
nan
0.950000
nan
0.557000
0.534000
0.505000
nan
0.445000
nan
nan
nan
nan
nan
nan
1.000000
1.000000
0.891000
nan
0.727000
0.980000
0.300000
nan
0.413000
0.213000
0.357000
nan
nan
nan
nan
0.889000
0.767000
nan
nan
1.000000
nan
nan
nan
1.000000
1.000000
0.904000
0.600000
0.532000
0.349000
0.094000
0.395000
nan
0.479000
0.380000
nan
0.699000
nan
nan
0.372000
0.433000
nan
nan
nan
0.486000
0.319000
nan
0.600000
0.463000
nan
nan
0.425000
nan
nan
0.798000
0.243000
nan
0.547000
nan
0.623000
nan
0.524000
0.532000
nan
0.220000
0.418000
0.463000
nan
nan
nan
nan
0.813000
nan
0.311000
0.555000
0.798000
nan
0.714000
nan
nan
0.562000
0.820000
nan
0.676000
0.608000
nan
nan
0.205000
nan
nan
0.258000
nan
nan
0.094000
0.190000
0.106000
0.182000
0.094000
nan
