Coverage: 989.142857
nan
0.000000
nan
0.519000
0.693000
0.173000
nan
nan
0.173000
nan
nan
nan
0.779000
nan
nan
0.606000
nan
nan
nan
nan
0.519000
0.519000
nan
nan
0.173000
nan
0.173000
1.000000
1.000000
nan
0.433000
nan
nan
nan
nan
1.000000
0.952000
nan
0.519000
nan
nan
nan
nan
nan
0.693000
nan
nan
nan
nan
nan
nan
nan
0.779000
0.173000
nan
nan
0.000000
nan
0.519000
nan
nan
0.346000
0.260000
0.000000
0.091000
0.453000
nan
nan
nan
0.181000
nan
nan
nan
0.272000
nan
0.363000
0.000000
0.181000
nan
0.272000
nan
nan
0.544000
nan
0.725000
0.272000
0.453000
nan
nan
nan
0.181000
0.453000
nan
0.272000
nan
nan
nan
0.725000
0.816000
nan
0.363000
nan
0.725000
0.363000
0.635000
nan
0.725000
0.907000
nan
nan
nan
0.363000
nan
0.181000
nan
nan
nan
nan
nan
0.474000
nan
0.284000
nan
nan
0.569000
nan
0.379000
nan
1.000000
0.569000
0.664000
nan
0.853000
0.758000
nan
nan
nan
0.569000
0.379000
0.190000
nan
nan
0.664000
1.000000
1.000000
nan
nan
nan
nan
nan
0.000000
nan
nan
nan
nan
nan
0.758000
0.095000
0.284000
0.948000
nan
0.569000
nan
0.379000
nan
nan
nan
0.379000
nan
nan
nan
nan
nan
0.000000
nan
