Coverage: 9355.958549
0.198000
nan
nan
0.386000
nan
0.305000
0.380000
nan
0.455000
0.432000
0.530000
0.536000
0.432000
0.213000
0.559000
0.202000
nan
nan
0.570000
0.449000
0.253000
nan
nan
nan
0.198000
0.207000
0.524000
nan
0.495000
nan
0.472000
nan
nan
nan
nan
0.564000
0.415000
nan
nan
0.489000
0.380000
nan
nan
nan
nan
0.754000
0.513000
nan
nan
nan
nan
nan
0.409000
nan
nan
0.847000
nan
nan
nan
nan
nan
0.426000
0.990000
0.530000
0.461000
0.507000
0.198000
nan
nan
nan
nan
0.455000
0.587000
0.703000
nan
1.000000
nan
1.000000
nan
nan
nan
0.253000
0.276000
nan
0.420000
nan
nan
0.979000
0.731000
nan
nan
nan
0.541000
0.455000
0.484000
1.000000
nan
nan
0.542000
nan
nan
0.395000
0.308000
nan
nan
0.720000
0.839000
nan
nan
0.958000
1.000000
nan
0.196000
0.559000
0.909000
0.315000
1.000000
nan
nan
nan
nan
nan
nan
nan
nan
nan
0.909000
0.776000
nan
1.000000
0.692000
0.671000
0.839000
nan
nan
0.426000
0.245000
0.308000
nan
nan
0.238000
0.125000
nan
nan
nan
nan
0.888000
nan
nan
nan
0.769000
nan
0.902000
0.608000
0.559000
0.720000
nan
nan
0.322000
0.196000
0.294000
0.489000
0.133000
nan
nan
0.133000
nan
nan
0.217000
nan
0.517000
0.706000
nan
0.329000
0.161000
0.210000
nan
nan
nan
nan
0.147000
0.125000
0.154000
0.182000
0.210000
nan
0.203000
0.294000
nan
0.329000
nan
nan
0.125000
