Coverage: 29996.356275
0.053000
0.053000
nan
nan
nan
nan
nan
nan
nan
0.294000
nan
nan
nan
0.054000
0.061000
0.097000
0.213000
nan
0.312000
0.380000
nan
nan
nan
0.065000
0.245000
0.142000
0.324000
nan
nan
nan
nan
0.178000
nan
0.088000
0.053000
0.256000
0.276000
0.330000
nan
nan
nan
nan
0.344000
0.348000
nan
0.721000
0.333000
0.416000
0.454000
nan
0.263000
0.324000
1.000000
nan
nan
nan
nan
0.382000
0.364000
0.627000
nan
0.598000
nan
nan
nan
nan
0.330000
0.139000
0.151000
nan
1.000000
nan
0.492000
0.218000
0.510000
nan
0.582000
nan
0.310000
nan
nan
0.544000
1.000000
nan
nan
nan
0.420000
0.643000
0.762000
nan
0.775000
1.000000
nan
nan
nan
0.755000
nan
nan
0.964000
nan
0.456000
0.591000
nan
1.000000
nan
nan
nan
0.378000
0.680000
0.719000
0.683000
0.573000
0.815000
0.254000
0.367000
0.479000
nan
0.409000
0.907000
nan
1.000000
0.415000
0.504000
0.562000
0.537000
0.561000
0.623000
nan
0.673000
0.522000
nan
0.645000
nan
0.856000
nan
nan
0.338000
0.622000
nan
0.895000
nan
nan
0.288000
0.353000
0.172000
0.774000
nan
0.237000
0.344000
nan
nan
nan
nan
0.554000
0.674000
0.650000
0.476000
nan
0.409000
0.437000
nan
nan
nan
nan
1.000000
nan
0.716000
nan
0.319000
nan
nan
0.290000
nan
nan
0.611000
nan
nan
0.213000
0.190000
0.893000
nan
0.767000
nan
nan
nan
nan
nan
0.312000
0.483000
nan
0.305000
nan
nan
nan
nan
nan
1.000000
1.000000
nan
nan
nan
0.147000
0.122000
nan
nan
nan
nan
nan
nan
nan
nan
nan
0.479000
nan
0.747000
nan
nan
nan
nan
0.411000
0.456000
0.867000
0.672000
0.402000
0.617000
0.353000
0.646000
nan
nan
nan
nan
nan
nan
0.921000
0.859000
nan
nan
0.149000
nan
nan
nan
nan
0.431000
nan
nan
nan
0.122000
