Coverage: 54380.825243
nan
nan
0.738000
nan
0.105000
0.105000
0.122000
0.151000
0.191000
nan
0.269000
nan
0.312000
0.448000
nan
nan
0.355000
0.568000
nan
0.152000
0.105000
0.168000
nan
0.190000
0.180000
nan
0.200000
nan
nan
nan
1.000000
0.968000
nan
nan
0.445000
0.485000
nan
nan
nan
0.899000
0.956000
0.774000
0.552000
0.272000
nan
nan
0.744000
0.318000
0.549000
nan
0.967000
nan
0.464000
1.000000
nan
nan
nan
nan
0.146000
nan
nan
nan
0.259000
nan
0.252000
nan
nan
nan
nan
nan
nan
nan
nan
nan
0.333000
nan
0.511000
0.586000
0.382000
nan
0.878000
nan
nan
0.917000
0.842000
0.970000
nan
1.000000
nan
nan
nan
nan
nan
nan
nan
nan
nan
0.879000
nan
nan
nan
0.592000
nan
0.529000
nan
0.700000
nan
0.766000
0.968000
nan
nan
nan
0.184000
nan
nan
nan
nan
0.365000
nan
0.807000
0.978000
1.000000
0.180000
nan
nan
nan
nan
0.581000
0.580000
0.713000
1.000000
nan
nan
1.000000
0.842000
nan
nan
nan
0.751000
nan
0.746000
0.809000
nan
0.690000
0.662000
0.833000
nan
0.226000
0.186000
0.669000
0.822000
nan
0.342000
nan
0.177000
0.351000
0.137000
0.214000
nan
0.781000
0.432000
0.333000
nan
0.151000
0.243000
0.137000
0.171000
nan
0.141000
0.208000
0.226000
nan
0.152000
nan
0.221000
nan
0.299000
nan
0.335000
0.490000
0.245000
0.354000
0.151000
0.267000
nan
0.155000
nan
0.137000
nan
0.477000
0.171000
nan
nan
0.661000
nan
nan
0.557000
nan
nan
1.000000
0.954000
nan
1.000000
0.650000
0.753000
0.878000
0.726000
nan
nan
nan
1.000000
0.612000
0.337000
nan
nan
nan
nan
nan
0.315000
nan
0.626000
nan
0.498000
0.465000
nan
nan
nan
nan
0.386000
0.554000
0.362000
nan
0.253000
0.258000
nan
0.146000
nan
nan
nan
0.342000
nan
nan
nan
nan
0.465000
0.468000
0.413000
nan
0.407000
0.389000
nan
0.266000
nan
nan
nan
nan
nan
0.351000
nan
nan
nan
0.188000
nan
nan
nan
nan
nan
0.229000
nan
nan
nan
nan
0.201000
0.109000
0.070000
nan
nan
0.063000
0.084000
0.096000
nan
nan
nan
nan
nan
nan
nan
nan
nan
0.138000
nan
nan
nan
0.157000
0.104000
nan
0.068000
0.125000
0.065000
nan
0.063000
0.068000
nan
nan
0.066000
0.136000
nan
nan
0.063000
0.106000
nan
nan
nan
0.781000
nan
0.536000
0.612000
0.414000
nan
0.282000
0.922000
0.609000
0.560000
nan
0.657000
nan
nan
1.000000
nan
1.000000
0.560000
0.358000
0.222000
0.116000
0.097000
0.106000
0.242000
0.232000
0.251000
nan
nan
0.367000
0.396000
0.831000
0.290000
nan
nan
0.203000
0.203000
0.387000
nan
nan
0.358000
nan
nan
0.329000
0.174000
0.290000
0.174000
nan
nan
0.251000
0.086000
nan
0.155000
0.126000
0.086000
nan
nan
0.193000
nan
nan
nan
1.000000
nan
0.319000
0.193000
0.232000
0.164000
0.193000
nan
nan
nan
0.145000
nan
nan
nan
0.222000
0.280000
nan
0.174000
nan
0.089000
0.309000
nan
nan
nan
0.159000
nan
nan
0.159000
0.129000
0.149000
nan
nan
nan
nan
0.109000
nan
nan
nan
0.084000
