Coverage: 40352.364273
0.080000
0.080000
nan
nan
0.102000
0.095000
0.400000
nan
nan
nan
nan
nan
nan
nan
nan
0.126000
0.148000
0.310000
nan
0.202000
nan
nan
nan
0.417000
nan
nan
nan
nan
nan
0.112000
0.142000
0.080000
0.494000
nan
nan
nan
nan
nan
nan
nan
0.179000
nan
0.484000
nan
0.530000
0.601000
nan
nan
0.351000
0.577000
0.560000
nan
nan
nan
nan
0.294000
nan
nan
0.294000
0.186000
0.601000
0.274000
0.212000
0.263000
nan
nan
nan
nan
nan
nan
0.482000
0.116000
0.322000
nan
0.535000
0.374000
0.315000
0.335000
nan
nan
nan
nan
0.573000
0.351000
0.626000
nan
1.000000
0.858000
nan
nan
nan
0.591000
0.342000
nan
nan
0.585000
0.887000
0.675000
0.710000
nan
nan
nan
nan
0.269000
nan
nan
nan
nan
nan
0.368000
nan
1.000000
nan
1.000000
nan
nan
nan
0.731000
0.566000
0.502000
0.754000
nan
1.000000
nan
nan
0.583000
0.164000
0.152000
0.404000
nan
0.265000
0.182000
nan
0.171000
0.152000
nan
1.000000
nan
nan
nan
0.252000
nan
nan
nan
nan
0.221000
0.240000
0.734000
nan
nan
nan
nan
nan
0.933000
nan
nan
nan
0.316000
0.313000
0.464000
0.211000
nan
nan
nan
nan
0.325000
0.319000
0.588000
0.721000
0.997000
nan
nan
nan
nan
0.492000
0.564000
nan
0.287000
0.197000
1.000000
nan
0.780000
0.711000
nan
nan
nan
0.924000
nan
0.793000
0.806000
0.826000
nan
0.823000
0.884000
nan
nan
nan
nan
0.486000
nan
nan
0.262000
0.152000
0.265000
nan
0.257000
nan
0.937000
nan
nan
nan
nan
nan
nan
nan
0.184000
0.284000
nan
nan
0.284000
0.345000
0.224000
nan
0.272000
nan
0.973000
1.000000
nan
nan
0.139000
nan
nan
nan
nan
0.993000
nan
0.558000
0.797000
nan
0.585000
0.444000
nan
0.315000
nan
0.249000
0.143000
nan
nan
nan
nan
nan
0.225000
nan
nan
nan
nan
nan
nan
nan
1.000000
0.250000
nan
nan
0.268000
nan
0.891000
nan
nan
0.251000
0.139000
0.286000
0.446000
nan
nan
0.199000
nan
nan
nan
nan
nan
nan
0.509000
0.503000
nan
0.475000
nan
1.000000
nan
0.708000
0.603000
nan
0.452000
0.316000
nan
0.864000
0.990000
nan
nan
nan
nan
nan
0.656000
0.854000
0.924000
nan
nan
0.747000
0.762000
nan
nan
nan
nan
nan
0.766000
nan
nan
0.373000
0.255000
0.789000
nan
nan
0.900000
0.916000
nan
nan
nan
nan
0.337000
0.918000
0.491000
nan
nan
0.139000
nan
nan
nan
0.740000
0.698000
nan
nan
0.790000
0.702000
nan
nan
nan
nan
0.086000
0.086000
nan
0.163000
1.000000
nan
nan
0.550000
nan
nan
nan
0.147000
0.131000
0.455000
0.444000
nan
0.178000
nan
nan
nan
nan
1.000000
nan
nan
0.671000
1.000000
0.139000
0.146000
0.101000
nan
0.090000
nan
nan
nan
nan
nan
nan
nan
nan
nan
nan
nan
nan
nan
nan
0.305000
0.313000
0.328000
nan
0.738000
0.120000
0.223000
0.251000
nan
nan
nan
0.198000
0.325000
0.226000
0.323000
nan
0.276000
0.295000
0.086000
0.165000
0.182000
nan
nan
0.379000
nan
nan
nan
nan
0.242000
0.154000
0.278000
nan
0.160000
0.194000
nan
nan
0.172000
nan
nan
nan
0.114000
0.114000
0.098000
0.102000
nan
nan
nan
nan
0.139000
0.093000
0.090000
1.000000
nan
0.883000
nan
nan
1.000000
1.000000
nan
0.868000
nan
0.845000
0.830000
0.739000
0.996000
0.709000
0.528000
nan
0.400000
0.536000
0.490000
0.649000
nan
nan
0.400000
0.626000
0.709000
nan
nan
0.601000
0.670000
0.851000
nan
nan
0.220000
0.256000
0.512000
nan
nan
0.689000
nan
0.384000
nan
nan
nan
0.561000
0.315000
nan
0.315000
nan
0.679000
nan
0.315000
0.839000
0.739000
nan
nan
nan
nan
nan
nan
nan
0.551000
nan
0.778000
0.551000
nan
0.551000
nan
nan
nan
0.394000
0.611000
nan
nan
nan
0.512000
0.364000
nan
0.335000
nan
nan
nan
nan
nan
0.195000
0.591000
nan
nan
nan
nan
nan
0.502000
nan
nan
nan
nan
nan
nan
0.256000
0.414000
0.821000
0.335000
nan
0.276000
0.126000
nan
0.571000
nan
0.377000
nan
nan
0.328000
0.535000
0.425000
0.522000
0.401000
nan
0.535000
0.146000
nan
0.377000
0.583000
0.352000
nan
0.340000
0.146000
nan
0.126000
0.126000
