Coverage: 49490.810811
nan
nan
0.109000
0.029000
nan
nan
nan
nan
0.029000
0.111000
0.111000
0.089000
0.077000
0.091000
nan
0.029000
0.029000
0.033000
0.047000
0.083000
nan
0.047000
nan
nan
nan
nan
nan
nan
0.086000
0.090000
0.090000
0.566000
nan
0.083000
0.632000
0.122000
nan
0.078000
0.109000
0.073000
0.135000
nan
0.110000
nan
nan
nan
nan
nan
nan
0.871000
0.116000
0.100000
0.145000
nan
nan
nan
0.152000
nan
0.106000
0.083000
0.103000
1.000000
nan
nan
nan
nan
nan
nan
0.137000
0.122000
nan
0.176000
0.193000
0.034000
nan
nan
nan
nan
0.173000
0.089000
0.058000
0.229000
1.000000
nan
nan
nan
nan
nan
nan
nan
nan
nan
nan
0.037000
nan
nan
0.062000
1.000000
0.237000
nan
0.217000
0.288000
nan
1.000000
0.235000
nan
1.000000
nan
0.043000
nan
nan
0.041000
0.041000
0.066000
nan
nan
0.044000
0.041000
0.176000
0.068000
0.232000
0.055000
0.048000
0.046000
0.075000
nan
0.337000
0.226000
nan
0.089000
1.000000
nan
nan
nan
nan
nan
nan
nan
0.161000
0.064000
0.117000
nan
0.079000
nan
0.132000
nan
nan
0.150000
0.184000
0.207000
nan
0.104000
0.127000
0.138000
nan
nan
nan
0.163000
nan
nan
nan
0.174000
0.235000
0.176000
0.198000
nan
nan
nan
0.045000
nan
nan
nan
nan
nan
nan
nan
0.131000
0.183000
nan
nan
nan
0.466000
nan
0.159000
nan
nan
0.107000
0.359000
0.107000
0.376000
0.184000
0.083000
0.067000
0.317000
nan
nan
nan
nan
0.689000
nan
0.491000
0.542000
1.000000
0.532000
0.563000
0.412000
0.405000
nan
0.192000
nan
0.192000
0.192000
nan
nan
nan
0.467000
nan
0.557000
nan
nan
0.430000
0.519000
0.461000
nan
0.377000
0.377000
0.401000
nan
nan
nan
nan
0.326000
nan
nan
nan
0.438000
0.340000
0.462000
1.000000
0.308000
0.398000
nan
nan
0.448000
nan
0.326000
nan
0.237000
0.248000
0.400000
0.281000
0.496000
nan
nan
nan
0.231000
nan
nan
nan
0.607000
0.572000
0.577000
nan
nan
0.218000
0.206000
0.236000
0.298000
0.313000
0.415000
nan
0.331000
nan
nan
1.000000
nan
nan
nan
0.409000
nan
nan
nan
nan
0.907000
0.264000
0.491000
0.194000
nan
0.217000
0.247000
0.740000
0.383000
0.375000
0.535000
nan
0.428000
nan
1.000000
0.370000
nan
0.367000
nan
nan
0.408000
nan
0.625000
0.630000
1.000000
nan
0.314000
0.217000
0.513000
nan
0.964000
0.592000
0.619000
nan
nan
0.688000
0.561000
nan
0.424000
nan
nan
0.298000
nan
nan
0.652000
0.871000
nan
nan
nan
0.593000
0.576000
0.511000
0.516000
nan
1.000000
0.499000
0.345000
nan
nan
nan
0.453000
0.778000
nan
nan
nan
0.237000
nan
0.779000
nan
0.905000
0.418000
0.217000
nan
nan
0.440000
nan
0.673000
nan
nan
nan
0.672000
0.369000
nan
0.229000
nan
0.376000
0.249000
0.467000
nan
0.353000
0.874000
nan
0.610000
0.715000
nan
nan
0.910000
nan
nan
0.746000
nan
0.314000
nan
nan
nan
1.000000
nan
0.273000
nan
0.815000
nan
0.277000
0.306000
0.394000
0.859000
nan
nan
nan
0.720000
0.525000
0.764000
0.869000
0.785000
0.628000
0.675000
nan
0.786000
nan
nan
nan
0.649000
0.729000
nan
0.593000
0.886000
0.443000
nan
0.532000
0.563000
0.824000
nan
nan
nan
nan
nan
nan
nan
0.526000
0.412000
nan
0.256000
nan
nan
nan
nan
0.472000
1.000000
nan
nan
1.000000
nan
nan
nan
nan
0.256000
nan
0.615000
nan
0.694000
nan
0.726000
0.337000
nan
nan
nan
nan
nan
nan
1.000000
nan
0.302000
0.379000
nan
0.314000
0.338000
nan
0.998000
nan
nan
nan
nan
0.565000
nan
nan
nan
0.841000
nan
nan
nan
nan
0.997000
0.630000
0.395000
nan
0.398000
0.509000
0.376000
nan
0.415000
0.761000
0.803000
0.590000
0.430000
0.835000
nan
nan
nan
nan
0.334000
0.341000
0.565000
nan
0.779000
0.921000
nan
nan
0.297000
0.176000
0.446000
nan
0.438000
nan
nan
nan
nan
nan
0.432000
0.270000
nan
nan
0.176000
nan
0.851000
0.258000
0.196000
nan
0.950000
nan
0.530000
0.962000
0.246000
0.179000
nan
nan
0.551000
0.246000
nan
0.181000
0.180000
nan
nan
nan
nan
0.324000
0.445000
0.306000
0.277000
0.250000
0.410000
0.304000
0.176000
nan
