Coverage: 5861.971831
0.127000
nan
nan
nan
nan
nan
nan
1.000000
0.819000
0.236000
0.213000
nan
0.292000
nan
nan
nan
nan
nan
0.629000
nan
0.370000
0.370000
0.224000
0.258000
0.269000
0.127000
nan
0.202000
nan
nan
nan
nan
nan
0.707000
0.954000
0.988000
nan
nan
nan
0.831000
0.483000
nan
0.168000
0.202000
nan
1.000000
0.954000
0.932000
nan
1.000000
nan
0.976000
nan
nan
0.774000
nan
0.572000
nan
nan
0.314000
0.898000
0.875000
0.954000
nan
nan
0.471000
nan
0.449000
0.550000
0.348000
0.146000
0.797000
nan
0.831000
nan
nan
nan
0.842000
0.842000
0.842000
nan
nan
nan
0.617000
0.550000
nan
0.337000
nan
nan
0.337000
nan
nan
nan
nan
0.483000
nan
nan
nan
0.404000
0.191000
0.127000
nan
0.644000
nan
0.616000
nan
nan
nan
0.795000
nan
nan
nan
0.767000
nan
nan
nan
nan
nan
0.753000
nan
nan
nan
nan
nan
nan
0.740000
nan
0.849000
0.836000
0.603000
0.959000
nan
nan
nan
nan
0.630000
nan
nan
0.726000
nan
1.000000
nan
nan
nan
1.000000
nan
nan
0.212000
nan
0.890000
0.959000
0.671000
nan
0.479000
nan
nan
0.521000
nan
0.822000
nan
nan
0.247000
0.260000
0.397000
0.534000
1.000000
0.329000
nan
nan
0.219000
0.247000
nan
0.945000
1.000000
1.000000
nan
0.699000
0.562000
nan
0.986000
0.233000
0.534000
0.863000
0.822000
nan
nan
nan
nan
0.808000
nan
0.425000
0.603000
0.644000
nan
nan
0.370000
nan
0.219000
0.219000
nan
nan
nan
nan
nan
nan
0.562000
nan
nan
0.212000
0.534000
nan
nan
0.212000
