Coverage: 7269.000000
nan
nan
nan
nan
nan
nan
0.232000
nan
nan
nan
0.294000
nan
0.263000
0.394000
nan
0.147000
nan
0.104000
0.363000
nan
0.286000
0.201000
0.363000
nan
0.456000
0.557000
nan
0.905000
nan
0.464000
nan
0.108000
0.224000
nan
nan
nan
0.155000
0.170000
0.472000
nan
nan
nan
0.263000
nan
nan
nan
0.974000
0.464000
0.348000
nan
0.278000
0.193000
0.858000
0.913000
0.588000
1.000000
1.000000
0.944000
nan
0.104000
0.139000
nan
nan
0.835000
nan
nan
nan
nan
nan
nan
0.626000
nan
0.804000
0.642000
nan
nan
0.104000
0.866000
nan
nan
nan
0.534000
nan
nan
0.858000
nan
nan
nan
nan
0.441000
0.472000
0.565000
nan
nan
0.596000
0.843000
0.541000
0.889000
1.000000
nan
0.456000
nan
nan
nan
0.388000
0.494000
nan
nan
nan
nan
nan
0.631000
0.608000
0.654000
0.692000
nan
0.494000
0.882000
0.813000
nan
nan
nan
nan
0.350000
0.330000
nan
nan
1.000000
nan
0.813000
0.654000
0.532000
0.555000
0.330000
0.403000
0.631000
nan
nan
nan
nan
nan
0.737000
0.821000
nan
nan
nan
0.342000
1.000000
0.464000
nan
0.616000
0.494000
0.623000
0.395000
0.859000
nan
nan
nan
nan
nan
0.889000
0.525000
nan
nan
nan
nan
0.330000
nan
nan
0.471000
nan
0.532000
0.722000
nan
nan
0.722000
0.699000
0.395000
nan
0.487000
0.631000
0.715000
0.905000
1.000000
nan
nan
0.570000
nan
0.616000
0.646000
nan
0.996000
nan
nan
0.593000
0.689000
nan
nan
nan
nan
nan
0.544000
0.668000
nan
0.677000
nan
nan
nan
nan
nan
nan
nan
nan
nan
nan
nan
0.235000
0.183000
0.183000
nan
0.451000
0.527000
0.668000
0.630000
nan
nan
nan
0.865000
0.545000
0.743000
nan
nan
nan
nan
nan
nan
nan
0.226000
1.000000
nan
nan
nan
nan
nan
1.000000
1.000000
0.809000
0.414000
nan
0.310000
nan
0.320000
0.183000
0.583000
0.912000
0.639000
0.376000
0.386000
0.555000
nan
nan
nan
0.254000
0.348000
0.404000
nan
nan
nan
0.733000
0.423000
0.414000
0.329000
0.696000
0.649000
0.592000
nan
nan
0.752000
0.480000
0.780000
0.818000
nan
0.545000
0.357000
0.480000
nan
0.527000
nan
nan
nan
nan
nan
nan
0.339000
0.310000
nan
nan
0.188000
nan
nan
