Coverage: 2700.000000
0.090000
0.090000
nan
nan
nan
nan
0.558000
nan
nan
0.666000
0.198000
nan
nan
0.378000
0.414000
0.378000
nan
0.144000
0.180000
0.144000
0.450000
0.504000
nan
0.414000
nan
0.324000
0.504000
0.558000
nan
0.432000
0.882000
nan
0.450000
0.648000
nan
0.594000
0.558000
nan
0.720000
0.540000
0.594000
nan
nan
nan
nan
0.702000
nan
0.162000
0.090000
nan
nan
nan
0.216000
0.990000
nan
nan
nan
0.504000
0.180000
nan
nan
0.144000
0.234000
0.306000
1.000000
nan
1.000000
0.774000
nan
0.270000
nan
nan
nan
nan
0.090000
0.396000
0.468000
0.774000
0.702000
nan
0.450000
0.648000
nan
0.594000
0.522000
1.000000
nan
nan
0.267000
nan
nan
0.649000
nan
nan
0.189000
0.189000
nan
0.189000
0.763000
0.630000
0.573000
0.821000
nan
nan
0.573000
0.649000
nan
0.916000
1.000000
nan
nan
0.210000
nan
0.363000
0.305000
0.821000
nan
nan
0.859000
nan
0.592000
nan
nan
0.592000
nan
nan
nan
nan
nan
nan
nan
nan
nan
nan
0.916000
nan
nan
nan
1.000000
0.706000
0.908000
0.743000
0.825000
nan
nan
0.639000
nan
0.701000
0.454000
nan
0.805000
0.908000
nan
1.000000
nan
nan
0.536000
nan
nan
0.939000
nan
0.619000
0.639000
nan
0.289000
nan
nan
0.939000
0.516000
0.722000
0.619000
0.433000
0.866000
0.392000
nan
0.248000
0.474000
0.887000
0.474000
nan
0.701000
nan
0.413000
nan
0.865000
nan
0.421000
0.820000
nan
0.266000
nan
nan
nan
0.776000
nan
nan
0.532000
0.576000
0.488000
nan
0.377000
0.399000
nan
nan
0.155000
0.155000
0.443000
0.665000
nan
nan
0.155000
0.266000
0.288000
nan
nan
0.554000
0.421000
nan
0.288000
0.200000
nan
0.200000
0.155000
nan
