Coverage: 2358.415842
0.030000
0.030000
0.400000
nan
nan
nan
nan
0.767000
nan
nan
nan
nan
nan
nan
0.667000
nan
0.400000
nan
nan
nan
0.233000
nan
nan
0.500000
nan
0.567000
0.633000
0.700000
1.000000
nan
0.567000
nan
0.433000
nan
nan
0.200000
0.300000
0.767000
0.600000
0.267000
0.600000
0.167000
0.067000
0.030000
nan
0.733000
0.767000
0.200000
0.533000
nan
nan
nan
nan
0.433000
nan
nan
nan
nan
nan
0.300000
nan
0.200000
0.400000
nan
nan
nan
nan
0.633000
nan
nan
nan
nan
0.500000
1.000000
0.633000
nan
nan
0.433000
nan
0.433000
nan
0.533000
nan
nan
nan
0.533000
1.000000
nan
nan
0.833000
0.833000
nan
0.333000
0.800000
1.000000
nan
nan
nan
0.567000
0.867000
0.367000
nan
nan
0.567000
0.400000
0.916000
1.000000
nan
1.000000
1.000000
nan
0.794000
0.170000
nan
0.397000
nan
nan
nan
nan
0.510000
0.680000
nan
nan
0.907000
nan
0.227000
nan
0.907000
0.850000
0.907000
nan
0.397000
0.227000
nan
nan
0.113000
0.283000
0.170000
0.737000
0.907000
nan
0.510000
nan
nan
nan
0.567000
nan
0.737000
nan
0.510000
0.397000
0.907000
0.170000
nan
0.510000
nan
0.933000
0.340000
0.567000
nan
nan
0.850000
nan
nan
0.510000
0.567000
nan
nan
nan
nan
nan
nan
nan
0.454000
nan
nan
0.454000
nan
nan
0.283000
0.567000
nan
0.340000
0.283000
0.000000
0.113000
nan
0.000000
nan
0.000000
nan
0.113000
nan
0.000000
0.113000
0.113000
0.057000
nan
0.000000
0.125000
0.000000
nan
