Coverage: 985.937500
nan
nan
0.000000
nan
nan
0.200000
0.600000
nan
0.400000
0.200000
0.200000
0.300000
nan
nan
nan
0.000000
0.400000
nan
0.200000
0.400000
nan
nan
nan
nan
0.400000
nan
nan
0.600000
0.500000
nan
nan
nan
nan
0.100000
nan
0.100000
0.100000
0.000000
nan
0.500000
nan
nan
0.000000
0.800000
nan
nan
nan
nan
nan
nan
nan
0.300000
0.300000
0.000000
0.000000
1.000000
nan
nan
nan
nan
0.400000
0.400000
nan
0.300000
nan
nan
0.300000
nan
0.400000
nan
1.000000
nan
0.200000
0.400000
nan
nan
nan
0.500000
0.700000
nan
0.300000
nan
nan
nan
0.700000
1.000000
0.633000
0.633000
nan
0.106000
1.000000
0.528000
0.000000
nan
nan
nan
0.633000
0.211000
0.422000
nan
nan
nan
nan
nan
nan
0.844000
0.106000
0.667000
0.111000
0.667000
nan
nan
nan
nan
nan
nan
nan
1.000000
0.778000
nan
0.111000
0.000000
0.333000
nan
nan
0.333000
nan
nan
nan
0.333000
nan
nan
nan
0.778000
nan
0.889000
nan
nan
0.222000
nan
0.333000
nan
0.000000
0.000000
nan
nan
0.444000
nan
0.778000
nan
nan
nan
nan
nan
0.222000
nan
0.000000
nan
nan
0.111000
nan
0.000000
nan
0.000000
0.889000
nan
nan
nan
0.222000
0.889000
0.222000
1.000000
0.444000
nan
nan
0.000000
0.222000
nan
1.000000
nan
nan
0.222000
nan
0.667000
0.556000
nan
0.111000
0.000000
nan
nan
0.000000
nan
