Coverage: 4183.132530
nan
nan
nan
nan
nan
nan
0.045000
nan
nan
0.270000
nan
0.045000
0.270000
nan
0.360000
nan
nan
0.090000
0.270000
0.135000
0.631000
0.180000
nan
0.450000
0.180000
0.901000
nan
nan
nan
nan
nan
0.541000
0.405000
0.315000
nan
nan
0.360000
0.405000
0.180000
nan
nan
nan
0.225000
0.811000
nan
nan
1.000000
nan
0.856000
nan
0.766000
0.225000
0.360000
0.045000
nan
nan
nan
nan
nan
0.541000
0.360000
nan
0.405000
0.541000
0.135000
nan
0.811000
nan
nan
0.315000
0.541000
nan
0.225000
nan
nan
0.811000
nan
1.000000
nan
nan
nan
nan
nan
nan
nan
nan
0.405000
0.405000
nan
0.766000
nan
0.450000
0.631000
nan
nan
1.000000
0.721000
nan
nan
0.450000
nan
0.180000
nan
0.495000
0.270000
0.045000
0.244000
nan
nan
nan
0.407000
nan
nan
nan
nan
nan
nan
nan
nan
nan
nan
nan
0.896000
1.000000
nan
nan
nan
nan
1.000000
nan
nan
nan
nan
nan
nan
nan
0.326000
nan
nan
0.937000
nan
0.570000
0.855000
nan
0.611000
0.815000
0.968000
nan
nan
0.383000
0.340000
0.468000
0.553000
0.936000
0.468000
0.638000
nan
0.213000
nan
nan
0.146000
nan
nan
0.425000
nan
0.134000
0.510000
nan
nan
nan
0.989000
0.681000
nan
0.808000
nan
1.000000
nan
nan
nan
nan
nan
0.808000
0.723000
nan
0.681000
nan
0.723000
nan
nan
nan
nan
0.553000
nan
0.553000
nan
nan
0.468000
0.383000
nan
0.298000
nan
nan
nan
nan
nan
nan
nan
nan
0.468000
0.468000
0.766000
0.468000
nan
0.468000
0.425000
0.936000
nan
0.146000
nan
nan
nan
0.553000
nan
0.298000
0.255000
nan
0.638000
0.808000
0.222000
nan
nan
0.399000
0.355000
nan
nan
nan
0.798000
nan
0.576000
0.665000
0.133000
nan
0.133000
0.177000
nan
0.109000
nan
0.109000
nan
