Coverage: 60838.461538
0.082000
0.082000
0.109000
nan
nan
nan
nan
0.144000
0.172000
0.335000
0.211000
nan
nan
0.082000
nan
0.419000
nan
nan
0.122000
0.137000
0.586000
0.540000
0.582000
nan
nan
0.225000
nan
0.410000
0.384000
nan
nan
0.183000
nan
0.594000
nan
0.487000
0.753000
0.773000
nan
0.759000
nan
0.303000
0.213000
nan
nan
nan
0.194000
nan
0.570000
nan
1.000000
0.668000
nan
0.775000
0.597000
0.549000
0.545000
0.720000
nan
nan
nan
nan
nan
nan
1.000000
0.982000
nan
0.194000
1.000000
nan
0.408000
nan
nan
0.602000
0.367000
nan
nan
0.704000
0.869000
nan
0.701000
nan
0.725000
nan
nan
nan
nan
nan
0.455000
0.359000
nan
0.927000
0.870000
nan
0.639000
nan
nan
0.190000
nan
nan
nan
0.234000
nan
0.834000
0.335000
0.278000
0.236000
nan
nan
0.441000
0.273000
nan
0.744000
1.000000
nan
0.209000
nan
nan
nan
nan
0.524000
0.215000
0.487000
0.497000
0.793000
nan
0.769000
0.635000
nan
nan
0.836000
0.947000
0.926000
0.297000
0.167000
0.193000
0.222000
nan
nan
nan
0.374000
0.207000
0.215000
0.192000
nan
1.000000
1.000000
nan
nan
nan
nan
nan
nan
nan
0.167000
nan
nan
nan
nan
nan
0.637000
nan
0.719000
nan
nan
0.595000
0.674000
0.845000
nan
0.492000
0.649000
0.644000
nan
0.647000
0.718000
nan
nan
nan
nan
0.299000
0.282000
nan
0.221000
nan
nan
0.513000
0.803000
nan
0.347000
nan
0.193000
0.167000
0.346000
nan
0.368000
nan
1.000000
0.336000
nan
0.323000
0.255000
0.343000
nan
0.578000
0.515000
0.817000
nan
0.574000
0.530000
0.575000
0.652000
nan
0.612000
nan
0.354000
nan
0.320000
0.355000
0.608000
0.521000
0.301000
nan
0.705000
0.878000
0.820000
0.915000
nan
0.418000
0.602000
0.474000
0.633000
0.724000
nan
0.878000
nan
nan
0.227000
0.148000
0.177000
0.164000
0.199000
nan
0.283000
nan
0.339000
0.163000
0.154000
0.148000
0.197000
1.000000
1.000000
nan
nan
nan
nan
nan
0.162000
0.177000
0.171000
0.148000
nan
nan
0.214000
nan
nan
0.406000
nan
nan
0.787000
0.436000
nan
0.613000
0.537000
1.000000
1.000000
nan
0.840000
1.000000
nan
nan
0.187000
nan
nan
nan
0.982000
nan
0.910000
0.838000
0.892000
nan
nan
nan
0.311000
nan
nan
0.463000
0.614000
nan
0.494000
nan
0.224000
nan
nan
nan
nan
0.394000
0.219000
0.327000
0.834000
0.471000
nan
0.485000
0.665000
nan
nan
0.228000
0.252000
0.281000
nan
nan
nan
nan
nan
0.226000
nan
0.828000
0.180000
nan
0.286000
nan
nan
nan
0.455000
nan
0.267000
0.169000
nan
0.207000
0.206000
0.186000
nan
0.202000
0.141000
0.205000
0.172000
0.233000
0.184000
nan
0.176000
0.142000
0.232000
0.141000
0.206000
nan
nan
0.141000
1.000000
1.000000
1.000000
nan
0.946000
nan
nan
nan
nan
nan
0.664000
nan
0.457000
nan
nan
0.249000
0.477000
0.830000
nan
0.353000
nan
nan
nan
nan
0.311000
0.270000
nan
nan
nan
nan
nan
0.560000
0.540000
0.498000
nan
nan
0.311000
nan
nan
nan
nan
0.166000
0.374000
0.830000
0.809000
0.249000
nan
0.291000
0.249000
0.145000
0.187000
nan
0.602000
nan
nan
0.415000
0.498000
nan
0.394000
nan
0.332000
nan
nan
0.477000
0.270000
0.540000
0.094000
nan
nan
0.353000
0.602000
0.498000
0.291000
nan
0.249000
0.498000
nan
0.374000
nan
0.311000
0.560000
nan
nan
nan
nan
0.436000
nan
0.415000
0.457000
nan
0.094000
0.094000
nan
nan
0.166000
nan
0.166000
0.550000
nan
nan
nan
nan
nan
nan
nan
nan
0.100000
nan
nan
nan
nan
nan
