Coverage: 11159.541985
nan
nan
nan
0.545000
nan
0.860000
nan
1.000000
nan
0.419000
0.175000
nan
nan
nan
0.156000
0.234000
nan
0.156000
0.779000
0.646000
nan
0.497000
0.156000
nan
nan
0.182000
nan
nan
0.217000
nan
nan
1.000000
1.000000
nan
nan
0.454000
0.331000
0.785000
nan
0.626000
nan
0.363000
0.652000
0.477000
nan
nan
0.224000
0.260000
nan
nan
nan
nan
0.776000
0.711000
nan
0.977000
nan
nan
nan
0.714000
0.493000
nan
nan
0.607000
0.798000
0.574000
nan
nan
0.477000
nan
0.766000
nan
nan
nan
nan
nan
0.649000
nan
0.539000
0.756000
nan
0.769000
0.698000
nan
0.581000
nan
0.321000
nan
0.195000
nan
nan
nan
nan
nan
0.438000
nan
0.467000
0.526000
nan
0.360000
nan
0.422000
0.315000
nan
0.383000
0.912000
0.593000
0.520000
0.414000
nan
0.297000
nan
0.649000
0.336000
nan
0.213000
0.324000
0.235000
0.269000
0.173000
nan
nan
nan
0.207000
nan
0.313000
0.392000
0.369000
0.213000
nan
nan
0.129000
0.347000
0.190000
nan
nan
nan
0.157000
0.218000
nan
nan
0.052000
nan
nan
nan
0.043000
nan
nan
nan
0.352000
0.196000
nan
0.190000
0.145000
nan
0.235000
nan
0.179000
nan
0.201000
nan
nan
nan
0.375000
nan
0.397000
0.347000
0.615000
nan
nan
0.571000
1.000000
nan
0.453000
0.923000
nan
nan
nan
nan
nan
nan
nan
nan
nan
nan
nan
nan
nan
nan
nan
nan
nan
nan
nan
nan
nan
nan
1.000000
nan
1.000000
nan
0.699000
nan
0.766000
nan
nan
0.515000
nan
0.425000
0.078000
0.129000
0.246000
nan
0.043000
nan
nan
0.056000
nan
nan
0.067000
nan
nan
0.056000
nan
0.101000
0.056000
nan
0.129000
0.134000
0.022000
0.028000
0.028000
0.022000
nan
nan
nan
nan
nan
nan
0.045000
nan
nan
nan
0.017000
nan
nan
0.011000
nan
0.022000
nan
0.017000
nan
nan
nan
nan
nan
nan
0.028000
0.011000
0.011000
nan
nan
