Coverage: 6389.189189
0.130000
nan
0.264000
0.151000
0.130000
nan
nan
nan
0.264000
nan
nan
0.791000
0.490000
0.339000
0.527000
0.490000
nan
0.490000
0.490000
nan
nan
0.130000
0.452000
nan
nan
0.264000
nan
0.452000
0.264000
0.452000
0.301000
0.151000
nan
nan
nan
nan
0.339000
nan
nan
nan
0.979000
nan
0.753000
nan
0.490000
1.000000
nan
nan
nan
nan
nan
0.377000
0.188000
nan
0.603000
0.527000
0.339000
0.603000
0.866000
nan
nan
1.000000
nan
nan
nan
nan
0.603000
0.791000
nan
0.678000
0.264000
nan
nan
0.527000
0.188000
0.452000
0.414000
nan
0.377000
0.527000
0.565000
1.000000
nan
0.603000
0.603000
nan
0.414000
nan
0.753000
nan
0.829000
0.916000
0.305000
1.000000
nan
0.534000
0.687000
0.763000
nan
0.916000
0.763000
nan
0.534000
0.763000
0.763000
nan
0.687000
nan
1.000000
nan
1.000000
nan
0.687000
0.153000
nan
0.763000
nan
nan
0.458000
nan
nan
nan
0.305000
nan
nan
nan
0.687000
nan
nan
0.840000
0.305000
nan
nan
nan
nan
0.305000
0.458000
nan
nan
0.458000
0.382000
nan
nan
nan
0.534000
0.076000
nan
0.840000
0.305000
nan
0.229000
nan
nan
0.687000
0.153000
nan
nan
nan
0.229000
0.840000
nan
0.458000
0.305000
0.305000
0.000000
0.382000
0.153000
0.000000
nan
nan
0.153000
0.076000
nan
0.000000
nan
0.305000
0.000000
nan
nan
nan
0.305000
0.382000
nan
0.000000
nan
