Coverage: 3980.898876
nan
0.065000
0.124000
nan
0.596000
0.695000
0.459000
nan
0.422000
nan
nan
0.646000
nan
0.099000
nan
0.286000
0.248000
nan
0.124000
nan
0.065000
0.065000
nan
0.385000
nan
0.559000
nan
0.137000
nan
nan
0.149000
0.683000
nan
0.521000
1.000000
0.968000
0.683000
1.000000
0.745000
0.906000
nan
0.360000
nan
nan
0.683000
nan
0.099000
0.112000
nan
nan
0.633000
0.571000
0.571000
nan
nan
0.583000
0.112000
0.236000
nan
0.497000
0.385000
nan
0.683000
0.993000
0.583000
0.757000
0.521000
nan
nan
0.223000
nan
1.000000
0.298000
nan
nan
nan
0.310000
nan
0.161000
0.286000
0.348000
nan
0.223000
1.000000
0.386000
nan
nan
0.440000
nan
nan
0.767000
1.000000
1.000000
nan
0.326000
0.359000
nan
0.864000
nan
nan
0.375000
0.359000
nan
nan
nan
nan
0.186000
nan
nan
nan
0.979000
nan
0.457000
nan
0.342000
0.228000
0.538000
nan
0.359000
0.186000
0.538000
0.897000
0.636000
0.991000
nan
nan
nan
nan
nan
nan
0.669000
nan
0.473000
nan
0.391000
nan
nan
0.538000
nan
0.342000
0.587000
0.408000
0.718000
nan
0.375000
nan
0.603000
0.767000
0.587000
0.750000
0.718000
0.718000
0.685000
nan
0.685000
0.701000
nan
0.620000
0.652000
nan
nan
0.190000
nan
0.359000
0.228000
nan
0.294000
0.603000
nan
0.587000
nan
nan
0.310000
nan
nan
0.264000
nan
0.173000
