Coverage: 2721.428571
0.000000
0.000000
nan
0.175000
0.000000
0.058000
nan
nan
0.058000
0.175000
nan
nan
0.409000
0.292000
0.234000
nan
nan
nan
nan
1.000000
0.702000
0.643000
0.292000
0.117000
0.409000
0.351000
0.292000
0.702000
nan
0.409000
0.409000
0.526000
0.000000
nan
0.234000
0.000000
0.117000
nan
nan
nan
0.643000
nan
nan
nan
0.234000
0.234000
nan
nan
nan
1.000000
nan
nan
nan
0.292000
0.526000
0.292000
nan
0.351000
nan
nan
0.468000
nan
0.585000
0.468000
0.175000
nan
0.526000
0.409000
0.351000
nan
nan
1.000000
0.234000
nan
nan
0.117000
0.643000
0.351000
nan
0.234000
nan
nan
0.292000
nan
nan
0.936000
nan
0.526000
nan
1.000000
0.293000
0.806000
nan
0.733000
nan
nan
nan
nan
nan
nan
nan
0.705000
0.626000
nan
1.000000
nan
nan
nan
nan
nan
nan
nan
nan
0.391000
0.705000
0.157000
0.235000
0.391000
nan
0.626000
nan
0.157000
nan
nan
nan
nan
0.391000
0.391000
nan
nan
0.626000
nan
0.548000
1.000000
0.470000
nan
0.940000
0.470000
0.391000
nan
0.235000
nan
0.940000
0.470000
nan
nan
0.626000
nan
nan
0.235000
0.235000
0.157000
0.470000
0.033000
0.391000
nan
0.861000
0.705000
0.033000
0.391000
0.313000
0.313000
0.940000
0.548000
nan
nan
0.470000
nan
0.783000
nan
0.783000
0.157000
nan
nan
nan
nan
nan
0.235000
nan
0.157000
0.033000
nan
nan
nan
nan
0.157000
nan
nan
0.548000
0.583000
0.333000
nan
nan
nan
0.167000
0.000000
