Coverage: 7747.692308
nan
nan
0.307000
0.426000
0.638000
0.378000
nan
0.284000
nan
nan
0.449000
0.142000
0.426000
0.804000
0.709000
nan
0.473000
0.520000
nan
0.165000
0.142000
nan
nan
nan
0.591000
nan
0.567000
0.307000
nan
nan
1.000000
1.000000
nan
0.544000
nan
nan
nan
0.922000
nan
0.426000
0.236000
0.307000
nan
nan
nan
0.520000
0.307000
0.615000
0.544000
nan
nan
nan
0.686000
nan
nan
nan
nan
0.615000
0.615000
1.000000
0.591000
0.851000
nan
0.638000
nan
nan
nan
0.733000
0.709000
nan
0.378000
0.449000
nan
0.473000
nan
0.875000
nan
0.638000
0.851000
0.544000
0.331000
0.142000
0.142000
nan
nan
0.355000
0.355000
nan
nan
nan
0.567000
nan
0.623000
0.739000
0.914000
0.447000
nan
0.350000
0.778000
0.759000
0.389000
0.584000
0.700000
nan
0.245000
0.358000
nan
nan
0.320000
0.132000
1.000000
nan
0.621000
nan
nan
nan
nan
0.809000
0.245000
0.094000
0.207000
0.414000
0.263000
0.188000
0.301000
nan
nan
0.188000
0.508000
0.452000
nan
0.602000
0.715000
0.772000
nan
nan
nan
0.414000
0.395000
nan
nan
1.000000
0.828000
0.452000
0.263000
0.169000
0.414000
0.358000
nan
0.452000
nan
nan
nan
nan
nan
0.075000
nan
nan
nan
nan
nan
0.038000
1.000000
nan
0.715000
nan
nan
nan
0.023000
0.245000
0.056000
nan
nan
0.018000
0.113000
nan
0.018000
0.236000
0.436000
0.582000
0.727000
0.436000
0.309000
nan
nan
nan
0.255000
0.255000
nan
nan
1.000000
nan
nan
nan
0.008000
