Coverage: 484.905660
nan
0.000000
nan
nan
0.239000
0.159000
0.478000
0.000000
nan
nan
nan
0.000000
0.717000
nan
nan
nan
nan
0.000000
0.000000
nan
0.000000
0.239000
nan
nan
0.319000
nan
0.000000
nan
nan
0.000000
0.000000
0.319000
nan
nan
nan
0.637000
0.000000
0.478000
0.558000
1.000000
0.319000
nan
0.398000
0.159000
nan
nan
1.000000
nan
nan
0.637000
0.000000
0.159000
0.319000
0.797000
0.478000
nan
nan
0.000000
0.956000
0.000000
0.159000
0.797000
0.398000
0.637000
0.319000
nan
0.159000
nan
nan
0.159000
0.080000
0.398000
nan
nan
0.637000
0.637000
nan
1.000000
nan
nan
0.159000
0.319000
0.637000
nan
nan
0.398000
0.637000
nan
0.637000
1.000000
nan
nan
nan
0.159000
0.956000
0.478000
0.478000
0.239000
nan
nan
0.159000
0.319000
0.000000
0.319000
0.637000
1.000000
nan
nan
0.637000
nan
nan
nan
nan
nan
nan
0.159000
nan
nan
0.159000
nan
0.637000
nan
nan
0.478000
nan
0.159000
0.398000
nan
0.239000
0.080000
0.398000
0.000000
0.239000
0.478000
nan
nan
nan
0.239000
0.159000
0.159000
nan
0.797000
0.000000
nan
0.159000
nan
nan
nan
nan
0.000000
nan
nan
0.080000
0.159000
0.319000
0.000000
nan
nan
nan
