Coverage: 3678.125000
nan
nan
nan
0.052000
nan
nan
nan
nan
nan
nan
0.171000
0.078000
0.052000
0.171000
0.140000
nan
0.124000
nan
1.000000
nan
nan
1.000000
1.000000
0.052000
0.574000
nan
nan
nan
nan
nan
nan
0.713000
0.403000
0.837000
0.233000
0.124000
nan
nan
nan
nan
0.233000
nan
0.543000
nan
0.140000
nan
nan
nan
nan
nan
0.140000
0.248000
nan
0.109000
nan
nan
nan
nan
0.109000
0.155000
nan
nan
nan
0.744000
nan
0.636000
0.558000
0.341000
0.186000
nan
nan
nan
nan
0.326000
0.186000
nan
0.915000
nan
nan
0.481000
nan
0.620000
0.868000
0.752000
0.736000
0.752000
0.736000
0.393000
0.957000
0.720000
0.654000
0.327000
0.638000
0.932000
nan
nan
nan
0.769000
nan
0.458000
nan
0.523000
nan
0.585000
nan
nan
1.000000
0.654000
nan
nan
0.620000
nan
nan
0.448000
nan
nan
nan
0.482000
0.226000
nan
nan
nan
nan
nan
0.947000
1.000000
nan
nan
nan
0.620000
nan
nan
0.499000
nan
nan
nan
nan
nan
nan
nan
nan
nan
nan
nan
0.551000
nan
nan
nan
0.775000
nan
nan
nan
0.293000
0.448000
nan
nan
nan
0.413000
0.430000
nan
nan
0.327000
nan
nan
0.551000
0.448000
nan
nan
nan
0.826000
0.861000
nan
nan
0.551000
0.482000
0.379000
nan
0.585000
0.620000
0.293000
0.551000
0.534000
0.327000
0.551000
nan
0.413000
nan
nan
nan
0.465000
0.226000
0.226000
