Coverage: 28596.798030
nan
0.119000
0.233000
0.302000
0.430000
nan
nan
0.331000
0.404000
nan
0.481000
0.154000
nan
0.119000
nan
nan
nan
0.120000
nan
0.688000
0.499000
0.701000
0.805000
nan
nan
0.119000
nan
nan
0.146000
nan
nan
0.647000
0.382000
0.586000
0.297000
nan
0.209000
0.246000
nan
nan
nan
0.914000
nan
nan
nan
0.688000
nan
0.668000
nan
nan
nan
0.344000
0.468000
nan
nan
0.161000
nan
0.734000
nan
0.511000
0.472000
0.651000
1.000000
0.822000
nan
0.264000
nan
nan
nan
0.333000
nan
0.383000
0.369000
nan
1.000000
nan
0.480000
1.000000
nan
0.394000
0.516000
0.701000
0.702000
0.540000
0.547000
0.730000
nan
0.168000
nan
nan
0.814000
nan
nan
nan
0.855000
nan
nan
0.720000
nan
nan
0.506000
1.000000
0.583000
nan
0.470000
nan
0.405000
0.402000
nan
0.350000
nan
nan
0.306000
0.509000
0.221000
0.492000
0.581000
nan
0.589000
0.482000
nan
nan
0.437000
nan
0.574000
0.518000
nan
1.000000
nan
1.000000
0.677000
nan
nan
0.555000
nan
0.519000
nan
nan
nan
nan
0.387000
0.384000
nan
nan
nan
nan
0.995000
0.221000
nan
0.160000
nan
nan
nan
nan
0.292000
nan
0.342000
nan
0.362000
nan
nan
nan
0.260000
0.187000
nan
nan
nan
nan
0.188000
nan
0.160000
nan
0.215000
0.296000
0.234000
0.508000
nan
nan
0.160000
0.547000
nan
0.275000
nan
0.272000
0.304000
0.379000
0.267000
nan
0.191000
0.161000
0.187000
nan
1.000000
nan
1.000000
0.574000
0.983000
1.000000
nan
0.727000
0.684000
nan
nan
nan
nan
nan
nan
nan
0.727000
nan
nan
0.562000
0.464000
nan
0.531000
nan
nan
0.489000
nan
nan
0.293000
nan
0.238000
nan
nan
0.250000
nan
0.128000
nan
0.110000
nan
nan
0.085000
nan
0.043000
0.085000
nan
0.092000
0.055000
nan
0.031000
0.037000
nan
nan
nan
0.104000
0.049000
0.049000
0.073000
nan
nan
0.018000
nan
nan
nan
0.018000
0.018000
0.037000
0.031000
nan
0.031000
nan
nan
nan
nan
nan
0.092000
nan
0.085000
0.018000
nan
nan
0.061000
0.037000
0.140000
0.031000
0.049000
0.067000
nan
nan
nan
0.055000
nan
0.079000
0.037000
nan
0.055000
0.031000
0.024000
nan
nan
0.024000
nan
0.257000
0.129000
nan
0.322000
0.257000
0.579000
0.386000
nan
nan
0.386000
0.386000
0.450000
0.129000
0.450000
0.322000
nan
0.514000
0.193000
0.450000
nan
nan
0.129000
nan
0.322000
nan
0.900000
0.772000
nan
0.322000
nan
0.836000
0.579000
nan
0.707000
1.000000
nan
0.836000
0.450000
0.579000
nan
nan
0.836000
nan
0.965000
0.836000
nan
nan
nan
0.643000
nan
1.000000
nan
0.579000
nan
0.514000
0.900000
0.836000
nan
0.322000
nan
nan
nan
0.193000
0.450000
0.450000
nan
0.257000
nan
nan
nan
0.514000
0.707000
nan
0.450000
1.000000
nan
nan
0.129000
0.193000
0.257000
nan
0.643000
nan
0.514000
nan
0.643000
nan
nan
0.093000
0.514000
nan
nan
0.093000
0.257000
0.257000
nan
nan
nan
nan
nan
0.514000
nan
nan
nan
0.514000
nan
nan
0.257000
0.129000
nan
0.836000
0.772000
0.093000
