Coverage: 3930.357143
0.066000
0.066000
nan
0.417000
nan
0.712000
nan
nan
nan
0.643000
nan
0.521000
0.434000
0.104000
nan
nan
0.066000
0.278000
nan
nan
nan
nan
nan
nan
0.730000
nan
nan
0.365000
nan
nan
nan
nan
nan
0.469000
nan
nan
0.452000
0.591000
nan
1.000000
0.417000
nan
0.591000
0.904000
nan
1.000000
0.695000
nan
0.278000
nan
nan
0.990000
0.452000
nan
0.191000
0.660000
0.921000
nan
nan
nan
nan
0.434000
0.730000
0.598000
nan
0.598000
0.681000
0.764000
nan
nan
nan
0.897000
nan
nan
nan
0.681000
nan
nan
0.830000
nan
0.565000
nan
nan
nan
nan
0.764000
nan
nan
nan
nan
1.000000
nan
nan
nan
nan
0.399000
0.714000
nan
nan
0.332000
0.714000
0.432000
0.731000
nan
nan
nan
nan
0.249000
0.448000
0.448000
0.913000
nan
0.465000
0.760000
0.776000
nan
0.095000
0.174000
nan
0.713000
0.728000
0.301000
0.887000
0.618000
nan
0.396000
nan
nan
nan
nan
nan
nan
0.459000
nan
1.000000
0.301000
nan
nan
0.190000
nan
0.086000
0.111000
nan
0.206000
nan
0.158000
nan
0.095000
0.570000
nan
1.000000
0.792000
0.776000
0.633000
0.253000
nan
0.086000
nan
0.333000
nan
nan
nan
nan
nan
0.459000
nan
nan
0.086000
