Coverage: 3918.672199
nan
0.043000
0.803000
nan
nan
nan
nan
nan
0.043000
nan
nan
0.631000
0.674000
nan
nan
0.445000
0.273000
nan
0.459000
0.488000
nan
0.187000
nan
nan
0.143000
0.344000
0.646000
0.689000
1.000000
nan
0.086000
nan
0.230000
0.187000
0.373000
1.000000
0.531000
0.043000
nan
0.115000
0.043000
0.072000
nan
nan
nan
nan
0.803000
0.459000
nan
nan
nan
0.043000
nan
0.832000
1.000000
nan
nan
nan
0.287000
nan
nan
nan
0.861000
0.818000
0.890000
0.560000
nan
0.732000
0.545000
nan
0.875000
nan
0.445000
0.100000
nan
0.287000
nan
nan
nan
0.359000
0.344000
0.832000
nan
nan
0.746000
0.646000
nan
0.273000
nan
0.488000
nan
nan
nan
nan
0.603000
nan
0.861000
0.759000
nan
0.464000
0.703000
0.380000
nan
nan
0.549000
1.000000
0.338000
0.352000
0.492000
0.338000
0.239000
0.197000
nan
nan
nan
0.436000
0.928000
0.436000
nan
0.366000
nan
nan
nan
1.000000
nan
nan
nan
0.717000
1.000000
0.549000
nan
nan
nan
0.211000
0.239000
0.745000
0.619000
nan
0.352000
nan
0.647000
nan
nan
0.731000
0.422000
nan
nan
nan
nan
0.380000
0.366000
nan
nan
nan
nan
0.197000
0.759000
nan
0.816000
0.985000
0.643000
0.518000
0.502000
nan
0.769000
nan
0.753000
0.737000
nan
nan
nan
0.737000
0.565000
0.439000
nan
0.486000
nan
nan
nan
nan
0.518000
nan
nan
0.078000
0.078000
0.078000
0.078000
0.188000
nan
1.000000
0.952000
nan
0.364000
0.537000
0.485000
0.450000
0.381000
0.173000
nan
0.329000
0.364000
0.468000
nan
nan
0.468000
0.416000
nan
nan
0.242000
1.000000
nan
0.087000
0.139000
0.381000
nan
0.519000
nan
0.745000
0.571000
nan
nan
0.346000
0.519000
0.242000
nan
0.398000
nan
0.346000
0.519000
0.485000
1.000000
nan
0.156000
nan
0.658000
0.398000
0.468000
0.450000
nan
nan
nan
