Coverage: 6061.848341
nan
0.105000
nan
nan
nan
nan
nan
0.197000
0.280000
nan
0.280000
nan
nan
0.318000
nan
0.363000
nan
0.394000
0.274000
0.299000
0.324000
nan
nan
0.248000
nan
nan
nan
0.369000
nan
nan
nan
0.293000
0.191000
nan
0.115000
nan
0.833000
nan
0.553000
0.604000
nan
nan
0.706000
0.649000
nan
nan
0.337000
nan
nan
0.274000
nan
nan
nan
0.105000
0.146000
1.000000
nan
nan
0.789000
nan
nan
0.515000
0.108000
nan
0.280000
0.210000
nan
nan
nan
0.636000
0.789000
nan
0.706000
0.566000
nan
nan
0.105000
nan
nan
nan
0.585000
0.471000
nan
nan
0.191000
nan
0.229000
0.808000
1.000000
nan
nan
nan
0.878000
0.573000
0.986000
0.852000
nan
0.121000
nan
nan
nan
nan
nan
nan
nan
nan
nan
nan
nan
1.000000
nan
0.795000
0.725000
0.872000
0.157000
0.246000
0.306000
0.238000
0.501000
nan
0.628000
0.501000
nan
0.416000
0.603000
0.637000
nan
0.484000
nan
nan
1.000000
nan
1.000000
nan
1.000000
nan
0.348000
nan
0.357000
nan
0.773000
nan
nan
0.883000
0.518000
0.374000
0.157000
0.314000
nan
nan
nan
nan
nan
nan
nan
nan
0.391000
0.620000
nan
nan
0.323000
nan
0.442000
0.535000
0.433000
0.662000
0.832000
nan
0.637000
0.739000
nan
nan
nan
nan
nan
0.628000
0.425000
nan
nan
0.637000
0.484000
0.705000
nan
0.331000
nan
nan
0.314000
nan
nan
0.807000
nan
0.688000
0.662000
0.467000
nan
nan
0.280000
0.157000
nan
nan
0.229000
nan
nan
0.161000
nan
0.374000
0.484000
nan
0.357000
0.453000
nan
nan
0.634000
0.476000
0.238000
0.328000
0.215000
0.396000
0.283000
nan
nan
nan
nan
nan
0.872000
0.260000
0.419000
nan
0.498000
0.691000
0.747000
0.521000
0.736000
0.419000
nan
0.396000
nan
0.906000
0.906000
nan
nan
0.623000
nan
nan
1.000000
0.646000
nan
nan
0.781000
0.532000
0.838000
nan
0.340000
nan
nan
0.827000
0.532000
nan
nan
0.184000
0.272000
0.498000
0.612000
nan
nan
0.430000
0.184000
0.227000
0.249000
nan
nan
nan
nan
0.184000
0.872000
0.340000
nan
nan
nan
0.442000
0.691000
1.000000
0.849000
0.736000
nan
0.328000
nan
0.668000
1.000000
0.963000
nan
nan
nan
0.895000
0.513000
nan
0.608000
0.439000
nan
nan
0.996000
nan
0.344000
nan
nan
nan
nan
nan
0.652000
nan
0.352000
0.454000
1.000000
nan
nan
0.278000
nan
0.527000
nan
1.000000
nan
0.077000
0.077000
0.077000
0.136000
nan
nan
nan
nan
nan
nan
nan
0.516000
nan
nan
nan
nan
0.299000
nan
nan
0.788000
0.553000
0.399000
nan
0.844000
0.652000
nan
0.562000
0.634000
0.870000
nan
0.462000
nan
0.408000
nan
1.000000
0.417000
0.543000
0.453000
nan
0.263000
nan
0.525000
nan
nan
0.824000
nan
nan
nan
nan
0.543000
0.399000
nan
nan
nan
0.408000
nan
nan
0.516000
nan
0.308000
nan
0.516000
0.489000
nan
nan
0.607000
0.679000
0.417000
0.580000
0.335000
0.417000
nan
0.281000
nan
nan
nan
0.462000
nan
0.464000
0.270000
0.529000
nan
nan
nan
0.443000
0.345000
0.540000
0.378000
nan
0.604000
nan
nan
nan
0.270000
0.162000
nan
nan
nan
0.421000
nan
0.076000
