Coverage: 1181.739130
0.000000
nan
nan
0.355000
0.443000
1.000000
0.976000
0.687000
0.355000
nan
0.333000
nan
nan
0.665000
0.621000
0.599000
nan
0.000000
0.089000
0.000000
nan
nan
nan
0.089000
0.599000
nan
0.177000
nan
0.333000
0.554000
nan
0.222000
0.089000
0.111000
nan
0.466000
0.310000
0.865000
0.732000
0.355000
nan
0.133000
nan
nan
0.288000
nan
nan
nan
nan
0.133000
nan
0.244000
1.000000
nan
1.000000
nan
nan
nan
0.000000
0.000000
0.111000
nan
nan
nan
0.000000
nan
nan
nan
0.621000
0.798000
0.665000
nan
0.044000
nan
nan
nan
0.067000
nan
nan
nan
0.089000
nan
nan
0.200000
nan
0.155000
nan
nan
nan
nan
0.820000
nan
0.377000
nan
0.266000
nan
nan
0.776000
0.399000
1.000000
nan
1.000000
1.000000
0.688000
0.688000
0.875000
0.875000
0.438000
nan
0.438000
0.438000
0.250000
nan
nan
0.625000
nan
nan
nan
nan
0.375000
0.562000
nan
0.562000
0.312000
nan
nan
nan
nan
nan
0.250000
0.062000
0.375000
0.000000
nan
0.594000
nan
nan
nan
0.201000
nan
0.201000
nan
0.594000
0.000000
nan
0.201000
0.401000
nan
0.201000
0.000000
0.000000
0.000000
nan
nan
0.000000
0.000000
nan
0.000000
nan
nan
0.000000
0.000000
0.000000
nan
0.000000
nan
0.000000
0.000000
0.201000
nan
nan
nan
nan
nan
nan
nan
nan
nan
nan
nan
nan
nan
nan
nan
nan
nan
nan
nan
nan
nan
nan
nan
nan
nan
nan
nan
nan
nan
nan
nan
nan
nan
nan
nan
nan
nan
nan
nan
nan
nan
nan
nan
nan
nan
nan
nan
nan
nan
nan
nan
nan
nan
nan
nan
nan
nan
nan
nan
nan
nan
