Coverage: 23245.643154
nan
0.308000
0.308000
0.442000
nan
0.308000
nan
nan
0.404000
0.404000
nan
0.327000
nan
0.558000
0.423000
nan
nan
nan
0.500000
0.346000
nan
0.519000
0.308000
nan
nan
0.404000
0.462000
nan
nan
0.558000
0.500000
nan
nan
0.385000
0.808000
0.692000
nan
nan
nan
1.000000
0.654000
nan
nan
nan
nan
0.346000
0.481000
nan
nan
0.788000
nan
nan
0.962000
0.769000
nan
0.885000
0.654000
nan
nan
0.500000
nan
nan
0.423000
1.000000
0.462000
0.635000
0.731000
0.327000
nan
0.500000
nan
1.000000
nan
0.635000
0.385000
1.000000
nan
nan
0.327000
0.558000
0.423000
0.519000
nan
0.673000
nan
0.712000
0.596000
0.442000
nan
0.615000
0.704000
0.478000
0.428000
0.503000
0.302000
nan
nan
nan
0.906000
0.855000
nan
nan
nan
nan
nan
nan
0.679000
nan
1.000000
nan
0.629000
nan
nan
nan
0.478000
0.503000
nan
nan
nan
nan
0.302000
0.428000
nan
0.679000
nan
nan
0.730000
nan
nan
0.403000
nan
nan
0.553000
0.352000
nan
nan
0.252000
0.238000
nan
nan
0.528000
0.428000
0.478000
0.965000
nan
nan
nan
nan
nan
nan
nan
0.718000
nan
nan
nan
0.665000
0.346000
0.293000
nan
nan
1.000000
nan
0.372000
0.245000
0.346000
0.293000
0.479000
nan
nan
0.745000
0.665000
0.372000
nan
1.000000
nan
0.559000
nan
0.426000
nan
0.245000
nan
0.585000
0.505000
nan
nan
nan
nan
0.293000
nan
0.612000
0.745000
0.479000
nan
nan
0.638000
nan
nan
0.905000
nan
0.645000
0.533000
0.533000
nan
0.393000
nan
0.813000
0.477000
0.701000
nan
nan
0.337000
nan
nan
nan
nan
nan
0.421000
0.365000
0.365000
0.224000
0.449000
0.209000
0.252000
0.224000
nan
nan
0.224000
0.701000
nan
0.281000
0.209000
0.209000
0.281000
nan
nan
nan
0.365000
nan
0.281000
nan
nan
