Coverage: 7798.324022
nan
nan
nan
nan
0.125000
0.125000
0.574000
0.375000
nan
0.490000
nan
nan
nan
nan
nan
0.444000
nan
nan
0.406000
nan
0.176000
nan
nan
0.260000
nan
0.125000
0.214000
0.245000
0.628000
nan
0.927000
nan
0.582000
0.467000
0.605000
0.444000
nan
nan
nan
nan
0.513000
nan
0.337000
nan
nan
nan
nan
nan
nan
0.299000
nan
0.467000
nan
nan
nan
nan
0.659000
nan
nan
0.743000
nan
nan
0.322000
0.245000
nan
nan
0.322000
0.559000
nan
0.766000
nan
nan
nan
nan
nan
0.406000
nan
nan
1.000000
1.000000
0.448000
nan
nan
0.487000
0.502000
nan
0.711000
0.974000
nan
nan
nan
0.170000
nan
nan
nan
0.827000
0.758000
0.773000
0.680000
0.998000
1.000000
0.139000
0.155000
0.170000
nan
0.186000
nan
0.673000
0.479000
0.577000
0.647000
nan
nan
nan
0.234000
nan
nan
nan
nan
0.647000
nan
nan
0.491000
0.320000
nan
0.406000
0.452000
0.593000
0.437000
nan
nan
nan
nan
nan
nan
0.343000
0.257000
0.195000
0.281000
0.335000
nan
0.733000
0.156000
nan
0.538000
0.562000
0.328000
0.211000
nan
nan
nan
nan
nan
nan
nan
nan
0.148000
0.140000
0.156000
0.140000
nan
nan
0.140000
nan
nan
0.593000
0.328000
nan
nan
0.211000
nan
nan
nan
nan
0.187000
nan
0.374000
nan
nan
