Coverage: 6698.863636
nan
nan
nan
nan
nan
0.560000
nan
nan
1.000000
nan
0.886000
0.832000
nan
0.700000
nan
0.241000
nan
nan
nan
0.607000
0.451000
0.233000
0.879000
nan
0.692000
nan
nan
nan
nan
nan
0.150000
0.150000
nan
nan
nan
nan
0.949000
nan
nan
0.894000
0.770000
nan
nan
nan
0.824000
nan
nan
nan
nan
nan
nan
0.210000
nan
nan
0.941000
0.661000
0.378000
nan
0.280000
0.959000
nan
nan
nan
nan
nan
nan
1.000000
nan
nan
nan
nan
nan
nan
1.000000
nan
nan
0.921000
0.855000
0.691000
0.864000
0.461000
nan
nan
0.518000
0.872000
nan
nan
nan
nan
0.149000
0.181000
nan
nan
nan
0.535000
nan
nan
nan
nan
nan
0.403000
nan
nan
nan
nan
0.255000
nan
nan
nan
nan
nan
nan
nan
nan
nan
0.461000
nan
0.452000
nan
nan
0.493000
nan
nan
0.633000
nan
0.239000
0.321000
0.502000
nan
0.395000
nan
0.411000
0.181000
0.321000
nan
0.354000
0.255000
0.356000
nan
0.217000
nan
nan
nan
0.581000
nan
nan
nan
nan
nan
nan
0.399000
0.173000
nan
nan
0.269000
0.087000
0.095000
0.095000
nan
0.139000
0.095000
0.087000
nan
nan
nan
0.113000
0.182000
nan
0.182000
nan
0.130000
nan
0.113000
0.156000
0.087000
0.087000
