Coverage: 1032.098765
0.000000
0.000000
nan
nan
0.143000
nan
0.190000
0.000000
0.000000
0.333000
0.190000
0.190000
nan
0.143000
0.286000
nan
nan
0.381000
nan
nan
0.238000
0.810000
0.619000
nan
0.286000
nan
0.429000
nan
nan
0.286000
0.048000
nan
0.095000
0.000000
nan
0.429000
0.286000
0.238000
nan
0.619000
1.000000
nan
0.190000
nan
nan
nan
1.000000
0.619000
0.476000
nan
0.524000
0.095000
nan
1.000000
nan
nan
nan
0.286000
nan
nan
nan
nan
nan
0.571000
0.190000
0.762000
nan
nan
0.619000
0.381000
nan
0.095000
0.571000
nan
nan
nan
nan
1.000000
0.857000
0.476000
nan
nan
0.048000
0.381000
1.000000
nan
0.810000
nan
0.286000
nan
0.619000
nan
0.806000
0.190000
nan
0.521000
nan
nan
nan
nan
nan
nan
nan
nan
nan
nan
0.616000
nan
0.711000
nan
0.758000
nan
0.900000
nan
0.853000
nan
nan
0.853000
nan
nan
nan
0.474000
0.806000
0.711000
0.521000
0.521000
1.000000
0.853000
nan
0.569000
0.521000
nan
nan
nan
0.900000
0.853000
nan
0.284000
0.616000
0.711000
0.237000
0.711000
nan
0.806000
0.853000
0.113000
nan
nan
0.555000
0.740000
nan
0.878000
nan
0.113000
0.113000
0.924000
0.416000
nan
0.832000
nan
0.740000
nan
0.370000
nan
nan
nan
0.786000
1.000000
nan
0.370000
nan
0.139000
nan
nan
nan
0.693000
0.878000
nan
0.601000
1.000000
0.370000
nan
0.924000
nan
nan
0.832000
0.231000
0.495000
nan
nan
0.856000
0.766000
nan
0.180000
nan
nan
nan
1.000000
nan
nan
nan
nan
nan
0.586000
0.495000
nan
0.270000
nan
0.631000
0.180000
0.495000
0.405000
nan
nan
nan
0.270000
nan
0.676000
0.135000
nan
nan
nan
nan
0.270000
0.270000
0.631000
nan
0.721000
0.135000
nan
0.450000
0.766000
nan
0.811000
nan
nan
nan
0.495000
0.721000
nan
0.631000
0.225000
nan
