Coverage: 44152.559055
0.007000
0.007000
0.007000
nan
0.028000
0.022000
nan
0.639000
nan
0.035000
0.040000
nan
0.025000
0.729000
nan
0.025000
0.762000
nan
nan
nan
0.011000
0.015000
0.014000
nan
0.046000
nan
0.023000
0.042000
0.950000
nan
nan
nan
nan
nan
1.000000
0.037000
0.046000
nan
nan
nan
nan
0.013000
0.013000
0.010000
nan
0.031000
nan
nan
nan
0.042000
nan
0.017000
nan
nan
nan
nan
0.027000
0.040000
nan
nan
0.074000
0.049000
0.067000
0.066000
nan
0.037000
nan
0.031000
nan
0.015000
0.014000
0.019000
nan
0.140000
nan
nan
nan
0.067000
0.027000
nan
nan
nan
nan
nan
nan
nan
0.046000
nan
nan
0.052000
0.057000
1.000000
nan
nan
1.000000
0.070000
0.069000
nan
nan
0.034000
1.000000
nan
0.068000
0.063000
0.086000
nan
0.064000
nan
0.071000
1.000000
nan
0.110000
0.090000
nan
0.056000
1.000000
nan
0.031000
nan
0.031000
0.032000
0.091000
nan
0.034000
0.037000
nan
0.026000
nan
nan
0.106000
nan
0.066000
nan
nan
nan
nan
nan
nan
0.018000
nan
nan
0.026000
0.040000
0.068000
0.077000
0.081000
nan
0.072000
nan
nan
nan
nan
nan
0.018000
0.018000
nan
0.024000
nan
0.039000
0.034000
nan
nan
nan
nan
0.033000
0.053000
nan
nan
0.040000
0.049000
nan
nan
0.036000
nan
nan
nan
0.033000
nan
0.023000
0.041000
0.023000
nan
nan
0.030000
0.022000
nan
nan
nan
0.025000
0.040000
0.039000
nan
nan
nan
0.034000
0.038000
nan
0.035000
nan
0.020000
0.208000
nan
0.153000
nan
0.109000
nan
0.237000
0.127000
nan
nan
nan
nan
nan
nan
nan
0.102000
0.079000
1.000000
0.201000
nan
0.118000
0.205000
0.118000
0.115000
0.095000
0.133000
nan
0.162000
0.046000
1.000000
0.058000
0.082000
0.133000
nan
nan
0.956000
0.043000
0.075000
0.077000
nan
nan
nan
nan
nan
nan
0.023000
0.069000
0.059000
nan
0.045000
0.852000
nan
0.222000
nan
nan
nan
nan
0.189000
nan
0.140000
nan
0.023000
nan
nan
nan
nan
nan
0.025000
0.024000
0.100000
nan
0.104000
nan
0.023000
nan
nan
nan
nan
nan
nan
nan
0.131000
nan
nan
0.333000
nan
nan
nan
nan
0.139000
0.109000
nan
nan
0.060000
nan
0.100000
nan
0.262000
0.162000
nan
0.154000
1.000000
nan
nan
nan
0.086000
0.171000
nan
0.234000
0.148000
0.310000
nan
nan
1.000000
0.169000
0.151000
0.332000
nan
0.212000
1.000000
nan
0.536000
0.169000
nan
0.108000
0.095000
0.157000
0.144000
0.085000
0.358000
nan
0.348000
0.374000
0.372000
nan
0.222000
0.348000
nan
nan
nan
nan
nan
nan
nan
0.219000
nan
0.311000
0.191000
nan
0.111000
nan
nan
nan
0.276000
nan
0.289000
0.293000
nan
0.232000
nan
nan
0.186000
nan
nan
0.124000
nan
nan
nan
1.000000
nan
nan
nan
nan
nan
nan
nan
nan
nan
nan
0.130000
0.208000
nan
0.169000
nan
0.107000
nan
nan
0.109000
0.088000
0.081000
nan
0.075000
0.071000
nan
nan
nan
0.079000
0.090000
0.071000
nan
0.078000
0.100000
nan
nan
0.071000
nan
nan
nan
0.086000
0.766000
0.625000
nan
nan
0.958000
nan
1.000000
0.706000
0.806000
0.625000
nan
0.292000
0.877000
0.796000
nan
1.000000
nan
0.585000
nan
nan
nan
nan
nan
nan
nan
nan
0.796000
1.000000
nan
nan
0.806000
0.796000
nan
0.514000
0.565000
0.292000
nan
0.212000
0.282000
0.726000
0.444000
nan
0.524000
nan
0.675000
0.605000
0.353000
0.978000
0.433000
nan
nan
nan
nan
0.837000
0.454000
nan
0.323000
nan
nan
0.343000
nan
0.464000
0.413000
nan
nan
0.433000
nan
nan
nan
0.192000
0.252000
nan
nan
0.403000
0.212000
nan
0.202000
0.242000
0.160000
nan
nan
0.171000
nan
nan
0.160000
0.160000
nan
0.192000
nan
0.222000
0.302000
0.272000
nan
nan
0.282000
0.222000
nan
nan
nan
