Coverage: 3862.694301
0.040000
0.040000
nan
0.357000
nan
0.715000
nan
0.136000
0.102000
0.040000
0.357000
nan
0.357000
0.323000
nan
0.187000
0.272000
nan
nan
nan
0.357000
nan
0.323000
nan
0.443000
0.272000
0.272000
0.511000
0.391000
0.289000
nan
0.443000
nan
0.289000
nan
0.528000
0.477000
nan
0.426000
nan
nan
nan
0.068000
0.443000
nan
nan
nan
nan
nan
nan
nan
0.953000
nan
nan
0.255000
0.187000
0.306000
nan
nan
nan
0.238000
nan
0.102000
0.289000
nan
0.391000
0.953000
1.000000
0.919000
1.000000
nan
nan
0.204000
0.357000
0.119000
0.596000
nan
0.460000
nan
nan
0.562000
0.204000
nan
nan
0.868000
0.772000
nan
nan
1.000000
0.820000
0.590000
nan
nan
nan
nan
nan
nan
0.151000
0.061000
0.530000
nan
nan
nan
0.424000
nan
nan
nan
nan
nan
nan
nan
0.166000
0.061000
0.439000
nan
nan
0.151000
0.076000
nan
nan
nan
0.408000
0.711000
0.545000
nan
0.696000
nan
0.983000
nan
nan
nan
0.242000
nan
nan
nan
nan
0.257000
nan
0.953000
1.000000
nan
nan
nan
0.303000
0.257000
nan
0.530000
nan
nan
0.681000
1.000000
0.272000
nan
0.182000
nan
0.287000
0.151000
nan
0.348000
nan
nan
nan
nan
0.318000
nan
nan
nan
nan
0.545000
0.605000
nan
nan
nan
nan
0.318000
nan
nan
0.454000
0.454000
0.545000
nan
0.530000
0.363000
0.530000
0.469000
nan
0.212000
0.182000
0.061000
0.061000
0.212000
0.061000
nan
