Coverage: 56270.576541
nan
nan
nan
0.046000
nan
nan
nan
nan
nan
0.046000
0.104000
nan
0.047000
nan
nan
nan
nan
0.221000
nan
0.142000
0.146000
nan
0.118000
0.129000
0.098000
0.106000
nan
nan
0.256000
0.241000
0.301000
nan
0.183000
0.221000
nan
nan
nan
nan
nan
0.404000
0.165000
0.226000
nan
0.496000
0.046000
0.070000
0.128000
0.096000
0.189000
0.094000
0.135000
0.098000
0.863000
nan
0.150000
nan
0.237000
nan
0.323000
nan
0.142000
1.000000
nan
0.264000
nan
nan
nan
nan
nan
0.091000
nan
nan
nan
0.090000
nan
nan
nan
nan
nan
nan
0.258000
0.274000
nan
0.238000
0.307000
nan
0.141000
0.112000
1.000000
nan
nan
1.000000
0.404000
0.378000
nan
0.294000
nan
0.183000
nan
nan
nan
nan
0.124000
nan
nan
0.086000
nan
nan
nan
nan
0.107000
nan
nan
nan
nan
nan
0.107000
0.097000
nan
nan
nan
nan
nan
0.095000
0.075000
nan
nan
nan
nan
nan
nan
0.170000
0.176000
nan
0.174000
0.168000
nan
0.099000
0.073000
0.073000
nan
nan
1.000000
nan
0.138000
nan
nan
nan
nan
nan
nan
nan
nan
0.093000
nan
nan
0.190000
1.000000
0.218000
0.189000
nan
nan
nan
1.000000
nan
0.112000
0.988000
0.158000
0.164000
nan
nan
0.154000
nan
nan
0.162000
nan
nan
0.129000
0.080000
nan
0.099000
0.813000
0.092000
0.115000
0.794000
nan
nan
nan
0.194000
nan
0.172000
nan
0.102000
nan
0.138000
0.134000
0.073000
0.142000
nan
0.132000
0.163000
nan
0.158000
0.155000
nan
0.150000
nan
nan
nan
0.144000
nan
0.135000
nan
0.114000
0.121000
0.919000
nan
nan
nan
nan
nan
nan
1.000000
0.875000
nan
1.000000
nan
nan
nan
0.366000
nan
nan
nan
nan
1.000000
nan
nan
nan
nan
0.414000
0.584000
nan
nan
0.484000
nan
0.453000
nan
nan
nan
0.470000
nan
0.202000
0.287000
0.330000
0.322000
0.228000
nan
0.334000
0.199000
nan
0.322000
0.196000
0.278000
0.261000
0.285000
0.112000
0.162000
0.162000
nan
0.142000
nan
0.124000
nan
0.116000
0.128000
nan
nan
0.079000
0.107000
nan
nan
0.107000
nan
0.076000
0.135000
0.269000
nan
0.103000
0.061000
0.049000
0.114000
0.080000
0.091000
0.092000
nan
nan
nan
nan
0.088000
0.075000
0.118000
nan
nan
0.049000
0.049000
0.053000
nan
nan
nan
0.049000
nan
nan
nan
nan
nan
nan
nan
nan
nan
nan
nan
0.190000
0.333000
nan
nan
0.286000
1.000000
1.000000
0.452000
0.571000
nan
nan
nan
0.333000
0.190000
0.976000
0.690000
nan
0.786000
nan
0.119000
nan
0.119000
0.035000
0.143000
nan
nan
0.571000
1.000000
nan
nan
nan
nan
0.286000
nan
nan
nan
nan
nan
nan
nan
0.035000
0.048000
nan
nan
0.833000
0.833000
nan
0.095000
0.035000
nan
nan
nan
nan
1.000000
nan
0.500000
nan
0.381000
nan
nan
0.214000
nan
0.571000
nan
nan
0.786000
nan
nan
nan
0.333000
0.333000
0.667000
nan
0.500000
0.786000
nan
0.429000
0.452000
0.452000
nan
nan
nan
0.500000
0.167000
0.310000
nan
0.310000
nan
0.738000
nan
nan
0.738000
0.286000
nan
nan
0.095000
0.228000
0.301000
nan
0.349000
0.002000
0.006000
nan
0.003000
nan
0.005000
nan
nan
nan
nan
0.011000
nan
nan
nan
nan
nan
nan
nan
nan
nan
0.063000
0.038000
nan
0.305000
nan
nan
nan
0.747000
nan
0.773000
nan
0.716000
nan
nan
nan
1.000000
nan
nan
nan
0.422000
nan
0.088000
0.037000
0.014000
0.006000
0.004000
0.001000
0.000000
0.001000
0.001000
0.002000
0.001000
0.000000
0.001000
0.001000
0.001000
0.000000
0.000000
0.003000
0.005000
0.011000
0.019000
1.000000
1.000000
0.036000
0.025000
0.030000
0.049000
nan
0.236000
0.099000
nan
0.085000
nan
0.050000
0.052000
0.087000
nan
nan
0.012000
nan
nan
