Coverage: 2170.000000
nan
nan
nan
0.153000
0.767000
1.000000
nan
1.000000
nan
nan
nan
0.153000
0.153000
0.307000
nan
nan
nan
0.307000
nan
nan
nan
nan
nan
0.205000
nan
nan
nan
nan
nan
nan
0.307000
nan
nan
nan
0.512000
nan
0.460000
0.767000
0.614000
nan
0.921000
nan
nan
0.921000
0.614000
nan
0.409000
0.614000
0.665000
nan
nan
nan
nan
nan
0.153000
0.665000
nan
0.358000
0.512000
0.512000
0.665000
nan
nan
0.512000
0.767000
0.767000
0.818000
0.256000
nan
nan
0.563000
nan
nan
nan
nan
0.512000
nan
nan
nan
0.368000
1.000000
0.525000
0.683000
0.986000
0.158000
nan
nan
nan
0.578000
nan
nan
0.473000
nan
nan
nan
nan
0.630000
0.788000
nan
0.735000
0.683000
0.788000
nan
nan
0.840000
nan
nan
nan
nan
0.578000
0.263000
nan
nan
0.315000
nan
nan
0.701000
nan
0.970000
nan
0.647000
0.809000
nan
nan
nan
nan
nan
0.593000
nan
0.647000
0.970000
nan
nan
nan
0.755000
nan
0.755000
0.539000
nan
nan
0.593000
0.539000
nan
0.539000
1.000000
0.863000
0.431000
nan
nan
0.916000
nan
nan
nan
0.377000
0.270000
0.701000
0.323000
0.485000
nan
0.162000
0.216000
nan
nan
nan
nan
0.593000
0.916000
nan
nan
nan
0.647000
0.647000
nan
nan
nan
0.270000
0.162000
0.216000
0.162000
0.162000
