Coverage: 68083.870968
nan
nan
nan
0.725000
nan
nan
nan
nan
0.253000
nan
nan
nan
nan
0.489000
0.483000
0.542000
0.749000
nan
nan
nan
nan
nan
nan
nan
0.991000
nan
0.641000
nan
0.939000
0.691000
nan
0.257000
0.253000
0.503000
0.624000
nan
0.593000
0.723000
0.577000
0.475000
0.253000
nan
0.817000
0.552000
0.429000
nan
0.272000
nan
nan
0.592000
nan
0.899000
nan
0.582000
1.000000
nan
0.878000
0.788000
0.883000
nan
nan
nan
nan
nan
nan
nan
0.526000
nan
0.782000
nan
nan
nan
0.582000
0.607000
0.692000
nan
nan
0.737000
0.658000
nan
0.542000
1.000000
1.000000
nan
0.339000
0.438000
0.367000
nan
nan
nan
0.461000
0.503000
nan
0.770000
0.469000
nan
nan
nan
nan
0.882000
0.493000
nan
nan
0.318000
nan
nan
nan
0.235000
nan
nan
nan
0.308000
0.662000
0.862000
0.622000
0.786000
1.000000
nan
0.789000
nan
nan
nan
nan
nan
nan
nan
nan
nan
nan
0.607000
0.433000
0.297000
nan
nan
nan
nan
nan
0.279000
nan
0.925000
nan
nan
1.000000
0.561000
0.880000
0.828000
nan
nan
0.297000
1.000000
nan
0.413000
0.302000
nan
nan
0.448000
nan
nan
nan
0.437000
nan
0.646000
nan
0.235000
0.891000
nan
nan
nan
nan
nan
0.300000
nan
nan
nan
0.596000
nan
0.722000
0.617000
0.575000
nan
nan
nan
nan
0.574000
0.371000
nan
nan
0.402000
nan
0.949000
0.783000
nan
nan
nan
nan
nan
0.491000
nan
0.497000
nan
nan
0.320000
0.371000
0.849000
nan
nan
nan
nan
nan
nan
0.872000
nan
0.807000
nan
nan
0.739000
0.867000
0.979000
nan
nan
nan
0.486000
nan
nan
nan
0.621000
0.584000
nan
nan
nan
0.235000
nan
0.969000
nan
nan
nan
nan
nan
nan
0.692000
nan
0.320000
0.244000
nan
nan
nan
nan
nan
nan
nan
0.349000
nan
nan
nan
nan
nan
nan
nan
0.892000
0.948000
nan
nan
0.942000
0.590000
0.756000
0.776000
nan
0.494000
0.531000
nan
nan
1.000000
0.697000
1.000000
0.999000
nan
0.582000
0.248000
0.465000
0.506000
nan
0.566000
nan
0.332000
nan
nan
0.441000
0.493000
nan
1.000000
0.604000
nan
0.524000
nan
nan
nan
0.448000
nan
0.610000
nan
nan
0.529000
0.481000
nan
0.460000
nan
nan
nan
0.435000
0.440000
nan
0.424000
0.436000
nan
nan
0.431000
nan
0.354000
0.271000
0.193000
0.321000
0.344000
nan
nan
0.203000
nan
0.343000
0.357000
nan
nan
nan
nan
nan
0.193000
nan
nan
nan
0.289000
nan
0.223000
nan
nan
nan
nan
nan
0.193000
0.803000
nan
0.602000
nan
1.000000
nan
nan
0.684000
0.770000
0.926000
nan
0.816000
0.754000
nan
nan
0.574000
nan
nan
0.873000
0.975000
0.713000
0.885000
0.689000
nan
1.000000
0.742000
nan
1.000000
0.746000
0.516000
0.787000
0.980000
0.590000
nan
0.816000
0.426000
0.527000
nan
1.000000
nan
nan
0.361000
nan
nan
nan
0.320000
0.575000
nan
0.634000
0.350000
nan
0.801000
0.213000
nan
0.255000
nan
nan
0.207000
0.367000
nan
0.302000
0.284000
0.184000
0.201000
0.273000
0.207000
0.119000
0.219000
0.237000
nan
0.078000
nan
nan
nan
nan
nan
0.119000
nan
nan
nan
0.201000
nan
0.063000
0.067000
nan
nan
nan
0.163000
nan
nan
0.078000
0.039000
0.039000
1.000000
0.039000
0.054000
0.022000
0.132000
0.062000
0.039000
0.519000
0.022000
0.217000
0.031000
nan
0.078000
0.163000
0.070000
nan
0.054000
nan
nan
0.132000
nan
0.078000
0.093000
0.093000
nan
0.022000
