Coverage: 26130.726257
0.140000
nan
0.140000
0.677000
0.223000
0.287000
nan
0.230000
0.235000
nan
nan
0.234000
nan
nan
nan
0.300000
0.196000
0.277000
0.369000
0.188000
0.222000
0.246000
nan
0.172000
1.000000
0.270000
0.377000
nan
0.369000
0.390000
0.436000
nan
0.353000
0.421000
nan
0.156000
0.354000
0.302000
nan
nan
nan
0.186000
1.000000
0.209000
0.656000
0.195000
0.293000
0.354000
nan
0.374000
0.380000
0.475000
nan
nan
nan
nan
0.477000
nan
nan
nan
0.986000
0.331000
nan
nan
0.560000
0.515000
nan
nan
0.160000
nan
nan
nan
1.000000
0.563000
0.281000
0.209000
nan
0.203000
0.140000
nan
nan
nan
0.435000
0.488000
nan
nan
0.506000
nan
0.671000
0.732000
nan
nan
nan
nan
nan
0.668000
0.921000
nan
nan
1.000000
0.599000
0.593000
nan
0.872000
0.822000
nan
0.749000
0.712000
0.641000
nan
nan
0.326000
nan
0.449000
0.964000
nan
nan
nan
0.490000
0.967000
0.651000
nan
0.844000
1.000000
nan
0.811000
0.757000
nan
0.907000
0.807000
nan
0.292000
0.198000
0.198000
0.198000
0.333000
nan
nan
nan
0.967000
0.882000
nan
nan
0.904000
0.785000
nan
0.290000
0.239000
nan
nan
nan
nan
nan
nan
nan
1.000000
0.618000
nan
0.495000
0.676000
nan
nan
nan
0.602000
nan
0.617000
nan
0.746000
0.476000
nan
0.669000
0.335000
nan
nan
nan
0.348000
0.445000
0.884000
nan
nan
nan
0.225000
0.221000
1.000000
nan
0.267000
0.221000
0.406000
0.837000
0.791000
0.712000
nan
nan
nan
nan
nan
0.248000
0.637000
0.476000
nan
nan
nan
0.240000
1.000000
0.415000
nan
0.568000
0.562000
0.722000
nan
nan
0.260000
0.264000
0.250000
nan
0.676000
0.612000
0.576000
nan
0.624000
0.247000
0.296000
0.376000
0.221000
0.353000
0.487000
1.000000
0.619000
nan
0.535000
0.483000
0.487000
0.463000
nan
0.276000
0.230000
0.239000
0.985000
0.715000
0.464000
0.498000
0.343000
nan
0.295000
0.291000
nan
0.334000
nan
0.354000
nan
nan
0.507000
0.867000
nan
nan
0.549000
0.517000
nan
nan
0.494000
nan
nan
1.000000
nan
0.874000
nan
0.791000
0.756000
0.761000
0.852000
nan
nan
nan
0.434000
0.391000
nan
nan
nan
nan
0.608000
nan
0.996000
nan
nan
nan
nan
nan
nan
0.790000
0.716000
1.000000
0.680000
nan
nan
0.214000
nan
nan
0.312000
nan
nan
nan
nan
nan
0.564000
nan
1.000000
nan
0.847000
nan
0.607000
nan
0.860000
nan
0.844000
nan
nan
nan
nan
nan
0.953000
nan
0.657000
nan
nan
nan
nan
nan
0.440000
nan
nan
nan
nan
nan
nan
nan
nan
0.537000
0.727000
nan
nan
nan
0.325000
0.332000
0.391000
nan
nan
0.321000
0.391000
0.431000
nan
nan
nan
0.398000
0.339000
0.716000
nan
nan
0.370000
nan
nan
nan
0.221000
nan
0.386000
nan
nan
nan
nan
nan
nan
0.314000
0.328000
nan
nan
0.305000
0.214000
nan
0.215000
0.214000
0.280000
nan
nan
nan
0.910000
0.919000
1.000000
nan
1.000000
0.711000
0.763000
0.737000
0.373000
nan
1.000000
0.234000
0.303000
0.225000
nan
nan
0.199000
0.165000
0.182000
nan
nan
nan
nan
nan
0.052000
0.199000
nan
0.139000
nan
nan
0.095000
0.061000
0.095000
0.095000
nan
nan
nan
nan
nan
nan
nan
0.104000
nan
nan
nan
nan
0.026000
nan
nan
nan
0.043000
nan
nan
nan
0.061000
nan
nan
0.069000
nan
0.147000
nan
0.568000
nan
0.120000
0.179000
nan
0.239000
nan
0.389000
0.299000
nan
0.150000
0.004000
0.030000
0.030000
0.120000
nan
0.449000
nan
0.030000
nan
0.030000
nan
0.269000
nan
0.389000
nan
0.179000
nan
0.060000
0.299000
0.239000
0.004000
nan
nan
nan
nan
nan
0.090000
nan
1.000000
nan
nan
0.000000
nan
nan
nan
1.000000
nan
0.358000
nan
nan
nan
nan
0.358000
0.716000
0.921000
0.307000
nan
nan
0.205000
0.614000
0.409000
0.767000
nan
nan
nan
0.051000
nan
nan
0.205000
nan
0.256000
0.051000
0.102000
nan
0.358000
0.307000
nan
0.307000
nan
0.512000
0.563000
nan
0.409000
nan
nan
1.000000
0.409000
nan
0.256000
0.512000
0.000000
nan
