Coverage: 944.378698
0.051000
0.051000
nan
0.113000
0.567000
nan
0.510000
0.567000
0.340000
0.227000
0.227000
nan
0.227000
0.283000
nan
0.680000
nan
0.340000
nan
0.453000
0.510000
nan
0.051000
0.567000
nan
nan
nan
nan
0.340000
0.340000
0.340000
nan
nan
nan
nan
0.567000
nan
0.113000
0.340000
nan
nan
nan
nan
nan
nan
nan
0.113000
0.793000
nan
0.340000
nan
1.000000
0.397000
nan
0.170000
0.850000
nan
nan
0.907000
0.453000
nan
nan
nan
0.510000
1.000000
0.623000
nan
0.158000
nan
nan
nan
nan
0.369000
nan
0.158000
nan
0.527000
0.474000
0.685000
nan
0.421000
0.105000
0.579000
nan
0.158000
nan
0.579000
0.737000
nan
nan
nan
nan
nan
0.790000
0.211000
0.962000
0.389000
0.438000
nan
0.071000
nan
nan
nan
0.071000
nan
0.146000
0.097000
0.876000
nan
0.195000
nan
0.146000
0.195000
nan
nan
nan
nan
nan
0.243000
nan
nan
0.827000
0.730000
nan
0.487000
0.730000
nan
1.000000
0.389000
0.195000
0.827000
0.584000
nan
1.000000
0.487000
nan
nan
nan
nan
0.633000
0.097000
nan
nan
nan
0.195000
nan
nan
nan
nan
nan
0.292000
0.195000
0.195000
nan
0.195000
nan
0.973000
0.925000
nan
1.000000
0.535000
nan
nan
nan
nan
nan
0.071000
0.681000
nan
