Coverage: 2561.052632
0.078000
0.078000
0.459000
nan
0.359000
0.739000
0.200000
0.200000
nan
0.220000
0.439000
nan
0.078000
nan
nan
0.559000
0.439000
nan
0.439000
0.379000
0.339000
0.579000
nan
nan
nan
0.419000
0.459000
0.459000
nan
nan
0.299000
0.898000
nan
0.818000
nan
nan
0.978000
0.579000
1.000000
nan
0.100000
1.000000
nan
nan
nan
nan
nan
nan
nan
1.000000
nan
nan
nan
nan
nan
nan
0.479000
0.958000
nan
nan
0.519000
0.818000
nan
0.798000
0.100000
0.120000
0.160000
0.220000
nan
nan
0.659000
nan
nan
0.778000
nan
nan
nan
nan
0.100000
nan
nan
0.539000
nan
nan
nan
nan
0.319000
nan
0.539000
nan
0.419000
nan
0.120000
nan
nan
nan
0.319000
nan
0.579000
0.200000
0.571000
nan
nan
0.646000
nan
nan
1.000000
nan
0.951000
nan
nan
0.357000
0.684000
1.000000
nan
0.921000
0.297000
0.416000
0.624000
0.535000
nan
0.267000
0.297000
nan
0.327000
0.684000
0.357000
nan
0.594000
0.267000
nan
0.178000
nan
0.416000
nan
0.446000
nan
nan
1.000000
nan
0.386000
0.208000
0.208000
0.059000
nan
nan
nan
0.267000
0.386000
0.267000
nan
0.238000
0.149000
0.267000
nan
0.327000
nan
0.238000
0.327000
nan
nan
nan
nan
nan
0.446000
0.089000
nan
0.119000
0.208000
nan
nan
0.089000
nan
0.416000
nan
nan
nan
nan
nan
0.043000
0.565000
0.267000
nan
0.149000
0.178000
0.043000
0.327000
nan
0.043000
nan
