Coverage: 44952.073733
0.045000
0.045000
nan
nan
nan
nan
nan
0.047000
nan
0.045000
0.252000
0.189000
nan
0.213000
0.197000
0.163000
0.227000
0.139000
nan
nan
nan
0.068000
0.135000
0.162000
nan
nan
0.215000
nan
0.182000
0.200000
nan
nan
0.140000
0.067000
0.154000
nan
0.274000
nan
nan
0.354000
nan
0.272000
nan
nan
nan
nan
nan
0.288000
0.483000
nan
0.292000
nan
0.237000
0.146000
0.134000
0.141000
0.195000
nan
nan
nan
nan
nan
0.287000
0.271000
nan
0.218000
0.258000
0.356000
0.370000
0.245000
0.606000
0.299000
nan
0.116000
0.703000
nan
nan
nan
1.000000
0.912000
0.774000
nan
nan
nan
nan
nan
0.640000
0.682000
nan
nan
nan
nan
nan
nan
0.467000
1.000000
1.000000
nan
nan
0.095000
nan
0.080000
nan
0.073000
0.073000
nan
nan
nan
nan
0.079000
0.901000
nan
0.054000
nan
0.087000
0.153000
0.165000
nan
0.093000
nan
nan
nan
0.070000
0.144000
nan
1.000000
0.124000
0.084000
nan
nan
0.065000
nan
nan
0.119000
0.155000
nan
0.063000
nan
nan
0.054000
nan
nan
nan
0.054000
nan
nan
nan
0.116000
0.151000
0.114000
0.105000
nan
0.148000
0.167000
0.102000
0.090000
nan
nan
nan
0.059000
0.090000
1.000000
nan
nan
0.140000
nan
0.101000
0.096000
nan
nan
1.000000
0.138000
0.158000
0.169000
nan
nan
nan
nan
0.168000
0.200000
nan
nan
nan
nan
0.149000
0.121000
0.226000
nan
nan
nan
nan
0.054000
0.089000
0.111000
nan
0.074000
0.059000
0.168000
nan
1.000000
nan
nan
0.352000
nan
nan
nan
nan
0.652000
0.762000
nan
nan
0.783000
0.690000
0.693000
nan
nan
0.442000
0.168000
0.410000
0.368000
0.182000
0.882000
0.751000
0.766000
0.744000
nan
0.528000
1.000000
nan
0.458000
nan
nan
0.978000
0.972000
nan
nan
nan
nan
nan
nan
nan
nan
0.231000
nan
0.716000
0.696000
0.686000
0.660000
nan
0.504000
nan
nan
nan
0.325000
nan
nan
0.284000
0.168000
nan
0.197000
0.783000
nan
nan
nan
nan
0.277000
nan
0.562000
nan
0.938000
0.809000
0.427000
0.301000
0.243000
nan
nan
nan
0.697000
0.617000
0.469000
nan
nan
0.521000
nan
1.000000
0.536000
0.254000
nan
0.192000
0.241000
0.383000
nan
nan
0.807000
nan
nan
nan
nan
nan
nan
nan
nan
nan
0.798000
1.000000
nan
nan
nan
nan
0.771000
0.670000
0.804000
0.474000
0.581000
0.833000
nan
nan
nan
nan
0.644000
0.755000
nan
nan
nan
nan
nan
nan
nan
0.764000
0.467000
0.654000
0.937000
nan
0.722000
nan
0.579000
0.905000
nan
0.923000
nan
nan
nan
nan
nan
0.722000
0.751000
nan
0.710000
0.545000
0.439000
0.944000
nan
0.613000
0.994000
0.453000
0.599000
nan
0.490000
0.454000
0.439000
1.000000
nan
nan
nan
1.000000
nan
nan
0.439000
nan
nan
0.960000
0.900000
nan
nan
nan
nan
0.493000
nan
0.888000
nan
0.506000
0.827000
0.827000
0.479000
0.633000
nan
0.694000
0.664000
0.499000
nan
nan
nan
0.548000
nan
nan
nan
0.777000
0.775000
0.551000
nan
0.555000
nan
nan
nan
nan
nan
0.548000
0.202000
0.585000
0.262000
0.795000
0.618000
nan
0.596000
nan
nan
nan
0.593000
nan
nan
nan
nan
0.302000
nan
0.430000
0.812000
0.937000
nan
0.247000
nan
0.508000
nan
0.138000
0.141000
0.296000
0.229000
0.365000
nan
nan
nan
nan
nan
nan
nan
0.390000
nan
1.000000
1.000000
nan
0.270000
0.243000
nan
0.241000
nan
0.178000
nan
nan
1.000000
0.532000
0.718000
0.679000
0.763000
nan
nan
nan
0.595000
0.636000
0.879000
0.279000
nan
0.309000
nan
0.260000
nan
nan
nan
nan
nan
0.761000
nan
0.784000
nan
nan
0.623000
nan
nan
nan
0.138000
0.138000
nan
0.235000
nan
0.589000
0.763000
0.454000
0.668000
0.437000
nan
nan
nan
nan
nan
0.692000
1.000000
nan
0.849000
0.942000
nan
1.000000
0.583000
nan
0.875000
0.737000
nan
0.823000
0.951000
nan
0.499000
nan
0.751000
nan
nan
nan
nan
nan
nan
0.518000
0.747000
0.452000
0.687000
0.716000
nan
0.440000
0.506000
0.352000
0.369000
0.461000
nan
0.666000
nan
0.999000
1.000000
nan
0.624000
nan
nan
nan
nan
nan
0.792000
nan
nan
0.941000
0.739000
nan
0.663000
nan
nan
0.700000
nan
0.560000
0.795000
nan
nan
0.795000
nan
0.641000
0.700000
nan
0.888000
nan
0.672000
nan
nan
0.404000
nan
nan
0.613000
nan
0.604000
nan
nan
nan
nan
0.512000
0.396000
0.596000
nan
0.495000
0.551000
0.534000
0.655000
0.817000
0.459000
0.251000
0.518000
0.711000
nan
nan
nan
0.505000
nan
nan
nan
nan
0.222000
0.177000
0.248000
nan
0.190000
0.293000
nan
nan
nan
0.544000
nan
nan
nan
0.151000
nan
nan
nan
0.121000
0.121000
0.245000
nan
nan
nan
nan
nan
0.399000
0.212000
0.341000
nan
nan
nan
nan
0.396000
nan
0.196000
nan
nan
nan
0.225000
0.274000
0.232000
nan
nan
0.132000
0.121000
nan
