Coverage: 35419.214876
0.035000
0.035000
0.094000
0.134000
0.178000
nan
nan
nan
nan
0.117000
nan
nan
nan
0.063000
0.035000
nan
0.094000
nan
0.077000
nan
0.133000
nan
nan
nan
0.190000
0.196000
0.202000
nan
nan
1.000000
0.077000
0.128000
nan
nan
nan
nan
nan
nan
nan
0.146000
nan
0.074000
nan
nan
nan
0.217000
nan
0.185000
nan
0.212000
nan
nan
nan
1.000000
0.103000
nan
nan
nan
nan
0.193000
0.221000
nan
0.306000
nan
nan
nan
0.299000
0.134000
nan
0.097000
nan
0.199000
nan
nan
nan
nan
nan
0.993000
nan
0.266000
0.090000
nan
nan
nan
0.288000
0.403000
1.000000
0.399000
0.257000
nan
0.177000
nan
0.134000
nan
0.392000
0.103000
nan
0.146000
0.081000
0.094000
0.114000
0.090000
0.254000
0.143000
nan
1.000000
nan
1.000000
nan
nan
nan
nan
nan
0.831000
0.897000
0.129000
nan
nan
nan
nan
0.218000
0.200000
0.404000
nan
nan
0.165000
0.167000
0.214000
nan
nan
nan
0.068000
0.118000
0.116000
nan
nan
nan
nan
nan
nan
nan
0.164000
0.160000
1.000000
nan
nan
nan
0.253000
nan
0.292000
0.317000
nan
0.238000
nan
nan
0.122000
0.198000
0.166000
0.938000
nan
0.149000
nan
0.185000
nan
nan
nan
0.317000
nan
nan
nan
0.218000
0.329000
nan
nan
nan
0.253000
nan
0.222000
0.196000
0.089000
nan
0.150000
nan
0.316000
0.290000
0.716000
0.259000
0.294000
0.815000
nan
nan
0.576000
nan
0.072000
0.436000
nan
nan
nan
nan
0.153000
0.086000
nan
nan
nan
nan
nan
0.051000
0.055000
0.051000
0.051000
nan
nan
nan
nan
0.752000
1.000000
0.309000
0.773000
0.993000
nan
nan
0.142000
0.163000
0.142000
1.000000
nan
nan
nan
nan
0.327000
0.279000
nan
0.151000
0.172000
nan
nan
nan
nan
0.205000
0.766000
0.440000
0.508000
nan
nan
0.535000
0.315000
0.142000
0.493000
0.502000
nan
nan
nan
0.442000
0.522000
1.000000
0.555000
0.644000
nan
0.520000
0.499000
nan
nan
0.443000
0.321000
0.479000
0.415000
nan
0.282000
0.332000
nan
nan
0.570000
0.626000
nan
0.249000
nan
0.443000
0.430000
0.416000
nan
nan
nan
nan
nan
0.318000
0.341000
0.344000
0.623000
nan
0.475000
0.573000
0.314000
0.182000
0.249000
0.484000
0.396000
0.291000
0.416000
0.837000
nan
0.711000
0.668000
nan
nan
0.354000
0.497000
0.572000
nan
0.290000
0.290000
0.455000
nan
0.984000
0.313000
nan
nan
0.560000
0.626000
0.810000
nan
nan
nan
nan
nan
nan
0.497000
0.658000
nan
0.897000
nan
0.439000
0.612000
0.540000
0.767000
0.677000
nan
nan
nan
nan
nan
nan
nan
nan
0.515000
0.494000
0.696000
1.000000
nan
nan
0.486000
nan
nan
nan
nan
nan
nan
nan
nan
0.290000
nan
nan
0.648000
0.722000
0.918000
nan
0.452000
0.487000
0.719000
nan
0.712000
1.000000
nan
0.669000
0.350000
1.000000
0.698000
0.432000
0.483000
nan
nan
nan
nan
nan
nan
0.413000
0.355000
nan
0.292000
0.522000
0.301000
nan
0.286000
nan
nan
nan
nan
nan
0.216000
1.000000
nan
0.182000
nan
nan
0.089000
nan
nan
nan
0.138000
nan
0.258000
nan
nan
nan
nan
0.442000
0.476000
nan
0.289000
0.340000
0.390000
nan
nan
nan
nan
0.364000
0.313000
0.375000
0.402000
nan
0.361000
0.352000
0.457000
0.221000
0.109000
0.209000
1.000000
nan
1.000000
nan
nan
nan
0.061000
0.077000
0.114000
nan
nan
0.906000
nan
0.083000
0.249000
0.375000
nan
nan
nan
0.166000
0.240000
0.377000
nan
nan
0.224000
0.069000
0.145000
0.115000
0.131000
0.150000
nan
nan
0.193000
nan
0.140000
0.149000
0.174000
nan
nan
0.133000
nan
nan
nan
0.058000
0.058000
0.097000
0.185000
nan
0.053000
