Coverage: 32587.857143
nan
0.227000
0.482000
nan
nan
nan
nan
nan
0.227000
0.351000
0.510000
nan
nan
0.774000
0.745000
nan
nan
0.380000
0.537000
nan
nan
0.330000
0.494000
0.774000
nan
nan
nan
0.274000
nan
nan
0.905000
1.000000
0.743000
0.815000
nan
nan
nan
nan
0.860000
nan
nan
0.600000
0.860000
nan
nan
nan
nan
nan
nan
nan
0.527000
nan
nan
0.835000
nan
1.000000
0.994000
0.672000
nan
0.485000
0.430000
nan
nan
0.548000
nan
0.527000
nan
nan
nan
nan
nan
0.684000
0.924000
nan
nan
0.860000
nan
nan
nan
nan
nan
0.582000
0.356000
0.804000
0.575000
0.765000
0.779000
nan
nan
nan
nan
0.491000
nan
nan
nan
nan
nan
nan
nan
nan
nan
0.774000
nan
0.761000
0.541000
nan
nan
1.000000
0.849000
nan
0.743000
nan
nan
nan
nan
0.419000
0.262000
0.227000
nan
0.451000
nan
0.419000
0.276000
0.449000
nan
0.465000
nan
nan
1.000000
nan
nan
0.856000
0.539000
nan
nan
0.633000
0.572000
0.725000
nan
0.477000
nan
0.406000
nan
nan
0.879000
nan
nan
0.251000
0.304000
nan
0.253000
0.738000
0.472000
nan
nan
0.393000
0.452000
0.292000
1.000000
0.999000
nan
nan
nan
nan
nan
0.386000
nan
nan
1.000000
0.373000
0.628000
nan
nan
0.861000
nan
nan
nan
nan
nan
nan
0.288000
0.424000
0.836000
0.529000
nan
0.582000
nan
0.429000
nan
nan
0.523000
0.670000
0.360000
nan
nan
nan
0.761000
nan
0.329000
nan
0.281000
nan
nan
0.404000
0.463000
nan
nan
nan
nan
nan
0.248000
nan
0.447000
0.366000
nan
0.381000
0.593000
nan
nan
nan
0.876000
0.248000
0.248000
0.251000
nan
0.300000
nan
0.171000
nan
nan
nan
nan
nan
0.489000
0.309000
0.384000
nan
nan
0.504000
0.802000
nan
0.739000
nan
0.881000
0.675000
nan
0.682000
0.603000
0.936000
nan
0.881000
nan
nan
nan
0.156000
0.148000
nan
nan
nan
nan
nan
0.213000
nan
nan
nan
1.000000
nan
nan
nan
1.000000
nan
0.680000
0.539000
0.164000
nan
0.333000
nan
0.259000
0.230000
0.148000
nan
0.162000
0.148000
nan
0.780000
nan
nan
0.318000
0.329000
nan
0.333000
nan
0.224000
0.386000
nan
nan
0.375000
nan
0.252000
nan
nan
nan
0.456000
nan
0.523000
0.706000
0.692000
nan
0.349000
nan
nan
0.229000
0.823000
nan
nan
0.542000
nan
nan
nan
0.631000
0.555000
0.607000
nan
nan
nan
nan
nan
0.820000
0.971000
0.816000
0.465000
0.677000
0.693000
nan
nan
0.924000
0.985000
nan
nan
nan
0.349000
nan
1.000000
0.422000
0.438000
0.730000
nan
0.369000
nan
nan
nan
nan
nan
0.728000
nan
nan
nan
nan
nan
nan
nan
nan
0.826000
nan
0.747000
0.726000
0.679000
0.722000
nan
0.563000
nan
0.328000
0.510000
nan
nan
nan
0.347000
0.471000
0.245000
0.677000
1.000000
nan
0.385000
0.369000
nan
nan
nan
nan
1.000000
nan
0.651000
nan
0.224000
nan
nan
0.559000
0.881000
nan
nan
nan
nan
0.218000
0.624000
0.565000
nan
nan
nan
nan
nan
nan
nan
nan
0.530000
nan
nan
nan
nan
nan
nan
0.218000
