Coverage: 77688.164666
0.001000
nan
nan
0.001000
nan
nan
0.001000
0.001000
0.001000
nan
0.002000
0.002000
nan
0.002000
0.001000
0.002000
0.002000
nan
nan
nan
0.003000
0.002000
nan
0.003000
0.002000
nan
nan
0.004000
nan
nan
nan
0.002000
nan
nan
nan
nan
0.019000
0.017000
0.013000
nan
nan
nan
nan
0.511000
nan
0.023000
0.020000
nan
nan
0.596000
nan
0.037000
0.019000
nan
0.032000
0.019000
0.016000
nan
nan
nan
0.018000
0.805000
nan
0.018000
0.009000
0.015000
0.022000
0.021000
0.023000
nan
0.011000
nan
0.009000
nan
nan
nan
nan
0.029000
0.025000
nan
0.023000
nan
nan
nan
nan
1.000000
nan
nan
1.000000
0.024000
0.028000
0.031000
1.000000
nan
nan
0.039000
0.057000
0.061000
nan
nan
nan
0.100000
nan
0.038000
nan
nan
nan
0.029000
0.028000
0.031000
0.027000
0.063000
1.000000
nan
nan
nan
nan
nan
nan
nan
nan
nan
0.086000
nan
nan
nan
0.066000
0.040000
0.040000
0.037000
0.057000
0.067000
nan
0.093000
nan
nan
nan
0.061000
0.069000
0.098000
nan
nan
nan
0.060000
0.063000
nan
0.078000
nan
nan
nan
nan
nan
nan
0.032000
0.025000
0.025000
nan
nan
nan
0.051000
0.046000
0.032000
0.050000
0.039000
nan
nan
nan
0.123000
0.082000
1.000000
nan
0.049000
0.025000
0.038000
0.052000
0.055000
nan
nan
1.000000
nan
nan
nan
0.085000
0.026000
0.050000
nan
0.055000
0.040000
0.044000
nan
0.078000
0.136000
0.060000
0.077000
nan
nan
0.249000
nan
nan
nan
nan
0.227000
0.386000
nan
nan
nan
0.272000
nan
nan
nan
nan
nan
0.222000
0.103000
nan
0.240000
0.245000
nan
nan
0.105000
nan
nan
0.133000
nan
nan
nan
nan
0.177000
nan
nan
0.196000
nan
nan
nan
0.214000
0.221000
0.161000
0.179000
nan
nan
0.189000
nan
nan
0.193000
0.221000
nan
0.085000
nan
0.070000
nan
0.096000
0.133000
nan
0.152000
0.099000
0.137000
nan
0.217000
0.115000
0.152000
nan
nan
nan
nan
0.043000
1.000000
nan
nan
nan
0.067000
0.060000
1.000000
0.033000
nan
1.000000
nan
nan
nan
nan
nan
nan
nan
nan
nan
nan
nan
0.582000
nan
0.030000
nan
nan
0.026000
0.021000
nan
nan
0.078000
0.009000
nan
nan
nan
nan
nan
nan
0.009000
nan
nan
0.007000
nan
nan
nan
nan
nan
0.008000
0.008000
0.007000
nan
0.007000
nan
0.007000
nan
0.007000
1.000000
nan
0.657000
nan
nan
0.850000
1.000000
nan
nan
1.000000
nan
nan
0.947000
nan
0.715000
nan
0.425000
0.599000
nan
nan
0.232000
nan
nan
nan
nan
0.116000
nan
0.406000
nan
nan
nan
nan
nan
nan
nan
0.232000
nan
nan
nan
nan
0.116000
nan
0.116000
0.077000
nan
0.017000
nan
nan
0.039000
0.155000
nan
0.116000
nan
0.077000
nan
nan
0.329000
0.058000
0.174000
nan
nan
0.077000
0.097000
0.097000
0.155000
nan
nan
0.077000
nan
nan
nan
nan
nan
nan
0.077000
nan
nan
0.213000
0.155000
nan
0.039000
nan
0.017000
nan
0.039000
0.116000
0.017000
0.039000
0.039000
nan
nan
nan
nan
nan
nan
0.232000
nan
nan
nan
nan
0.232000
0.599000
0.135000
nan
0.193000
0.174000
nan
0.155000
0.116000
nan
nan
nan
0.155000
0.135000
0.058000
nan
0.209000
nan
nan
nan
0.064000
nan
nan
0.235000
nan
0.339000
0.078000
nan
0.104000
nan
nan
nan
0.064000
nan
0.522000
nan
0.157000
0.104000
nan
0.064000
nan
0.235000
0.287000
nan
0.157000
nan
0.418000
0.131000
0.078000
0.209000
0.261000
nan
nan
0.444000
0.366000
0.522000
0.183000
0.131000
nan
nan
nan
nan
nan
0.366000
nan
nan
nan
0.574000
nan
nan
0.783000
nan
nan
nan
0.532000
0.579000
nan
0.417000
0.347000
0.324000
0.602000
nan
nan
0.324000
nan
0.347000
0.787000
0.555000
0.764000
nan
0.486000
nan
0.741000
0.810000
0.532000
nan
nan
0.579000
0.914000
0.440000
0.370000
0.463000
nan
0.231000
nan
nan
1.000000
nan
0.974000
0.484000
0.505000
0.130000
0.130000
nan
0.141000
nan
nan
nan
0.868000
nan
nan
nan
nan
nan
nan
nan
nan
nan
0.686000
nan
nan
0.141000
0.182000
nan
nan
0.303000
1.000000
1.000000
0.908000
0.484000
nan
0.989000
nan
0.666000
nan
0.343000
0.404000
nan
nan
nan
0.464000
0.484000
0.202000
nan
0.424000
0.323000
0.444000
nan
0.130000
0.303000
0.182000
nan
