Coverage: 727.530364
0.093000
0.093000
nan
nan
0.836000
0.707000
nan
0.772000
nan
nan
nan
0.322000
0.386000
0.643000
0.772000
0.129000
nan
0.514000
0.772000
0.193000
nan
0.093000
0.129000
nan
nan
nan
0.772000
0.772000
0.257000
nan
1.000000
0.579000
nan
0.257000
nan
0.643000
nan
0.643000
nan
nan
0.707000
1.000000
0.965000
nan
nan
0.579000
0.707000
0.514000
1.000000
0.772000
0.257000
0.514000
0.643000
nan
nan
0.322000
nan
0.707000
nan
0.772000
nan
0.772000
nan
0.836000
nan
0.257000
nan
0.643000
0.193000
0.514000
0.322000
0.322000
0.514000
0.900000
0.900000
0.386000
0.579000
0.077000
0.308000
nan
nan
0.615000
0.538000
nan
nan
1.000000
1.000000
nan
nan
nan
nan
nan
0.692000
0.154000
0.462000
nan
0.154000
nan
nan
0.000000
nan
nan
nan
0.154000
0.000000
0.385000
0.231000
nan
0.077000
nan
0.462000
0.615000
nan
0.538000
nan
0.385000
0.385000
0.769000
0.385000
0.385000
0.462000
0.231000
0.308000
1.000000
1.000000
nan
nan
0.231000
nan
0.538000
nan
0.231000
0.000000
0.231000
nan
0.231000
nan
nan
0.231000
0.308000
0.231000
nan
nan
0.308000
0.385000
nan
0.000000
nan
nan
nan
0.154000
0.308000
nan
0.000000
nan
nan
nan
nan
0.308000
0.615000
nan
nan
0.687000
0.773000
nan
0.429000
0.086000
0.043000
0.190000
nan
nan
nan
nan
nan
0.758000
0.758000
0.379000
0.569000
0.379000
0.379000
0.379000
0.190000
nan
nan
0.379000
1.000000
nan
0.948000
nan
0.474000
0.569000
nan
nan
0.190000
0.379000
nan
0.664000
0.190000
0.379000
0.853000
nan
nan
nan
0.853000
0.948000
nan
0.758000
0.569000
0.190000
nan
nan
nan
nan
nan
0.284000
1.000000
0.095000
nan
nan
0.095000
nan
1.000000
0.474000
nan
0.284000
nan
0.190000
0.043000
nan
0.474000
nan
0.379000
0.379000
0.379000
0.948000
0.190000
nan
0.284000
nan
0.664000
0.569000
nan
0.758000
nan
nan
nan
0.043000
