Coverage: 79097.183099
nan
0.251000
0.251000
0.389000
nan
nan
0.278000
0.348000
nan
nan
nan
0.620000
nan
nan
nan
0.511000
0.472000
0.275000
0.267000
nan
nan
nan
nan
nan
nan
0.656000
nan
nan
0.683000
0.587000
1.000000
nan
0.792000
0.856000
0.609000
0.550000
0.642000
0.620000
0.609000
nan
0.870000
0.745000
0.703000
nan
0.761000
0.905000
nan
nan
nan
nan
0.934000
nan
nan
0.361000
nan
nan
nan
nan
nan
nan
nan
nan
nan
nan
1.000000
0.542000
0.861000
0.612000
nan
0.477000
nan
0.756000
0.368000
0.255000
0.251000
0.799000
0.410000
nan
0.439000
nan
0.633000
nan
nan
0.746000
nan
nan
nan
0.417000
nan
nan
0.519000
nan
0.984000
nan
nan
0.746000
nan
0.920000
nan
0.557000
nan
nan
nan
1.000000
nan
0.593000
nan
0.460000
0.357000
nan
0.838000
0.522000
0.451000
0.586000
0.292000
nan
nan
nan
nan
nan
nan
nan
0.642000
nan
0.508000
0.469000
0.291000
nan
0.879000
0.561000
0.723000
0.740000
0.829000
0.778000
nan
nan
nan
0.516000
nan
0.814000
nan
0.932000
nan
nan
nan
nan
0.566000
0.622000
0.333000
nan
nan
0.755000
0.732000
nan
nan
0.206000
0.208000
nan
1.000000
nan
nan
nan
nan
nan
0.347000
nan
nan
nan
nan
nan
0.249000
nan
nan
nan
nan
nan
nan
nan
nan
nan
nan
nan
0.208000
0.206000
1.000000
1.000000
nan
0.796000
nan
nan
nan
nan
nan
nan
nan
0.212000
0.212000
0.616000
nan
nan
0.877000
0.939000
nan
nan
nan
0.416000
nan
0.447000
nan
0.428000
nan
0.770000
0.906000
nan
0.237000
0.337000
nan
0.650000
0.356000
nan
0.206000
0.701000
nan
nan
nan
nan
1.000000
nan
nan
0.567000
nan
1.000000
nan
nan
nan
nan
nan
0.934000
0.910000
1.000000
0.904000
0.703000
0.616000
nan
nan
nan
nan
nan
0.637000
nan
nan
0.666000
nan
nan
0.189000
nan
0.308000
0.189000
0.401000
0.772000
nan
0.696000
nan
nan
nan
0.904000
0.998000
nan
0.606000
0.278000
nan
0.304000
0.205000
0.934000
nan
nan
nan
nan
0.641000
nan
nan
0.754000
0.496000
nan
nan
0.361000
0.381000
0.702000
0.678000
nan
nan
nan
nan
0.319000
nan
nan
0.597000
0.614000
0.736000
0.847000
nan
nan
0.189000
nan
0.488000
nan
0.596000
0.470000
0.372000
0.298000
nan
0.777000
0.793000
0.652000
0.429000
nan
0.396000
0.210000
0.551000
0.752000
0.361000
0.497000
0.677000
0.711000
nan
0.552000
0.450000
nan
0.661000
0.759000
0.618000
0.772000
0.872000
nan
nan
0.187000
nan
nan
1.000000
0.626000
0.637000
0.313000
nan
0.104000
0.104000
0.472000
0.439000
0.608000
nan
nan
0.113000
0.109000
nan
0.568000
0.408000
0.523000
0.548000
nan
nan
0.262000
0.975000
0.747000
1.000000
nan
nan
0.278000
nan
nan
0.741000
0.503000
0.608000
0.702000
nan
0.522000
0.639000
nan
0.677000
0.780000
nan
nan
0.403000
0.285000
nan
0.905000
0.453000
nan
0.181000
nan
0.844000
0.449000
nan
1.000000
0.294000
0.223000
nan
0.165000
0.389000
nan
1.000000
nan
nan
0.926000
nan
nan
0.131000
nan
nan
0.145000
nan
0.647000
0.486000
0.355000
nan
0.198000
nan
0.390000
0.623000
0.445000
0.581000
0.556000
nan
0.119000
0.129000
0.283000
0.177000
0.114000
