Coverage: 2027.528090
0.017000
0.017000
0.421000
0.153000
0.153000
0.307000
0.268000
nan
0.651000
0.690000
0.307000
nan
nan
nan
0.017000
0.153000
nan
nan
0.192000
nan
nan
0.230000
nan
nan
nan
nan
nan
0.651000
0.575000
nan
0.268000
nan
nan
0.230000
0.038000
0.115000
1.000000
nan
0.575000
nan
nan
0.536000
0.268000
nan
1.000000
nan
nan
0.613000
0.345000
nan
0.613000
0.613000
nan
nan
nan
nan
nan
nan
nan
nan
0.536000
0.498000
0.421000
nan
nan
0.498000
nan
1.000000
0.690000
0.498000
0.843000
nan
nan
nan
nan
0.728000
0.230000
nan
nan
0.345000
0.536000
0.307000
nan
0.613000
0.230000
0.404000
0.471000
nan
nan
0.773000
0.303000
nan
nan
nan
0.841000
nan
0.572000
nan
0.637000
0.260000
nan
nan
0.232000
0.318000
nan
0.984000
nan
nan
nan
nan
0.289000
nan
nan
0.492000
0.897000
0.260000
0.492000
0.550000
nan
0.260000
nan
nan
nan
nan
0.695000
0.753000
0.781000
0.579000
nan
0.376000
0.781000
0.810000
0.376000
nan
1.000000
0.753000
nan
nan
nan
0.071000
0.318000
0.376000
1.000000
0.289000
0.376000
0.434000
0.071000
0.434000
nan
1.000000
0.145000
0.145000
0.071000
nan
nan
nan
0.376000
0.174000
0.810000
nan
0.666000
nan
nan
nan
nan
0.289000
0.347000
nan
0.116000
nan
nan
nan
0.579000
0.087000
nan
nan
nan
nan
