Coverage: 5246.341463
0.063000
0.063000
nan
0.563000
nan
nan
0.115000
0.218000
nan
0.138000
nan
0.103000
0.126000
0.230000
nan
0.218000
0.333000
0.540000
0.184000
0.063000
0.241000
0.138000
nan
nan
nan
nan
0.666000
0.276000
0.241000
0.540000
nan
0.792000
0.723000
nan
0.781000
0.310000
0.356000
nan
nan
nan
1.000000
nan
0.264000
0.092000
0.241000
0.207000
nan
nan
nan
nan
0.723000
nan
0.356000
nan
0.344000
0.321000
nan
nan
0.746000
0.861000
nan
0.804000
0.517000
0.643000
0.689000
nan
0.425000
0.586000
nan
nan
0.367000
0.287000
0.735000
0.700000
nan
1.000000
1.000000
0.563000
nan
nan
0.069000
0.829000
0.602000
0.482000
0.789000
nan
nan
nan
nan
nan
0.522000
0.219000
0.268000
0.535000
nan
0.656000
0.803000
nan
nan
0.455000
0.482000
nan
0.415000
0.241000
0.401000
0.522000
0.669000
nan
0.963000
0.468000
0.669000
0.696000
0.554000
0.693000
1.000000
0.206000
nan
nan
0.353000
0.781000
nan
0.630000
0.642000
0.768000
0.579000
0.831000
0.955000
1.000000
nan
nan
0.252000
nan
0.907000
0.743000
nan
0.730000
nan
0.604000
nan
0.655000
nan
0.743000
0.818000
nan
0.756000
0.554000
nan
nan
nan
0.206000
0.705000
nan
nan
nan
0.768000
0.869000
nan
0.290000
nan
0.705000
0.213000
0.260000
nan
nan
nan
0.708000
0.826000
0.732000
nan
nan
nan
1.000000
nan
0.472000
nan
nan
nan
nan
0.791000
0.531000
0.354000
nan
0.885000
nan
0.496000
0.295000
0.331000
0.354000
0.472000
nan
nan
0.567000
nan
0.496000
nan
nan
nan
0.390000
nan
nan
0.720000
nan
nan
nan
0.193000
