Coverage: 11225.523013
nan
0.130000
nan
nan
0.328000
nan
nan
nan
0.206000
nan
nan
0.167000
0.367000
0.250000
0.495000
0.484000
nan
nan
nan
0.172000
0.139000
nan
0.506000
0.261000
nan
nan
nan
0.306000
0.311000
nan
nan
0.795000
1.000000
nan
nan
nan
0.130000
0.245000
nan
nan
nan
nan
nan
nan
0.573000
0.612000
nan
nan
0.284000
nan
nan
nan
nan
nan
0.751000
0.834000
0.723000
0.550000
0.567000
nan
0.445000
nan
0.606000
nan
0.917000
nan
nan
0.567000
nan
0.550000
0.328000
0.634000
0.734000
0.328000
0.512000
nan
0.495000
0.378000
nan
nan
nan
nan
0.206000
nan
nan
0.272000
0.306000
nan
0.250000
nan
nan
0.311000
nan
0.345000
nan
1.000000
1.000000
nan
nan
nan
0.130000
nan
nan
0.178000
nan
nan
nan
0.272000
nan
nan
0.389000
nan
nan
0.938000
nan
nan
nan
0.607000
0.360000
nan
0.725000
1.000000
0.579000
0.576000
0.860000
nan
nan
nan
0.308000
nan
0.593000
nan
0.530000
0.803000
1.000000
1.000000
nan
0.889000
0.650000
nan
nan
nan
0.405000
0.427000
nan
nan
nan
0.769000
0.952000
0.707000
0.883000
nan
0.729000
0.370000
0.234000
0.598000
nan
nan
nan
nan
0.524000
0.707000
nan
nan
nan
nan
nan
0.256000
0.234000
nan
nan
nan
nan
nan
nan
0.484000
0.410000
nan
nan
nan
nan
nan
nan
0.764000
nan
nan
0.883000
nan
0.553000
0.593000
0.519000
nan
nan
nan
nan
nan
0.405000
nan
nan
nan
0.348000
nan
0.223000
nan
nan
0.513000
nan
nan
nan
1.000000
0.889000
0.593000
0.325000
nan
nan
nan
nan
nan
0.331000
nan
0.667000
nan
0.228000
0.313000
0.262000
nan
0.561000
nan
0.468000
nan
nan
nan
0.451000
0.225000
nan
nan
nan
0.216000
0.216000
