Coverage: 215526.273458
nan
0.133000
0.146000
nan
nan
nan
nan
nan
0.373000
nan
0.458000
nan
nan
nan
nan
nan
0.429000
nan
nan
nan
0.216000
nan
0.581000
nan
0.324000
0.274000
0.378000
0.342000
0.370000
0.595000
0.465000
nan
0.485000
nan
0.471000
0.485000
nan
nan
nan
nan
nan
nan
nan
0.530000
nan
nan
0.707000
nan
nan
0.486000
0.286000
0.723000
0.772000
nan
nan
0.493000
nan
0.246000
0.165000
0.133000
nan
nan
nan
0.170000
nan
nan
0.973000
0.907000
nan
nan
nan
0.138000
nan
nan
nan
nan
1.000000
nan
nan
nan
nan
nan
0.208000
0.170000
0.160000
0.647000
0.825000
0.936000
0.535000
0.337000
nan
0.330000
0.584000
nan
nan
nan
nan
nan
0.487000
nan
0.789000
nan
nan
0.718000
1.000000
nan
nan
nan
1.000000
nan
0.245000
0.297000
0.133000
0.426000
nan
0.792000
0.645000
nan
nan
nan
nan
0.320000
nan
nan
nan
nan
nan
0.795000
0.216000
0.173000
nan
0.213000
0.565000
0.762000
nan
nan
0.287000
0.276000
nan
0.307000
nan
nan
0.270000
0.284000
0.373000
0.227000
0.529000
0.735000
0.884000
nan
nan
0.657000
nan
nan
nan
nan
nan
0.616000
nan
nan
nan
nan
nan
0.814000
nan
nan
nan
nan
nan
0.293000
nan
nan
0.914000
nan
nan
0.765000
0.874000
nan
nan
nan
0.234000
0.257000
0.187000
0.206000
0.272000
nan
nan
nan
nan
nan
nan
nan
nan
0.159000
0.136000
nan
nan
nan
nan
1.000000
0.995000
1.000000
0.160000
0.136000
nan
0.248000
0.136000
0.187000
0.249000
0.506000
nan
nan
0.855000
1.000000
nan
nan
0.731000
nan
0.291000
nan
nan
nan
nan
nan
nan
0.283000
0.916000
1.000000
nan
nan
nan
0.565000
nan
nan
0.347000
0.190000
nan
nan
1.000000
nan
0.223000
0.294000
0.176000
nan
0.569000
0.755000
nan
0.594000
0.367000
nan
0.309000
nan
nan
nan
0.304000
nan
0.426000
0.337000
0.402000
nan
nan
nan
0.286000
1.000000
nan
nan
nan
nan
nan
nan
0.259000
nan
nan
nan
nan
0.430000
nan
nan
nan
0.258000
nan
0.732000
nan
nan
0.463000
nan
0.369000
nan
nan
nan
0.282000
nan
nan
nan
nan
nan
0.196000
0.318000
nan
nan
nan
nan
nan
0.844000
0.472000
0.760000
0.792000
nan
nan
nan
nan
0.456000
0.504000
0.323000
0.466000
0.455000
nan
0.414000
0.628000
0.458000
nan
0.315000
0.217000
0.342000
0.495000
nan
0.412000
0.475000
nan
nan
nan
0.287000
nan
0.394000
nan
0.194000
nan
nan
nan
nan
0.306000
nan
nan
nan
nan
0.252000
nan
0.353000
0.251000
nan
0.219000
nan
0.298000
0.281000
nan
0.201000
nan
nan
0.300000
0.316000
nan
0.336000
nan
0.245000
nan
nan
nan
0.170000
nan
0.170000
0.170000
nan
nan
