Coverage: 59866.011236
nan
nan
0.184000
0.224000
0.307000
nan
nan
nan
nan
0.154000
0.118000
nan
nan
nan
0.264000
0.379000
nan
nan
nan
nan
0.524000
nan
0.295000
0.245000
0.239000
0.197000
nan
0.547000
0.446000
0.638000
0.318000
nan
0.330000
0.245000
0.118000
nan
0.461000
0.470000
0.173000
0.229000
0.601000
nan
0.305000
nan
nan
nan
nan
nan
nan
0.277000
0.392000
nan
nan
nan
0.580000
nan
nan
nan
0.163000
0.255000
nan
0.206000
1.000000
1.000000
nan
1.000000
nan
0.857000
nan
0.435000
nan
nan
0.395000
0.118000
0.233000
0.417000
0.130000
0.548000
0.390000
nan
nan
0.546000
0.291000
0.363000
0.531000
0.331000
nan
nan
0.287000
0.622000
nan
0.757000
nan
nan
nan
nan
nan
0.367000
nan
0.521000
0.562000
nan
0.555000
nan
nan
nan
0.662000
0.747000
0.926000
nan
nan
nan
nan
0.491000
nan
1.000000
nan
nan
0.692000
nan
0.463000
nan
nan
nan
0.405000
0.248000
0.391000
0.313000
0.403000
nan
nan
0.566000
nan
0.383000
0.310000
0.257000
0.248000
nan
0.442000
nan
nan
0.911000
0.811000
nan
0.315000
0.276000
nan
0.420000
nan
nan
0.380000
nan
nan
0.414000
0.334000
0.683000
0.715000
nan
nan
nan
nan
nan
nan
nan
0.558000
0.663000
nan
nan
nan
0.815000
0.502000
0.547000
nan
0.575000
1.000000
nan
nan
nan
nan
0.248000
0.466000
0.608000
nan
nan
0.794000
nan
nan
nan
1.000000
0.806000
nan
0.579000
0.600000
nan
nan
nan
nan
nan
nan
nan
0.371000
0.583000
0.509000
nan
0.420000
0.744000
nan
nan
nan
nan
nan
nan
0.376000
0.272000
0.167000
0.330000
0.849000
1.000000
nan
0.548000
nan
nan
nan
nan
0.565000
nan
0.362000
0.321000
0.228000
nan
0.470000
nan
0.789000
0.867000
nan
0.427000
nan
0.202000
0.270000
0.287000
0.370000
0.917000
nan
0.393000
0.376000
0.240000
0.429000
0.792000
0.658000
0.810000
0.789000
0.470000
nan
0.494000
0.651000
0.372000
nan
nan
nan
0.184000
0.331000
0.401000
nan
nan
1.000000
0.845000
0.522000
0.377000
nan
nan
nan
nan
0.957000
0.714000
nan
0.804000
nan
0.253000
nan
1.000000
0.558000
nan
nan
nan
nan
0.168000
0.139000
nan
0.952000
nan
nan
nan
nan
0.899000
0.998000
nan
0.998000
nan
nan
0.581000
0.416000
nan
nan
0.497000
nan
nan
nan
0.422000
0.712000
nan
0.217000
0.365000
0.320000
nan
nan
nan
0.195000
nan
0.310000
nan
nan
0.241000
0.098000
nan
nan
nan
0.210000
0.361000
nan
nan
nan
nan
nan
nan
nan
nan
0.440000
0.359000
nan
nan
nan
0.157000
0.117000
nan
nan
nan
nan
nan
nan
nan
0.103000
nan
nan
0.108000
0.098000
0.098000
