Coverage: 2965.277778
nan
nan
0.156000
0.156000
0.191000
nan
0.446000
nan
nan
nan
nan
0.361000
0.212000
nan
0.156000
0.658000
0.573000
nan
nan
nan
0.488000
nan
0.977000
0.488000
0.552000
nan
nan
0.234000
nan
0.467000
nan
0.340000
0.255000
nan
0.467000
1.000000
nan
nan
nan
nan
nan
0.892000
nan
nan
0.679000
nan
0.403000
0.340000
0.297000
nan
0.297000
nan
0.701000
nan
nan
nan
nan
nan
nan
0.573000
nan
0.849000
nan
nan
nan
nan
nan
nan
nan
nan
nan
0.403000
0.701000
nan
1.000000
nan
nan
nan
0.701000
1.000000
nan
nan
nan
nan
nan
nan
0.637000
0.764000
0.658000
nan
0.552000
0.552000
0.934000
nan
nan
nan
0.701000
nan
0.488000
nan
0.573000
0.594000
0.637000
nan
0.382000
nan
0.382000
nan
0.382000
0.467000
0.658000
nan
nan
0.849000
nan
nan
0.298000
nan
nan
0.373000
nan
0.634000
0.969000
0.578000
0.429000
0.932000
0.876000
nan
0.764000
0.783000
0.932000
0.634000
0.596000
0.820000
nan
0.801000
0.783000
nan
0.615000
0.820000
nan
0.596000
0.410000
0.876000
nan
0.783000
nan
1.000000
nan
0.690000
nan
nan
nan
nan
0.652000
0.801000
nan
0.690000
0.615000
nan
0.195000
nan
0.205000
nan
nan
0.522000
0.317000
0.503000
nan
nan
0.317000
nan
nan
0.783000
1.000000
nan
0.429000
nan
nan
0.195000
0.224000
nan
0.195000
nan
nan
0.354000
nan
nan
nan
nan
nan
nan
nan
nan
1.000000
nan
nan
nan
0.429000
nan
nan
0.783000
0.746000
nan
0.708000
nan
0.336000
0.298000
0.336000
nan
nan
nan
0.429000
0.503000
0.373000
nan
