Coverage: 99134.824903
nan
nan
0.466000
0.329000
nan
0.575000
0.742000
nan
nan
nan
nan
0.447000
0.783000
nan
0.560000
0.594000
nan
nan
0.615000
nan
nan
nan
nan
0.178000
0.171000
nan
nan
nan
0.335000
0.376000
nan
0.846000
1.000000
0.892000
nan
nan
0.217000
nan
nan
0.987000
nan
0.376000
0.203000
0.171000
nan
nan
0.176000
0.611000
nan
0.862000
0.612000
nan
0.371000
0.335000
0.186000
0.499000
1.000000
0.533000
nan
0.612000
0.210000
0.171000
nan
nan
nan
0.657000
0.820000
nan
nan
nan
nan
nan
0.378000
nan
1.000000
nan
0.814000
nan
0.500000
nan
0.487000
0.514000
0.618000
0.311000
0.834000
0.796000
nan
0.414000
nan
nan
0.364000
nan
nan
0.309000
0.257000
0.508000
0.661000
nan
nan
0.316000
nan
nan
nan
nan
0.742000
0.615000
0.910000
0.954000
0.925000
nan
nan
0.927000
0.906000
0.482000
0.375000
0.397000
0.536000
nan
0.687000
nan
nan
nan
nan
0.619000
0.355000
nan
0.260000
0.268000
nan
0.571000
0.742000
0.785000
0.940000
nan
nan
nan
0.620000
0.932000
nan
nan
nan
0.515000
nan
0.556000
0.560000
0.415000
0.423000
0.260000
0.356000
0.319000
nan
0.392000
1.000000
0.551000
nan
nan
0.260000
nan
nan
1.000000
0.333000
0.412000
0.580000
0.427000
nan
0.716000
nan
0.898000
nan
nan
0.811000
0.655000
nan
0.611000
0.605000
nan
nan
nan
nan
nan
1.000000
0.592000
nan
0.503000
nan
nan
nan
nan
0.497000
0.512000
0.508000
0.408000
nan
nan
nan
nan
nan
nan
nan
nan
nan
nan
0.388000
0.544000
0.522000
0.643000
nan
nan
nan
nan
0.340000
0.384000
0.653000
nan
nan
0.683000
0.435000
0.466000
nan
0.340000
nan
0.468000
0.516000
0.733000
0.530000
0.528000
0.433000
nan
0.421000
0.406000
0.286000
0.305000
0.393000
0.486000
nan
0.554000
0.649000
0.684000
nan
0.655000
1.000000
nan
nan
0.267000
0.267000
nan
nan
0.267000
0.416000
0.651000
nan
nan
0.555000
0.670000
nan
nan
0.769000
nan
0.509000
0.460000
nan
0.621000
0.723000
nan
nan
nan
nan
0.655000
0.539000
nan
nan
0.449000
nan
nan
nan
1.000000
1.000000
nan
nan
nan
nan
0.400000
0.347000
0.431000
0.994000
0.904000
nan
nan
nan
nan
nan
nan
nan
0.691000
nan
0.431000
0.228000
0.228000
0.588000
0.479000
0.764000
0.722000
nan
nan
nan
0.372000
0.273000
0.353000
0.782000
1.000000
nan
0.716000
1.000000
nan
nan
0.425000
nan
nan
0.786000
0.612000
nan
nan
nan
0.650000
nan
0.663000
nan
nan
nan
0.338000
0.336000
nan
nan
0.539000
nan
nan
1.000000
0.267000
nan
0.775000
0.649000
nan
0.336000
nan
nan
0.398000
nan
nan
nan
nan
nan
0.801000
0.645000
0.604000
nan
nan
nan
0.385000
nan
0.466000
0.482000
0.462000
0.402000
nan
0.442000
0.405000
nan
0.322000
nan
nan
nan
nan
0.408000
0.294000
0.228000
nan
nan
nan
0.393000
0.244000
nan
0.857000
nan
1.000000
1.000000
nan
nan
nan
nan
nan
nan
nan
1.000000
0.999000
nan
nan
0.978000
0.709000
nan
0.360000
0.487000
0.436000
nan
nan
nan
0.704000
0.719000
nan
0.741000
nan
nan
0.673000
nan
nan
nan
nan
nan
0.296000
0.273000
0.308000
nan
nan
nan
nan
nan
0.545000
nan
nan
nan
0.263000
0.301000
0.228000
nan
0.431000
nan
0.332000
0.436000
0.412000
0.228000
nan
0.322000
0.209000
0.137000
nan
0.152000
nan
nan
nan
0.228000
0.209000
nan
0.185000
0.156000
0.185000
0.145000
nan
nan
nan
nan
0.088000
0.114000
0.114000
nan
nan
0.092000
0.066000
nan
nan
0.152000
nan
nan
0.085000
0.111000
nan
0.107000
nan
nan
0.079000
0.135000
0.133000
nan
0.092000
0.059000
0.183000
nan
nan
nan
nan
0.061000
nan
nan
nan
nan
0.037000
0.065000
nan
0.068000
nan
nan
nan
0.014000
0.008000
0.008000
nan
nan
nan
nan
nan
nan
nan
0.010000
0.008000
nan
nan
