Coverage: 22504.656319
nan
nan
nan
0.423000
0.540000
nan
nan
nan
0.157000
0.157000
0.194000
0.288000
nan
nan
nan
nan
nan
nan
nan
nan
nan
0.438000
0.490000
0.406000
0.621000
nan
0.357000
0.426000
0.344000
nan
0.360000
0.420000
0.723000
nan
nan
nan
nan
nan
0.661000
nan
0.710000
1.000000
0.818000
0.707000
0.884000
nan
0.246000
0.288000
0.192000
0.438000
0.582000
0.992000
0.179000
nan
nan
0.369000
1.000000
nan
nan
nan
0.826000
0.301000
0.157000
nan
nan
0.677000
nan
0.338000
0.315000
nan
0.289000
0.170000
nan
nan
0.194000
nan
0.193000
0.887000
1.000000
0.989000
0.547000
0.750000
nan
nan
nan
nan
nan
nan
nan
0.403000
0.426000
0.189000
0.210000
0.264000
0.306000
1.000000
1.000000
1.000000
nan
nan
nan
nan
nan
nan
nan
0.875000
0.897000
nan
nan
0.417000
0.635000
0.592000
0.772000
nan
0.931000
nan
nan
nan
0.222000
nan
nan
0.447000
nan
nan
nan
nan
0.978000
0.994000
0.689000
nan
0.241000
nan
nan
nan
0.311000
0.483000
nan
0.467000
0.424000
nan
0.794000
0.350000
0.258000
nan
nan
0.198000
0.333000
nan
nan
nan
0.198000
0.509000
nan
nan
0.830000
0.527000
nan
0.800000
nan
0.821000
0.922000
0.683000
nan
0.528000
nan
nan
0.486000
0.259000
0.356000
0.475000
nan
0.198000
0.364000
0.274000
nan
nan
nan
0.427000
0.198000
nan
nan
0.334000
0.647000
0.347000
0.434000
0.508000
nan
0.719000
1.000000
nan
0.217000
nan
0.217000
0.721000
nan
nan
0.744000
0.578000
nan
0.563000
0.528000
0.553000
nan
nan
nan
0.306000
nan
nan
0.279000
0.526000
1.000000
nan
nan
0.761000
nan
nan
nan
0.395000
0.289000
0.245000
0.268000
0.815000
nan
0.333000
0.382000
nan
nan
nan
nan
1.000000
nan
nan
nan
nan
nan
nan
0.711000
nan
0.794000
0.586000
nan
0.511000
nan
0.603000
nan
0.725000
0.513000
nan
0.717000
nan
0.611000
0.653000
0.630000
0.759000
nan
0.609000
0.723000
nan
nan
nan
nan
nan
0.611000
0.624000
nan
0.472000
nan
nan
nan
0.613000
nan
nan
nan
nan
0.709000
nan
nan
nan
nan
nan
0.555000
nan
0.952000
0.603000
0.540000
0.565000
nan
0.217000
nan
nan
0.382000
0.642000
1.000000
1.000000
1.000000
0.743000
0.887000
0.908000
nan
nan
nan
0.586000
0.757000
nan
0.642000
nan
0.501000
nan
0.418000
nan
0.607000
nan
0.586000
nan
0.849000
0.539000
nan
0.224000
nan
nan
0.342000
0.362000
0.533000
nan
nan
0.463000
nan
nan
nan
0.413000
nan
0.395000
0.377000
nan
0.339000
nan
nan
0.377000
0.197000
0.671000
nan
nan
0.537000
nan
nan
nan
0.711000
0.489000
nan
0.391000
nan
0.672000
nan
nan
0.599000
0.421000
nan
0.299000
nan
nan
0.330000
nan
nan
0.311000
0.110000
nan
nan
nan
0.165000
nan
nan
nan
0.140000
0.171000
0.195000
nan
nan
nan
0.128000
0.147000
nan
nan
0.104000
0.324000
0.104000
0.076000
nan
nan
nan
0.128000
0.095000
nan
0.148000
nan
nan
nan
nan
0.111000
nan
0.083000
nan
nan
nan
0.102000
0.037000
0.046000
nan
nan
nan
nan
nan
nan
0.083000
0.037000
0.139000
0.019000
0.028000
0.056000
nan
0.120000
nan
nan
nan
nan
0.102000
0.056000
nan
nan
nan
0.009000
0.028000
0.009000
0.074000
nan
nan
nan
nan
0.009000
0.009000
0.065000
0.046000
nan
nan
nan
0.037000
nan
nan
0.037000
0.019000
nan
nan
