Coverage: 5315.577889
0.061000
nan
nan
0.267000
nan
0.490000
nan
nan
nan
0.914000
0.061000
0.134000
0.061000
nan
nan
0.479000
0.557000
nan
nan
nan
nan
nan
nan
0.602000
0.334000
0.067000
nan
nan
nan
0.123000
nan
0.557000
nan
0.669000
nan
0.256000
0.156000
0.256000
nan
nan
nan
nan
0.702000
nan
nan
0.969000
nan
nan
nan
nan
0.223000
0.189000
0.178000
nan
1.000000
nan
0.825000
0.334000
nan
0.546000
nan
0.446000
nan
0.423000
0.880000
0.858000
nan
nan
1.000000
1.000000
nan
0.591000
nan
nan
0.279000
0.345000
nan
0.379000
nan
nan
nan
0.201000
0.568000
0.223000
0.323000
0.546000
0.189000
0.256000
0.624000
nan
0.357000
nan
nan
nan
nan
nan
0.568000
0.802000
nan
0.428000
nan
0.370000
nan
nan
nan
0.371000
0.586000
0.670000
0.347000
0.371000
nan
nan
nan
0.718000
nan
1.000000
0.910000
nan
nan
0.335000
0.479000
0.575000
0.766000
0.622000
0.443000
nan
0.239000
nan
nan
nan
nan
nan
0.838000
0.467000
nan
0.826000
0.718000
0.742000
nan
1.000000
0.778000
nan
nan
nan
0.145000
nan
nan
0.706000
nan
0.802000
nan
nan
0.993000
nan
nan
0.527000
0.539000
1.000000
nan
nan
nan
0.539000
0.694000
0.192000
0.682000
0.838000
nan
nan
nan
nan
nan
0.694000
0.598000
nan
nan
nan
nan
nan
0.455000
nan
0.646000
0.646000
0.658000
0.515000
nan
nan
nan
nan
nan
0.145000
0.192000
nan
0.790000
0.431000
0.383000
nan
0.491000
nan
0.145000
