Coverage: 830.412371
0.000000
0.000000
nan
0.263000
nan
0.263000
0.263000
nan
0.592000
0.263000
0.263000
0.066000
0.132000
nan
nan
0.724000
0.132000
0.197000
0.658000
1.000000
nan
0.526000
nan
0.263000
nan
nan
0.658000
0.197000
nan
nan
0.000000
0.132000
nan
nan
nan
0.592000
0.855000
0.526000
0.000000
0.658000
nan
nan
nan
nan
nan
nan
0.329000
nan
nan
1.000000
0.526000
0.592000
nan
nan
0.263000
nan
nan
nan
nan
0.263000
0.526000
1.000000
0.724000
0.132000
0.263000
nan
nan
nan
0.461000
0.461000
nan
0.526000
0.066000
0.263000
nan
nan
0.724000
0.132000
0.658000
nan
0.724000
nan
nan
nan
0.000000
0.263000
nan
0.132000
0.592000
1.000000
nan
0.071000
0.786000
nan
nan
nan
0.643000
nan
0.286000
nan
nan
nan
nan
1.000000
0.593000
0.964000
nan
nan
0.371000
0.519000
0.445000
nan
nan
0.964000
0.445000
nan
0.668000
0.593000
nan
nan
0.371000
0.148000
0.371000
0.371000
nan
0.223000
nan
nan
nan
0.519000
0.148000
0.593000
1.000000
0.297000
1.000000
nan
0.816000
nan
nan
nan
0.519000
nan
0.297000
0.223000
0.297000
nan
0.445000
nan
nan
0.074000
nan
nan
nan
0.223000
0.445000
0.371000
nan
nan
nan
nan
0.445000
nan
nan
0.593000
nan
nan
nan
0.593000
0.593000
0.371000
0.053000
0.297000
0.297000
0.371000
nan
0.053000
nan
0.148000
0.593000
0.445000
nan
nan
0.445000
nan
0.462000
nan
0.462000
nan
1.000000
nan
0.035000
0.385000
0.538000
nan
