Coverage: 2938.190955
nan
nan
nan
nan
nan
nan
0.224000
nan
nan
nan
0.622000
0.450000
nan
nan
nan
nan
0.429000
0.364000
0.364000
nan
0.364000
0.879000
0.536000
nan
nan
0.343000
0.965000
0.300000
0.279000
0.557000
0.386000
0.514000
0.450000
nan
0.450000
0.364000
nan
0.815000
nan
0.772000
0.622000
nan
0.750000
0.857000
0.472000
nan
0.943000
nan
0.224000
nan
0.386000
0.429000
0.386000
0.322000
nan
0.224000
0.236000
0.686000
0.536000
nan
nan
nan
nan
nan
0.900000
nan
nan
0.386000
0.257000
1.000000
nan
nan
nan
1.000000
nan
nan
nan
0.557000
0.707000
0.729000
0.665000
0.579000
0.600000
0.665000
nan
0.407000
nan
nan
nan
nan
1.000000
nan
0.343000
0.081000
0.081000
0.228000
0.622000
0.643000
0.207000
nan
0.539000
nan
0.747000
0.436000
0.539000
1.000000
nan
nan
nan
nan
0.498000
0.456000
0.373000
nan
nan
nan
nan
nan
nan
nan
nan
nan
nan
0.788000
nan
nan
nan
nan
nan
nan
nan
nan
nan
0.892000
0.436000
0.539000
0.726000
nan
nan
nan
0.249000
nan
1.000000
0.809000
nan
nan
0.809000
1.000000
nan
0.643000
nan
0.498000
nan
0.118000
0.166000
0.187000
0.830000
0.768000
0.830000
0.106000
0.249000
0.373000
nan
0.290000
0.622000
0.228000
nan
0.166000
nan
0.643000
0.332000
nan
nan
nan
0.685000
0.394000
0.954000
0.353000
nan
nan
0.290000
nan
nan
nan
0.643000
nan
0.373000
nan
nan
nan
nan
nan
0.685000
0.539000
nan
0.394000
0.353000
0.373000
0.132000
