Coverage: 3084.745763
0.085000
nan
0.570000
0.570000
nan
0.570000
0.142000
0.427000
nan
0.085000
nan
nan
nan
0.256000
0.171000
nan
nan
nan
nan
nan
nan
0.171000
0.342000
nan
nan
nan
nan
0.370000
0.285000
nan
nan
nan
0.826000
0.655000
0.427000
0.598000
0.541000
0.826000
0.627000
nan
nan
nan
nan
0.427000
0.826000
0.114000
0.627000
nan
1.000000
0.712000
nan
1.000000
nan
nan
nan
nan
0.456000
nan
nan
0.228000
nan
nan
nan
nan
nan
0.427000
1.000000
nan
0.684000
0.855000
0.484000
nan
0.741000
0.513000
0.969000
0.570000
0.655000
0.684000
0.769000
nan
0.138000
nan
nan
0.083000
0.138000
nan
0.606000
nan
nan
0.138000
0.075000
0.248000
0.606000
0.909000
nan
0.985000
nan
1.000000
nan
nan
0.479000
0.293000
0.479000
0.826000
nan
nan
nan
nan
0.772000
0.719000
nan
0.533000
0.399000
nan
0.719000
0.826000
1.000000
nan
nan
0.133000
0.240000
0.692000
0.559000
nan
nan
nan
0.719000
nan
nan
nan
nan
nan
0.506000
0.213000
nan
0.399000
nan
0.479000
0.346000
0.639000
nan
0.613000
1.000000
0.613000
0.772000
nan
0.065000
nan
nan
nan
nan
nan
0.133000
nan
0.586000
0.426000
0.772000
nan
nan
0.107000
nan
nan
0.293000
nan
nan
nan
nan
0.133000
0.399000
0.293000
0.586000
0.426000
nan
nan
nan
nan
0.065000
