Coverage: 29355.642023
nan
nan
nan
nan
nan
0.020000
0.014000
0.041000
0.057000
0.075000
nan
nan
nan
0.202000
0.630000
nan
nan
0.083000
nan
nan
0.026000
0.023000
0.151000
0.560000
nan
nan
nan
0.502000
0.574000
1.000000
0.959000
1.000000
1.000000
nan
nan
nan
nan
nan
nan
0.546000
0.435000
nan
nan
nan
nan
0.402000
nan
0.181000
0.126000
0.096000
nan
nan
nan
nan
nan
nan
0.017000
0.011000
0.004000
0.008000
0.013000
0.005000
0.005000
0.005000
0.007000
nan
nan
nan
nan
nan
nan
nan
nan
nan
nan
nan
0.001000
0.003000
nan
nan
nan
0.003000
0.002000
nan
0.001000
0.002000
0.003000
nan
nan
nan
nan
0.000000
nan
nan
0.001000
nan
nan
nan
nan
nan
nan
nan
nan
nan
nan
0.002000
0.001000
nan
nan
0.000000
nan
0.002000
0.001000
nan
nan
0.001000
0.000000
0.000000
nan
nan
nan
0.000000
nan
nan
1.000000
nan
nan
nan
nan
nan
nan
0.000000
nan
0.000000
nan
nan
0.000000
0.000000
nan
nan
nan
0.250000
nan
0.000000
nan
nan
nan
nan
0.250000
nan
nan
nan
0.000000
nan
0.250000
nan
nan
0.250000
nan
nan
0.750000
0.000000
nan
1.000000
0.000000
0.250000
0.500000
0.250000
nan
0.000000
0.500000
0.000000
0.250000
nan
nan
0.250000
nan
nan
0.000000
0.000000
0.000000
nan
0.000000
nan
0.000000
nan
0.000000
0.000000
nan
nan
0.000000
nan
nan
0.500000
nan
0.250000
0.250000
0.000000
0.000000
1.000000
0.500000
0.500000
0.500000
1.000000
0.000000
0.000000
1.000000
nan
0.000000
nan
0.000000
nan
nan
nan
nan
0.000000
0.000000
nan
0.000000
0.000000
nan
nan
0.000000
0.500000
nan
nan
nan
0.500000
nan
nan
nan
0.000000
nan
0.500000
nan
nan
nan
0.000000
0.500000
nan
0.000000
nan
0.000000
nan
nan
nan
0.000000
0.000000
0.000000
0.500000
1.000000
nan
nan
nan
0.000000
0.000000
0.000000
