Coverage: 27644.925125
nan
nan
nan
0.019000
0.022000
0.018000
0.024000
0.033000
nan
0.027000
nan
0.020000
nan
0.022000
nan
0.012000
nan
0.012000
0.025000
0.019000
nan
0.020000
0.022000
0.020000
0.016000
0.012000
nan
nan
nan
nan
nan
nan
nan
0.037000
0.037000
nan
nan
0.029000
nan
0.022000
nan
nan
nan
nan
0.043000
0.022000
0.039000
0.043000
0.051000
0.031000
nan
nan
0.041000
nan
0.059000
1.000000
0.106000
0.051000
0.073000
0.102000
nan
0.103000
0.074000
0.078000
1.000000
nan
0.087000
nan
nan
0.059000
1.000000
0.102000
0.124000
nan
0.120000
0.094000
nan
nan
0.147000
0.077000
nan
0.032000
nan
0.128000
0.140000
1.000000
0.288000
0.154000
0.165000
0.264000
0.299000
nan
0.406000
nan
0.247000
0.206000
0.084000
nan
nan
0.481000
0.157000
nan
0.163000
0.139000
nan
0.233000
nan
nan
0.092000
nan
0.067000
nan
nan
nan
nan
nan
nan
0.630000
0.515000
nan
0.509000
0.547000
nan
0.531000
0.503000
nan
nan
nan
0.506000
0.514000
nan
nan
nan
nan
nan
0.121000
0.101000
nan
nan
nan
nan
0.309000
0.389000
nan
nan
0.215000
nan
nan
nan
nan
nan
nan
0.471000
0.436000
nan
0.256000
0.240000
0.190000
0.432000
0.352000
nan
0.089000
1.000000
nan
nan
0.039000
0.044000
0.063000
nan
nan
nan
0.324000
0.376000
0.316000
nan
0.080000
0.053000
nan
nan
nan
0.039000
1.000000
nan
nan
0.039000
0.178000
0.275000
nan
nan
nan
1.000000
nan
0.078000
nan
0.209000
0.251000
nan
0.203000
nan
nan
0.039000
nan
nan
0.038000
nan
nan
nan
0.054000
nan
nan
0.118000
1.000000
0.178000
nan
0.307000
nan
0.254000
0.155000
nan
nan
nan
nan
nan
nan
0.283000
0.158000
1.000000
0.228000
nan
0.319000
nan
0.121000
0.137000
nan
0.162000
0.153000
0.236000
0.320000
nan
nan
0.319000
0.178000
0.038000
0.041000
0.082000
0.091000
0.128000
nan
0.075000
nan
0.070000
nan
nan
nan
nan
nan
0.038000
nan
0.137000
0.076000
nan
nan
nan
0.234000
0.217000
nan
nan
0.078000
nan
nan
nan
nan
0.299000
nan
nan
0.311000
nan
nan
0.269000
nan
0.327000
0.997000
nan
0.996000
nan
nan
nan
0.175000
nan
0.163000
nan
nan
1.000000
nan
nan
nan
nan
nan
nan
nan
nan
1.000000
nan
0.112000
0.131000
nan
0.262000
0.298000
nan
0.328000
nan
0.264000
0.269000
nan
0.324000
0.322000
nan
0.244000
0.213000
nan
nan
nan
1.000000
nan
0.230000
nan
nan
0.216000
nan
nan
nan
nan
nan
nan
0.880000
nan
0.097000
0.592000
nan
nan
nan
0.256000
0.210000
nan
nan
nan
0.692000
nan
0.212000
0.213000
nan
0.194000
nan
nan
nan
0.095000
nan
nan
nan
nan
0.190000
0.180000
0.290000
nan
0.232000
0.352000
nan
0.182000
nan
nan
nan
0.085000
0.188000
0.211000
0.241000
0.105000
nan
0.085000
0.104000
0.122000
nan
nan
0.089000
nan
0.231000
0.322000
0.230000
0.286000
nan
0.667000
nan
0.709000
nan
nan
nan
nan
nan
0.667000
nan
0.085000
0.161000
0.668000
0.674000
nan
nan
0.193000
nan
nan
nan
0.713000
0.355000
0.411000
0.271000
0.138000
0.391000
nan
nan
0.478000
1.000000
0.394000
nan
0.196000
nan
nan
nan
nan
nan
0.814000
0.803000
nan
0.889000
0.489000
0.822000
nan
0.582000
1.000000
0.875000
0.710000
nan
nan
0.240000
0.590000
0.982000
0.794000
nan
nan
nan
0.296000
nan
nan
nan
nan
nan
nan
nan
0.596000
0.308000
nan
0.179000
0.224000
0.299000
0.529000
nan
nan
nan
nan
0.138000
0.579000
0.749000
0.808000
0.696000
nan
0.789000
0.727000
0.562000
1.000000
nan
0.207000
nan
nan
nan
0.145000
0.159000
nan
nan
nan
nan
0.238000
0.579000
nan
0.481000
nan
nan
nan
nan
0.229000
0.138000
nan
0.476000
nan
nan
0.284000
nan
0.718000
0.724000
nan
0.270000
0.274000
0.642000
0.493000
nan
nan
nan
0.654000
0.243000
nan
nan
nan
nan
0.198000
nan
0.127000
0.090000
0.446000
0.380000
0.278000
1.000000
nan
0.131000
nan
0.256000
0.123000
0.773000
nan
nan
0.376000
nan
nan
nan
nan
nan
nan
nan
0.200000
nan
0.341000
nan
0.425000
0.354000
0.315000
0.935000
nan
nan
1.000000
0.368000
nan
0.303000
nan
nan
nan
nan
0.207000
nan
0.499000
nan
0.397000
0.305000
nan
0.589000
0.280000
0.299000
nan
nan
0.174000
nan
nan
0.221000
1.000000
0.546000
nan
nan
0.456000
0.550000
nan
nan
0.104000
nan
nan
0.258000
0.223000
nan
0.062000
nan
nan
0.062000
nan
nan
nan
nan
nan
0.062000
