Coverage: 14372.776770
0.032000
nan
nan
nan
nan
0.055000
nan
nan
nan
nan
0.890000
0.217000
nan
0.032000
nan
nan
0.101000
nan
nan
nan
0.068000
nan
0.930000
nan
0.088000
0.032000
0.050000
nan
0.066000
0.226000
nan
0.535000
1.000000
0.780000
nan
0.077000
0.075000
nan
0.033000
nan
nan
0.096000
nan
nan
nan
nan
0.596000
nan
0.642000
nan
nan
nan
nan
nan
nan
nan
nan
nan
nan
nan
0.908000
0.984000
0.745000
nan
nan
1.000000
nan
nan
nan
nan
0.127000
0.138000
nan
nan
nan
nan
nan
1.000000
0.978000
0.695000
0.636000
nan
nan
nan
nan
0.169000
nan
0.329000
nan
nan
nan
nan
nan
nan
nan
0.504000
nan
nan
nan
nan
0.423000
0.566000
0.493000
0.509000
0.388000
nan
0.318000
0.311000
nan
0.697000
nan
nan
0.658000
nan
0.467000
nan
nan
0.103000
nan
0.151000
0.099000
nan
nan
nan
nan
0.364000
0.215000
0.145000
nan
nan
0.089000
0.099000
nan
nan
0.089000
0.138000
nan
0.093000
0.099000
nan
nan
0.149000
nan
nan
nan
0.785000
1.000000
nan
0.571000
nan
nan
nan
nan
nan
0.986000
nan
nan
0.821000
nan
1.000000
1.000000
nan
nan
nan
nan
nan
nan
nan
nan
0.104000
nan
nan
nan
nan
0.322000
nan
nan
0.164000
0.182000
nan
nan
nan
nan
nan
nan
0.197000
nan
nan
nan
0.601000
nan
0.623000
nan
nan
nan
0.350000
nan
0.246000
nan
0.307000
0.251000
nan
nan
nan
nan
nan
0.367000
0.214000
nan
0.119000
0.136000
0.218000
0.355000
0.629000
nan
nan
nan
0.130000
nan
0.136000
0.121000
nan
nan
0.469000
nan
nan
0.460000
0.517000
nan
0.571000
0.205000
nan
nan
nan
0.128000
nan
nan
0.597000
nan
0.149000
0.160000
0.089000
0.132000
0.095000
nan
nan
nan
0.225000
0.160000
0.817000
0.734000
nan
1.000000
0.412000
0.415000
0.163000
0.166000
0.220000
0.211000
nan
0.268000
0.198000
0.243000
0.776000
nan
nan
0.172000
nan
nan
nan
0.128000
0.763000
0.948000
1.000000
0.686000
0.760000
nan
0.639000
nan
nan
0.920000
0.920000
nan
0.230000
0.185000
0.204000
nan
0.115000
0.482000
nan
nan
nan
0.246000
0.393000
nan
nan
nan
nan
nan
nan
nan
nan
0.134000
0.948000
nan
nan
nan
nan
nan
nan
nan
1.000000
0.271000
nan
nan
nan
0.172000
nan
0.894000
nan
0.517000
nan
nan
nan
0.993000
0.629000
nan
nan
0.734000
0.648000
nan
nan
nan
nan
nan
0.508000
0.322000
nan
0.635000
0.533000
nan
nan
0.110000
nan
nan
0.110000
nan
nan
nan
0.110000
nan
nan
0.163000
nan
nan
nan
0.942000
nan
nan
1.000000
nan
nan
0.862000
0.494000
0.373000
nan
0.402000
nan
nan
nan
0.296000
nan
0.407000
0.263000
nan
nan
0.572000
nan
nan
nan
0.906000
0.906000
nan
0.601000
0.489000
0.373000
0.669000
0.606000
nan
0.935000
nan
0.441000
0.373000
nan
nan
nan
0.276000
nan
nan
0.286000
nan
0.455000
0.606000
nan
0.533000
nan
nan
0.683000
0.509000
0.533000
nan
0.310000
0.383000
0.732000
nan
nan
nan
nan
nan
0.263000
0.263000
0.320000
nan
nan
nan
nan
1.000000
nan
0.896000
0.979000
0.964000
0.751000
nan
nan
nan
nan
nan
nan
nan
1.000000
nan
nan
0.276000
0.407000
0.659000
0.572000
0.717000
0.683000
0.770000
nan
nan
0.974000
0.766000
nan
nan
nan
nan
nan
nan
nan
nan
nan
nan
nan
0.310000
0.465000
nan
nan
0.330000
0.255000
0.493000
0.291000
nan
0.321000
0.282000
0.497000
nan
nan
nan
0.682000
0.656000
nan
0.687000
nan
0.898000
1.000000
0.766000
nan
0.616000
0.726000
nan
0.652000
0.577000
1.000000
nan
0.511000
0.405000
0.330000
0.418000
0.343000
0.537000
0.577000
nan
nan
0.405000
0.453000
nan
0.493000
0.537000
0.409000
0.969000
nan
nan
0.691000
nan
nan
0.876000
nan
nan
nan
nan
nan
0.189000
0.187000
0.187000
0.187000
nan
nan
nan
nan
nan
nan
nan
nan
0.365000
0.418000
nan
nan
0.938000
nan
nan
nan
1.000000
nan
nan
nan
nan
nan
nan
0.867000
0.951000
nan
0.577000
nan
nan
nan
0.762000
0.735000
0.788000
0.863000
nan
nan
nan
0.374000
nan
0.682000
0.681000
0.595000
nan
nan
0.605000
0.579000
nan
nan
nan
0.893000
nan
0.532000
0.582000
0.632000
0.691000
nan
0.546000
0.708000
nan
0.635000
nan
0.509000
nan
nan
0.523000
0.420000
0.860000
nan
nan
nan
0.771000
0.632000
0.331000
0.413000
nan
nan
nan
0.466000
1.000000
nan
0.496000
nan
nan
0.701000
nan
nan
nan
nan
0.800000
1.000000
1.000000
0.767000
nan
0.688000
0.642000
nan
0.192000
nan
nan
nan
0.483000
nan
0.245000
0.275000
0.536000
nan
nan
nan
nan
0.291000
nan
0.387000
nan
0.181000
0.956000
nan
nan
nan
nan
0.208000
nan
0.738000
0.969000
nan
nan
nan
nan
0.450000
0.181000
nan
nan
0.181000
nan
0.585000
nan
0.284000
nan
0.241000
nan
nan
nan
0.486000
nan
nan
0.413000
0.390000
0.245000
0.232000
nan
0.315000
1.000000
0.852000
1.000000
0.569000
0.569000
0.555000
0.856000
0.828000
0.913000
0.955000
nan
nan
nan
nan
nan
0.560000
nan
nan
nan
nan
0.677000
nan
0.343000
0.541000
0.607000
nan
nan
0.842000
0.927000
nan
0.232000
nan
0.232000
nan
1.000000
nan
0.772000
0.715000
nan
nan
0.273000
nan
0.433000
nan
0.598000
0.805000
nan
0.734000
nan
0.475000
0.889000
nan
0.654000
0.696000
0.447000
0.645000
0.696000
nan
0.823000
nan
nan
0.438000
0.249000
nan
0.367000
0.334000
0.296000
nan
0.630000
0.612000
nan
nan
0.997000
nan
nan
nan
0.598000
0.677000
0.663000
nan
0.429000
0.450000
nan
0.477000
0.492000
0.495000
nan
nan
0.370000
nan
0.468000
nan
0.563000
nan
nan
0.542000
nan
nan
nan
nan
nan
nan
0.151000
nan
nan
nan
0.114000
0.139000
0.114000
0.118000
0.213000
1.000000
0.740000
nan
0.737000
nan
0.509000
0.803000
nan
nan
nan
nan
nan
nan
nan
nan
nan
0.326000
nan
nan
nan
nan
nan
nan
nan
nan
0.379000
nan
nan
nan
nan
nan
nan
nan
0.246000
nan
0.498000
nan
nan
nan
0.114000
0.237000
nan
nan
0.492000
nan
0.829000
nan
nan
nan
nan
nan
nan
nan
0.358000
0.332000
nan
nan
nan
nan
nan
nan
nan
nan
0.133000
0.175000
nan
nan
nan
nan
nan
nan
nan
nan
nan
0.391000
0.290000
nan
nan
0.509000
nan
nan
nan
0.649000
0.572000
1.000000
0.814000
nan
nan
0.995000
0.868000
nan
0.492000
nan
0.347000
nan
0.459000
nan
nan
nan
nan
nan
nan
0.607000
nan
nan
nan
nan
nan
nan
0.696000
0.468000
0.625000
0.797000
nan
1.000000
nan
nan
nan
0.647000
nan
nan
nan
0.875000
0.931000
0.755000
1.000000
1.000000
nan
0.867000
nan
nan
nan
0.711000
0.484000
nan
nan
0.324000
0.771000
0.991000
1.000000
nan
nan
nan
0.588000
nan
nan
0.516000
0.651000
0.428000
nan
nan
0.428000
0.480000
nan
nan
0.316000
0.420000
nan
0.125000
nan
0.244000
nan
0.544000
nan
nan
0.456000
0.703000
nan
0.703000
0.584000
nan
0.504000
0.492000
nan
nan
0.464000
nan
0.520000
nan
0.520000
0.440000
nan
nan
nan
nan
0.456000
0.624000
nan
nan
0.125000
0.140000
0.132000
0.156000
nan
nan
0.496000
nan
nan
nan
0.410000
nan
nan
0.318000
0.488000
0.233000
nan
nan
0.712000
0.650000
nan
nan
0.710000
nan
0.460000
0.184000
0.740000
0.822000
nan
nan
nan
nan
0.903000
nan
nan
nan
nan
0.568000
nan
nan
nan
0.811000
nan
0.913000
0.751000
nan
0.872000
1.000000
0.456000
nan
nan
nan
nan
nan
0.933000
0.487000
nan
0.335000
nan
nan
nan
nan
0.527000
0.274000
0.497000
nan
0.325000
nan
0.406000
nan
nan
0.487000
nan
nan
0.304000
0.416000
0.690000
0.365000
0.264000
nan
nan
nan
nan
nan
0.254000
nan
nan
nan
0.162000
0.132000
nan
0.162000
0.142000
nan
0.090000
0.101000
nan
0.335000
0.254000
nan
nan
nan
nan
nan
nan
nan
nan
nan
nan
nan
0.152000
0.122000
0.142000
nan
nan
nan
nan
nan
0.090000
0.193000
0.314000
0.142000
nan
nan
nan
0.090000
