Coverage: 2995.000000
nan
nan
nan
nan
nan
0.116000
nan
0.293000
nan
nan
0.549000
0.604000
nan
nan
nan
0.183000
0.256000
0.384000
0.421000
0.769000
0.403000
0.476000
0.348000
nan
0.311000
0.116000
nan
nan
0.274000
0.549000
0.311000
nan
0.457000
nan
0.457000
nan
nan
nan
0.366000
0.421000
nan
0.659000
0.769000
nan
0.116000
0.146000
0.311000
0.677000
0.659000
nan
0.952000
nan
0.586000
1.000000
nan
0.165000
0.220000
nan
0.439000
nan
nan
0.970000
1.000000
nan
0.769000
1.000000
nan
nan
0.457000
0.586000
nan
nan
nan
0.476000
0.421000
nan
0.439000
0.165000
0.457000
0.512000
0.256000
0.622000
0.750000
nan
0.384000
0.484000
nan
nan
0.358000
nan
nan
nan
nan
0.400000
0.631000
0.904000
0.715000
0.652000
nan
nan
nan
0.157000
0.168000
1.000000
nan
nan
0.673000
0.652000
0.442000
0.463000
nan
0.278000
0.854000
nan
1.000000
0.577000
nan
0.854000
nan
0.363000
0.385000
0.470000
nan
0.192000
nan
0.299000
0.427000
0.320000
0.726000
0.534000
0.641000
1.000000
0.342000
0.214000
nan
0.919000
nan
0.278000
0.363000
0.748000
0.641000
0.154000
0.299000
nan
0.256000
0.154000
0.961000
0.619000
0.363000
0.406000
0.994000
0.598000
0.619000
0.470000
0.470000
0.738000
nan
0.140000
nan
0.140000
nan
0.564000
0.369000
nan
0.434000
0.174000
0.282000
0.369000
nan
nan
0.239000
nan
nan
0.499000
0.152000
nan
0.174000
nan
0.140000
nan
