Coverage: 2119.897959
nan
nan
nan
nan
nan
nan
0.190000
0.317000
0.285000
nan
0.285000
nan
nan
nan
1.000000
nan
0.983000
1.000000
nan
nan
nan
nan
nan
nan
0.190000
nan
nan
nan
0.475000
nan
nan
0.507000
nan
nan
nan
0.666000
nan
nan
0.539000
0.856000
nan
nan
nan
nan
nan
nan
nan
nan
nan
nan
nan
nan
nan
0.317000
0.856000
nan
nan
nan
nan
nan
nan
nan
nan
nan
nan
nan
0.856000
0.824000
nan
1.000000
0.190000
0.254000
0.539000
0.602000
nan
nan
0.444000
0.380000
0.634000
0.571000
0.571000
0.444000
nan
0.285000
0.475000
nan
nan
0.697000
nan
nan
nan
nan
0.222000
0.505000
0.272000
0.505000
nan
nan
0.350000
0.350000
0.272000
nan
0.544000
nan
0.388000
nan
0.960000
nan
0.141000
nan
nan
0.311000
0.699000
0.466000
nan
0.311000
nan
0.311000
0.583000
nan
nan
nan
nan
nan
nan
0.272000
nan
nan
0.272000
0.414000
nan
nan
0.276000
0.092000
nan
nan
nan
nan
0.368000
0.184000
0.092000
0.184000
nan
nan
nan
nan
nan
0.736000
nan
0.092000
nan
nan
0.414000
0.368000
nan
nan
nan
0.506000
nan
0.138000
0.368000
0.230000
nan
0.644000
nan
nan
0.276000
1.000000
nan
nan
nan
nan
nan
nan
nan
0.368000
0.138000
0.276000
0.184000
nan
1.000000
0.322000
0.322000
nan
nan
0.874000
0.690000
0.460000
nan
0.598000
0.184000
nan
0.552000
0.414000
nan
nan
