Coverage: 104449.180328
nan
0.192000
0.486000
nan
nan
0.257000
nan
0.397000
0.418000
nan
nan
nan
nan
nan
nan
nan
nan
nan
nan
0.419000
nan
nan
nan
nan
nan
nan
0.192000
0.192000
nan
0.578000
0.339000
0.511000
0.696000
nan
0.632000
nan
nan
nan
0.363000
0.497000
0.687000
0.976000
nan
0.483000
0.418000
0.715000
nan
nan
0.552000
nan
nan
nan
0.523000
0.494000
0.733000
nan
nan
nan
0.308000
0.718000
0.419000
0.736000
0.755000
nan
0.702000
nan
nan
nan
nan
0.778000
nan
nan
nan
nan
nan
0.718000
0.666000
nan
0.465000
nan
0.430000
nan
nan
0.840000
0.728000
nan
0.393000
nan
nan
nan
nan
0.563000
0.625000
1.000000
0.912000
nan
nan
nan
0.399000
nan
nan
nan
nan
nan
1.000000
0.804000
nan
nan
1.000000
nan
nan
0.304000
0.462000
nan
0.563000
0.460000
0.406000
0.941000
0.584000
0.682000
nan
nan
nan
nan
0.397000
0.453000
nan
nan
0.293000
0.218000
0.213000
0.213000
1.000000
nan
0.371000
1.000000
nan
nan
nan
nan
nan
nan
0.970000
nan
0.643000
0.303000
0.405000
nan
nan
0.386000
nan
0.706000
0.767000
nan
nan
0.311000
nan
nan
nan
0.227000
0.456000
0.695000
1.000000
0.347000
0.397000
nan
0.213000
0.476000
0.259000
0.221000
nan
nan
nan
nan
nan
0.325000
0.260000
0.792000
nan
nan
0.402000
0.435000
0.732000
nan
nan
nan
0.466000
0.516000
nan
0.406000
nan
0.450000
nan
0.282000
0.250000
0.400000
nan
0.377000
nan
0.674000
nan
0.590000
0.522000
nan
nan
0.637000
nan
nan
nan
0.747000
0.594000
0.576000
0.694000
nan
nan
0.420000
nan
1.000000
nan
nan
0.708000
nan
nan
nan
nan
nan
0.550000
nan
nan
nan
nan
nan
nan
0.480000
0.653000
0.587000
0.556000
0.360000
0.600000
0.509000
nan
0.405000
0.505000
0.603000
nan
0.307000
0.249000
0.391000
nan
nan
nan
nan
nan
1.000000
0.876000
nan
nan
0.667000
nan
nan
0.245000
0.245000
nan
nan
nan
nan
0.608000
0.529000
1.000000
nan
nan
nan
nan
0.844000
0.749000
0.818000
nan
0.683000
nan
0.419000
nan
nan
0.423000
nan
0.757000
0.499000
nan
nan
nan
0.651000
nan
nan
0.562000
0.388000
0.480000
0.324000
0.245000
nan
0.533000
0.461000
0.896000
nan
0.337000
0.258000
nan
0.354000
0.374000
0.452000
0.490000
0.568000
0.757000
0.974000
nan
0.871000
1.000000
nan
1.000000
nan
0.972000
nan
nan
nan
nan
nan
0.369000
nan
nan
nan
0.863000
0.251000
nan
0.307000
0.343000
0.413000
nan
0.388000
nan
nan
nan
nan
0.937000
nan
0.414000
nan
nan
nan
nan
nan
nan
0.434000
nan
1.000000
nan
nan
nan
0.830000
0.456000
0.549000
0.600000
0.395000
0.523000
nan
nan
nan
0.398000
nan
0.558000
0.251000
0.695000
nan
nan
0.505000
0.657000
0.541000
0.253000
0.251000
0.999000
0.890000
nan
nan
nan
nan
nan
nan
nan
0.650000
0.759000
nan
nan
nan
nan
nan
0.476000
nan
0.388000
0.328000
nan
nan
0.729000
nan
nan
nan
nan
nan
nan
nan
nan
nan
nan
0.612000
0.669000
0.575000
nan
0.720000
0.665000
nan
0.646000
0.550000
nan
0.680000
nan
nan
nan
nan
nan
nan
nan
nan
0.257000
nan
0.225000
0.288000
0.292000
nan
nan
0.459000
nan
0.272000
0.231000
nan
0.393000
0.449000
0.266000
0.287000
nan
0.333000
nan
0.771000
0.681000
0.745000
nan
nan
nan
0.421000
0.655000
nan
0.429000
nan
0.668000
0.602000
nan
0.222000
0.259000
nan
0.399000
0.333000
nan
0.550000
nan
nan
0.606000
0.923000
nan
0.290000
0.390000
0.530000
0.380000
nan
0.250000
0.292000
nan
0.290000
nan
0.279000
nan
0.268000
nan
nan
nan
0.932000
0.914000
1.000000
1.000000
0.254000
0.580000
0.387000
0.350000
0.409000
nan
nan
nan
0.218000
nan
0.287000
0.311000
nan
0.218000
nan
nan
0.695000
nan
nan
0.744000
nan
nan
0.415000
nan
nan
0.624000
nan
nan
0.479000
nan
nan
0.389000
nan
nan
0.873000
0.779000
nan
0.698000
0.413000
nan
0.542000
nan
nan
nan
nan
nan
0.222000
nan
0.529000
0.252000
nan
0.508000
0.815000
1.000000
nan
nan
