Coverage: 5933.944954
0.137000
0.137000
nan
0.420000
0.941000
nan
0.137000
nan
0.178000
0.267000
0.420000
nan
nan
nan
0.191000
0.496000
0.915000
nan
nan
0.420000
nan
nan
nan
0.292000
nan
nan
0.534000
0.585000
0.331000
nan
0.763000
0.788000
0.509000
nan
nan
nan
nan
nan
nan
nan
0.280000
nan
nan
0.394000
0.661000
nan
0.496000
0.623000
nan
nan
0.852000
nan
nan
0.648000
0.915000
0.979000
nan
0.890000
1.000000
0.826000
0.928000
nan
nan
0.648000
0.547000
nan
0.598000
0.661000
nan
0.483000
nan
0.712000
0.941000
0.877000
nan
1.000000
0.687000
nan
0.877000
0.801000
1.000000
0.343000
0.496000
0.331000
0.521000
0.165000
nan
nan
0.117000
nan
nan
nan
0.403000
nan
nan
0.079000
nan
nan
nan
nan
nan
nan
0.257000
0.316000
nan
nan
nan
nan
nan
nan
0.362000
nan
nan
0.351000
nan
nan
0.398000
0.520000
0.538000
nan
0.509000
0.286000
0.877000
0.567000
0.737000
0.620000
0.672000
0.719000
nan
0.450000
0.333000
nan
0.579000
nan
0.187000
nan
0.643000
nan
1.000000
1.000000
0.099000
nan
nan
nan
0.117000
0.210000
nan
nan
0.105000
nan
0.146000
0.322000
1.000000
0.310000
0.491000
0.123000
0.205000
nan
nan
0.900000
0.532000
nan
0.573000
0.310000
0.152000
nan
nan
0.269000
nan
nan
nan
nan
nan
0.077000
nan
0.123000
nan
0.082000
0.123000
0.077000
nan
0.322000
0.357000
0.433000
0.310000
nan
nan
0.123000
nan
0.462000
0.333000
nan
0.357000
0.392000
nan
0.234000
0.111000
0.362000
nan
0.088000
0.129000
nan
nan
nan
nan
0.205000
0.210000
nan
nan
nan
nan
nan
nan
nan
0.205000
0.187000
0.105000
0.075000
