Coverage: 3036.898396
nan
nan
nan
nan
nan
nan
0.531000
0.348000
0.191000
0.293000
0.549000
nan
nan
0.512000
0.714000
0.191000
nan
nan
nan
0.191000
nan
nan
nan
0.329000
nan
nan
nan
0.677000
0.878000
nan
0.549000
1.000000
nan
nan
nan
0.878000
nan
nan
nan
nan
0.970000
0.586000
0.549000
0.842000
0.823000
nan
0.823000
nan
nan
0.421000
0.714000
0.915000
nan
0.695000
0.750000
0.860000
nan
nan
0.878000
0.329000
0.256000
0.403000
0.640000
nan
nan
0.567000
nan
nan
nan
0.201000
1.000000
nan
nan
0.476000
0.384000
0.476000
nan
0.439000
0.823000
nan
0.750000
0.640000
nan
1.000000
nan
nan
nan
nan
nan
nan
nan
nan
nan
0.238000
0.531000
0.567000
0.403000
nan
0.494000
nan
0.860000
nan
0.912000
nan
nan
0.936000
nan
0.864000
0.960000
0.864000
nan
0.744000
1.000000
nan
0.792000
1.000000
0.960000
0.960000
nan
nan
0.696000
nan
nan
nan
0.480000
0.888000
0.960000
0.720000
nan
nan
0.456000
nan
nan
0.624000
nan
nan
nan
nan
nan
0.744000
0.216000
nan
0.408000
0.384000
0.624000
0.432000
0.504000
0.672000
0.312000
0.672000
0.624000
nan
0.600000
0.960000
0.528000
nan
0.216000
nan
nan
0.264000
0.240000
0.168000
0.264000
0.432000
nan
0.432000
0.216000
0.216000
0.480000
nan
nan
nan
0.059000
0.144000
0.144000
0.059000
nan
nan
0.072000
nan
nan
0.120000
nan
nan
0.059000
0.144000
nan
