Coverage: 14852.777778
nan
nan
0.131000
nan
0.266000
nan
nan
0.373000
nan
nan
0.466000
nan
0.612000
0.270000
0.321000
0.377000
0.304000
nan
nan
nan
0.211000
0.339000
nan
0.446000
0.162000
0.119000
0.245000
0.238000
nan
nan
nan
nan
0.200000
nan
nan
nan
nan
nan
nan
0.197000
0.149000
0.194000
0.200000
nan
nan
nan
nan
nan
0.124000
nan
nan
nan
nan
nan
nan
0.218000
0.119000
0.705000
0.119000
0.270000
nan
nan
0.342000
nan
0.453000
nan
nan
nan
nan
nan
nan
nan
nan
nan
nan
nan
0.601000
0.909000
nan
nan
nan
nan
nan
0.263000
0.149000
nan
nan
nan
1.000000
nan
1.000000
nan
nan
nan
nan
0.777000
0.276000
nan
nan
0.525000
0.446000
nan
nan
nan
nan
nan
nan
0.791000
0.860000
nan
0.701000
0.743000
0.829000
nan
0.729000
nan
0.359000
0.349000
nan
0.750000
nan
nan
1.000000
0.640000
nan
0.198000
0.111000
nan
nan
nan
0.264000
0.303000
nan
1.000000
0.663000
0.409000
nan
0.163000
0.119000
0.892000
1.000000
nan
0.742000
nan
nan
nan
0.391000
0.527000
nan
nan
nan
nan
0.422000
0.224000
nan
nan
0.804000
nan
0.378000
0.488000
0.430000
0.307000
nan
nan
0.264000
nan
0.286000
0.452000
0.593000
0.874000
0.676000
0.747000
nan
nan
nan
nan
0.663000
nan
0.540000
0.742000
nan
nan
0.171000
nan
nan
nan
nan
nan
nan
nan
nan
0.611000
nan
0.382000
0.132000
nan
nan
0.993000
0.246000
0.435000
0.277000
0.281000
0.277000
0.206000
0.180000
nan
nan
nan
nan
nan
0.290000
0.378000
0.558000
nan
0.111000
0.111000
