Coverage: 10189.453125
nan
nan
nan
0.385000
nan
nan
nan
0.255000
0.313000
0.255000
0.260000
0.519000
nan
nan
0.519000
nan
0.278000
0.636000
0.439000
0.331000
0.600000
0.672000
0.914000
0.439000
nan
0.600000
nan
nan
0.475000
nan
0.484000
0.734000
nan
0.734000
0.430000
0.412000
0.394000
0.573000
0.376000
nan
0.717000
nan
0.967000
0.878000
0.869000
nan
0.493000
nan
nan
nan
0.255000
0.296000
nan
0.466000
0.564000
0.296000
0.654000
nan
nan
0.636000
nan
0.475000
nan
nan
nan
nan
nan
0.985000
1.000000
nan
0.725000
0.770000
nan
nan
0.528000
nan
nan
nan
nan
0.430000
nan
nan
nan
nan
0.833000
0.743000
0.815000
nan
nan
1.000000
1.000000
0.923000
nan
nan
0.518000
0.683000
0.644000
nan
nan
0.305000
0.325000
0.237000
0.339000
0.354000
nan
nan
nan
nan
0.828000
0.126000
0.118000
nan
0.118000
nan
nan
0.930000
0.702000
nan
0.199000
nan
0.189000
nan
nan
0.562000
nan
nan
nan
nan
nan
0.775000
0.528000
0.295000
0.344000
0.286000
0.392000
nan
nan
nan
nan
nan
nan
nan
nan
nan
nan
1.000000
0.727000
nan
0.814000
1.000000
nan
0.479000
0.314000
nan
0.127000
nan
nan
nan
0.812000
nan
nan
nan
0.812000
1.000000
0.580000
nan
0.551000
0.155000
0.174000
nan
0.425000
nan
nan
0.802000
0.619000
0.324000
nan
nan
0.406000
0.128000
nan
nan
nan
nan
0.242000
0.561000
0.947000
nan
0.575000
nan
0.493000
nan
nan
0.575000
nan
nan
nan
nan
0.285000
0.400000
0.502000
0.232000
nan
0.439000
nan
nan
nan
nan
1.000000
0.830000
1.000000
0.666000
nan
nan
0.497000
0.318000
nan
nan
nan
0.425000
0.777000
0.733000
0.984000
nan
nan
0.511000
nan
nan
nan
0.280000
nan
nan
nan
nan
0.680000
0.767000
0.550000
nan
nan
nan
0.526000
nan
0.376000
nan
0.136000
0.198000
0.188000
nan
0.217000
nan
0.719000
nan
0.902000
nan
nan
nan
