Coverage: 10465.048544
nan
nan
nan
nan
nan
nan
nan
nan
nan
nan
nan
nan
nan
nan
nan
0.377000
0.414000
nan
0.242000
0.354000
0.344000
nan
0.377000
0.768000
nan
0.172000
0.172000
0.186000
0.172000
0.233000
0.275000
nan
nan
nan
0.707000
nan
nan
0.749000
nan
nan
nan
0.582000
nan
0.689000
0.759000
nan
nan
0.889000
nan
1.000000
0.344000
0.563000
0.419000
0.261000
0.372000
0.507000
0.344000
0.424000
nan
nan
0.572000
0.931000
0.847000
0.572000
nan
0.479000
0.219000
nan
nan
nan
nan
1.000000
nan
nan
0.591000
0.172000
0.656000
0.773000
0.493000
0.880000
0.842000
nan
0.763000
nan
nan
nan
nan
0.563000
nan
0.745000
nan
0.289000
1.000000
0.884000
nan
nan
nan
nan
0.368000
nan
nan
0.526000
0.788000
nan
0.545000
0.302000
nan
nan
nan
0.629000
nan
nan
nan
nan
nan
nan
nan
nan
0.748000
0.862000
0.456000
nan
0.917000
1.000000
nan
0.689000
0.704000
nan
nan
nan
1.000000
nan
nan
0.986000
0.416000
nan
nan
nan
0.620000
0.525000
0.902000
nan
nan
nan
nan
nan
0.585000
nan
nan
nan
0.245000
0.550000
nan
nan
0.753000
nan
0.788000
0.446000
0.501000
0.436000
0.245000
0.550000
1.000000
0.367000
nan
0.823000
nan
nan
0.550000
nan
nan
nan
0.287000
0.287000
nan
0.421000
nan
nan
0.332000
nan
nan
nan
0.347000
nan
nan
nan
0.401000
nan
0.501000
nan
nan
0.322000
0.278000
nan
0.506000
nan
nan
nan
nan
0.535000
0.585000
0.382000
0.590000
0.416000
nan
0.245000
nan
nan
nan
nan
0.560000
nan
nan
nan
0.482000
nan
nan
nan
0.803000
0.545000
nan
0.308000
nan
0.790000
1.000000
nan
nan
0.845000
nan
0.774000
1.000000
1.000000
nan
nan
nan
0.387000
0.300000
0.687000
0.845000
nan
nan
0.521000
nan
0.671000
0.600000
0.924000
nan
nan
nan
nan
nan
0.576000
nan
0.766000
nan
nan
nan
0.395000
nan
nan
0.490000
0.695000
0.608000
0.553000
nan
0.505000
0.300000
nan
nan
nan
0.316000
nan
nan
nan
0.774000
0.450000
0.608000
0.174000
nan
0.221000
nan
nan
nan
0.545000
0.671000
nan
0.355000
0.537000
0.490000
0.466000
0.490000
nan
nan
0.411000
nan
nan
0.245000
0.182000
nan
0.347000
0.134000
nan
0.134000
nan
0.134000
nan
0.237000
0.261000
0.134000
