Coverage: 2583.870968
nan
nan
nan
0.322000
nan
nan
0.387000
0.430000
nan
nan
nan
nan
nan
0.473000
0.246000
0.408000
nan
0.816000
0.344000
nan
nan
nan
0.430000
nan
nan
0.279000
nan
nan
nan
nan
0.387000
nan
0.537000
nan
nan
nan
0.580000
nan
nan
0.365000
nan
0.408000
0.344000
nan
nan
nan
0.988000
0.988000
nan
nan
1.000000
nan
nan
0.945000
nan
0.773000
nan
0.537000
nan
0.559000
0.246000
nan
0.623000
nan
nan
nan
nan
nan
nan
nan
nan
0.279000
0.924000
0.687000
0.666000
nan
nan
0.537000
nan
0.258000
0.838000
nan
nan
1.000000
nan
1.000000
nan
0.516000
nan
0.559000
nan
0.365000
0.473000
nan
0.451000
nan
0.711000
0.756000
0.644000
0.956000
nan
nan
nan
0.867000
nan
0.711000
0.249000
0.800000
0.444000
nan
nan
nan
0.378000
nan
0.444000
0.230000
0.184000
0.138000
nan
nan
1.000000
nan
0.459000
nan
0.666000
0.827000
nan
0.689000
nan
nan
0.413000
0.620000
nan
nan
nan
nan
0.207000
1.000000
0.964000
0.321000
nan
0.781000
nan
nan
1.000000
nan
0.620000
0.459000
0.505000
0.505000
nan
0.367000
nan
0.253000
0.125000
0.758000
nan
0.987000
0.758000
nan
nan
0.689000
0.253000
nan
nan
nan
0.125000
0.276000
nan
nan
0.161000
0.161000
nan
nan
0.482000
0.344000
0.344000
0.390000
nan
nan
0.551000
0.344000
nan
nan
nan
0.125000
