Coverage: 78253.930530
nan
nan
0.233000
0.253000
nan
nan
0.271000
nan
nan
0.265000
nan
0.257000
0.208000
0.295000
nan
nan
0.274000
0.272000
0.217000
0.190000
0.257000
0.403000
nan
nan
nan
nan
nan
nan
0.617000
nan
nan
nan
0.450000
1.000000
nan
nan
0.211000
nan
nan
nan
nan
nan
nan
0.250000
nan
nan
nan
nan
0.665000
nan
0.461000
0.463000
nan
0.342000
nan
0.244000
0.479000
0.522000
0.959000
0.422000
nan
0.589000
0.457000
0.180000
0.540000
0.251000
0.150000
nan
nan
nan
nan
nan
0.334000
nan
nan
nan
0.149000
nan
0.149000
nan
0.149000
nan
1.000000
1.000000
nan
nan
nan
0.215000
nan
0.211000
nan
0.214000
nan
0.652000
nan
nan
nan
nan
0.324000
0.280000
nan
0.245000
0.631000
0.711000
nan
0.995000
0.688000
nan
nan
nan
nan
0.980000
nan
nan
0.295000
nan
0.420000
1.000000
0.320000
0.394000
0.408000
nan
0.403000
0.209000
nan
nan
nan
nan
nan
nan
0.486000
nan
nan
nan
nan
nan
nan
nan
nan
nan
0.654000
0.836000
nan
nan
nan
nan
0.642000
0.448000
nan
nan
0.397000
0.334000
nan
0.582000
nan
nan
0.265000
0.242000
0.430000
nan
1.000000
0.651000
nan
0.279000
nan
nan
nan
nan
0.623000
0.570000
nan
nan
0.360000
0.328000
0.209000
0.346000
0.489000
0.351000
nan
0.507000
0.543000
0.325000
1.000000
0.730000
nan
nan
nan
nan
nan
0.546000
nan
nan
0.235000
nan
nan
nan
nan
0.881000
nan
0.397000
nan
nan
0.209000
0.353000
0.333000
nan
nan
0.347000
nan
nan
nan
nan
nan
0.618000
0.363000
0.800000
nan
0.565000
nan
0.301000
0.226000
0.883000
0.965000
nan
0.827000
nan
nan
nan
nan
nan
1.000000
1.000000
nan
nan
0.241000
nan
nan
nan
nan
nan
nan
nan
nan
0.827000
0.663000
nan
nan
nan
0.625000
nan
0.378000
0.765000
0.384000
nan
nan
nan
nan
nan
0.351000
nan
0.436000
0.745000
1.000000
nan
nan
0.641000
nan
0.403000
nan
nan
nan
0.915000
0.970000
nan
0.634000
nan
0.241000
nan
0.454000
0.503000
0.599000
0.725000
0.594000
nan
nan
nan
nan
0.342000
0.593000
0.317000
0.675000
0.775000
0.817000
0.623000
0.731000
nan
nan
nan
nan
0.255000
nan
0.241000
nan
nan
nan
0.968000
nan
0.546000
nan
nan
nan
0.285000
0.373000
0.583000
0.721000
nan
0.963000
0.639000
0.608000
0.564000
nan
0.393000
0.363000
0.613000
nan
1.000000
nan
0.378000
0.298000
nan
0.489000
nan
nan
nan
0.680000
0.815000
nan
0.928000
0.510000
0.585000
0.393000
nan
nan
0.331000
nan
nan
nan
0.727000
nan
nan
nan
nan
nan
0.292000
0.380000
1.000000
1.000000
0.592000
0.687000
0.540000
0.721000
nan
nan
nan
nan
0.705000
0.579000
nan
nan
0.234000
nan
0.294000
0.372000
0.637000
0.802000
nan
0.444000
0.393000
nan
0.261000
nan
nan
nan
nan
0.434000
0.239000
0.550000
0.511000
0.282000
nan
nan
nan
0.665000
nan
0.537000
0.503000
0.450000
nan
nan
nan
0.234000
nan
0.625000
0.509000
0.652000
nan
0.234000
nan
0.276000
nan
0.639000
nan
0.544000
nan
nan
nan
0.337000
nan
0.598000
0.555000
nan
0.800000
0.631000
nan
0.815000
nan
0.612000
nan
1.000000
1.000000
nan
nan
nan
nan
nan
nan
0.543000
0.596000
0.599000
nan
nan
nan
nan
nan
0.419000
0.578000
nan
nan
nan
0.922000
0.968000
1.000000
nan
nan
0.187000
0.240000
0.270000
nan
nan
0.577000
0.299000
0.648000
0.306000
nan
nan
nan
0.185000
0.511000
nan
0.766000
nan
nan
nan
0.522000
0.897000
nan
nan
nan
nan
nan
nan
0.732000
nan
nan
nan
nan
nan
0.187000
0.181000
nan
0.569000
0.552000
nan
nan
nan
nan
nan
0.352000
0.447000
nan
nan
0.427000
0.427000
nan
0.506000
0.345000
0.484000
0.430000
nan
0.387000
0.441000
0.558000
nan
0.514000
0.360000
0.289000
0.348000
nan
nan
nan
0.339000
0.268000
0.342000
nan
0.279000
nan
nan
nan
nan
0.278000
nan
nan
nan
0.223000
0.230000
0.137000
0.138000
0.330000
nan
0.111000
1.000000
0.128000
nan
0.111000
0.111000
nan
nan
