Coverage: 1624.590164
nan
nan
0.290000
nan
nan
0.073000
0.073000
nan
nan
nan
nan
0.145000
0.073000
0.218000
nan
0.218000
nan
0.581000
nan
nan
0.073000
0.290000
0.218000
0.290000
0.327000
0.290000
nan
0.653000
0.073000
nan
0.907000
0.690000
0.835000
0.472000
nan
0.145000
0.181000
nan
0.109000
nan
0.436000
nan
nan
0.544000
nan
0.581000
0.726000
0.726000
nan
0.363000
0.726000
nan
nan
0.544000
0.690000
nan
0.399000
nan
0.544000
nan
nan
1.000000
nan
nan
0.508000
0.581000
0.726000
1.000000
0.254000
0.363000
0.799000
0.690000
0.762000
0.980000
0.581000
nan
0.109000
0.799000
nan
1.000000
0.653000
0.270000
1.000000
1.000000
0.297000
0.162000
0.568000
0.243000
0.595000
0.432000
nan
nan
0.135000
nan
nan
0.351000
nan
nan
0.189000
nan
0.216000
0.622000
0.919000
nan
1.000000
0.270000
nan
0.351000
nan
nan
nan
0.811000
0.568000
0.162000
nan
0.135000
nan
nan
nan
nan
nan
0.432000
nan
nan
nan
nan
0.622000
0.459000
nan
0.676000
0.351000
nan
0.757000
nan
nan
nan
nan
nan
1.000000
0.730000
nan
0.378000
nan
0.405000
nan
0.811000
0.459000
nan
nan
nan
nan
nan
0.351000
nan
0.351000
0.405000
0.324000
nan
0.120000
nan
nan
0.270000
nan
0.432000
nan
0.297000
0.297000
nan
nan
nan
nan
0.459000
nan
0.243000
nan
0.541000
nan
0.351000
nan
nan
0.270000
0.120000
0.120000
