Coverage(RPKM): 655.813953
nan
nan
0.222000
nan
nan
nan
0.444000
0.444000
0.222000
0.667000
0.000000
0.333000
0.222000
nan
nan
0.000000
0.000000
0.444000
0.333000
0.000000
nan
0.444000
0.111000
0.222000
0.667000
0.222000
nan
0.000000
0.222000
nan
nan
nan
nan
nan
nan
nan
nan
1.000000
0.444000
nan
0.333000
0.556000
nan
0.444000
1.000000
nan
0.556000
nan
0.889000
0.222000
0.222000
nan
0.222000
nan
nan
0.556000
nan
0.889000
0.333000
0.000000
0.000000
0.222000
0.222000
0.000000
nan
0.333000
nan
nan
0.444000
0.222000
0.000000
nan
1.000000
nan
0.778000
0.444000
0.222000
nan
nan
0.000000
nan
1.000000
0.444000
0.250000
nan
nan
nan
nan
nan
0.500000
0.583000
nan
0.000000
0.167000
nan
nan
nan
nan
nan
nan
0.250000
0.667000
0.000000
nan
0.333000
0.000000
0.000000
0.250000
0.333000
nan
nan
0.167000
0.000000
0.000000
nan
nan
nan
0.333000
1.000000
0.667000
nan
nan
nan
nan
0.167000
0.000000
0.000000
nan
0.000000
nan
0.083000
1.000000
0.000000
0.167000
nan
nan
0.667000
nan
nan
0.333000
nan
0.167000
nan
0.167000
0.500000
nan
0.250000
nan
nan
nan
nan
nan
0.250000
1.000000
0.667000
nan
0.000000
0.083000
0.167000
nan
nan
nan
1.000000
nan
0.000000
0.000000
0.333000
nan
0.667000
nan
nan
nan
0.083000
nan
0.000000
0.000000
0.167000
nan
nan
0.000000
0.750000
0.121000
nan
nan
0.060000
nan
nan
nan
0.483000
0.967000
0.060000
nan
nan
0.785000
0.906000
0.423000
nan
0.121000
0.121000
0.242000
0.027000
0.121000
nan
nan
0.026000
0.463000
nan
nan
0.578000
nan
0.463000
nan
0.521000
0.636000
nan
nan
0.231000
1.000000
nan
nan
0.694000
nan
nan
0.289000
0.405000
0.347000
nan
nan
0.521000
nan
0.347000
nan
0.347000
0.521000
nan
nan
nan
nan
0.289000
0.578000
nan
0.231000
0.347000
0.116000
0.521000
0.231000
0.463000
0.347000
nan
0.347000
0.289000
0.347000
0.970000
nan
0.463000
0.231000
nan
0.970000
0.405000
0.058000
nan
0.231000
0.116000
nan
0.026000
nan
nan
1.000000
0.387000
nan
0.718000
nan
nan
nan
0.025000
nan
0.939000
nan
nan
nan
nan
nan
0.331000
nan
0.110000
nan
nan
nan
0.884000
nan
0.110000
0.221000
nan
nan
nan
0.221000
1.000000
nan
nan
0.055000
nan
