Coverage(RPKM): 343.656716
nan
nan
0.132000
nan
nan
nan
nan
0.000000
0.265000
0.000000
0.530000
0.265000
0.000000
0.000000
nan
0.265000
nan
0.000000
0.000000
nan
nan
nan
nan
0.397000
nan
nan
0.000000
nan
0.530000
nan
0.000000
0.000000
nan
0.000000
0.265000
0.000000
nan
0.662000
nan
nan
0.000000
0.132000
nan
nan
nan
0.000000
0.265000
nan
nan
nan
nan
nan
0.000000
nan
nan
0.132000
nan
nan
0.000000
nan
0.265000
0.132000
nan
nan
0.000000
0.000000
0.000000
0.795000
0.530000
nan
0.265000
nan
1.000000
0.265000
0.000000
0.265000
nan
nan
nan
nan
nan
0.265000
0.397000
nan
0.265000
nan
nan
nan
0.662000
nan
0.927000
0.132000
nan
nan
nan
0.397000
nan
1.000000
nan
0.000000
1.000000
0.000000
nan
nan
0.333000
0.111000
0.111000
nan
0.111000
0.000000
nan
0.000000
0.000000
0.222000
nan
0.333000
0.889000
0.000000
0.778000
0.556000
0.778000
nan
nan
0.444000
0.222000
1.000000
0.222000
0.444000
0.444000
0.778000
0.111000
0.667000
nan
0.222000
0.333000
nan
nan
1.000000
nan
nan
nan
nan
nan
nan
nan
nan
nan
0.111000
0.000000
1.000000
nan
nan
nan
nan
nan
nan
0.000000
nan
0.222000
0.889000
nan
1.000000
nan
nan
nan
0.000000
0.222000
nan
0.111000
1.000000
nan
nan
0.000000
0.000000
0.000000
nan
nan
nan
nan
nan
0.000000
0.000000
0.264000
nan
0.000000
nan
0.000000
0.000000
nan
0.000000
0.791000
0.944000
0.264000
0.916000
nan
0.000000
nan
0.000000
0.305000
nan
0.305000
nan
nan
nan
0.305000
nan
nan
nan
0.916000
0.458000
nan
nan
1.000000
0.916000
0.000000
0.611000
0.305000
nan
0.611000
0.305000
0.000000
0.153000
0.611000
0.611000
0.305000
nan
0.000000
0.305000
nan
0.305000
nan
nan
nan
0.000000
0.305000
nan
0.305000
0.305000
0.000000
0.611000
0.458000
nan
0.000000
1.000000
0.458000
0.611000
nan
nan
0.000000
nan
nan
nan
nan
nan
nan
0.000000
0.305000
0.305000
nan
nan
nan
0.611000
0.458000
nan
0.305000
nan
0.000000
nan
