Coverage(RPKM): 823.778502
nan
nan
0.195000
nan
nan
nan
nan
nan
0.097000
0.243000
nan
0.779000
0.097000
0.146000
0.292000
nan
0.341000
nan
nan
nan
0.292000
0.584000
0.097000
0.243000
nan
nan
nan
nan
nan
0.292000
0.292000
0.000000
nan
0.389000
0.049000
nan
0.438000
nan
0.292000
nan
0.633000
nan
nan
nan
nan
0.146000
0.000000
0.487000
nan
nan
nan
0.292000
nan
nan
nan
nan
nan
nan
nan
nan
nan
0.341000
0.195000
nan
nan
nan
nan
nan
0.000000
nan
nan
0.097000
0.195000
nan
0.487000
1.000000
nan
nan
nan
0.487000
0.779000
0.973000
nan
0.876000
nan
0.195000
0.097000
0.487000
nan
nan
nan
0.292000
1.000000
0.730000
nan
nan
0.000000
0.146000
nan
0.195000
0.000000
0.000000
0.049000
0.097000
nan
0.487000
1.000000
0.925000
nan
0.389000
0.341000
0.097000
0.487000
nan
nan
0.341000
0.681000
0.389000
0.633000
nan
0.973000
0.584000
nan
nan
0.973000
0.876000
nan
nan
nan
0.389000
0.097000
nan
0.779000
0.487000
0.681000
0.584000
0.973000
nan
nan
1.000000
0.389000
nan
nan
0.487000
0.779000
nan
1.000000
nan
0.535000
nan
0.584000
nan
nan
0.243000
nan
nan
nan
nan
0.730000
nan
0.584000
0.195000
nan
0.341000
nan
nan
nan
nan
nan
nan
0.292000
0.049000
0.535000
nan
nan
nan
0.341000
0.389000
nan
nan
0.487000
nan
0.243000
nan
nan
nan
nan
nan
nan
0.243000
0.243000
0.487000
1.000000
nan
nan
nan
nan
nan
nan
nan
nan
0.292000
nan
0.097000
nan
nan
nan
0.049000
0.049000
0.049000
0.097000
nan
0.779000
0.500000
0.667000
0.000000
nan
0.083000
nan
0.500000
0.083000
nan
0.750000
nan
nan
nan
0.000000
0.250000
nan
0.750000
0.500000
nan
nan
0.500000
0.000000
0.333000
0.000000
0.000000
0.000000
0.083000
0.333000
0.333000
0.333000
0.250000
0.417000
nan
nan
nan
nan
nan
nan
0.667000
nan
0.250000
0.333000
nan
0.333000
0.333000
0.167000
1.000000
0.500000
1.000000
0.333000
nan
nan
0.833000
1.000000
nan
nan
nan
nan
nan
0.500000
nan
0.000000
nan
0.000000
nan
nan
0.583000
0.833000
nan
0.333000
nan
0.000000
nan
0.083000
nan
0.667000
nan
nan
nan
0.667000
0.500000
nan
1.000000
nan
nan
nan
0.833000
0.333000
0.833000
nan
nan
nan
0.000000
nan
