Coverage(RPKM): 826.906780
nan
nan
0.286000
nan
nan
nan
nan
0.500000
0.571000
nan
nan
0.286000
0.357000
0.286000
nan
0.286000
nan
nan
nan
nan
nan
nan
nan
nan
0.357000
nan
nan
nan
nan
nan
0.143000
0.643000
nan
nan
0.143000
0.286000
0.143000
0.286000
0.429000
nan
nan
0.714000
nan
nan
0.286000
nan
nan
0.286000
0.429000
1.000000
nan
nan
0.286000
nan
nan
0.357000
nan
nan
0.429000
1.000000
0.786000
nan
nan
0.857000
nan
nan
nan
nan
nan
0.143000
0.143000
0.143000
nan
nan
nan
0.286000
0.286000
nan
nan
nan
nan
nan
nan
nan
0.286000
0.286000
0.714000
0.429000
nan
nan
0.500000
nan
nan
nan
nan
0.714000
0.357000
0.286000
0.714000
nan
nan
0.143000
nan
1.000000
0.643000
0.929000
nan
0.857000
nan
nan
nan
0.143000
nan
0.429000
nan
nan
nan
1.000000
nan
0.571000
nan
0.429000
0.683000
nan
0.546000
nan
nan
1.000000
0.000000
0.137000
0.000000
0.137000
nan
nan
0.137000
nan
0.000000
0.137000
0.546000
nan
1.000000
nan
nan
0.137000
0.341000
nan
1.000000
0.887000
0.205000
0.341000
0.137000
nan
0.137000
nan
0.205000
0.410000
nan
0.751000
nan
0.000000
nan
0.273000
nan
nan
nan
nan
0.410000
0.887000
nan
0.068000
0.000000
0.205000
0.273000
nan
0.273000
nan
nan
0.137000
0.683000
0.273000
nan
0.546000
0.751000
0.819000
nan
nan
nan
0.614000
0.478000
0.205000
0.410000
nan
0.205000
nan
0.273000
nan
nan
nan
nan
0.273000
0.410000
nan
nan
0.546000
0.546000
0.751000
nan
nan
0.751000
0.124000
0.332000
0.207000
0.207000
0.290000
nan
nan
0.581000
nan
0.456000
0.747000
0.664000
nan
0.166000
0.622000
nan
nan
0.539000
0.332000
0.332000
nan
0.747000
0.249000
0.373000
0.622000
nan
nan
0.788000
nan
0.249000
0.083000
0.415000
nan
nan
0.622000
0.415000
nan
nan
nan
nan
nan
0.373000
0.415000
0.622000
nan
0.124000
0.498000
0.332000
nan
0.622000
0.249000
nan
nan
nan
nan
0.622000
0.083000
nan
nan
0.249000
0.954000
nan
nan
nan
nan
0.083000
nan
0.124000
0.124000
nan
nan
nan
nan
1.000000
1.000000
nan
0.539000
0.249000
0.083000
nan
nan
nan
nan
nan
0.913000
nan
1.000000
0.083000
0.083000
0.124000
0.207000
0.630000
0.105000
nan
nan
nan
0.280000
0.140000
0.210000
0.806000
nan
nan
0.560000
0.210000
nan
nan
nan
nan
nan
0.105000
nan
0.630000
0.175000
nan
0.105000
nan
nan
nan
nan
nan
0.280000
0.420000
0.736000
nan
0.315000
nan
nan
nan
0.385000
0.911000
0.806000
nan
nan
1.000000
nan
0.701000
nan
0.981000
0.876000
nan
0.630000
nan
nan
0.070000
1.000000
nan
nan
0.105000
0.175000
nan
0.140000
0.210000
0.455000
0.140000
nan
0.245000
0.175000
nan
0.140000
0.140000
0.210000
nan
0.420000
0.280000
nan
nan
nan
nan
0.000000
0.105000
nan
0.800000
nan
nan
nan
0.833000
nan
0.400000
0.534000
1.000000
nan
0.000000
0.000000
0.000000
0.000000
0.000000
nan
0.916000
0.539000
0.323000
nan
nan
nan
0.108000
nan
nan
0.108000
0.863000
0.701000
nan
0.216000
0.162000
nan
0.323000
nan
nan
0.593000
nan
0.485000
0.431000
nan
0.270000
1.000000
0.108000
nan
0.270000
0.323000
nan
nan
nan
0.323000
nan
nan
0.108000
0.162000
nan
0.270000
0.000000
0.000000
0.755000
nan
nan
0.216000
0.647000
nan
nan
nan
nan
0.000000
0.162000
0.377000
0.431000
nan
nan
nan
nan
0.323000
nan
0.323000
nan
nan
nan
0.323000
0.323000
nan
0.054000
0.162000
nan
nan
0.270000
0.593000
0.000000
nan
