Coverage(RPKM): 808.108108
nan
nan
0.141000
nan
nan
nan
nan
0.070000
0.141000
0.000000
nan
0.775000
nan
0.423000
nan
0.000000
0.000000
nan
nan
0.282000
nan
0.211000
nan
0.704000
0.141000
nan
nan
0.352000
0.282000
nan
0.282000
nan
0.141000
0.634000
nan
0.563000
nan
0.563000
0.000000
nan
nan
0.211000
0.704000
nan
nan
nan
nan
nan
0.000000
nan
nan
0.282000
nan
0.070000
nan
0.634000
0.211000
0.352000
0.141000
nan
nan
nan
nan
nan
0.423000
nan
0.563000
nan
nan
nan
nan
nan
nan
nan
0.282000
nan
0.634000
nan
nan
nan
nan
1.000000
0.775000
0.423000
0.423000
0.845000
0.563000
0.634000
0.634000
nan
1.000000
nan
nan
0.845000
0.352000
1.000000
nan
nan
0.563000
0.282000
0.845000
0.211000
0.282000
0.665000
nan
nan
0.621000
nan
0.532000
nan
nan
0.443000
0.222000
0.109000
nan
nan
nan
0.177000
0.109000
0.222000
0.488000
nan
nan
nan
nan
0.710000
0.266000
0.177000
nan
nan
0.399000
nan
nan
0.621000
0.355000
0.665000
0.443000
nan
0.399000
0.310000
0.532000
0.266000
nan
0.266000
nan
0.355000
0.133000
0.710000
nan
0.177000
nan
0.355000
nan
nan
0.109000
nan
nan
nan
nan
nan
nan
nan
0.576000
0.355000
nan
nan
nan
nan
0.399000
1.000000
0.488000
0.621000
0.133000
nan
0.843000
nan
0.621000
nan
nan
nan
1.000000
nan
0.355000
0.355000
nan
0.355000
nan
0.355000
0.710000
0.976000
0.665000
nan
1.000000
nan
0.576000
0.177000
0.355000
nan
nan
nan
nan
0.127000
0.382000
nan
0.340000
nan
0.552000
nan
0.892000
nan
nan
nan
nan
0.340000
0.085000
0.977000
0.892000
nan
nan
nan
nan
0.170000
nan
0.564000
0.443000
nan
nan
0.403000
0.726000
nan
0.242000
nan
nan
nan
0.323000
0.564000
nan
nan
0.081000
nan
0.887000
nan
0.484000
nan
nan
0.000000
nan
0.081000
0.242000
nan
0.242000
0.081000
0.081000
0.242000
0.081000
nan
nan
0.121000
1.000000
nan
nan
nan
0.605000
0.524000
0.121000
0.605000
0.403000
nan
0.958000
nan
0.323000
1.000000
0.605000
0.806000
nan
nan
0.564000
nan
0.524000
nan
nan
0.081000
nan
0.081000
nan
nan
nan
nan
0.161000
nan
0.121000
0.000000
nan
0.242000
0.000000
0.000000
0.000000
0.305000
0.000000
0.916000
nan
nan
nan
nan
0.344000
0.115000
nan
nan
nan
nan
0.267000
1.000000
nan
nan
nan
nan
nan
nan
nan
nan
nan
nan
nan
nan
nan
nan
nan
nan
0.153000
nan
nan
0.000000
nan
