Coverage(RPKM): 431.460674
nan
nan
0.000000
nan
nan
0.000000
0.377000
1.000000
nan
0.503000
nan
0.881000
0.000000
nan
0.377000
nan
nan
nan
nan
nan
nan
nan
nan
nan
nan
nan
0.252000
0.503000
0.881000
0.252000
0.377000
0.000000
nan
nan
0.503000
nan
0.755000
0.377000
1.000000
0.503000
1.000000
nan
nan
nan
0.252000
nan
nan
nan
0.000000
0.755000
nan
0.000000
0.377000
0.377000
nan
0.503000
nan
0.252000
nan
nan
nan
0.252000
nan
0.000000
0.252000
0.000000
nan
nan
0.000000
nan
0.503000
0.503000
nan
0.000000
nan
0.000000
nan
nan
0.000000
nan
nan
0.126000
nan
nan
nan
0.252000
0.503000
0.000000
nan
