Coverage(RPKM): 556.637168
nan
nan
0.167000
nan
nan
0.167000
0.167000
nan
nan
nan
0.250000
nan
0.167000
nan
0.167000
nan
0.167000
0.500000
nan
nan
nan
0.167000
nan
0.167000
0.167000
0.667000
nan
nan
nan
0.083000
nan
nan
nan
0.167000
0.583000
0.000000
nan
0.083000
0.167000
0.000000
nan
nan
nan
nan
0.000000
0.000000
0.000000
nan
0.000000
0.417000
0.417000
nan
nan
0.167000
0.000000
0.250000
nan
nan
nan
nan
0.667000
nan
nan
0.333000
nan
0.000000
nan
0.333000
nan
0.167000
nan
0.000000
nan
nan
0.417000
nan
nan
0.333000
nan
nan
0.583000
0.333000
nan
nan
nan
nan
nan
nan
0.500000
nan
1.000000
0.000000
nan
0.000000
nan
1.000000
nan
nan
1.000000
0.333000
0.917000
0.250000
0.833000
nan
nan
1.000000
nan
0.667000
0.661000
nan
nan
nan
0.331000
nan
0.661000
0.083000
nan
0.000000
nan
nan
nan
0.661000
0.496000
nan
nan
0.744000
nan
nan
0.413000
nan
0.000000
0.413000
nan
nan
nan
nan
nan
0.165000
nan
nan
nan
nan
nan
0.331000
0.413000
nan
0.579000
0.331000
nan
0.661000
0.496000
nan
0.496000
nan
0.331000
0.083000
nan
nan
nan
nan
1.000000
0.413000
0.413000
nan
nan
0.496000
0.579000
0.331000
0.744000
0.744000
nan
nan
nan
0.331000
0.826000
0.826000
0.000000
nan
0.496000
nan
nan
nan
nan
0.661000
nan
nan
nan
0.496000
0.909000
nan
nan
0.661000
0.661000
1.000000
nan
0.579000
0.826000
1.000000
0.413000
0.826000
0.744000
0.331000
0.000000
nan
nan
0.083000
nan
nan
nan
nan
0.000000
0.117000
nan
1.000000
0.351000
nan
nan
0.351000
nan
nan
nan
0.499000
nan
0.748000
0.499000
0.561000
nan
nan
nan
0.811000
nan
0.624000
1.000000
0.499000
0.686000
nan
nan
nan
nan
nan
1.000000
nan
0.686000
0.125000
nan
nan
0.436000
nan
nan
0.873000
0.624000
nan
nan
0.686000
0.968000
nan
nan
nan
nan
0.499000
0.561000
nan
0.312000
nan
0.312000
nan
nan
nan
nan
0.686000
nan
nan
nan
nan
nan
nan
0.125000
0.062000
0.013000
0.249000
nan
nan
nan
0.374000
nan
nan
nan
nan
nan
0.624000
nan
nan
nan
0.873000
0.062000
0.374000
nan
nan
0.062000
nan
nan
0.624000
nan
0.249000
0.013000
nan
0.125000
0.249000
0.436000
nan
nan
0.249000
0.312000
nan
0.013000
0.125000
0.125000
0.125000
nan
nan
nan
nan
nan
0.436000
nan
0.249000
0.397000
nan
0.066000
0.795000
nan
nan
nan
nan
nan
nan
nan
0.000000
nan
