Coverage(RPKM): 402.272727
nan
nan
0.000000
nan
nan
nan
nan
0.190000
nan
0.379000
nan
nan
nan
nan
0.758000
0.190000
nan
0.000000
nan
nan
0.190000
nan
nan
0.000000
0.000000
nan
nan
nan
0.000000
0.190000
0.190000
nan
0.569000
0.190000
0.000000
nan
0.190000
nan
nan
0.000000
nan
nan
nan
nan
nan
0.000000
0.379000
nan
nan
0.000000
nan
0.190000
0.190000
1.000000
nan
nan
0.474000
0.000000
0.000000
nan
0.095000
nan
0.000000
nan
nan
nan
nan
0.000000
0.948000
nan
nan
nan
0.190000
0.000000
nan
1.000000
nan
0.190000
nan
0.569000
nan
nan
nan
nan
0.758000
0.758000
0.758000
0.000000
0.664000
nan
nan
0.569000
0.190000
0.474000
0.569000
nan
nan
1.000000
0.190000
0.190000
nan
0.095000
0.569000
0.569000
0.303000
nan
nan
nan
0.152000
nan
nan
0.303000
nan
0.455000
nan
0.152000
0.303000
1.000000
nan
nan
nan
nan
nan
0.303000
0.379000
0.076000
nan
nan
0.455000
nan
0.303000
0.152000
nan
nan
nan
0.606000
0.758000
0.076000
nan
0.000000
0.076000
0.530000
0.152000
nan
nan
0.455000
0.303000
nan
0.758000
0.152000
nan
nan
nan
nan
nan
nan
nan
0.455000
0.455000
0.227000
1.000000
0.379000
0.152000
0.758000
0.303000
0.758000
0.152000
nan
0.303000
0.606000
0.530000
nan
0.152000
0.000000
nan
0.303000
nan
nan
0.682000
nan
nan
0.379000
0.303000
0.303000
1.000000
nan
0.303000
0.000000
nan
0.833000
nan
nan
nan
nan
nan
nan
0.152000
0.000000
0.333000
0.667000
0.667000
nan
0.250000
0.250000
nan
0.167000
nan
0.250000
nan
nan
1.000000
0.333000
0.833000
0.667000
nan
1.000000
0.667000
0.520000
0.260000
0.087000
0.867000
0.520000
0.520000
nan
0.000000
0.173000
nan
0.867000
nan
nan
nan
0.173000
0.347000
0.347000
nan
0.173000
nan
0.000000
0.173000
nan
0.694000
0.520000
0.000000
0.347000
0.000000
0.173000
1.000000
nan
nan
0.000000
0.000000
nan
1.000000
0.694000
0.260000
1.000000
nan
nan
nan
nan
nan
nan
0.173000
0.694000
nan
nan
nan
0.000000
nan
nan
nan
0.434000
nan
nan
nan
nan
0.173000
0.000000
nan
0.347000
0.173000
0.173000
0.450000
0.360000
nan
0.360000
nan
nan
0.811000
0.360000
nan
nan
0.000000
0.180000
0.541000
nan
nan
nan
nan
0.360000
nan
0.180000
nan
nan
0.360000
0.541000
0.000000
nan
