Coverage(RPKM): 672.924901
nan
nan
0.231000
nan
nan
nan
nan
0.000000
nan
nan
0.231000
0.231000
nan
nan
nan
0.231000
0.231000
nan
0.462000
0.000000
nan
nan
0.462000
0.000000
nan
0.231000
nan
0.231000
nan
nan
0.694000
0.000000
0.000000
nan
nan
nan
nan
0.116000
nan
0.462000
0.000000
nan
nan
0.462000
0.809000
nan
0.462000
0.462000
nan
0.694000
nan
0.000000
nan
0.000000
0.000000
nan
nan
nan
nan
nan
0.462000
nan
1.000000
0.231000
nan
0.231000
0.347000
0.000000
nan
0.000000
0.116000
0.462000
nan
0.231000
nan
nan
nan
1.000000
nan
nan
0.694000
0.578000
nan
nan
0.462000
nan
0.462000
nan
nan
nan
nan
nan
0.578000
nan
nan
1.000000
nan
nan
nan
0.231000
nan
0.231000
0.231000
0.231000
0.000000
nan
nan
0.462000
0.000000
0.302000
0.000000
0.846000
0.665000
0.725000
0.967000
nan
0.242000
nan
nan
nan
0.483000
nan
nan
nan
0.363000
0.000000
0.121000
0.121000
nan
nan
nan
0.060000
nan
0.242000
nan
nan
nan
nan
nan
0.665000
0.604000
nan
0.181000
nan
0.181000
nan
nan
0.000000
0.785000
0.363000
0.483000
nan
0.483000
1.000000
0.725000
nan
0.423000
nan
0.181000
0.000000
nan
nan
nan
nan
nan
nan
0.302000
0.181000
0.725000
nan
nan
nan
nan
0.000000
0.302000
nan
0.665000
1.000000
nan
nan
0.725000
0.363000
nan
0.121000
nan
nan
0.060000
nan
0.544000
nan
nan
nan
0.785000
0.302000
nan
0.181000
0.363000
0.483000
nan
0.423000
nan
nan
nan
nan
nan
0.363000
nan
1.000000
nan
0.363000
0.121000
nan
0.838000
nan
nan
1.000000
nan
nan
nan
nan
nan
0.419000
nan
0.628000
0.209000
0.628000
nan
0.733000
0.314000
0.000000
0.733000
nan
nan
0.000000
0.838000
0.419000
0.314000
0.628000
nan
0.733000
nan
nan
0.524000
0.105000
0.209000
0.314000
nan
nan
nan
nan
nan
nan
0.419000
0.209000
nan
0.419000
0.942000
nan
nan
nan
nan
nan
nan
nan
nan
0.105000
nan
nan
nan
nan
0.000000
0.209000
nan
nan
nan
nan
0.524000
0.000000
0.209000
0.524000
nan
nan
0.209000
0.419000
nan
0.314000
nan
0.000000
nan
nan
nan
1.000000
nan
0.314000
nan
0.000000
nan
0.524000
nan
0.209000
0.419000
nan
nan
nan
0.628000
nan
0.105000
0.000000
0.000000
0.838000
nan
nan
0.314000
1.000000
nan
0.419000
nan
nan
0.838000
nan
nan
0.000000
nan
nan
0.275000
0.756000
0.756000
nan
0.275000
1.000000
nan
0.412000
nan
0.344000
0.344000
0.137000
0.344000
0.344000
nan
nan
nan
0.412000
0.619000
nan
nan
nan
0.619000
nan
0.687000
0.412000
0.893000
0.825000
nan
nan
nan
0.206000
0.000000
nan
0.275000
nan
0.550000
nan
0.550000
nan
nan
0.756000
nan
nan
0.137000
0.137000
nan
nan
0.137000
nan
0.137000
0.756000
1.000000
nan
0.137000
0.137000
nan
0.137000
0.825000
0.687000
nan
0.550000
0.962000
nan
0.893000
0.412000
0.137000
0.137000
0.344000
nan
nan
nan
0.481000
0.000000
nan
nan
nan
nan
nan
0.137000
nan
0.000000
nan
0.344000
nan
0.137000
nan
1.000000
nan
nan
nan
nan
nan
0.594000
0.340000
0.425000
nan
nan
nan
nan
0.764000
nan
0.467000
0.085000
0.297000
0.594000
0.467000
0.127000
nan
0.170000
0.212000
0.255000
nan
nan
nan
0.170000
nan
0.085000
nan
0.340000
nan
nan
nan
0.510000
nan
1.000000
0.425000
nan
0.425000
nan
0.679000
0.977000
nan
0.170000
nan
0.085000
0.467000
nan
nan
nan
nan
nan
0.892000
1.000000
nan
nan
0.340000
nan
nan
0.212000
1.000000
0.255000
nan
0.297000
0.425000
0.340000
nan
0.510000
nan
0.722000
0.255000
nan
0.467000
0.340000
0.297000
nan
0.170000
0.212000
0.297000
0.467000
nan
nan
0.255000
0.170000
nan
nan
nan
0.255000
0.340000
0.340000
0.085000
nan
