Coverage(RPKM): 456.687898
nan
nan
0.392000
0.000000
nan
nan
0.000000
0.196000
0.000000
0.000000
0.392000
nan
0.588000
nan
0.000000
nan
nan
nan
nan
nan
0.392000
nan
nan
0.000000
0.000000
nan
1.000000
0.000000
nan
nan
0.000000
nan
0.000000
nan
nan
0.000000
nan
nan
nan
0.000000
0.392000
nan
nan
nan
nan
0.000000
nan
0.000000
nan
nan
0.392000
0.000000
0.000000
0.392000
0.588000
0.392000
nan
nan
0.000000
0.000000
0.588000
nan
nan
0.196000
nan
nan
nan
0.000000
0.392000
0.196000
nan
nan
nan
nan
nan
nan
0.000000
1.000000
nan
0.196000
nan
0.196000
nan
0.784000
nan
nan
nan
0.392000
0.784000
0.392000
nan
0.784000
nan
nan
nan
0.784000
nan
nan
nan
nan
0.392000
0.392000
0.392000
nan
1.000000
nan
nan
nan
nan
0.392000
0.000000
0.000000
0.541000
nan
0.090000
0.541000
nan
nan
nan
0.180000
0.631000
nan
nan
0.000000
nan
nan
0.901000
nan
nan
nan
0.811000
nan
nan
0.360000
nan
0.180000
1.000000
nan
0.450000
nan
nan
1.000000
nan
0.450000
0.360000
0.360000
1.000000
0.090000
nan
0.180000
0.180000
0.450000
nan
nan
0.450000
0.541000
nan
nan
0.541000
nan
nan
0.721000
nan
nan
nan
nan
0.180000
nan
0.450000
0.180000
nan
0.270000
nan
0.000000
nan
0.000000
nan
0.270000
0.360000
0.180000
nan
nan
0.450000
0.631000
nan
nan
0.631000
nan
nan
0.541000
nan
0.541000
nan
0.180000
nan
nan
nan
0.811000
0.541000
0.901000
0.811000
nan
0.901000
nan
0.360000
0.627000
0.235000
0.470000
0.533000
0.400000
0.267000
nan
0.533000
0.667000
0.000000
0.000000
0.133000
1.000000
nan
nan
nan
0.000000
nan
nan
nan
0.333000
nan
1.000000
0.933000
nan
nan
nan
0.067000
0.267000
0.400000
0.400000
nan
nan
0.133000
nan
0.400000
nan
0.400000
nan
nan
0.267000
nan
0.267000
0.067000
1.000000
1.000000
nan
nan
nan
nan
0.667000
nan
nan
nan
0.400000
0.533000
nan
0.533000
nan
0.733000
nan
nan
nan
0.800000
nan
nan
nan
0.800000
0.000000
nan
0.200000
0.400000
0.267000
nan
nan
0.267000
0.867000
nan
nan
nan
nan
nan
0.133000
nan
0.400000
0.533000
nan
nan
nan
nan
0.533000
nan
nan
0.333000
nan
nan
nan
0.200000
nan
0.133000
nan
nan
nan
nan
nan
0.067000
nan
0.000000
nan
