Coverage(RPKM): 344.444444
nan
nan
0.000000
nan
nan
nan
0.000000
nan
0.000000
nan
0.500000
nan
nan
0.250000
0.000000
nan
0.000000
nan
0.000000
0.000000
0.000000
nan
nan
0.000000
0.000000
0.000000
0.000000
nan
nan
0.000000
0.000000
nan
nan
nan
0.000000
nan
0.500000
nan
0.500000
0.500000
nan
nan
nan
nan
0.000000
nan
0.000000
nan
nan
nan
0.500000
0.000000
nan
1.000000
0.000000
0.000000
0.500000
0.000000
0.500000
nan
nan
0.000000
nan
0.000000
0.000000
nan
nan
nan
1.000000
1.000000
nan
nan
nan
0.000000
nan
nan
0.000000
0.000000
nan
nan
0.000000
nan
0.000000
1.000000
1.000000
nan
0.500000
0.500000
nan
0.000000
0.000000
0.500000
nan
nan
nan
nan
nan
0.500000
nan
nan
0.000000
0.000000
nan
0.500000
0.000000
0.000000
0.250000
nan
nan
nan
0.875000
0.250000
0.250000
nan
0.000000
nan
0.000000
0.000000
1.000000
nan
nan
0.750000
nan
nan
0.000000
0.500000
nan
nan
0.875000
1.000000
0.500000
0.000000
0.500000
0.250000
nan
nan
nan
0.000000
0.500000
nan
nan
0.250000
0.250000
0.000000
0.750000
nan
0.875000
nan
0.750000
0.625000
nan
0.750000
nan
0.375000
nan
0.875000
nan
0.250000
nan
0.250000
0.250000
0.875000
0.000000
0.500000
nan
0.750000
nan
1.000000
0.500000
0.625000
0.250000
0.875000
nan
nan
nan
nan
nan
0.750000
0.000000
1.000000
0.500000
nan
0.000000
0.500000
0.220000
nan
nan
nan
0.440000
nan
0.220000
0.220000
nan
nan
nan
nan
0.220000
nan
nan
nan
0.440000
0.330000
0.330000
nan
nan
nan
nan
nan
0.000000
0.220000
0.220000
0.549000
nan
nan
nan
nan
nan
nan
nan
nan
0.659000
0.220000
nan
nan
nan
nan
nan
0.440000
nan
0.659000
0.330000
0.440000
nan
nan
0.659000
nan
0.659000
0.440000
nan
1.000000
nan
nan
nan
nan
nan
0.220000
nan
nan
0.330000
0.440000
nan
1.000000
0.769000
0.769000
0.659000
0.000000
nan
nan
nan
0.000000
0.440000
0.220000
0.000000
0.220000
0.879000
0.220000
nan
nan
nan
nan
0.220000
0.330000
0.220000
nan
0.769000
nan
nan
nan
nan
nan
nan
nan
nan
nan
nan
0.220000
nan
1.000000
0.440000
nan
nan
0.110000
0.440000
nan
nan
nan
0.220000
0.330000
0.000000
0.549000
nan
1.000000
nan
0.228000
nan
nan
0.228000
nan
nan
0.684000
nan
nan
nan
nan
0.114000
nan
0.114000
0.000000
nan
0.684000
nan
0.684000
0.114000
nan
0.570000
nan
0.228000
0.228000
0.000000
0.000000
0.000000
nan
nan
nan
nan
0.456000
0.912000
0.228000
0.228000
nan
nan
nan
0.114000
nan
0.342000
0.684000
nan
0.456000
0.684000
0.456000
0.570000
0.228000
0.912000
1.000000
nan
nan
0.228000
0.228000
0.342000
nan
nan
nan
nan
0.342000
0.684000
nan
1.000000
0.228000
0.228000
0.000000
nan
nan
nan
0.798000
nan
nan
0.912000
nan
nan
nan
nan
nan
nan
nan
nan
nan
0.342000
0.114000
0.684000
1.000000
nan
nan
nan
nan
0.342000
nan
nan
0.684000
nan
0.456000
0.228000
0.912000
nan
0.000000
nan
