Coverage(RPKM): 912.500000
nan
nan
0.000000
nan
nan
nan
nan
0.214000
0.000000
0.000000
0.143000
nan
nan
nan
nan
nan
0.357000
nan
nan
nan
nan
1.000000
0.071000
0.500000
0.500000
0.429000
0.214000
nan
nan
0.286000
0.500000
0.143000
nan
nan
nan
nan
nan
nan
nan
0.000000
0.000000
0.429000
nan
nan
nan
0.000000
nan
0.143000
0.143000
nan
0.500000
0.000000
0.071000
nan
nan
0.357000
0.214000
0.143000
nan
nan
nan
1.000000
0.429000
0.571000
0.571000
nan
0.357000
nan
nan
nan
0.286000
0.286000
nan
nan
nan
nan
nan
0.214000
nan
nan
nan
nan
nan
0.429000
1.000000
0.143000
1.000000
0.857000
0.500000
nan
0.357000
0.643000
nan
nan
0.286000
0.143000
0.143000
0.429000
1.000000
nan
0.714000
nan
nan
nan
nan
nan
0.786000
0.345000
0.690000
0.345000
nan
0.613000
0.728000
nan
0.056000
nan
0.498000
1.000000
0.077000
0.077000
0.536000
0.153000
nan
0.460000
1.000000
nan
nan
nan
nan
nan
0.613000
0.115000
nan
0.192000
0.192000
nan
nan
0.536000
nan
0.575000
0.230000
nan
0.575000
nan
0.230000
0.056000
0.077000
nan
0.651000
nan
0.192000
nan
nan
nan
nan
nan
nan
0.651000
nan
nan
nan
nan
0.153000
0.307000
0.345000
nan
0.805000
0.881000
nan
0.958000
0.307000
nan
nan
nan
nan
0.843000
nan
0.805000
nan
nan
nan
nan
0.230000
0.230000
0.498000
nan
0.153000
1.000000
0.383000
nan
nan
nan
nan
0.056000
0.307000
0.192000
nan
0.383000
0.077000
0.115000
0.307000
nan
0.289000
0.241000
0.482000
0.723000
0.482000
nan
0.241000
nan
nan
0.675000
0.386000
0.289000
nan
nan
0.867000
0.771000
0.386000
0.675000
0.289000
1.000000
0.771000
nan
0.118000
0.482000
0.627000
nan
nan
0.337000
0.867000
nan
nan
nan
nan
nan
nan
0.530000
0.867000
1.000000
nan
nan
nan
nan
nan
1.000000
0.482000
nan
0.193000
nan
nan
nan
0.193000
nan
nan
nan
0.118000
nan
nan
nan
nan
0.118000
0.578000
nan
0.578000
nan
nan
0.675000
0.289000
nan
nan
nan
0.337000
nan
0.386000
0.434000
0.193000
nan
nan
nan
0.145000
0.627000
0.819000
nan
0.771000
nan
nan
0.675000
0.289000
nan
nan
nan
0.145000
0.675000
nan
0.482000
0.819000
0.289000
0.241000
0.681000
0.779000
nan
nan
nan
0.243000
nan
nan
nan
nan
nan
nan
0.195000
0.487000
0.044000
0.487000
1.000000
nan
0.341000
0.438000
nan
0.584000
0.535000
0.535000
0.292000
nan
nan
0.044000
0.341000
0.730000
nan
0.584000
0.195000
nan
0.487000
nan
0.487000
0.438000
nan
1.000000
0.973000
0.633000
nan
0.584000
0.195000
0.341000
nan
0.097000
nan
nan
nan
nan
nan
0.097000
0.044000
0.389000
0.584000
nan
0.487000
0.973000
nan
0.341000
0.292000
nan
nan
nan
0.779000
nan
0.779000
0.633000
0.730000
0.146000
0.487000
nan
0.438000
nan
0.438000
0.876000
0.341000
nan
nan
nan
nan
0.633000
nan
nan
nan
0.681000
nan
1.000000
1.000000
0.488000
0.443000
0.089000
0.089000
0.488000
nan
0.488000
0.843000
1.000000
nan
0.044000
nan
nan
0.754000
0.266000
0.133000
nan
0.044000
nan
0.061000
nan
nan
nan
nan
nan
0.061000
0.098000
0.441000
nan
0.294000
nan
nan
0.294000
0.441000
0.098000
0.196000
0.196000
0.988000
0.196000
nan
0.686000
nan
nan
0.196000
nan
0.392000
0.588000
1.000000
nan
nan
nan
0.735000
nan
0.392000
0.539000
0.098000
nan
0.588000
nan
nan
0.098000
nan
nan
nan
nan
0.343000
0.392000
nan
0.441000
0.343000
0.294000
0.245000
0.147000
0.588000
0.588000
nan
nan
0.294000
nan
nan
0.943000
nan
0.588000
0.539000
0.429000
nan
0.804000
0.214000
0.429000
0.912000
nan
0.429000
nan
0.375000
nan
nan
nan
0.322000
nan
0.107000
nan
0.322000
nan
nan
nan
nan
nan
nan
0.322000
0.375000
0.590000
nan
0.078000
nan
