Coverage(RPKM): 888.295688
nan
nan
0.171000
0.102000
nan
nan
nan
0.000000
nan
nan
nan
0.034000
0.273000
0.478000
0.000000
0.273000
0.102000
0.273000
nan
nan
nan
nan
nan
0.410000
nan
0.205000
0.375000
nan
0.375000
0.205000
0.034000
0.341000
0.171000
nan
nan
nan
0.171000
0.273000
0.171000
0.068000
nan
0.512000
0.512000
nan
nan
0.000000
nan
nan
nan
0.034000
0.341000
0.648000
nan
nan
1.000000
0.478000
nan
0.034000
0.034000
0.034000
0.410000
0.648000
nan
nan
0.137000
nan
nan
nan
0.137000
nan
0.102000
0.137000
nan
0.580000
nan
nan
0.819000
nan
nan
0.887000
0.307000
nan
0.000000
0.205000
nan
nan
nan
0.751000
0.683000
1.000000
1.000000
0.068000
0.133000
nan
nan
nan
0.067000
0.067000
0.267000
0.467000
nan
0.433000
0.667000
1.000000
nan
0.300000
0.200000
0.433000
0.900000
nan
nan
0.133000
nan
nan
0.267000
0.367000
nan
0.767000
0.900000
0.133000
0.333000
0.300000
0.400000
nan
nan
nan
0.667000
nan
nan
nan
nan
0.467000
nan
nan
0.600000
nan
nan
nan
0.067000
nan
1.000000
0.333000
0.600000
0.700000
0.667000
nan
0.200000
nan
0.200000
nan
nan
nan
nan
nan
nan
nan
nan
nan
nan
nan
0.200000
nan
0.200000
nan
nan
0.100000
nan
nan
nan
nan
0.367000
nan
nan
nan
0.300000
nan
1.000000
0.133000
nan
nan
0.167000
0.167000
0.233000
nan
0.400000
1.000000
0.600000
nan
nan
0.200000
nan
nan
0.067000
0.367000
0.100000
nan
0.367000
0.366000
0.471000
1.000000
nan
nan
nan
0.262000
nan
nan
0.314000
nan
nan
0.366000
0.000000
0.942000
0.471000
nan
nan
nan
0.262000
0.157000
nan
nan
0.000000
nan
nan
0.000000
nan
nan
0.314000
1.000000
0.314000
0.942000
nan
nan
nan
nan
nan
0.628000
0.419000
0.419000
nan
0.471000
nan
0.524000
0.157000
nan
nan
0.209000
1.000000
0.209000
nan
nan
0.000000
0.838000
nan
nan
nan
nan
nan
nan
nan
nan
nan
0.000000
nan
nan
nan
nan
0.052000
nan
0.314000
nan
nan
0.052000
0.314000
nan
nan
0.209000
0.105000
0.157000
nan
0.209000
nan
0.157000
0.681000
nan
nan
nan
nan
0.262000
0.524000
nan
0.366000
nan
0.366000
nan
0.524000
0.209000
0.209000
nan
nan
0.262000
nan
nan
0.262000
0.157000
nan
0.157000
0.220000
0.000000
0.000000
1.000000
nan
0.659000
0.110000
0.659000
0.440000
nan
0.659000
nan
0.220000
0.220000
0.220000
nan
nan
0.659000
0.110000
nan
nan
0.110000
nan
nan
nan
0.549000
0.549000
nan
0.220000
0.440000
nan
0.879000
nan
0.000000
0.000000
0.110000
0.000000
nan
0.000000
1.000000
nan
1.000000
nan
0.440000
0.879000
nan
0.000000
nan
nan
nan
nan
nan
0.220000
nan
0.440000
nan
0.220000
nan
nan
0.000000
0.769000
0.440000
nan
0.440000
0.000000
nan
0.000000
nan
nan
nan
0.220000
nan
0.659000
0.000000
nan
nan
nan
nan
nan
nan
nan
0.000000
0.110000
nan
nan
nan
nan
nan
0.110000
0.000000
0.000000
nan
nan
nan
nan
nan
nan
nan
nan
nan
nan
0.372000
0.372000
nan
0.000000
0.153000
0.000000
0.000000
nan
0.000000
0.000000
0.076000
nan
0.229000
0.000000
nan
nan
nan
0.076000
nan
nan
nan
0.305000
0.076000
0.382000
0.000000
0.611000
0.000000
0.229000
nan
0.382000
nan
0.611000
0.000000
0.000000
0.000000
0.076000
0.458000
0.000000
0.458000
0.153000
0.916000
0.687000
1.000000
nan
nan
nan
0.153000
0.458000
nan
0.458000
0.153000
0.382000
nan
0.458000
0.305000
nan
0.153000
nan
0.305000
0.076000
1.000000
0.305000
nan
0.153000
0.534000
nan
nan
nan
1.000000
nan
nan
nan
nan
nan
nan
nan
nan
0.458000
0.000000
nan
