Coverage(RPKM): 694.879518
nan
nan
0.000000
nan
nan
nan
0.000000
0.200000
0.500000
nan
0.100000
nan
nan
nan
nan
0.500000
0.200000
nan
nan
0.200000
nan
nan
0.000000
nan
nan
nan
0.000000
nan
0.000000
nan
0.200000
0.200000
nan
0.100000
0.000000
0.200000
nan
0.700000
0.200000
0.200000
0.000000
nan
0.000000
nan
0.000000
nan
nan
nan
nan
0.300000
0.000000
nan
0.200000
0.200000
nan
nan
nan
nan
nan
1.000000
nan
1.000000
nan
0.200000
1.000000
nan
0.300000
0.600000
0.300000
0.500000
0.000000
nan
0.400000
0.300000
nan
nan
0.700000
0.400000
nan
nan
0.100000
0.100000
nan
0.000000
nan
0.200000
nan
0.000000
0.000000
0.200000
0.000000
nan
nan
0.400000
1.000000
0.800000
nan
nan
nan
nan
nan
nan
0.000000
nan
nan
0.100000
nan
nan
nan
0.000000
0.200000
nan
1.000000
0.600000
0.400000
nan
nan
0.600000
nan
0.500000
0.100000
0.000000
0.200000
nan
nan
nan
0.800000
nan
nan
nan
nan
0.700000
nan
0.000000
0.100000
nan
nan
0.500000
1.000000
nan
0.000000
0.200000
nan
nan
1.000000
nan
nan
nan
0.300000
nan
nan
0.700000
nan
0.100000
nan
0.600000
0.200000
nan
0.400000
nan
nan
nan
0.000000
0.600000
nan
0.700000
nan
nan
nan
0.800000
nan
0.200000
0.100000
nan
0.300000
0.500000
nan
nan
nan
nan
nan
nan
nan
nan
0.400000
nan
nan
0.400000
nan
1.000000
nan
0.000000
0.800000
nan
nan
0.700000
0.500000
nan
nan
0.200000
nan
0.000000
nan
nan
0.500000
nan
nan
nan
nan
nan
nan
nan
0.500000
nan
0.700000
0.100000
0.400000
nan
0.600000
0.000000
nan
0.180000
nan
0.541000
0.270000
nan
nan
0.901000
nan
nan
nan
nan
0.000000
0.000000
0.552000
nan
0.552000
0.736000
0.368000
0.552000
0.184000
nan
nan
0.000000
0.000000
0.000000
0.092000
0.552000
nan
0.828000
0.552000
nan
nan
nan
0.000000
nan
nan
0.184000
nan
nan
nan
nan
nan
0.368000
nan
0.000000
nan
nan
0.092000
nan
0.368000
nan
nan
nan
nan
0.276000
nan
0.184000
0.184000
1.000000
nan
0.000000
nan
0.000000
nan
0.000000
nan
1.000000
nan
nan
nan
nan
nan
nan
nan
0.184000
nan
nan
nan
0.092000
0.552000
nan
nan
0.368000
nan
nan
0.644000
0.276000
nan
nan
0.000000
0.552000
nan
0.184000
1.000000
0.000000
0.000000
nan
0.000000
0.000000
nan
0.092000
0.000000
0.188000
0.000000
0.188000
0.000000
0.000000
0.000000
nan
0.000000
nan
