Coverage(RPKM): 476.896552
nan
nan
0.550000
0.412000
nan
nan
0.481000
1.000000
nan
0.687000
nan
nan
nan
nan
nan
0.687000
0.412000
0.756000
nan
0.275000
0.137000
nan
0.275000
0.825000
nan
nan
nan
0.825000
0.206000
nan
nan
nan
nan
nan
nan
nan
nan
0.137000
0.687000
nan
nan
nan
0.137000
0.031000
0.137000
0.275000
nan
0.069000
0.275000
nan
0.550000
1.000000
nan
nan
0.962000
nan
nan
nan
nan
0.206000
nan
0.893000
0.481000
nan
0.550000
nan
nan
nan
0.069000
0.412000
1.000000
0.275000
nan
0.275000
nan
nan
nan
nan
0.412000
0.031000
nan
0.137000
nan
nan
0.031000
0.137000
0.206000
0.344000
0.344000
0.550000
nan
nan
0.619000
0.893000
nan
0.412000
nan
nan
0.275000
nan
0.275000
0.137000
0.137000
1.000000
1.000000
nan
0.500000
nan
nan
0.833000
0.667000
0.167000
nan
0.000000
0.000000
nan
1.000000
1.000000
nan
1.000000
0.667000
nan
nan
nan
nan
nan
nan
0.333000
0.000000
nan
0.333000
0.667000
0.667000
nan
0.333000
1.000000
nan
nan
nan
nan
0.000000
nan
nan
0.333000
nan
nan
0.333000
nan
0.000000
nan
nan
nan
nan
nan
nan
0.333000
nan
0.333000
0.667000
nan
0.000000
nan
0.667000
0.000000
0.833000
0.000000
0.333000
0.333000
nan
nan
nan
0.667000
nan
0.500000
nan
0.333000
nan
0.500000
nan
0.500000
nan
1.000000
nan
0.667000
nan
nan
nan
nan
0.000000
0.000000
nan
nan
0.333000
nan
nan
0.000000
0.333000
0.000000
nan
nan
nan
0.333000
0.000000
0.000000
0.333000
0.333000
0.333000
0.667000
nan
nan
nan
nan
nan
nan
0.500000
nan
nan
nan
0.333000
0.333000
0.000000
nan
nan
0.333000
nan
0.000000
0.000000
nan
1.000000
0.333000
nan
0.667000
0.333000
0.000000
0.333000
0.000000
0.333000
nan
0.000000
0.667000
0.333000
nan
nan
nan
nan
nan
nan
nan
nan
0.333000
0.667000
nan
nan
0.667000
nan
0.667000
0.500000
nan
0.667000
0.667000
1.000000
nan
nan
0.000000
0.333000
nan
nan
0.000000
0.667000
nan
1.000000
0.500000
0.333000
nan
0.333000
1.000000
nan
0.667000
0.667000
nan
0.000000
nan
nan
0.667000
0.333000
1.000000
0.333000
0.000000
0.333000
nan
