Coverage(RPKM): 114.545455
nan
nan
0.000000
0.645000
nan
nan
0.000000
nan
nan
0.000000
nan
nan
nan
nan
nan
1.000000
0.000000
nan
0.000000
0.645000
nan
nan
nan
nan
0.000000
nan
nan
0.000000
nan
nan
0.000000
0.000000
0.000000
nan
nan
0.645000
nan
nan
nan
0.000000
nan
nan
0.000000
0.000000
nan
0.000000
0.000000
1.000000
0.645000
1.000000
0.000000
nan
nan
nan
0.000000
0.000000
nan
0.645000
0.000000
0.000000
nan
0.323000
nan
nan
nan
0.000000
nan
0.000000
0.000000
nan
0.000000
0.645000
0.000000
0.645000
0.000000
0.000000
nan
0.000000
nan
0.645000
nan
nan
0.323000
0.645000
0.000000
nan
nan
0.000000
0.000000
0.000000
nan
nan
nan
nan
nan
nan
nan
0.000000
0.000000
nan
nan
nan
0.323000
0.000000
nan
0.000000
0.000000
0.000000
0.323000
nan
