Coverage(RPKM): 136.000000
nan
nan
0.308000
nan
nan
nan
0.000000
nan
0.000000
nan
nan
nan
nan
nan
nan
0.000000
0.000000
nan
nan
nan
nan
nan
nan
0.000000
nan
nan
0.000000
nan
0.000000
0.000000
0.000000
0.000000
nan
0.923000
0.615000
0.000000
nan
0.615000
1.000000
nan
0.000000
nan
0.000000
0.615000
0.615000
nan
0.000000
0.615000
0.000000
0.000000
nan
0.000000
1.000000
nan
0.000000
0.000000
0.000000
nan
nan
0.000000
0.000000
nan
nan
nan
0.615000
0.000000
nan
0.000000
nan
nan
nan
0.000000
nan
0.000000
nan
