Coverage(RPKM): 297.577389
nan
nan
0.000000
nan
nan
nan
nan
nan
nan
0.916000
0.305000
0.305000
nan
0.916000
nan
0.916000
0.305000
0.916000
nan
0.153000
0.000000
0.916000
nan
nan
nan
nan
nan
nan
0.611000
0.000000
nan
nan
0.916000
0.611000
nan
0.000000
nan
0.916000
nan
0.305000
1.000000
nan
nan
0.000000
0.305000
0.611000
0.611000
0.458000
0.916000
0.916000
0.153000
0.305000
1.000000
0.000000
nan
nan
0.458000
0.000000
nan
0.611000
nan
nan
0.305000
nan
0.000000
nan
nan
0.611000
nan
nan
nan
nan
0.305000
0.153000
nan
nan
0.916000
nan
nan
0.153000
0.000000
0.611000
nan
0.305000
0.305000
0.611000
nan
nan
0.611000
0.000000
nan
nan
nan
nan
1.000000
0.611000
nan
0.000000
nan
0.750000
0.250000
nan
nan
1.000000
0.000000
0.250000
0.500000
nan
nan
nan
nan
0.500000
0.250000
nan
nan
0.500000
nan
0.250000
nan
0.500000
0.625000
0.750000
1.000000
nan
nan
0.500000
0.625000
0.250000
0.375000
nan
nan
0.875000
0.000000
nan
nan
nan
0.000000
0.375000
0.750000
nan
nan
nan
0.750000
0.625000
nan
nan
nan
nan
nan
0.500000
nan
0.375000
nan
nan
nan
nan
0.375000
nan
0.500000
nan
nan
0.250000
0.000000
nan
nan
nan
nan
nan
nan
nan
nan
nan
1.000000
0.500000
0.000000
0.750000
0.125000
nan
nan
nan
0.500000
nan
nan
nan
nan
nan
nan
nan
nan
0.500000
nan
0.250000
nan
0.000000
nan
1.000000
nan
0.000000
nan
nan
0.000000
nan
0.875000
nan
nan
nan
nan
nan
nan
nan
0.000000
0.000000
nan
0.500000
0.750000
0.250000
0.625000
nan
1.000000
nan
nan
0.000000
nan
nan
nan
0.000000
nan
nan
nan
0.444000
nan
nan
0.000000
nan
0.556000
0.222000
nan
0.000000
0.444000
0.000000
0.222000
nan
0.444000
0.556000
0.889000
nan
1.000000
nan
1.000000
0.222000
1.000000
0.444000
nan
0.222000
nan
nan
nan
0.000000
0.889000
0.222000
0.222000
0.222000
0.222000
nan
nan
nan
nan
nan
0.444000
nan
nan
nan
nan
nan
0.000000
0.444000
nan
nan
0.667000
nan
nan
0.444000
0.222000
0.333000
nan
nan
nan
nan
nan
0.667000
nan
nan
nan
0.000000
nan
0.667000
nan
0.111000
nan
nan
nan
0.000000
0.889000
nan
0.667000
0.889000
0.667000
0.000000
nan
0.444000
nan
0.444000
nan
nan
nan
0.000000
0.000000
0.222000
0.222000
0.444000
nan
nan
1.000000
nan
nan
nan
nan
nan
nan
nan
nan
0.611000
0.000000
nan
0.611000
0.611000
0.305000
0.763000
0.611000
nan
0.000000
0.000000
nan
nan
0.305000
0.458000
nan
nan
0.916000
0.305000
0.000000
nan
0.611000
nan
nan
nan
nan
nan
nan
0.611000
nan
nan
0.305000
1.000000
nan
0.611000
nan
nan
0.305000
0.000000
0.000000
0.305000
nan
0.305000
nan
0.305000
nan
0.611000
0.763000
nan
0.000000
0.000000
nan
0.305000
1.000000
0.000000
nan
0.611000
nan
0.305000
0.611000
nan
0.000000
0.305000
nan
0.000000
nan
nan
nan
0.000000
0.305000
0.305000
nan
0.458000
nan
nan
0.000000
0.000000
0.916000
nan
nan
nan
nan
nan
nan
nan
nan
nan
nan
0.305000
nan
nan
0.000000
0.305000
nan
0.305000
0.000000
1.000000
nan
nan
0.000000
0.500000
0.333000
0.333000
1.000000
nan
0.000000
nan
nan
nan
0.167000
nan
nan
0.500000
nan
nan
0.000000
nan
0.167000
nan
1.000000
1.000000
0.333000
nan
nan
0.000000
nan
nan
0.667000
nan
nan
0.333000
nan
nan
nan
nan
nan
nan
0.000000
1.000000
0.667000
0.333000
0.000000
nan
nan
1.000000
nan
0.500000
0.167000
nan
0.333000
0.333000
0.000000
0.000000
0.833000
nan
nan
0.000000
0.667000
0.000000
0.000000
0.000000
0.000000
0.000000
0.000000
nan
0.000000
0.667000
0.000000
nan
0.000000
0.000000
nan
0.000000
nan
nan
0.000000
0.333000
0.000000
0.667000
0.667000
nan
nan
0.333000
nan
nan
nan
0.000000
nan
0.000000
1.000000
0.000000
nan
nan
nan
nan
0.000000
0.000000
0.000000
0.000000
nan
nan
nan
nan
0.333000
nan
nan
0.000000
nan
0.000000
0.167000
nan
nan
0.000000
0.000000
0.000000
nan
0.333000
0.000000
0.833000
nan
nan
0.500000
nan
nan
1.000000
nan
nan
nan
nan
nan
nan
nan
nan
nan
nan
0.167000
0.500000
1.000000
0.000000
nan
0.667000
nan
nan
0.667000
0.667000
nan
0.000000
0.000000
nan
0.500000
0.333000
0.333000
0.000000
nan
nan
nan
nan
0.333000
0.333000
nan
0.333000
0.333000
1.000000
nan
0.000000
nan
nan
nan
nan
nan
0.333000
nan
0.000000
nan
0.000000
nan
0.333000
nan
nan
0.667000
0.667000
0.167000
0.667000
1.000000
nan
nan
0.667000
nan
nan
nan
0.375000
nan
nan
nan
nan
nan
0.125000
nan
0.375000
0.250000
0.625000
0.750000
nan
nan
nan
0.000000
0.375000
0.750000
nan
nan
0.250000
0.250000
nan
0.125000
0.875000
0.750000
nan
nan
1.000000
nan
nan
nan
nan
nan
nan
1.000000
1.000000
0.250000
0.000000
0.000000
1.000000
0.000000
0.750000
1.000000
nan
nan
nan
0.250000
0.000000
nan
0.000000
nan
0.125000
0.000000
0.250000
nan
nan
nan
nan
nan
nan
nan
0.000000
0.000000
nan
0.000000
0.250000
nan
nan
0.250000
nan
nan
nan
nan
nan
nan
nan
0.250000
nan
0.250000
nan
nan
nan
0.375000
nan
nan
0.250000
0.500000
nan
nan
nan
nan
nan
0.000000
0.750000
0.000000
0.250000
nan
0.250000
0.250000
0.000000
0.750000
nan
0.000000
0.125000
0.250000
nan
0.000000
nan
0.000000
0.000000
0.000000
0.250000
0.000000
nan
nan
nan
nan
0.250000
0.250000
0.250000
nan
