Coverage(RPKM): 4256.771800
nan
nan
0.246000
nan
nan
nan
nan
nan
0.439000
nan
nan
0.544000
0.246000
0.211000
0.474000
1.000000
0.579000
0.509000
nan
0.193000
nan
0.070000
nan
0.193000
nan
0.246000
nan
0.140000
nan
nan
0.228000
0.070000
nan
nan
0.070000
0.526000
0.667000
1.000000
1.000000
nan
nan
nan
nan
0.070000
0.070000
nan
nan
nan
0.123000
0.158000
nan
0.421000
nan
nan
nan
0.140000
nan
0.158000
nan
0.246000
0.649000
0.807000
nan
0.263000
0.684000
nan
0.561000
nan
nan
0.877000
0.140000
0.316000
0.474000
nan
0.737000
nan
1.000000
0.947000
nan
nan
nan
nan
nan
0.719000
0.404000
nan
nan
0.474000
0.860000
0.421000
0.456000
0.912000
nan
nan
nan
nan
0.544000
nan
nan
nan
0.263000
nan
0.390000
0.467000
nan
0.456000
nan
0.356000
0.378000
nan
nan
nan
nan
nan
0.111000
nan
0.189000
nan
nan
nan
0.579000
nan
nan
0.245000
nan
0.111000
0.423000
0.178000
0.523000
0.323000
nan
nan
0.657000
nan
0.657000
nan
nan
0.735000
0.913000
0.412000
0.568000
nan
nan
nan
0.111000
0.083000
nan
nan
nan
nan
nan
nan
nan
0.278000
0.100000
0.356000
0.334000
1.000000
nan
nan
nan
0.289000
nan
0.890000
nan
nan
nan
nan
0.323000
nan
0.100000
0.100000
nan
nan
nan
0.501000
nan
0.134000
nan
nan
0.167000
nan
nan
nan
nan
0.200000
nan
0.089000
0.083000
nan
0.083000
nan
0.957000
nan
nan
nan
0.178000
0.089000
0.234000
nan
nan
1.000000
nan
0.234000
nan
nan
nan
nan
nan
nan
0.223000
nan
nan
0.189000
0.289000
0.924000
1.000000
nan
nan
nan
0.778000
nan
nan
nan
nan
0.843000
0.778000
0.648000
0.565000
0.472000
nan
0.500000
nan
nan
nan
nan
nan
0.565000
0.907000
nan
nan
0.454000
nan
nan
nan
nan
0.204000
0.306000
0.213000
1.000000
nan
nan
nan
nan
0.315000
nan
0.694000
0.722000
nan
0.620000
nan
0.537000
nan
nan
0.176000
0.287000
nan
nan
nan
nan
1.000000
nan
0.142000
0.231000
nan
nan
0.370000
nan
0.278000
0.278000
nan
nan
nan
0.694000
0.407000
nan
0.333000
0.389000
nan
nan
0.417000
0.231000
0.185000
0.370000
nan
nan
0.333000
0.167000
nan
nan
0.204000
nan
nan
nan
0.157000
nan
0.611000
nan
1.000000
0.611000
nan
0.870000
0.142000
nan
nan
nan
0.278000
nan
nan
0.157000
0.241000
nan
nan
1.000000
nan
nan
nan
nan
nan
0.231000
0.142000
0.328000
0.359000
0.187000
0.250000
nan
0.546000
nan
0.874000
1.000000
nan
0.546000
0.983000
1.000000
0.437000
nan
0.546000
0.452000
0.530000
0.640000
0.749000
nan
nan
nan
0.312000
0.296000
0.296000
0.101000
nan
0.499000
nan
0.437000
nan
nan
0.530000
nan
nan
0.640000
nan
0.640000
0.406000
0.515000
0.140000
0.187000
0.546000
nan
0.328000
nan
nan
nan
1.000000
0.328000
nan
0.421000
0.437000
nan
0.265000
0.328000
0.390000
0.109000
0.101000
nan
nan
0.359000
0.374000
nan
0.265000
nan
nan
nan
0.328000
nan
0.250000
0.218000
nan
nan
nan
0.390000
0.296000
nan
nan
nan
0.101000
0.156000
nan
nan
nan
nan
0.202000
nan
nan
nan
nan
0.303000
nan
nan
0.727000
0.363000
0.888000
nan
0.464000
nan
nan
0.161000
0.222000
0.161000
nan
0.363000
nan
nan
nan
0.383000
0.727000
nan
nan
1.000000
nan
0.343000
0.182000
0.404000
0.605000
nan
nan
nan
nan
0.262000
nan
nan
0.242000
1.000000
0.969000
nan
0.242000
0.303000
0.383000
nan
0.222000
nan
nan
0.605000
0.565000
nan
0.989000
nan
nan
0.565000
0.565000
nan
nan
nan
nan
0.605000
0.989000
nan
0.424000
0.424000
0.767000
0.767000
nan
nan
0.888000
nan
0.807000
nan
0.156000
0.404000
0.949000
nan
nan
nan
nan
nan
nan
nan
nan
0.363000
0.242000
nan
0.908000
nan
0.767000
1.000000
0.787000
0.666000
nan
nan
0.161000
0.156000
0.343000
0.646000
nan
0.222000
0.161000
0.262000
nan
0.767000
nan
nan
0.727000
0.585000
nan
nan
nan
1.000000
0.484000
0.807000
0.484000
0.150000
nan
