Coverage(RPKM): 106.194690
nan
nan
0.000000
nan
nan
nan
nan
nan
nan
1.000000
nan
nan
nan
0.000000
nan
0.755000
nan
nan
1.000000
0.000000
nan
nan
nan
nan
nan
0.000000
0.000000
0.000000
nan
0.755000
nan
0.755000
nan
nan
0.000000
0.000000
nan
nan
nan
0.000000
0.755000
nan
nan
0.000000
1.000000
nan
nan
0.377000
nan
0.000000
0.000000
nan
nan
nan
nan
nan
nan
0.755000
nan
0.000000
0.000000
nan
0.755000
0.000000
0.000000
nan
nan
0.000000
nan
nan
nan
nan
0.000000
nan
nan
nan
0.755000
nan
0.000000
nan
nan
nan
nan
nan
0.000000
0.000000
0.000000
0.000000
nan
0.755000
0.000000
nan
nan
nan
0.000000
0.000000
0.000000
0.000000
0.000000
nan
nan
0.000000
nan
nan
nan
0.000000
nan
0.755000
0.000000
0.000000
0.000000
0.000000
nan
