Coverage(RPKM): 320.074349
nan
nan
0.000000
nan
nan
nan
nan
nan
0.523000
nan
nan
nan
0.654000
0.523000
0.000000
0.000000
0.000000
nan
0.523000
0.000000
0.261000
0.261000
0.261000
0.000000
0.000000
nan
nan
1.000000
0.392000
nan
1.000000
nan
nan
nan
nan
nan
0.261000
0.261000
0.654000
0.261000
0.000000
0.000000
0.261000
0.261000
nan
0.261000
nan
0.261000
0.261000
nan
0.000000
nan
nan
nan
nan
nan
0.000000
nan
nan
nan
nan
1.000000
0.000000
nan
0.000000
nan
nan
nan
nan
nan
0.261000
0.000000
0.000000
0.261000
nan
0.000000
nan
0.000000
0.000000
nan
nan
0.784000
nan
nan
nan
nan
nan
0.000000
0.000000
0.000000
0.261000
nan
nan
nan
0.523000
nan
nan
nan
nan
0.261000
0.000000
0.261000
0.000000
0.200000
0.000000
1.000000
nan
nan
nan
0.500000
1.000000
nan
0.000000
nan
nan
0.200000
nan
nan
0.000000
0.400000
nan
0.400000
0.200000
0.500000
nan
0.600000
0.400000
0.600000
nan
0.200000
0.200000
nan
0.500000
nan
0.200000
0.500000
nan
0.600000
nan
nan
nan
nan
nan
nan
nan
nan
nan
0.200000
nan
0.100000
nan
0.000000
nan
0.000000
nan
nan
nan
0.200000
1.000000
nan
0.300000
nan
0.205000
nan
0.205000
0.614000
nan
nan
0.102000
nan
nan
0.205000
nan
nan
0.307000
nan
0.000000
0.205000
0.205000
0.409000
nan
nan
nan
0.307000
nan
0.102000
0.409000
nan
nan
nan
nan
nan
0.000000
0.614000
nan
nan
0.205000
0.716000
0.409000
0.921000
nan
0.716000
nan
0.205000
1.000000
nan
0.524000
0.838000
nan
nan
nan
0.838000
nan
nan
nan
0.209000
nan
0.000000
nan
nan
nan
nan
nan
0.105000
0.314000
nan
0.419000
0.419000
0.419000
0.209000
0.838000
nan
1.000000
nan
nan
0.209000
0.838000
nan
nan
nan
nan
1.000000
0.314000
nan
0.419000
0.209000
nan
nan
nan
nan
0.209000
0.000000
nan
0.419000
0.628000
nan
0.209000
nan
nan
nan
nan
nan
0.209000
0.314000
nan
0.419000
nan
0.000000
nan
