Coverage(RPKM): 100.000000
nan
nan
nan
nan
nan
nan
nan
nan
nan
nan
nan
0.000000
0.000000
nan
0.000000
nan
nan
nan
nan
0.000000
nan
0.000000
nan
0.000000
0.000000
nan
0.000000
nan
0.000000
nan
nan
nan
0.000000
nan
0.714000
0.714000
0.000000
0.000000
0.000000
0.000000
nan
0.000000
nan
nan
nan
nan
nan
nan
nan
0.000000
nan
0.000000
0.000000
nan
0.000000
0.000000
0.000000
0.000000
nan
1.000000
0.000000
0.000000
nan
nan
nan
nan
0.000000
nan
nan
1.000000
nan
0.000000
nan
0.000000
0.000000
nan
0.000000
nan
