Coverage(RPKM): 384.375000
nan
nan
nan
nan
nan
nan
0.000000
nan
nan
0.000000
nan
0.000000
nan
0.000000
nan
nan
1.000000
0.000000
nan
nan
0.000000
0.000000
0.000000
1.000000
1.000000
nan
1.000000
nan
nan
nan
nan
nan
0.000000
nan
nan
1.000000
nan
0.000000
0.000000
0.000000
1.000000
nan
nan
nan
0.000000
nan
0.000000
0.000000
nan
0.000000
0.000000
nan
0.000000
nan
nan
nan
0.500000
0.000000
1.000000
nan
nan
nan
0.000000
nan
0.000000
nan
nan
0.000000
nan
0.000000
0.000000
1.000000
0.000000
0.000000
0.000000
0.000000
0.500000
0.000000
nan
1.000000
nan
0.500000
1.000000
nan
0.000000
0.000000
nan
0.000000
0.000000
1.000000
0.000000
0.500000
0.000000
0.000000
0.000000
1.000000
1.000000
0.000000
0.000000
nan
0.500000
nan
nan
0.000000
0.000000
nan
nan
nan
nan
nan
0.500000
nan
0.000000
1.000000
nan
1.000000
0.000000
nan
0.000000
nan
0.500000
nan
0.000000
0.000000
1.000000
0.000000
nan
0.000000
1.000000
nan
nan
nan
nan
nan
nan
0.000000
nan
0.000000
nan
nan
nan
0.500000
nan
0.000000
1.000000
1.000000
0.000000
1.000000
nan
0.000000
nan
0.000000
0.000000
nan
nan
nan
nan
1.000000
nan
nan
nan
0.250000
nan
nan
0.500000
nan
nan
nan
0.000000
0.000000
nan
nan
nan
0.000000
nan
nan
0.500000
nan
0.000000
0.750000
nan
nan
nan
0.500000
0.500000
0.500000
0.000000
nan
0.500000
0.000000
0.500000
nan
nan
0.563000
nan
nan
nan
0.000000
nan
0.282000
nan
0.563000
0.000000
nan
0.563000
nan
nan
0.000000
0.000000
nan
0.000000
nan
0.845000
0.000000
nan
nan
0.000000
nan
nan
nan
nan
0.000000
nan
0.563000
nan
0.000000
0.000000
0.000000
nan
0.000000
0.563000
nan
nan
nan
0.000000
nan
nan
0.000000
nan
nan
nan
1.000000
0.000000
0.000000
nan
0.000000
nan
nan
0.000000
nan
0.000000
0.000000
nan
0.000000
0.000000
nan
nan
1.000000
1.000000
0.000000
0.282000
0.000000
0.000000
nan
nan
0.000000
nan
0.563000
0.282000
0.563000
0.000000
0.000000
0.000000
0.000000
0.000000
0.000000
0.000000
0.000000
0.000000
0.000000
0.750000
1.000000
0.500000
0.000000
0.000000
nan
nan
nan
nan
0.000000
nan
0.000000
nan
nan
0.000000
nan
0.000000
0.000000
nan
0.000000
nan
0.250000
nan
0.000000
nan
nan
0.000000
0.000000
0.000000
0.000000
0.250000
nan
nan
nan
0.000000
nan
nan
0.000000
1.000000
nan
0.000000
nan
nan
0.000000
nan
nan
nan
nan
0.000000
nan
0.000000
nan
nan
nan
0.250000
nan
0.000000
0.000000
nan
nan
1.000000
nan
nan
nan
nan
0.000000
0.000000
nan
0.000000
nan
nan
nan
0.000000
nan
nan
nan
nan
nan
1.000000
nan
0.750000
nan
nan
nan
nan
nan
0.500000
0.500000
nan
nan
0.000000
nan
0.500000
1.000000
0.000000
0.000000
nan
0.000000
0.750000
0.500000
nan
0.000000
0.000000
nan
0.000000
0.000000
0.000000
nan
nan
nan
nan
nan
nan
nan
nan
nan
nan
nan
nan
nan
0.148000
nan
nan
0.000000
0.148000
nan
0.000000
nan
nan
nan
nan
0.000000
0.148000
nan
nan
nan
0.148000
0.295000
nan
0.590000
nan
nan
nan
nan
nan
nan
nan
nan
0.074000
0.148000
0.369000
nan
0.148000
0.295000
nan
0.000000
nan
nan
nan
0.148000
nan
0.148000
0.000000
0.295000
nan
nan
nan
0.000000
0.369000
nan
nan
0.000000
nan
0.295000
0.148000
0.369000
nan
nan
nan
0.221000
nan
0.148000
nan
0.148000
nan
0.369000
nan
0.221000
nan
nan
nan
0.959000
1.000000
nan
0.000000
nan
nan
nan
0.221000
nan
nan
0.369000
nan
0.812000
0.221000
0.590000
nan
0.812000
0.295000
nan
0.517000
nan
0.443000
0.738000
nan
nan
0.443000
0.148000
1.000000
1.000000
0.371000
nan
nan
nan
0.325000
0.464000
0.603000
0.835000
nan
nan
nan
0.418000
0.510000
0.371000
nan
nan
nan
nan
nan
nan
nan
nan
0.325000
nan
nan
nan
nan
nan
0.464000
nan
0.186000
nan
nan
nan
0.557000
nan
0.418000
1.000000
nan
nan
nan
0.139000
nan
0.846000
nan
0.141000
0.611000
0.470000
nan
nan
nan
0.188000
nan
0.470000
0.104000
nan
0.470000
nan
nan
0.658000
nan
nan
0.658000
nan
0.564000
0.564000
nan
0.611000
0.752000
0.564000
0.104000
0.235000
0.940000
nan
0.470000
nan
nan
0.376000
nan
0.141000
nan
nan
0.987000
0.987000
0.564000
0.752000
1.000000
nan
0.376000
0.104000
nan
nan
0.564000
nan
nan
nan
nan
nan
nan
nan
nan
nan
nan
nan
nan
0.564000
0.282000
1.000000
nan
nan
nan
0.705000
0.564000
nan
0.235000
0.333000
0.286000
0.095000
0.429000
0.333000
0.952000
0.667000
0.333000
nan
nan
0.143000
nan
nan
nan
nan
0.286000
nan
nan
0.857000
0.333000
0.095000
nan
0.190000
0.095000
nan
