Coverage(RPKM): 293.714286
nan
nan
0.400000
nan
nan
nan
nan
0.200000
0.100000
nan
nan
nan
nan
nan
0.400000
0.500000
0.000000
nan
nan
0.200000
nan
0.200000
0.100000
nan
nan
0.400000
0.200000
0.100000
nan
0.200000
nan
0.000000
nan
0.000000
nan
0.000000
0.000000
nan
nan
0.000000
0.000000
nan
0.000000
nan
0.200000
nan
0.000000
nan
nan
0.200000
1.000000
nan
nan
nan
nan
nan
nan
nan
nan
0.400000
nan
nan
nan
nan
nan
nan
0.000000
nan
0.200000
0.200000
nan
0.000000
0.000000
nan
nan
nan
nan
nan
0.000000
nan
nan
1.000000
0.400000
nan
nan
0.400000
1.000000
nan
0.600000
nan
0.800000
nan
nan
nan
0.700000
0.300000
0.800000
nan
0.700000
1.000000
nan
nan
nan
1.000000
nan
nan
nan
0.200000
0.000000
nan
nan
nan
nan
nan
0.100000
0.000000
nan
nan
0.500000
0.500000
0.000000
nan
0.000000
0.234000
nan
nan
nan
0.936000
1.000000
0.234000
0.234000
0.468000
nan
0.702000
0.702000
nan
0.234000
nan
nan
0.351000
nan
nan
nan
nan
0.468000
nan
0.234000
0.117000
nan
0.000000
0.234000
nan
0.000000
0.585000
nan
0.234000
nan
nan
nan
0.234000
nan
0.585000
nan
0.702000
nan
0.000000
nan
0.585000
0.000000
nan
0.468000
nan
0.702000
nan
0.000000
0.000000
nan
nan
nan
nan
nan
nan
nan
nan
nan
nan
nan
0.117000
nan
0.000000
nan
0.000000
nan
nan
0.351000
0.000000
nan
nan
nan
nan
nan
0.000000
nan
0.234000
nan
0.117000
nan
nan
0.351000
nan
nan
1.000000
nan
nan
0.234000
1.000000
nan
nan
nan
nan
nan
nan
nan
0.468000
0.702000
0.468000
0.585000
0.000000
nan
0.468000
nan
nan
nan
0.468000
0.702000
nan
nan
0.000000
nan
nan
nan
nan
nan
nan
nan
nan
0.125000
nan
1.000000
0.250000
nan
0.000000
0.250000
nan
0.000000
0.000000
nan
nan
0.000000
0.000000
nan
nan
0.750000
nan
1.000000
0.000000
nan
0.000000
0.250000
0.250000
0.250000
nan
0.875000
nan
nan
0.500000
0.750000
nan
0.500000
0.500000
0.500000
0.500000
0.500000
nan
0.250000
0.000000
0.000000
0.250000
0.375000
nan
nan
nan
0.125000
nan
0.000000
0.250000
1.000000
0.375000
0.250000
nan
0.125000
0.000000
0.125000
0.000000
0.000000
0.000000
1.000000
nan
0.250000
0.500000
nan
nan
0.250000
0.375000
nan
nan
nan
nan
nan
nan
0.000000
nan
nan
nan
0.750000
nan
nan
0.000000
0.125000
nan
0.370000
0.000000
0.123000
0.000000
0.370000
nan
0.247000
0.370000
nan
1.000000
nan
nan
nan
nan
nan
nan
nan
nan
nan
nan
nan
nan
nan
0.000000
nan
0.370000
1.000000
0.000000
nan
0.494000
nan
0.000000
nan
0.123000
1.000000
0.741000
nan
nan
nan
0.000000
nan
nan
0.741000
0.000000
nan
0.247000
0.494000
0.000000
0.000000
0.864000
0.000000
0.617000
0.741000
nan
0.000000
0.247000
0.123000
nan
nan
nan
nan
nan
0.000000
nan
nan
nan
nan
0.000000
0.370000
nan
0.000000
0.290000
nan
nan
0.145000
0.000000
nan
nan
nan
nan
nan
0.000000
nan
0.000000
0.000000
0.290000
nan
nan
0.000000
0.000000
nan
0.000000
nan
nan
nan
nan
nan
nan
nan
0.870000
0.000000
0.000000
nan
0.000000
0.000000
nan
nan
0.000000
0.000000
nan
nan
nan
nan
nan
1.000000
nan
0.000000
nan
nan
0.333000
0.333000
0.000000
nan
nan
0.000000
0.000000
0.000000
0.000000
nan
nan
0.000000
0.000000
nan
nan
1.000000
nan
0.000000
nan
0.000000
nan
0.333000
nan
nan
nan
0.000000
nan
nan
nan
0.000000
0.000000
0.000000
0.333000
1.000000
nan
nan
1.000000
0.000000
nan
nan
nan
0.000000
0.000000
nan
0.000000
0.000000
0.333000
nan
nan
0.500000
nan
nan
nan
nan
nan
nan
nan
0.333000
nan
0.000000
nan
nan
nan
nan
nan
nan
nan
nan
nan
nan
nan
nan
nan
nan
0.000000
nan
