Coverage(RPKM): 1238.066465
nan
nan
0.440000
0.000000
nan
nan
nan
0.440000
nan
0.000000
nan
nan
0.440000
nan
0.659000
0.879000
nan
nan
0.440000
1.000000
nan
nan
0.000000
0.000000
0.000000
0.000000
0.440000
nan
nan
nan
0.879000
nan
0.879000
0.440000
0.879000
0.000000
nan
nan
nan
nan
0.000000
0.000000
0.000000
nan
nan
0.879000
0.879000
nan
nan
nan
0.440000
nan
0.000000
1.000000
0.440000
0.000000
0.879000
nan
0.000000
nan
nan
0.000000
nan
nan
nan
nan
0.440000
nan
0.000000
nan
nan
0.440000
nan
nan
nan
nan
0.000000
0.879000
nan
0.879000
nan
0.000000
nan
nan
nan
nan
0.000000
nan
nan
0.879000
nan
0.659000
nan
0.659000
0.220000
0.440000
nan
0.440000
1.000000
0.000000
0.220000
0.000000
0.093000
0.000000
nan
0.125000
nan
0.031000
nan
0.062000
0.062000
nan
nan
nan
0.000000
0.000000
0.000000
0.125000
nan
0.062000
0.093000
nan
nan
nan
0.249000
0.062000
0.498000
nan
nan
nan
0.125000
0.093000
0.125000
0.561000
nan
nan
nan
nan
nan
nan
nan
0.467000
0.093000
0.405000
nan
nan
0.343000
nan
0.717000
nan
0.685000
nan
0.031000
0.000000
0.062000
nan
0.062000
nan
0.000000
nan
nan
nan
0.935000
nan
0.530000
nan
0.125000
0.000000
0.000000
nan
nan
nan
0.156000
0.498000
0.903000
nan
nan
0.872000
0.561000
0.436000
nan
nan
nan
1.000000
nan
1.000000
1.000000
nan
0.654000
0.125000
0.187000
0.218000
nan
nan
nan
nan
nan
0.748000
nan
0.966000
0.568000
nan
nan
nan
nan
0.137000
0.039000
0.137000
0.078000
0.294000
nan
0.137000
nan
0.215000
nan
0.215000
0.685000
0.509000
0.078000
0.235000
0.078000
nan
nan
0.039000
0.157000
nan
0.294000
nan
nan
nan
nan
0.039000
0.274000
nan
nan
nan
1.000000
nan
0.039000
nan
nan
0.266000
0.082000
0.989000
0.716000
nan
0.061000
nan
0.511000
0.102000
nan
0.880000
0.532000
0.532000
0.532000
nan
0.368000
0.552000
0.286000
1.000000
1.000000
nan
nan
nan
0.757000
nan
nan
0.450000
0.552000
nan
0.266000
0.205000
nan
nan
nan
nan
nan
0.430000
0.245000
nan
0.286000
0.184000
0.327000
0.552000
nan
nan
nan
0.736000
0.614000
nan
nan
0.512000
0.790000
0.342000
0.598000
nan
nan
0.128000
nan
0.043000
0.406000
0.662000
nan
nan
nan
0.427000
nan
nan
0.043000
nan
nan
0.235000
0.342000
0.171000
nan
nan
0.256000
0.448000
nan
0.406000
nan
nan
0.043000
nan
nan
0.149000
nan
0.128000
0.107000
0.043000
nan
