Coverage(RPKM): 512.771739
nan
nan
nan
nan
nan
nan
nan
0.000000
0.488000
0.000000
nan
0.000000
0.244000
0.000000
0.000000
0.000000
0.000000
0.000000
0.000000
nan
nan
nan
nan
nan
0.000000
0.000000
0.000000
nan
nan
0.000000
nan
0.000000
nan
0.000000
0.000000
nan
nan
nan
0.000000
0.000000
nan
0.000000
0.244000
0.000000
nan
0.122000
nan
nan
0.000000
nan
0.000000
nan
0.244000
nan
nan
nan
nan
0.000000
0.488000
nan
nan
nan
nan
nan
0.488000
nan
0.244000
0.244000
0.000000
nan
nan
0.732000
0.244000
nan
0.244000
nan
nan
nan
0.244000
0.000000
0.244000
0.366000
nan
0.366000
nan
0.000000
nan
nan
1.000000
nan
nan
1.000000
0.244000
0.244000
1.000000
0.854000
0.366000
nan
nan
nan
0.069000
0.275000
0.137000
0.000000
nan
nan
nan
0.000000
0.000000
0.000000
nan
nan
nan
nan
nan
nan
nan
0.000000
nan
nan
0.412000
0.137000
0.550000
nan
nan
0.137000
0.137000
0.000000
0.137000
0.275000
0.000000
nan
nan
nan
0.275000
0.275000
nan
0.275000
0.000000
0.344000
nan
0.825000
nan
0.137000
0.550000
nan
nan
nan
nan
nan
0.344000
0.000000
0.481000
0.687000
nan
0.619000
0.550000
nan
nan
0.756000
nan
nan
nan
0.206000
0.275000
0.137000
0.000000
0.137000
nan
0.344000
1.000000
0.137000
nan
0.344000
1.000000
1.000000
nan
0.619000
0.206000
0.412000
0.550000
0.825000
nan
0.481000
0.962000
nan
nan
0.429000
0.857000
nan
nan
0.571000
nan
0.071000
0.143000
0.071000
0.357000
nan
0.143000
nan
nan
1.000000
nan
nan
0.571000
0.143000
0.143000
nan
nan
nan
0.857000
0.143000
nan
nan
0.571000
nan
nan
1.000000
nan
nan
nan
0.286000
0.071000
nan
0.857000
0.286000
nan
0.786000
nan
nan
nan
nan
0.071000
1.000000
0.429000
nan
0.571000
nan
0.357000
0.571000
0.714000
0.643000
nan
nan
nan
0.286000
0.714000
0.286000
0.643000
nan
nan
nan
nan
1.000000
0.857000
nan
nan
0.857000
0.643000
0.857000
nan
1.000000
nan
0.071000
nan
0.429000
0.071000
nan
nan
0.143000
0.070000
0.420000
nan
nan
nan
nan
nan
nan
0.561000
0.140000
0.701000
0.561000
nan
0.981000
nan
0.687000
0.550000
nan
nan
nan
nan
1.000000
0.619000
0.206000
0.550000
0.137000
0.481000
1.000000
nan
nan
nan
0.893000
nan
0.481000
0.412000
nan
nan
nan
0.962000
0.137000
nan
0.275000
0.206000
0.412000
nan
0.206000
0.412000
nan
nan
0.481000
nan
nan
nan
nan
0.550000
1.000000
0.756000
nan
0.000000
nan
nan
nan
nan
0.000000
0.550000
0.962000
0.275000
0.756000
0.344000
nan
nan
0.137000
0.412000
0.069000
nan
0.275000
0.756000
nan
0.412000
nan
nan
nan
0.000000
nan
nan
0.275000
0.412000
nan
0.550000
nan
nan
nan
0.344000
0.069000
nan
nan
0.000000
nan
