Coverage(RPKM): 854.659950
nan
nan
0.200000
nan
nan
nan
nan
0.800000
0.200000
0.100000
nan
nan
0.000000
0.400000
0.400000
0.400000
0.300000
nan
nan
0.500000
nan
0.200000
0.000000
0.500000
nan
nan
0.200000
0.100000
nan
0.400000
nan
0.000000
0.100000
0.100000
nan
nan
0.200000
nan
nan
0.300000
0.200000
nan
0.000000
nan
0.200000
nan
nan
0.000000
nan
nan
0.200000
nan
nan
0.000000
nan
nan
0.700000
0.200000
1.000000
0.600000
nan
0.400000
0.000000
1.000000
0.000000
0.300000
0.600000
nan
1.000000
nan
0.600000
1.000000
1.000000
nan
0.900000
nan
0.500000
nan
nan
0.700000
nan
0.900000
nan
nan
0.600000
nan
1.000000
0.700000
0.200000
0.300000
nan
nan
nan
0.093000
0.371000
nan
nan
nan
nan
nan
0.557000
0.021000
nan
0.510000
nan
nan
0.371000
nan
0.742000
nan
nan
nan
0.464000
nan
0.093000
0.093000
0.371000
0.021000
0.278000
nan
0.046000
0.742000
1.000000
nan
nan
nan
0.882000
0.789000
0.371000
0.464000
0.232000
nan
nan
nan
nan
nan
nan
nan
nan
0.650000
0.186000
nan
0.974000
0.835000
0.093000
0.093000
nan
0.232000
nan
0.139000
0.650000
0.789000
nan
0.603000
1.000000
0.093000
nan
nan
0.325000
nan
nan
0.021000
nan
nan
1.000000
nan
0.232000
nan
0.139000
0.278000
0.325000
nan
0.046000
nan
nan
nan
nan
nan
nan
0.928000
0.464000
0.650000
nan
0.325000
0.557000
0.278000
nan
0.742000
0.464000
nan
0.243000
0.022000
0.195000
0.022000
nan
0.146000
nan
nan
1.000000
nan
nan
0.341000
nan
0.097000
0.487000
0.487000
nan
nan
0.341000
nan
0.633000
0.389000
nan
0.584000
0.584000
0.633000
0.633000
0.584000
0.973000
nan
0.584000
nan
0.389000
nan
nan
nan
0.973000
0.389000
nan
0.341000
0.292000
nan
0.535000
nan
0.195000
0.925000
nan
0.779000
0.535000
0.438000
1.000000
nan
nan
nan
nan
0.827000
0.633000
0.097000
0.049000
0.097000
nan
nan
0.389000
nan
0.827000
0.925000
nan
nan
1.000000
0.876000
nan
0.487000
nan
0.022000
nan
0.438000
nan
0.341000
0.389000
nan
0.341000
0.389000
nan
0.097000
nan
0.157000
0.665000
0.391000
nan
0.018000
nan
nan
nan
nan
nan
nan
0.509000
0.391000
nan
0.117000
0.018000
0.235000
0.626000
nan
nan
nan
0.587000
nan
nan
nan
nan
0.705000
0.587000
0.157000
nan
nan
nan
nan
nan
0.157000
nan
0.313000
nan
0.587000
0.470000
0.470000
nan
0.978000
0.548000
nan
nan
1.000000
1.000000
nan
0.431000
nan
nan
nan
0.861000
0.157000
0.157000
0.391000
0.313000
nan
nan
nan
0.783000
nan
nan
0.470000
0.117000
nan
0.274000
0.196000
0.078000
0.431000
nan
0.078000
nan
nan
nan
nan
nan
0.548000
0.039000
0.274000
0.587000
nan
nan
0.235000
nan
0.039000
0.196000
0.117000
nan
nan
0.665000
nan
0.009000
1.000000
0.313000
0.313000
0.313000
0.078000
nan
nan
nan
0.000000
nan
nan
0.391000
0.000000
0.391000
0.470000
0.861000
0.235000
nan
nan
nan
nan
0.196000
0.196000
0.352000
0.548000
nan
0.000000
nan
