Coverage(RPKM): 2080.434783
nan
nan
0.070000
0.441000
nan
nan
0.139000
nan
0.302000
0.510000
0.418000
0.278000
nan
nan
0.255000
nan
nan
nan
nan
0.278000
nan
0.441000
0.510000
0.394000
nan
0.162000
nan
nan
nan
0.139000
nan
0.116000
nan
nan
nan
0.510000
nan
nan
0.394000
nan
nan
nan
0.093000
0.139000
nan
nan
nan
nan
0.557000
nan
nan
0.905000
nan
0.057000
0.302000
0.255000
nan
0.325000
0.487000
nan
nan
0.186000
nan
nan
nan
nan
0.255000
0.093000
nan
0.232000
1.000000
0.603000
0.325000
0.209000
0.232000
0.974000
nan
nan
0.325000
1.000000
nan
nan
nan
nan
0.232000
0.487000
0.534000
0.719000
nan
nan
nan
nan
0.302000
nan
nan
0.057000
0.057000
nan
nan
0.093000
nan
0.139000
nan
nan
nan
nan
nan
nan
nan
nan
nan
0.348000
nan
0.209000
nan
1.000000
nan
nan
0.130000
0.423000
nan
nan
nan
1.000000
0.878000
0.911000
0.683000
nan
nan
0.130000
nan
nan
0.455000
nan
nan
0.175000
nan
0.211000
0.842000
0.912000
nan
nan
0.877000
0.351000
nan
nan
nan
nan
0.246000
0.140000
0.140000
nan
0.561000
0.140000
0.491000
0.316000
nan
nan
nan
0.456000
nan
0.140000
nan
0.175000
nan
nan
1.000000
0.807000
0.667000
0.456000
0.561000
0.386000
0.737000
nan
nan
nan
nan
0.526000
0.140000
nan
0.421000
0.351000
nan
0.140000
nan
0.175000
0.632000
nan
0.807000
0.281000
0.246000
0.877000
0.842000
nan
nan
nan
0.421000
0.807000
nan
0.316000
1.000000
nan
nan
nan
0.456000
nan
nan
nan
nan
nan
nan
0.386000
nan
0.421000
nan
nan
nan
nan
0.716000
0.527000
1.000000
nan
nan
nan
0.640000
0.490000
0.452000
0.414000
0.151000
nan
