Coverage(RPKM): 428.755365
nan
nan
0.000000
nan
nan
nan
nan
0.000000
0.000000
0.000000
0.000000
0.000000
nan
nan
nan
1.000000
nan
0.000000
0.000000
nan
0.000000
nan
nan
0.500000
1.000000
0.500000
nan
0.000000
nan
nan
0.000000
0.000000
nan
nan
0.000000
1.000000
1.000000
1.000000
nan
1.000000
nan
nan
1.000000
1.000000
0.000000
nan
nan
nan
nan
1.000000
0.500000
0.000000
nan
nan
nan
nan
0.000000
0.000000
1.000000
nan
nan
1.000000
nan
nan
nan
1.000000
nan
nan
0.000000
nan
1.000000
1.000000
0.000000
0.500000
nan
nan
0.000000
0.000000
0.000000
nan
1.000000
0.000000
1.000000
nan
nan
nan
0.000000
1.000000
1.000000
1.000000
nan
1.000000
1.000000
0.000000
nan
0.000000
nan
0.000000
0.500000
0.000000
0.500000
nan
0.000000
0.500000
1.000000
nan
nan
0.500000
0.000000
0.000000
0.000000
nan
0.000000
0.250000
nan
0.500000
0.000000
1.000000
nan
nan
nan
nan
nan
nan
nan
0.000000
0.500000
0.500000
0.000000
nan
nan
nan
0.000000
0.000000
nan
nan
nan
nan
nan
0.000000
nan
nan
0.000000
1.000000
0.500000
1.000000
nan
0.000000
0.000000
1.000000
0.000000
nan
0.000000
nan
nan
nan
nan
0.500000
nan
0.000000
0.500000
nan
1.000000
nan
0.250000
nan
nan
0.000000
0.000000
nan
nan
nan
0.500000
0.500000
0.750000
nan
0.000000
0.000000
nan
nan
nan
nan
nan
0.000000
1.000000
1.000000
0.500000
nan
0.000000
0.382000
0.153000
nan
nan
nan
nan
0.229000
0.153000
0.153000
nan
0.076000
0.076000
nan
nan
0.153000
nan
0.153000
nan
nan
0.153000
0.458000
nan
nan
nan
nan
nan
nan
0.076000
0.305000
0.382000
nan
nan
nan
0.382000
nan
0.534000
0.153000
0.382000
nan
0.458000
0.076000
0.153000
0.458000
nan
nan
nan
0.687000
0.305000
0.458000
0.763000
0.305000
0.229000
nan
0.305000
nan
0.305000
0.916000
nan
0.305000
nan
0.458000
nan
nan
0.763000
0.534000
0.229000
0.458000
nan
nan
0.611000
1.000000
nan
0.534000
nan
nan
nan
nan
0.687000
nan
0.687000
0.382000
0.305000
nan
0.687000
nan
nan
nan
1.000000
1.000000
nan
0.611000
nan
nan
nan
0.534000
0.611000
0.687000
0.962000
nan
0.137000
nan
0.412000
0.344000
0.756000
0.550000
0.275000
0.275000
nan
nan
0.687000
nan
0.687000
nan
0.550000
nan
0.619000
nan
0.893000
nan
0.137000
0.206000
0.344000
0.206000
0.687000
nan
nan
0.481000
nan
nan
0.893000
nan
0.412000
0.275000
0.206000
nan
nan
0.962000
1.000000
0.206000
0.962000
nan
nan
nan
nan
nan
nan
nan
nan
0.481000
0.412000
nan
0.687000
nan
nan
0.137000
nan
0.619000
0.137000
0.412000
nan
0.825000
nan
0.412000
0.756000
nan
nan
0.550000
0.962000
0.206000
0.275000
0.137000
nan
nan
nan
0.481000
0.481000
nan
nan
0.377000
nan
0.314000
nan
nan
nan
1.000000
0.927000
0.629000
nan
nan
0.000000
0.342000
nan
0.057000
0.171000
0.114000
nan
nan
nan
0.513000
0.399000
0.456000
0.513000
0.969000
nan
0.684000
nan
nan
nan
0.570000
0.684000
0.342000
1.000000
0.855000
0.684000
0.627000
1.000000
0.684000
nan
nan
nan
0.342000
0.399000
0.228000
0.228000
nan
0.114000
nan
nan
nan
nan
0.000000
0.171000
nan
0.342000
0.000000
0.000000
0.228000
0.000000
nan
nan
nan
nan
nan
0.342000
0.228000
0.570000
0.114000
nan
nan
nan
nan
nan
nan
nan
nan
nan
0.171000
0.228000
0.114000
nan
0.057000
0.171000
0.456000
nan
nan
nan
nan
nan
nan
nan
nan
nan
0.684000
nan
0.399000
0.000000
nan
