Coverage(RPKM): 631.016043
nan
nan
0.110000
0.549000
nan
nan
0.000000
nan
0.440000
0.659000
nan
nan
nan
nan
1.000000
0.220000
nan
nan
nan
nan
nan
nan
nan
nan
0.440000
0.110000
0.110000
nan
0.879000
0.549000
0.879000
1.000000
0.879000
0.440000
0.440000
0.440000
0.659000
0.220000
0.659000
0.440000
nan
nan
nan
0.220000
0.440000
0.000000
0.220000
nan
nan
nan
nan
nan
nan
0.440000
nan
nan
0.879000
nan
0.659000
0.440000
0.659000
nan
0.220000
0.000000
1.000000
0.659000
nan
nan
nan
0.659000
nan
nan
0.659000
nan
0.879000
0.330000
nan
nan
nan
nan
0.440000
nan
nan
nan
nan
nan
nan
0.769000
nan
0.000000
0.769000
nan
nan
nan
nan
0.549000
nan
nan
nan
nan
nan
0.440000
0.110000
nan
nan
0.000000
nan
0.220000
nan
nan
0.330000
nan
nan
nan
nan
0.220000
nan
0.000000
nan
nan
0.000000
0.333000
nan
0.667000
nan
nan
nan
nan
0.333000
nan
nan
0.000000
nan
nan
nan
0.000000
nan
nan
0.667000
0.667000
0.000000
0.000000
0.000000
nan
1.000000
nan
nan
nan
nan
0.000000
nan
0.000000
nan
nan
nan
nan
0.000000
nan
0.000000
nan
0.667000
nan
nan
nan
nan
0.000000
0.000000
0.667000
1.000000
0.667000
0.000000
0.000000
0.000000
nan
nan
nan
0.000000
0.000000
0.000000
nan
nan
nan
nan
0.333000
1.000000
nan
nan
0.000000
nan
0.000000
nan
0.000000
nan
nan
0.333000
nan
nan
0.000000
0.667000
nan
0.333000
nan
0.000000
0.000000
0.000000
nan
1.000000
nan
nan
nan
nan
0.000000
0.667000
1.000000
0.667000
0.333000
0.333000
1.000000
nan
0.667000
nan
nan
0.000000
0.000000
nan
nan
0.000000
nan
nan
nan
0.000000
nan
nan
0.360000
nan
0.180000
nan
0.180000
0.360000
0.360000
0.000000
nan
0.360000
0.360000
0.000000
nan
0.360000
nan
nan
0.000000
nan
nan
0.000000
0.000000
nan
0.721000
nan
nan
0.541000
0.000000
nan
nan
nan
0.000000
nan
0.000000
nan
0.000000
nan
0.360000
0.000000
nan
0.000000
nan
nan
0.721000
0.000000
nan
nan
nan
nan
0.000000
0.721000
nan
nan
nan
nan
nan
0.000000
nan
0.000000
0.541000
1.000000
0.360000
1.000000
0.541000
nan
nan
nan
nan
nan
0.721000
0.000000
nan
nan
nan
0.541000
0.721000
0.541000
0.360000
nan
0.000000
0.000000
0.541000
0.541000
0.901000
1.000000
nan
0.360000
0.000000
nan
0.125000
0.438000
0.125000
nan
0.375000
nan
0.000000
0.000000
0.000000
0.125000
0.000000
0.250000
0.938000
0.375000
nan
0.500000
1.000000
nan
0.438000
nan
nan
nan
nan
nan
0.312000
0.750000
0.438000
nan
nan
nan
0.125000
0.125000
nan
0.000000
nan
0.188000
nan
0.188000
nan
0.500000
nan
nan
nan
nan
0.625000
nan
0.750000
1.000000
nan
1.000000
0.812000
0.375000
0.375000
nan
0.562000
nan
nan
0.125000
0.375000
0.438000
0.250000
nan
nan
nan
1.000000
0.375000
nan
0.500000
0.625000
nan
nan
1.000000
nan
0.562000
1.000000
0.750000
0.750000
nan
nan
nan
0.250000
0.750000
nan
nan
nan
nan
0.562000
nan
nan
nan
0.812000
0.654000
nan
nan
nan
0.808000
nan
nan
nan
0.769000
nan
nan
nan
0.308000
0.154000
0.846000
nan
nan
0.000000
0.269000
0.269000
nan
1.000000
nan
nan
0.731000
0.385000
0.269000
0.731000
1.000000
nan
nan
0.577000
nan
nan
nan
nan
nan
0.192000
0.077000
nan
0.500000
nan
nan
0.538000
nan
0.154000
0.538000
nan
nan
nan
nan
nan
0.155000
nan
0.039000
nan
0.000000
0.000000
0.078000
nan
0.504000
nan
nan
0.427000
nan
nan
nan
0.272000
0.078000
nan
0.155000
0.388000
0.078000
0.621000
0.000000
0.310000
0.504000
nan
nan
nan
1.000000
nan
0.349000
0.388000
nan
nan
0.000000
nan
0.466000
0.233000
1.000000
0.039000
0.116000
1.000000
nan
nan
nan
0.970000
0.776000
nan
0.274000
0.352000
nan
nan
nan
nan
nan
0.235000
0.157000
0.313000
0.313000
nan
nan
nan
0.431000
0.313000
nan
0.157000
0.313000
0.313000
nan
0.157000
nan
nan
nan
0.352000
nan
nan
nan
nan
0.431000
0.039000
nan
nan
0.000000
0.822000
nan
nan
nan
nan
nan
nan
nan
0.587000
0.352000
0.470000
0.235000
0.078000
nan
