Coverage(RPKM): 5935.420744
nan
nan
0.235000
nan
nan
nan
0.384000
nan
nan
nan
0.235000
0.117000
0.342000
nan
nan
nan
nan
nan
0.085000
0.245000
nan
0.309000
nan
nan
nan
0.096000
0.053000
nan
nan
0.309000
0.213000
0.918000
nan
0.139000
0.064000
0.053000
0.128000
0.715000
0.555000
nan
0.363000
0.224000
nan
nan
nan
nan
0.075000
1.000000
nan
nan
nan
nan
nan
nan
nan
nan
nan
0.491000
nan
nan
nan
nan
nan
nan
nan
nan
0.117000
0.715000
0.662000
1.000000
0.149000
0.245000
0.374000
nan
0.171000
nan
nan
nan
0.085000
nan
nan
nan
nan
nan
nan
0.171000
nan
0.117000
nan
0.053000
0.171000
nan
nan
nan
nan
0.256000
0.630000
0.149000
nan
nan
0.107000
nan
0.085000
0.245000
nan
nan
nan
0.181000
0.085000
0.267000
nan
0.768000
1.000000
nan
0.053000
nan
0.096000
0.340000
nan
nan
nan
nan
0.101000
0.077000
nan
0.310000
0.542000
0.399000
0.304000
0.429000
nan
0.638000
nan
nan
nan
0.060000
nan
nan
nan
nan
nan
nan
nan
nan
nan
nan
nan
0.364000
nan
nan
nan
0.056000
nan
0.185000
0.828000
0.745000
nan
nan
nan
nan
nan
0.375000
nan
nan
0.781000
0.060000
0.056000
0.358000
nan
0.066000
nan
0.056000
0.727000
1.000000
nan
nan
nan
nan
nan
0.155000
nan
0.107000
0.256000
nan
nan
1.000000
nan
nan
0.232000
nan
nan
nan
nan
0.221000
nan
nan
nan
0.948000
0.799000
nan
1.000000
nan
0.215000
nan
0.131000
nan
0.173000
nan
nan
0.322000
0.614000
0.638000
nan
nan
nan
0.274000
0.072000
nan
0.292000
nan
nan
0.775000
0.477000
0.930000
nan
0.089000
nan
0.131000
0.167000
0.256000
0.518000
0.154000
nan
nan
0.181000
nan
0.120000
0.401000
0.555000
0.154000
0.181000
0.127000
nan
0.254000
0.100000
0.361000
nan
nan
nan
nan
nan
0.161000
0.555000
nan
0.268000
nan
0.094000
0.408000
nan
nan
nan
nan
nan
0.248000
0.575000
nan
0.776000
0.930000
nan
nan
0.047000
nan
0.047000
0.080000
nan
nan
nan
1.000000
nan
nan
1.000000
nan
0.134000
0.074000
0.047000
0.074000
nan
nan
0.207000
nan
0.094000
nan
nan
0.241000
0.529000
nan
1.000000
0.368000
0.154000
0.723000
nan
nan
0.207000
0.201000
nan
0.301000
0.341000
nan
nan
nan
0.074000
nan
0.181000
0.134000
nan
0.094000
0.154000
nan
nan
nan
nan
0.281000
0.147000
nan
nan
0.047000
nan
0.228000
nan
0.218000
0.188000
0.630000
1.000000
nan
nan
nan
1.000000
0.977000
0.200000
nan
nan
nan
0.044000
0.389000
nan
nan
nan
0.942000
nan
0.707000
nan
nan
0.294000
nan
nan
nan
0.171000
0.106000
0.165000
nan
0.924000
0.194000
0.059000
nan
0.159000
1.000000
nan
nan
0.118000
nan
0.359000
nan
0.044000
nan
nan
nan
0.094000
nan
0.618000
0.100000
0.135000
0.124000
nan
nan
nan
nan
nan
nan
nan
0.183000
nan
0.271000
nan
0.618000
nan
0.077000
nan
0.118000
0.094000
0.106000
nan
nan
0.780000
nan
nan
0.082000
0.158000
0.083000
0.121000
0.149000
nan
0.103000
nan
nan
nan
0.196000
0.149000
0.177000
0.690000
0.503000
nan
nan
nan
nan
0.168000
nan
nan
nan
nan
nan
nan
nan
nan
0.205000
nan
0.690000
nan
0.944000
0.357000
0.765000
0.816000
nan
nan
nan
0.944000
0.944000
0.638000
nan
nan
nan
nan
1.000000
0.421000
0.599000
0.383000
0.357000
0.179000
nan
nan
nan
nan
nan
nan
0.548000
0.485000
nan
0.587000
0.536000
0.332000
nan
0.944000
nan
nan
nan
0.370000
0.230000
0.191000
0.281000
0.293000
nan
nan
nan
nan
0.255000
nan
nan
nan
0.523000
0.179000
nan
nan
0.230000
0.153000
0.166000
0.191000
nan
1.000000
nan
nan
nan
nan
nan
nan
nan
nan
nan
nan
0.293000
0.217000
0.119000
nan
