Coverage(RPKM): 805.095541
nan
nan
0.000000
nan
nan
nan
nan
0.702000
0.234000
0.000000
0.234000
0.234000
0.234000
nan
0.000000
0.702000
0.351000
0.468000
0.000000
0.585000
nan
nan
nan
nan
0.234000
0.468000
0.468000
nan
0.234000
0.468000
0.234000
0.000000
0.000000
nan
nan
nan
0.000000
0.234000
0.234000
nan
1.000000
0.819000
0.000000
0.234000
0.000000
0.468000
0.234000
nan
0.585000
nan
nan
nan
0.000000
nan
nan
0.702000
0.000000
0.000000
nan
0.234000
0.000000
0.000000
0.000000
0.702000
1.000000
0.234000
nan
0.000000
0.936000
1.000000
0.585000
0.468000
0.585000
nan
nan
0.234000
nan
0.125000
nan
nan
0.125000
0.125000
0.125000
nan
0.812000
nan
0.250000
0.000000
nan
nan
0.062000
0.125000
nan
nan
nan
nan
0.000000
0.000000
0.188000
0.062000
nan
nan
nan
0.750000
nan
0.312000
0.000000
0.125000
0.812000
nan
0.250000
0.562000
0.250000
nan
nan
nan
nan
0.812000
0.562000
0.125000
nan
0.375000
1.000000
0.375000
nan
nan
nan
nan
nan
nan
1.000000
nan
nan
0.000000
nan
0.438000
nan
0.500000
0.438000
1.000000
nan
nan
0.812000
0.562000
nan
0.562000
nan
0.125000
nan
nan
nan
nan
0.312000
nan
0.500000
nan
0.312000
1.000000
0.562000
0.125000
0.562000
0.500000
nan
nan
nan
0.125000
0.500000
nan
0.250000
nan
nan
0.062000
0.438000
0.225000
0.579000
0.322000
nan
nan
nan
0.547000
nan
0.804000
0.289000
nan
nan
0.740000
0.772000
nan
nan
nan
0.064000
nan
nan
0.096000
nan
0.161000
0.064000
0.225000
nan
nan
0.225000
0.064000
nan
0.096000
0.129000
0.289000
nan
0.161000
0.096000
0.482000
nan
0.547000
nan
0.611000
nan
0.868000
nan
0.450000
0.450000
0.579000
nan
0.450000
nan
0.740000
0.450000
nan
nan
0.129000
nan
nan
nan
nan
0.579000
0.289000
nan
nan
0.740000
0.257000
0.965000
nan
0.804000
nan
nan
nan
0.386000
1.000000
0.740000
nan
nan
nan
1.000000
nan
nan
0.193000
0.064000
nan
nan
nan
0.289000
0.064000
0.257000
0.579000
0.611000
nan
nan
1.000000
nan
nan
0.772000
1.000000
nan
nan
1.000000
nan
0.263000
0.526000
nan
nan
nan
nan
0.684000
0.579000
nan
nan
nan
nan
nan
nan
nan
0.474000
0.263000
nan
0.368000
0.000000
nan
1.000000
nan
nan
nan
nan
0.316000
0.632000
nan
nan
nan
0.737000
nan
0.526000
nan
nan
1.000000
nan
nan
0.737000
0.158000
nan
0.737000
nan
0.526000
0.895000
0.684000
0.263000
0.632000
0.211000
nan
0.368000
0.211000
0.368000
0.158000
0.579000
0.526000
0.211000
nan
nan
nan
0.000000
0.211000
0.211000
0.000000
nan
nan
nan
nan
nan
nan
nan
0.421000
0.451000
nan
0.868000
nan
0.129000
0.000000
nan
nan
nan
0.000000
nan
nan
nan
0.000000
0.193000
0.921000
0.580000
nan
0.000000
0.193000
0.000000
nan
0.129000
nan
0.153000
nan
nan
nan
nan
nan
nan
nan
nan
nan
0.305000
nan
nan
nan
nan
nan
0.458000
0.153000
0.458000
nan
nan
0.153000
nan
nan
nan
0.763000
1.000000
0.305000
0.611000
nan
0.840000
nan
0.305000
nan
nan
0.458000
nan
nan
nan
0.153000
nan
nan
nan
0.534000
0.153000
nan
0.229000
0.153000
0.000000
0.687000
nan
0.458000
nan
nan
0.305000
0.000000
nan
nan
nan
nan
nan
nan
nan
0.611000
nan
0.000000
0.153000
nan
nan
nan
nan
nan
0.153000
nan
nan
nan
nan
nan
0.153000
0.153000
0.153000
nan
nan
0.305000
0.305000
0.916000
nan
nan
nan
nan
nan
nan
nan
nan
0.000000
0.458000
0.458000
nan
0.000000
nan
