Coverage(RPKM): 14589.308176
nan
nan
0.000000
nan
nan
nan
nan
nan
nan
nan
0.000000
nan
nan
0.000000
nan
0.333000
0.000000
nan
0.167000
1.000000
nan
0.000000
0.333000
1.000000
nan
0.333000
nan
1.000000
nan
0.667000
0.000000
1.000000
0.667000
0.000000
0.333000
nan
nan
0.333000
nan
nan
nan
0.333000
0.000000
nan
nan
nan
0.000000
0.000000
nan
nan
0.000000
0.000000
0.000000
0.000000
nan
0.000000
0.000000
1.000000
0.667000
0.000000
0.000000
nan
nan
nan
nan
0.667000
0.333000
0.167000
0.667000
nan
0.167000
0.000000
0.000000
0.333000
nan
nan
0.667000
0.667000
0.333000
nan
0.333000
nan
0.500000
0.000000
0.667000
1.000000
0.833000
nan
nan
0.029000
0.025000
nan
0.017000
nan
0.012000
0.017000
nan
0.012000
0.012000
nan
nan
nan
nan
0.025000
0.029000
0.025000
nan
nan
0.079000
nan
nan
nan
nan
0.012000
0.017000
0.012000
0.033000
0.149000
0.012000
0.041000
nan
nan
nan
nan
nan
0.029000
nan
nan
0.058000
nan
nan
0.041000
nan
nan
0.066000
nan
nan
0.054000
0.054000
nan
nan
nan
0.314000
0.653000
0.893000
nan
0.587000
0.951000
nan
1.000000
1.000000
0.905000
0.980000
1.000000
0.657000
0.599000
0.376000
0.285000
0.248000
0.169000
0.128000
0.079000
0.095000
0.033000
0.050000
0.021000
0.029000
0.041000
0.021000
0.045000
0.014000
0.033000
0.037000
0.050000
0.049000
0.134000
0.128000
0.186000
0.235000
0.328000
0.512000
0.910000
nan
0.991000
1.000000
0.520000
1.000000
0.386000
nan
1.000000
nan
nan
nan
nan
nan
0.239000
0.052000
nan
0.083000
nan
nan
0.023000
0.008000
0.037000
nan
0.003000
0.004000
0.014000
nan
nan
0.010000
0.012000
nan
0.017000
nan
nan
nan
0.006000
nan
0.019000
0.021000
nan
0.010000
nan
nan
nan
0.003000
nan
0.010000
0.008000
0.012000
nan
0.008000
0.003000
0.023000
0.012000
nan
0.008000
nan
nan
nan
nan
nan
0.004000
0.016000
nan
0.004000
nan
nan
nan
nan
nan
nan
0.008000
nan
nan
nan
0.004000
nan
nan
0.012000
0.016000
0.173000
nan
0.260000
0.952000
0.866000
nan
nan
0.693000
0.346000
nan
nan
0.087000
nan
nan
nan
1.000000
nan
1.000000
0.346000
nan
0.000000
0.000000
0.173000
0.433000
nan
0.346000
nan
nan
nan
0.173000
0.346000
0.173000
0.173000
0.346000
0.260000
nan
nan
nan
0.000000
nan
nan
0.173000
0.173000
nan
0.260000
0.346000
nan
0.519000
nan
nan
0.519000
nan
0.000000
nan
0.260000
nan
0.260000
0.519000
nan
0.260000
0.173000
0.260000
0.519000
nan
nan
0.346000
nan
nan
0.346000
0.087000
nan
nan
nan
0.000000
0.779000
0.173000
nan
nan
nan
nan
0.952000
nan
1.000000
nan
nan
nan
0.260000
nan
nan
nan
nan
nan
nan
0.519000
0.204000
0.407000
nan
nan
0.102000
0.204000
nan
0.351000
0.234000
nan
0.234000
0.585000
nan
nan
nan
nan
nan
0.468000
nan
nan
nan
nan
nan
nan
nan
0.000000
1.000000
0.000000
0.936000
0.000000
nan
0.234000
nan
0.468000
nan
nan
nan
0.702000
0.702000
nan
nan
nan
nan
nan
nan
0.468000
nan
nan
0.234000
0.819000
0.702000
0.000000
nan
nan
1.000000
nan
nan
nan
nan
0.000000
nan
0.000000
0.468000
nan
nan
nan
nan
nan
0.468000
0.000000
0.234000
0.000000
0.819000
0.585000
0.702000
0.468000
nan
nan
nan
nan
nan
nan
1.000000
nan
nan
nan
nan
0.468000
0.585000
nan
0.000000
0.234000
0.702000
0.234000
0.000000
0.936000
nan
nan
nan
nan
nan
nan
nan
0.702000
nan
nan
0.468000
nan
nan
nan
nan
nan
nan
nan
nan
0.585000
0.000000
0.234000
nan
0.117000
nan
