Coverage(RPKM): 425.850340
nan
nan
0.000000
nan
nan
nan
nan
nan
0.198000
0.000000
nan
0.198000
nan
nan
0.000000
nan
nan
0.396000
0.495000
nan
0.000000
nan
0.396000
0.000000
0.297000
0.297000
0.495000
0.396000
0.000000
0.099000
nan
nan
nan
nan
0.693000
nan
nan
nan
0.000000
nan
0.198000
nan
0.000000
0.000000
0.198000
nan
nan
0.495000
nan
nan
nan
0.198000
nan
nan
nan
0.000000
nan
0.594000
nan
nan
nan
nan
0.396000
0.198000
nan
nan
0.000000
nan
nan
0.396000
0.000000
0.198000
0.198000
0.396000
nan
nan
nan
0.198000
0.693000
nan
0.000000
0.891000
nan
0.495000
nan
0.594000
0.198000
nan
nan
0.198000
nan
0.594000
0.594000
1.000000
nan
0.495000
0.891000
1.000000
nan
nan
nan
nan
nan
0.198000
1.000000
0.756000
0.062000
nan
0.275000
nan
0.275000
0.062000
nan
nan
0.137000
0.687000
nan
0.481000
nan
nan
0.550000
nan
nan
nan
0.137000
1.000000
0.275000
0.825000
nan
0.412000
0.062000
0.550000
nan
nan
nan
0.206000
0.412000
0.412000
nan
0.550000
0.825000
0.962000
nan
0.756000
0.893000
0.275000
0.137000
nan
0.275000
0.275000
nan
0.550000
nan
nan
nan
0.412000
nan
nan
0.825000
0.344000
0.275000
0.550000
nan
nan
0.412000
0.275000
nan
nan
nan
0.687000
1.000000
nan
nan
nan
nan
nan
0.344000
nan
0.756000
nan
0.206000
nan
nan
nan
0.619000
0.550000
1.000000
nan
0.619000
nan
nan
nan
nan
0.550000
0.962000
nan
0.619000
0.275000
nan
nan
nan
0.275000
0.500000
nan
0.250000
0.167000
0.250000
nan
nan
0.833000
0.250000
nan
nan
0.583000
0.333000
0.250000
0.250000
0.167000
0.000000
nan
nan
0.667000
0.500000
nan
nan
0.417000
nan
0.333000
0.667000
nan
nan
nan
nan
0.333000
nan
nan
nan
nan
0.000000
0.083000
0.000000
nan
nan
nan
nan
0.667000
0.667000
nan
0.500000
0.500000
nan
0.000000
0.250000
0.500000
nan
0.417000
nan
nan
nan
nan
nan
0.500000
nan
1.000000
0.083000
0.333000
0.667000
nan
0.500000
nan
1.000000
nan
nan
nan
0.500000
nan
nan
0.583000
nan
1.000000
nan
0.500000
0.750000
nan
nan
0.917000
nan
nan
0.167000
1.000000
nan
0.667000
0.333000
nan
0.500000
0.667000
nan
nan
0.583000
nan
0.000000
nan
0.000000
nan
nan
nan
nan
nan
nan
0.818000
0.182000
nan
nan
nan
0.182000
nan
0.182000
1.000000
nan
nan
nan
nan
0.000000
0.091000
0.545000
0.182000
0.364000
nan
nan
0.182000
0.727000
1.000000
nan
0.182000
0.000000
0.455000
0.182000
0.182000
0.545000
nan
1.000000
nan
0.727000
0.545000
0.648000
0.324000
0.000000
nan
0.000000
0.324000
nan
nan
0.432000
0.324000
0.540000
nan
nan
nan
nan
0.000000
0.648000
nan
nan
1.000000
0.864000
0.324000
0.864000
nan
nan
0.756000
0.648000
nan
nan
nan
nan
nan
nan
nan
nan
nan
0.864000
0.648000
nan
0.648000
nan
0.432000
0.000000
0.648000
nan
nan
0.324000
0.216000
nan
0.756000
0.000000
0.216000
0.125000
0.125000
nan
0.875000
0.500000
0.750000
1.000000
nan
0.250000
nan
0.500000
0.250000
nan
nan
0.000000
nan
0.250000
0.250000
0.000000
nan
nan
nan
nan
0.750000
nan
nan
nan
nan
0.375000
nan
0.000000
nan
0.625000
0.750000
nan
nan
nan
nan
nan
0.000000
0.500000
0.750000
0.000000
0.000000
nan
