Coverage(RPKM): 222.535211
nan
nan
0.000000
nan
nan
nan
nan
nan
nan
nan
nan
nan
nan
nan
nan
nan
nan
nan
nan
nan
nan
0.000000
nan
nan
0.500000
nan
nan
0.000000
0.000000
0.000000
0.000000
nan
nan
nan
0.000000
0.000000
nan
nan
0.000000
nan
0.500000
0.500000
0.500000
1.000000
0.500000
nan
nan
nan
nan
0.000000
nan
0.000000
1.000000
nan
nan
nan
nan
0.000000
0.500000
nan
1.000000
nan
nan
0.000000
0.000000
nan
nan
0.000000
nan
0.000000
0.000000
0.000000
0.500000
nan
nan
1.000000
nan
0.000000
1.000000
nan
nan
nan
nan
0.000000
nan
nan
nan
nan
nan
0.000000
0.000000
0.000000
nan
nan
0.500000
nan
nan
nan
nan
1.000000
0.000000
0.500000
0.000000
0.000000
0.000000
nan
0.000000
nan
nan
0.000000
nan
0.500000
nan
0.000000
0.403000
0.403000
0.403000
nan
0.805000
0.000000
nan
nan
0.305000
nan
0.000000
nan
0.611000
0.000000
nan
0.000000
nan
nan
0.305000
nan
nan
0.153000
0.000000
0.305000
nan
nan
nan
nan
nan
nan
0.611000
0.305000
0.000000
nan
0.000000
0.000000
nan
0.000000
nan
1.000000
nan
0.305000
nan
nan
0.916000
0.611000
nan
0.305000
nan
nan
nan
nan
0.611000
1.000000
0.611000
nan
nan
1.000000
nan
nan
nan
nan
0.000000
0.305000
0.611000
nan
nan
0.000000
0.153000
nan
nan
nan
nan
0.000000
0.153000
nan
0.000000
0.611000
0.305000
0.000000
0.000000
nan
nan
0.000000
0.305000
nan
0.000000
0.000000
0.000000
nan
nan
0.611000
nan
nan
0.000000
nan
nan
0.000000
nan
