Coverage(RPKM): 484.868421
nan
nan
0.000000
nan
nan
nan
0.250000
0.500000
0.250000
nan
0.875000
nan
0.250000
nan
nan
0.375000
nan
nan
0.000000
nan
nan
0.500000
nan
nan
0.250000
0.000000
nan
0.000000
0.000000
nan
nan
0.000000
0.000000
nan
nan
nan
0.000000
nan
0.375000
0.250000
0.500000
nan
0.875000
nan
nan
nan
0.000000
0.500000
nan
0.750000
nan
nan
nan
nan
nan
nan
0.500000
nan
0.750000
nan
1.000000
0.250000
0.500000
nan
0.500000
0.250000
1.000000
nan
nan
nan
0.750000
nan
nan
0.750000
1.000000
nan
0.250000
nan
0.000000
nan
nan
0.500000
nan
0.875000
nan
0.250000
nan
0.375000
nan
nan
1.000000
0.750000
nan
0.250000
nan
0.250000
nan
0.875000
0.250000
0.000000
0.250000
nan
0.375000
0.875000
0.948000
1.000000
0.569000
nan
nan
0.284000
0.000000
nan
nan
nan
0.284000
nan
0.190000
0.284000
nan
nan
nan
nan
0.474000
0.569000
0.474000
nan
nan
0.758000
nan
nan
nan
nan
nan
nan
0.190000
nan
nan
nan
nan
nan
0.284000
0.000000
0.190000
nan
nan
0.000000
nan
0.000000
0.284000
0.379000
nan
nan
0.569000
nan
0.379000
0.190000
nan
1.000000
nan
0.853000
nan
nan
nan
0.190000
0.190000
0.190000
0.190000
0.379000
nan
nan
nan
nan
0.000000
nan
0.474000
0.758000
nan
nan
0.474000
0.758000
0.379000
1.000000
0.000000
0.569000
0.379000
0.569000
nan
nan
0.000000
0.284000
0.948000
0.000000
nan
nan
0.000000
nan
nan
0.000000
0.379000
nan
nan
0.000000
0.190000
0.083000
nan
0.250000
nan
0.500000
nan
0.250000
0.500000
nan
0.583000
nan
0.083000
nan
nan
nan
0.667000
nan
0.167000
0.167000
nan
0.083000
0.038000
nan
nan
0.500000
0.167000
0.417000
0.500000
0.333000
nan
0.038000
0.167000
0.333000
0.167000
nan
0.333000
nan
nan
nan
0.333000
nan
0.333000
nan
nan
nan
nan
0.500000
nan
0.167000
0.333000
0.250000
nan
nan
nan
nan
nan
1.000000
0.038000
0.583000
nan
0.167000
0.917000
0.583000
0.167000
nan
0.500000
nan
nan
1.000000
1.000000
1.000000
0.667000
nan
nan
0.333000
0.667000
nan
nan
0.333000
nan
nan
1.000000
0.833000
nan
nan
nan
nan
0.500000
0.250000
0.833000
0.500000
0.500000
0.467000
nan
nan
0.030000
0.333000
0.400000
nan
0.267000
nan
nan
nan
0.030000
0.133000
0.467000
0.933000
nan
nan
nan
0.267000
nan
0.200000
0.267000
nan
1.000000
nan
nan
0.867000
0.133000
nan
1.000000
0.933000
0.467000
0.867000
nan
nan
nan
nan
nan
0.200000
nan
0.267000
0.133000
0.333000
nan
0.067000
0.267000
nan
nan
0.267000
0.400000
1.000000
0.200000
1.000000
0.533000
0.133000
0.600000
nan
nan
0.138000
nan
nan
0.688000
nan
nan
1.000000
0.413000
0.138000
0.015000
nan
nan
0.206000
nan
nan
nan
0.275000
nan
0.550000
nan
nan
nan
0.275000
0.413000
1.000000
0.413000
nan
0.757000
nan
nan
nan
0.275000
nan
0.619000
0.894000
0.567000
nan
0.142000
nan
nan
0.355000
0.284000
0.426000
0.780000
nan
0.567000
0.142000
nan
0.071000
nan
0.567000
0.213000
nan
nan
0.426000
0.496000
nan
0.142000
0.284000
0.000000
1.000000
nan
nan
nan
nan
nan
nan
nan
nan
nan
nan
0.213000
0.709000
0.709000
0.355000
nan
0.355000
nan
nan
nan
nan
nan
nan
0.638000
0.071000
0.000000
0.142000
0.000000
0.496000
nan
nan
nan
nan
0.355000
nan
nan
0.142000
0.496000
nan
0.000000
nan
0.071000
nan
