Coverage(RPKM): 90.756303
nan
nan
0.000000
nan
nan
nan
nan
nan
nan
0.784000
nan
nan
0.784000
nan
1.000000
0.000000
nan
nan
nan
0.000000
nan
nan
0.000000
nan
0.000000
nan
nan
nan
nan
nan
0.000000
nan
0.000000
nan
nan
nan
0.000000
nan
nan
nan
nan
0.000000
0.446000
0.892000
0.000000
nan
0.892000
nan
0.892000
0.000000
0.000000
nan
nan
0.446000
0.000000
0.892000
nan
nan
nan
0.000000
nan
0.000000
0.000000
0.000000
0.892000
0.000000
1.000000
0.000000
nan
nan
0.892000
0.000000
nan
nan
nan
0.000000
0.892000
0.000000
0.000000
nan
nan
0.446000
0.000000
nan
0.000000
0.892000
nan
0.000000
0.000000
0.892000
0.892000
nan
0.000000
nan
nan
nan
1.000000
nan
0.892000
0.000000
0.000000
nan
0.892000
0.000000
nan
nan
0.000000
0.000000
1.000000
nan
nan
nan
1.000000
0.000000
0.000000
nan
nan
0.000000
nan
