Coverage(RPKM): 530.193906
nan
nan
0.000000
nan
nan
nan
nan
0.000000
nan
0.000000
0.500000
nan
0.000000
nan
0.000000
nan
1.000000
0.000000
nan
0.000000
0.250000
nan
nan
nan
nan
0.000000
nan
0.000000
0.000000
0.250000
nan
nan
0.000000
nan
0.000000
0.500000
0.000000
0.000000
nan
nan
nan
nan
0.000000
0.000000
nan
nan
0.500000
0.000000
0.000000
nan
0.000000
0.000000
nan
nan
1.000000
nan
0.500000
0.250000
0.750000
nan
0.000000
0.000000
nan
nan
1.000000
0.250000
nan
nan
nan
nan
0.000000
0.000000
nan
nan
0.750000
1.000000
0.500000
nan
0.000000
0.000000
0.000000
0.500000
nan
nan
nan
nan
nan
0.000000
0.500000
0.000000
0.000000
0.000000
0.500000
1.000000
0.173000
0.519000
0.000000
0.173000
0.952000
nan
nan
nan
0.000000
0.433000
0.693000
nan
0.519000
nan
nan
nan
nan
0.433000
1.000000
0.693000
nan
0.519000
0.000000
0.346000
0.173000
nan
nan
0.866000
nan
nan
nan
nan
nan
nan
nan
nan
0.346000
0.866000
nan
nan
nan
0.693000
nan
nan
nan
nan
0.173000
nan
nan
nan
0.433000
nan
nan
0.173000
0.519000
0.693000
nan
nan
nan
nan
0.173000
0.519000
0.866000
0.779000
0.519000
0.693000
0.346000
nan
1.000000
nan
0.779000
nan
nan
nan
nan
0.433000
0.173000
0.606000
nan
0.866000
nan
nan
nan
nan
0.346000
nan
0.087000
nan
nan
0.693000
1.000000
nan
0.346000
0.000000
0.173000
nan
0.260000
0.346000
0.087000
0.087000
nan
0.087000
nan
0.579000
0.000000
nan
0.129000
0.000000
0.193000
0.000000
0.386000
1.000000
0.707000
0.772000
nan
0.579000
nan
nan
nan
nan
nan
nan
0.322000
0.900000
0.193000
nan
nan
nan
0.514000
nan
nan
nan
0.000000
nan
nan
0.064000
0.064000
0.000000
nan
nan
nan
nan
0.450000
nan
0.193000
nan
nan
0.257000
0.386000
0.917000
nan
0.196000
0.000000
0.000000
0.982000
nan
nan
nan
nan
nan
nan
0.589000
0.196000
0.458000
nan
0.262000
0.327000
0.393000
nan
0.262000
0.000000
nan
nan
1.000000
0.589000
nan
0.393000
nan
0.655000
1.000000
nan
nan
nan
nan
0.000000
nan
0.655000
nan
nan
0.720000
0.982000
nan
0.131000
0.131000
nan
nan
nan
nan
nan
nan
nan
nan
0.589000
nan
nan
0.655000
0.851000
nan
nan
0.133000
nan
nan
nan
nan
0.667000
nan
1.000000
nan
0.600000
nan
nan
nan
0.467000
0.333000
nan
0.800000
nan
nan
nan
0.400000
0.533000
nan
0.733000
0.467000
0.533000
nan
nan
0.200000
0.467000
0.667000
nan
nan
nan
0.133000
0.400000
nan
nan
0.200000
0.133000
nan
nan
nan
nan
nan
0.400000
nan
nan
nan
0.267000
0.133000
nan
nan
nan
nan
nan
0.000000
nan
