Coverage(RPKM): 504.000000
nan
nan
0.000000
nan
nan
nan
nan
0.000000
1.000000
0.000000
nan
0.000000
nan
0.000000
nan
0.000000
nan
nan
0.000000
1.000000
0.000000
0.000000
1.000000
nan
1.000000
0.500000
nan
0.000000
nan
nan
nan
nan
1.000000
0.000000
nan
nan
0.000000
0.500000
0.000000
0.000000
1.000000
nan
0.000000
0.000000
nan
0.000000
nan
0.000000
0.000000
0.000000
0.000000
1.000000
nan
0.000000
nan
nan
nan
nan
0.000000
nan
nan
0.000000
0.000000
nan
nan
0.000000
0.000000
nan
nan
0.000000
nan
nan
0.000000
nan
nan
0.000000
0.000000
0.000000
nan
nan
1.000000
nan
0.000000
nan
nan
1.000000
nan
0.000000
0.000000
nan
0.000000
1.000000
0.000000
0.000000
0.000000
0.000000
nan
0.000000
0.000000
nan
0.000000
0.000000
0.000000
0.000000
nan
0.440000
0.000000
0.000000
0.000000
0.000000
nan
0.000000
0.000000
0.000000
nan
0.000000
0.440000
0.440000
nan
nan
0.440000
0.000000
0.440000
0.440000
nan
0.000000
0.000000
0.000000
nan
0.440000
0.879000
nan
nan
0.000000
0.440000
nan
0.000000
0.879000
0.440000
0.440000
0.440000
nan
0.000000
nan
nan
0.000000
0.440000
1.000000
nan
nan
nan
nan
1.000000
nan
0.000000
nan
nan
1.000000
nan
nan
0.000000
nan
nan
0.440000
nan
nan
nan
nan
0.000000
0.000000
nan
0.220000
0.879000
0.659000
0.440000
0.000000
nan
0.000000
0.250000
1.000000
0.875000
0.000000
0.000000
0.000000
nan
0.250000
0.500000
nan
nan
1.000000
0.875000
nan
nan
1.000000
0.000000
0.250000
0.250000
nan
nan
nan
nan
0.500000
0.500000
0.000000
nan
nan
0.000000
nan
0.000000
0.250000
nan
nan
nan
0.500000
0.875000
0.500000
nan
0.375000
1.000000
nan
nan
nan
0.500000
0.375000
0.125000
1.000000
nan
0.000000
0.000000
0.250000
nan
0.250000
0.000000
0.125000
nan
nan
0.250000
0.250000
nan
nan
nan
nan
nan
0.125000
nan
0.500000
nan
1.000000
nan
nan
nan
0.000000
0.750000
nan
nan
nan
0.000000
0.000000
0.000000
nan
nan
0.000000
nan
0.000000
nan
nan
nan
0.000000
nan
0.141000
nan
0.070000
0.000000
nan
0.282000
0.000000
0.423000
0.141000
nan
nan
nan
nan
0.141000
nan
0.282000
nan
0.211000
nan
0.000000
0.000000
nan
nan
nan
nan
nan
0.000000
nan
0.211000
nan
0.000000
0.211000
nan
0.000000
0.211000
nan
0.000000
nan
nan
nan
nan
nan
nan
nan
nan
0.000000
nan
nan
nan
0.211000
nan
nan
nan
nan
nan
0.000000
0.000000
nan
0.282000
nan
0.141000
0.634000
0.282000
0.141000
0.493000
nan
0.070000
0.211000
nan
0.423000
nan
0.141000
0.282000
0.070000
0.000000
nan
nan
0.845000
nan
0.493000
nan
0.000000
0.141000
nan
nan
nan
nan
0.000000
0.845000
nan
0.423000
nan
nan
nan
0.000000
nan
nan
1.000000
nan
1.000000
0.423000
nan
nan
1.000000
nan
nan
0.000000
0.423000
nan
nan
0.237000
nan
0.034000
0.000000
nan
nan
0.000000
nan
nan
nan
nan
nan
0.406000
0.372000
nan
nan
0.203000
nan
nan
nan
0.271000
nan
0.000000
0.000000
nan
nan
0.609000
nan
nan
nan
nan
nan
nan
nan
nan
nan
0.305000
nan
0.000000
0.575000
0.981000
0.609000
0.271000
0.440000
nan
nan
0.000000
nan
0.271000
1.000000
0.541000
nan
nan
nan
nan
nan
0.575000
0.135000
nan
nan
nan
0.237000
nan
0.271000
0.169000
nan
0.078000
nan
0.389000
0.545000
0.506000
nan
nan
nan
nan
0.389000
nan
nan
1.000000
nan
nan
nan
0.233000
nan
0.156000
0.117000
nan
0.583000
0.545000
0.467000
0.428000
0.272000
0.117000
0.778000
1.000000
0.739000
nan
0.311000
0.389000
0.545000
nan
nan
nan
nan
nan
0.233000
0.311000
0.264000
0.440000
nan
nan
0.527000
0.308000
nan
0.527000
0.396000
0.308000
0.308000
nan
0.615000
0.220000
0.835000
nan
nan
nan
nan
nan
nan
nan
nan
nan
nan
0.440000
0.088000
0.176000
0.264000
nan
0.264000
1.000000
nan
nan
nan
0.176000
nan
nan
nan
nan
nan
0.132000
nan
nan
nan
nan
0.088000
nan
0.132000
nan
nan
nan
0.615000
nan
nan
nan
0.352000
0.308000
nan
nan
0.615000
0.308000
0.088000
nan
