Coverage(RPKM): 853.061224
nan
nan
0.377000
nan
nan
nan
0.216000
0.701000
nan
0.108000
0.647000
0.270000
0.539000
nan
nan
nan
0.323000
nan
nan
nan
0.539000
0.216000
0.647000
0.270000
0.162000
0.377000
0.593000
0.755000
nan
nan
nan
nan
0.216000
nan
nan
nan
nan
0.647000
nan
nan
0.323000
0.108000
nan
nan
nan
0.108000
nan
0.970000
0.755000
0.216000
nan
nan
nan
0.093000
0.323000
nan
0.323000
0.809000
0.216000
0.485000
0.216000
0.216000
0.216000
nan
nan
nan
nan
1.000000
0.593000
0.216000
nan
nan
0.431000
nan
nan
nan
nan
nan
1.000000
nan
nan
0.701000
0.377000
nan
nan
nan
nan
nan
nan
nan
nan
0.863000
0.323000
0.270000
1.000000
nan
nan
nan
0.323000
nan
0.270000
nan
nan
nan
nan
0.216000
nan
0.270000
0.093000
nan
0.162000
0.162000
0.108000
0.216000
nan
0.162000
0.593000
0.323000
nan
nan
nan
nan
nan
nan
nan
nan
nan
nan
0.377000
nan
0.323000
0.216000
nan
nan
0.270000
nan
nan
nan
nan
nan
nan
0.108000
nan
nan
0.270000
0.078000
nan
