Coverage(RPKM): 999.485861
nan
nan
0.095000
nan
nan
0.758000
nan
0.379000
0.569000
nan
nan
nan
0.190000
0.190000
0.948000
0.000000
nan
nan
0.758000
0.000000
nan
0.190000
0.190000
0.569000
0.379000
nan
0.000000
0.190000
0.000000
nan
0.664000
nan
nan
0.664000
0.664000
nan
0.190000
0.000000
nan
nan
0.758000
nan
1.000000
nan
nan
nan
nan
nan
nan
0.095000
0.379000
nan
nan
nan
nan
0.379000
nan
nan
nan
nan
1.000000
1.000000
nan
nan
0.569000
nan
nan
nan
0.474000
nan
nan
nan
nan
0.379000
0.284000
nan
0.379000
nan
0.190000
0.569000
nan
0.190000
0.474000
0.569000
0.379000
0.379000
nan
nan
0.379000
0.284000
nan
0.284000
nan
0.379000
nan
nan
0.569000
0.190000
0.474000
0.474000
0.569000
1.000000
0.363000
0.000000
0.000000
0.242000
0.000000
0.000000
0.000000
0.000000
0.000000
0.181000
0.060000
0.121000
0.483000
nan
0.060000
0.363000
0.000000
0.000000
0.000000
nan
nan
nan
0.302000
0.363000
nan
0.544000
0.000000
0.725000
0.121000
nan
0.121000
0.181000
nan
0.483000
0.483000
nan
0.121000
nan
nan
0.483000
nan
0.665000
nan
nan
nan
nan
nan
nan
nan
0.181000
nan
nan
nan
nan
0.604000
nan
nan
nan
nan
0.604000
nan
nan
nan
0.121000
nan
nan
nan
nan
0.785000
0.604000
0.000000
0.967000
1.000000
nan
nan
0.121000
0.725000
0.785000
nan
1.000000
0.906000
nan
nan
nan
0.363000
0.604000
0.483000
0.906000
nan
nan
nan
0.128000
0.224000
0.256000
nan
0.447000
nan
1.000000
nan
0.895000
nan
0.799000
nan
0.671000
0.447000
nan
1.000000
0.479000
0.351000
nan
nan
0.799000
nan
nan
nan
nan
nan
0.767000
nan
1.000000
0.383000
nan
nan
nan
nan
0.160000
nan
nan
0.447000
0.543000
nan
nan
nan
nan
nan
nan
nan
nan
nan
nan
nan
nan
nan
nan
0.224000
nan
0.415000
nan
nan
nan
nan
0.351000
0.543000
nan
0.351000
nan
nan
nan
nan
0.096000
nan
nan
nan
nan
nan
0.064000
0.281000
nan
0.322000
nan
0.080000
0.442000
nan
nan
0.080000
nan
nan
0.056000
0.241000
0.241000
0.080000
nan
nan
nan
nan
nan
nan
nan
nan
nan
nan
0.043000
nan
nan
nan
0.482000
nan
nan
nan
0.643000
0.851000
0.442000
nan
0.241000
0.201000
0.563000
0.201000
nan
0.362000
nan
nan
nan
0.522000
0.643000
0.281000
nan
0.851000
nan
nan
0.161000
nan
nan
nan
nan
nan
nan
nan
0.291000
0.533000
nan
0.436000
0.291000
0.823000
0.630000
nan
nan
1.000000
0.581000
nan
nan
nan
nan
0.387000
nan
nan
0.097000
0.097000
0.194000
0.097000
nan
nan
nan
nan
nan
0.387000
0.581000
nan
0.145000
0.022000
nan
nan
nan
nan
0.097000
0.678000
0.678000
nan
0.630000
nan
nan
nan
0.291000
0.920000
nan
nan
nan
nan
nan
nan
nan
nan
0.194000
nan
0.387000
nan
0.022000
nan
