Coverage(RPKM): 127.611940
nan
nan
0.000000
nan
nan
nan
nan
0.000000
nan
nan
0.500000
0.000000
nan
nan
0.000000
0.000000
0.000000
0.000000
0.500000
nan
0.500000
0.500000
nan
0.500000
nan
0.000000
nan
0.000000
0.000000
nan
0.500000
0.000000
0.000000
0.000000
nan
nan
0.000000
nan
nan
nan
0.000000
nan
nan
0.000000
0.000000
nan
nan
0.500000
1.000000
nan
0.000000
nan
0.000000
nan
0.000000
0.000000
0.000000
nan
nan
nan
nan
nan
0.000000
nan
nan
0.532000
0.798000
nan
0.000000
0.000000
1.000000
0.266000
nan
0.266000
0.266000
nan
1.000000
nan
nan
0.000000
0.000000
0.000000
1.000000
0.000000
0.532000
0.000000
0.266000
nan
0.000000
0.000000
0.000000
0.563000
0.000000
nan
0.563000
0.000000
0.000000
0.563000
0.000000
0.563000
0.000000
nan
0.000000
0.000000
0.000000
0.000000
nan
0.000000
0.000000
nan
0.000000
nan
nan
nan
0.000000
nan
0.000000
0.000000
nan
nan
nan
nan
0.000000
0.000000
0.000000
nan
nan
nan
nan
0.563000
nan
0.000000
0.000000
nan
