Coverage(RPKM): 399.069767
nan
nan
0.000000
0.000000
nan
nan
0.000000
0.784000
nan
nan
0.000000
0.000000
nan
0.000000
0.784000
nan
nan
0.000000
nan
nan
0.000000
nan
nan
nan
nan
0.000000
0.784000
0.784000
0.000000
nan
0.000000
nan
nan
1.000000
0.000000
0.000000
0.000000
0.000000
0.000000
0.000000
nan
nan
nan
0.000000
0.000000
nan
nan
nan
nan
0.784000
0.000000
nan
0.000000
nan
0.000000
nan
nan
0.000000
0.784000
nan
nan
0.784000
0.000000
nan
0.000000
1.000000
0.000000
0.000000
0.000000
nan
0.784000
1.000000
0.000000
nan
0.000000
nan
0.784000
nan
0.784000
0.000000
nan
nan
nan
nan
0.000000
0.000000
nan
0.392000
nan
0.000000
nan
nan
0.392000
0.392000
nan
nan
nan
nan
nan
nan
nan
nan
0.300000
0.200000
nan
0.000000
nan
0.000000
nan
0.600000
nan
0.000000
nan
0.000000
nan
0.300000
0.400000
0.000000
nan
0.600000
1.000000
nan
0.600000
0.200000
0.000000
0.400000
0.200000
nan
0.300000
0.200000
0.100000
nan
0.200000
0.600000
0.600000
0.000000
0.300000
nan
0.000000
0.300000
0.400000
nan
0.300000
nan
0.600000
nan
1.000000
nan
nan
nan
0.400000
0.400000
0.600000
0.800000
nan
nan
nan
0.200000
nan
0.100000
0.000000
0.800000
0.000000
0.300000
0.300000
nan
nan
1.000000
nan
0.400000
0.000000
nan
1.000000
nan
nan
0.900000
nan
0.500000
nan
nan
0.800000
0.200000
0.284000
0.709000
nan
nan
nan
nan
nan
0.142000
0.142000
0.426000
nan
nan
nan
nan
0.213000
nan
nan
nan
0.638000
nan
nan
nan
nan
0.355000
0.142000
0.780000
nan
0.851000
0.142000
0.000000
0.426000
0.709000
0.000000
0.851000
nan
nan
0.355000
0.142000
nan
nan
nan
0.284000
nan
nan
nan
1.000000
0.000000
0.567000
1.000000
0.638000
nan
0.284000
nan
nan
nan
nan
nan
0.284000
nan
0.922000
nan
nan
nan
0.071000
0.284000
0.355000
0.567000
1.000000
nan
0.000000
nan
nan
nan
nan
0.638000
0.284000
nan
nan
0.567000
0.284000
0.142000
0.426000
nan
0.142000
0.000000
nan
nan
nan
0.355000
nan
0.426000
nan
nan
nan
nan
0.567000
0.142000
nan
0.284000
0.142000
0.284000
0.284000
0.286000
0.429000
0.000000
nan
nan
nan
nan
nan
nan
nan
0.500000
0.429000
nan
nan
0.714000
nan
0.857000
nan
nan
nan
0.143000
0.143000
0.143000
0.071000
0.929000
nan
nan
0.143000
nan
nan
nan
nan
0.857000
nan
0.214000
0.143000
0.071000
0.571000
nan
0.143000
nan
0.000000
0.857000
nan
0.143000
nan
nan
nan
0.143000
0.143000
nan
nan
nan
nan
1.000000
nan
nan
nan
nan
nan
0.929000
nan
0.000000
0.500000
nan
0.000000
0.143000
nan
nan
nan
0.000000
nan
nan
0.500000
nan
0.429000
0.071000
nan
0.286000
0.214000
0.429000
1.000000
0.500000
nan
0.286000
0.500000
nan
nan
0.571000
1.000000
0.429000
0.000000
0.929000
0.714000
nan
nan
0.357000
0.286000
1.000000
nan
0.643000
nan
0.357000
0.286000
nan
0.143000
0.786000
0.571000
0.500000
nan
nan
nan
nan
0.643000
0.286000
nan
nan
0.286000
0.286000
nan
nan
nan
nan
nan
0.429000
0.143000
nan
0.286000
nan
nan
0.286000
0.286000
nan
0.143000
nan
nan
0.857000
nan
nan
nan
0.214000
nan
nan
nan
0.000000
nan
