Coverage(RPKM): 1278.461538
nan
nan
0.000000
nan
nan
nan
nan
nan
nan
0.069000
nan
0.137000
0.137000
0.447000
0.344000
nan
0.241000
nan
0.172000
0.137000
nan
nan
nan
0.137000
nan
nan
0.206000
nan
nan
0.206000
0.103000
nan
0.103000
nan
0.000000
0.000000
0.069000
0.069000
0.137000
0.756000
nan
0.000000
0.172000
nan
0.241000
0.206000
0.034000
0.008000
0.008000
0.515000
nan
0.275000
0.722000
nan
nan
0.378000
nan
nan
0.069000
0.378000
0.137000
nan
nan
0.241000
nan
0.275000
nan
nan
nan
nan
0.008000
nan
nan
0.206000
nan
nan
0.069000
0.206000
1.000000
1.000000
0.378000
0.584000
0.962000
0.447000
0.344000
nan
1.000000
nan
nan
0.790000
nan
0.584000
nan
nan
nan
0.893000
0.859000
0.447000
0.653000
0.962000
nan
0.344000
nan
nan
0.515000
0.309000
nan
nan
nan
nan
nan
nan
nan
0.137000
0.206000
nan
0.378000
0.309000
0.447000
0.069000
0.344000
0.447000
nan
nan
0.653000
0.722000
0.584000
0.481000
0.137000
nan
