Coverage(RPKM): 605.514706
nan
nan
0.400000
nan
nan
nan
nan
nan
nan
0.000000
0.000000
nan
nan
nan
0.400000
nan
nan
0.000000
0.200000
nan
0.400000
0.400000
nan
nan
0.000000
nan
nan
nan
nan
nan
nan
0.600000
nan
0.400000
nan
nan
0.000000
nan
0.000000
nan
0.000000
nan
0.000000
0.000000
nan
nan
nan
0.400000
nan
nan
nan
1.000000
nan
0.400000
nan
0.000000
0.800000
0.000000
nan
0.600000
nan
0.000000
0.600000
0.000000
0.400000
0.000000
0.000000
0.400000
0.800000
nan
nan
0.400000
0.800000
nan
1.000000
nan
nan
nan
0.400000
0.200000
nan
0.000000
0.000000
0.000000
0.000000
0.000000
0.200000
1.000000
1.000000
nan
nan
nan
0.400000
nan
nan
0.200000
nan
nan
0.800000
nan
nan
0.000000
1.000000
nan
nan
0.000000
0.000000
0.846000
nan
nan
0.154000
nan
nan
0.154000
0.000000
nan
0.308000
0.077000
nan
0.231000
nan
nan
nan
nan
0.385000
nan
nan
nan
0.154000
nan
0.077000
0.000000
0.385000
0.231000
0.615000
nan
nan
0.615000
0.615000
0.615000
nan
0.385000
0.154000
nan
nan
nan
nan
nan
0.692000
nan
nan
nan
nan
nan
0.308000
0.462000
0.462000
1.000000
nan
0.000000
0.077000
nan
0.462000
0.077000
nan
nan
nan
1.000000
nan
0.462000
nan
0.538000
0.000000
0.077000
0.154000
nan
nan
0.923000
nan
nan
0.308000
0.308000
0.615000
nan
nan
nan
nan
nan
nan
nan
nan
nan
nan
0.462000
nan
0.154000
nan
nan
0.231000
nan
nan
nan
nan
nan
0.538000
0.538000
1.000000
0.769000
nan
0.615000
nan
nan
nan
nan
nan
nan
0.692000
0.538000
1.000000
0.064000
nan
0.193000
0.129000
nan
0.322000
0.129000
nan
nan
nan
0.772000
1.000000
nan
nan
nan
0.064000
0.064000
nan
nan
0.514000
0.965000
0.450000
0.129000
0.900000
nan
nan
0.322000
0.064000
nan
0.965000
nan
nan
nan
nan
0.129000
0.129000
0.772000
0.257000
0.514000
nan
0.579000
0.386000
nan
nan
0.579000
0.322000
0.193000
1.000000
0.193000
1.000000
0.193000
nan
nan
nan
0.322000
0.772000
0.129000
nan
0.707000
nan
0.386000
0.450000
0.064000
0.257000
0.643000
0.193000
nan
0.836000
0.707000
nan
nan
nan
0.129000
nan
nan
0.386000
0.514000
0.129000
0.257000
nan
nan
0.064000
0.064000
0.222000
nan
nan
nan
nan
0.611000
0.222000
nan
0.556000
nan
0.333000
nan
0.389000
0.611000
nan
0.278000
nan
nan
0.167000
0.111000
nan
0.667000
0.667000
0.167000
0.333000
0.222000
0.333000
0.111000
0.722000
0.389000
nan
nan
nan
0.167000
0.222000
0.278000
nan
0.333000
nan
0.333000
0.333000
nan
0.333000
nan
0.889000
1.000000
0.444000
nan
0.025000
0.278000
0.611000
nan
0.722000
nan
nan
0.111000
0.444000
nan
nan
nan
nan
0.025000
nan
nan
0.025000
0.333000
nan
nan
nan
0.056000
1.000000
nan
nan
nan
nan
nan
0.500000
nan
0.111000
0.611000
1.000000
0.222000
nan
0.333000
1.000000
0.722000
nan
0.389000
0.500000
nan
nan
nan
nan
0.391000
0.217000
0.435000
nan
nan
1.000000
0.107000
0.261000
0.391000
nan
nan
nan
0.217000
1.000000
0.783000
nan
0.217000
nan
0.435000
nan
0.348000
0.174000
0.130000
nan
nan
nan
nan
0.107000
0.478000
nan
0.565000
0.304000
0.565000
nan
nan
nan
nan
0.261000
0.826000
0.217000
nan
0.348000
0.174000
nan
0.348000
0.261000
nan
0.217000
nan
nan
nan
0.192000
0.721000
0.913000
0.721000
nan
0.913000
nan
nan
nan
nan
1.000000
nan
0.384000
0.432000
0.192000
0.529000
0.240000
nan
0.192000
0.106000
0.288000
nan
0.769000
nan
nan
0.384000
nan
0.625000
0.721000
nan
nan
nan
nan
nan
0.865000
nan
1.000000
nan
0.577000
0.288000
0.211000
nan
nan
0.105000
0.421000
0.211000
nan
0.421000
0.421000
nan
nan
nan
nan
nan
0.158000
0.211000
nan
0.158000
0.316000
0.316000
0.632000
nan
nan
nan
0.737000
0.526000
nan
nan
nan
0.211000
0.316000
nan
0.789000
nan
nan
0.211000
0.421000
0.316000
nan
0.737000
0.105000
nan
nan
nan
0.684000
0.632000
nan
nan
0.421000
0.316000
nan
nan
0.105000
nan
nan
nan
0.105000
nan
