Coverage(RPKM): 502.743142
nan
nan
0.563000
nan
nan
nan
nan
nan
nan
0.563000
0.282000
nan
0.845000
nan
nan
0.282000
0.563000
0.141000
nan
nan
nan
0.563000
0.423000
nan
0.282000
nan
0.000000
nan
nan
nan
nan
nan
0.282000
nan
0.282000
nan
0.000000
nan
nan
nan
nan
0.000000
0.000000
0.845000
0.282000
nan
nan
0.563000
0.000000
0.282000
nan
nan
nan
nan
1.000000
nan
0.282000
0.563000
nan
0.563000
nan
0.282000
nan
nan
0.000000
0.563000
nan
0.704000
nan
nan
nan
0.423000
nan
0.704000
nan
nan
nan
0.282000
0.423000
0.000000
0.282000
nan
0.423000
nan
nan
nan
nan
1.000000
nan
nan
nan
0.845000
0.845000
0.563000
nan
0.000000
0.282000
nan
1.000000
nan
nan
nan
0.282000
0.845000
nan
0.282000
0.282000
nan
0.282000
0.141000
0.282000
0.500000
nan
nan
0.500000
0.625000
0.250000
nan
nan
nan
nan
nan
0.500000
0.000000
0.250000
0.625000
0.625000
0.250000
nan
1.000000
0.750000
nan
0.250000
nan
nan
0.500000
0.250000
nan
0.625000
1.000000
nan
nan
0.500000
0.250000
0.000000
nan
0.000000
nan
0.750000
0.500000
nan
0.500000
nan
0.000000
0.250000
nan
0.750000
nan
0.000000
0.125000
0.375000
0.625000
0.750000
nan
nan
0.750000
nan
1.000000
1.000000
0.625000
nan
0.750000
nan
0.000000
nan
nan
nan
nan
0.500000
0.125000
0.250000
nan
nan
0.250000
0.875000
nan
0.625000
0.250000
0.375000
0.000000
0.000000
nan
nan
nan
nan
0.500000
nan
nan
nan
nan
0.375000
0.167000
0.333000
0.083000
nan
0.667000
0.667000
0.917000
0.583000
nan
0.167000
nan
0.333000
nan
nan
0.583000
0.167000
nan
0.333000
0.583000
0.833000
nan
nan
0.333000
nan
0.333000
0.917000
nan
nan
nan
0.417000
0.083000
0.083000
0.333000
1.000000
nan
nan
nan
0.417000
0.667000
nan
nan
0.167000
0.333000
0.333000
nan
0.167000
0.667000
1.000000
nan
0.167000
nan
nan
nan
0.333000
0.333000
0.500000
0.667000
0.417000
nan
nan
1.000000
0.500000
nan
0.500000
nan
nan
nan
0.750000
nan
0.333000
nan
nan
1.000000
0.417000
0.333000
nan
0.667000
0.917000
0.083000
nan
nan
nan
nan
1.000000
nan
nan
1.000000
0.500000
nan
0.000000
0.064000
0.193000
nan
nan
0.257000
0.322000
0.900000
0.129000
0.772000
0.707000
nan
nan
0.579000
nan
nan
0.000000
nan
0.772000
0.643000
0.322000
nan
nan
nan
nan
nan
0.579000
0.129000
0.129000
0.000000
nan
nan
nan
0.193000
nan
0.000000
nan
0.707000
1.000000
nan
0.450000
0.900000
0.450000
0.000000
nan
1.000000
nan
0.965000
0.579000
nan
nan
nan
nan
nan
nan
nan
nan
0.514000
0.064000
0.064000
nan
0.257000
0.707000
0.386000
nan
nan
0.579000
0.257000
nan
0.193000
0.129000
0.257000
0.514000
0.514000
nan
0.257000
0.772000
nan
0.322000
nan
nan
nan
0.386000
1.000000
0.000000
0.000000
nan
nan
nan
nan
nan
nan
nan
nan
nan
0.000000
nan
0.064000
0.000000
0.000000
0.514000
nan
nan
0.772000
0.514000
0.257000
0.129000
nan
0.129000
0.129000
nan
