Coverage(RPKM): 759.326425
nan
nan
0.462000
nan
nan
nan
nan
0.462000
nan
0.231000
0.231000
0.231000
nan
0.000000
nan
0.000000
nan
nan
0.694000
nan
0.231000
0.462000
0.462000
nan
1.000000
0.231000
0.000000
0.231000
nan
nan
nan
0.347000
nan
0.000000
nan
nan
0.000000
nan
nan
1.000000
0.231000
0.000000
nan
nan
0.000000
nan
0.000000
0.694000
0.231000
nan
0.694000
nan
0.000000
0.462000
0.231000
0.462000
nan
nan
0.000000
nan
0.462000
0.000000
0.231000
0.347000
0.231000
0.231000
0.000000
1.000000
nan
0.231000
0.116000
0.462000
nan
0.809000
nan
0.462000
0.578000
0.347000
nan
nan
0.694000
0.000000
0.116000
nan
nan
0.231000
0.000000
0.000000
0.000000
0.000000
0.250000
nan
1.000000
0.875000
0.500000
0.750000
nan
nan
nan
nan
nan
0.250000
nan
nan
nan
nan
0.250000
0.000000
0.500000
nan
1.000000
nan
0.250000
1.000000
nan
0.250000
0.500000
0.375000
nan
nan
nan
nan
nan
0.250000
0.250000
0.250000
0.000000
nan
0.500000
nan
0.000000
nan
nan
nan
0.000000
0.250000
0.250000
nan
nan
0.125000
nan
nan
0.000000
nan
nan
0.000000
nan
nan
nan
nan
nan
0.375000
0.250000
0.250000
0.000000
0.000000
nan
0.500000
1.000000
nan
0.000000
0.125000
0.375000
0.250000
nan
nan
nan
nan
nan
0.250000
nan
nan
0.125000
nan
0.000000
0.000000
nan
0.500000
0.500000
0.625000
1.000000
0.112000
nan
0.075000
0.075000
0.075000
nan
0.262000
nan
0.299000
0.336000
0.299000
nan
nan
0.224000
nan
0.299000
0.017000
0.150000
0.112000
nan
0.411000
0.411000
nan
0.150000
0.037000
nan
0.262000
nan
nan
0.150000
0.224000
0.486000
0.374000
nan
0.336000
nan
nan
nan
nan
0.299000
0.224000
nan
0.486000
0.673000
0.523000
0.075000
nan
nan
0.449000
nan
nan
1.000000
nan
nan
0.262000
nan
nan
0.523000
nan
0.449000
0.523000
0.897000
nan
nan
nan
nan
nan
nan
nan
nan
nan
nan
0.561000
0.748000
0.449000
nan
0.822000
nan
nan
nan
nan
nan
nan
nan
0.253000
nan
nan
nan
0.651000
0.578000
nan
nan
nan
nan
nan
nan
1.000000
nan
nan
nan
0.008000
0.145000
nan
nan
nan
nan
0.008000
nan
0.072000
0.614000
nan
nan
nan
1.000000
1.000000
nan
nan
0.035000
0.209000
nan
0.105000
0.803000
0.873000
0.733000
nan
nan
nan
0.942000
nan
nan
0.908000
nan
nan
nan
nan
nan
0.209000
0.384000
0.209000
0.244000
nan
nan
nan
nan
nan
0.628000
0.175000
nan
0.349000
0.105000
0.000000
0.803000
nan
nan
nan
nan
nan
nan
0.454000
0.908000
0.454000
0.105000
nan
nan
nan
nan
0.209000
0.349000
0.140000
0.419000
nan
nan
0.384000
nan
nan
0.384000
nan
nan
nan
nan
0.349000
0.070000
0.558000
nan
0.279000
nan
0.419000
nan
nan
nan
nan
nan
0.209000
0.349000
0.244000
nan
nan
nan
nan
0.209000
0.419000
nan
nan
0.000000
nan
