Coverage(RPKM): 320.300752
nan
nan
0.000000
nan
nan
nan
0.209000
0.209000
nan
0.209000
nan
nan
nan
nan
nan
nan
nan
0.209000
nan
nan
nan
nan
nan
nan
0.209000
0.000000
0.419000
nan
0.419000
nan
nan
0.000000
0.000000
nan
0.524000
0.000000
nan
nan
nan
nan
nan
0.209000
1.000000
0.419000
0.209000
0.733000
0.000000
nan
0.000000
0.000000
0.216000
0.971000
0.000000
nan
nan
0.216000
0.108000
0.000000
0.216000
nan
0.971000
0.432000
0.108000
0.647000
0.324000
1.000000
nan
nan
0.216000
0.647000
0.647000
1.000000
nan
0.216000
0.000000
nan
0.000000
0.000000
nan
nan
nan
0.432000
nan
0.216000
0.216000
nan
0.000000
0.000000
0.647000
0.863000
0.863000
nan
0.444000
0.333000
0.667000
nan
0.222000
nan
0.222000
0.444000
nan
nan
nan
nan
0.333000
0.000000
0.222000
0.444000
0.222000
nan
0.222000
0.000000
nan
nan
nan
0.111000
nan
0.222000
0.111000
0.444000
nan
nan
nan
nan
nan
nan
nan
0.000000
nan
0.222000
0.000000
0.000000
nan
