Coverage(RPKM): 581.857451
nan
nan
0.000000
nan
nan
nan
nan
0.000000
nan
0.360000
0.721000
0.000000
nan
0.360000
0.000000
0.360000
0.000000
0.721000
0.721000
nan
nan
0.360000
0.360000
0.721000
nan
nan
0.000000
0.000000
0.000000
nan
nan
nan
nan
nan
0.180000
nan
nan
0.000000
0.000000
nan
0.721000
nan
nan
nan
nan
1.000000
nan
0.000000
0.180000
0.000000
nan
nan
0.000000
nan
0.360000
0.360000
1.000000
nan
nan
nan
nan
nan
nan
nan
0.360000
0.000000
0.000000
0.000000
0.000000
0.000000
0.901000
0.000000
nan
0.000000
1.000000
nan
0.360000
nan
0.000000
0.721000
nan
0.360000
0.000000
0.000000
0.000000
nan
nan
0.360000
nan
nan
nan
0.000000
0.721000
nan
nan
nan
0.360000
0.000000
0.333000
0.000000
0.167000
nan
nan
0.333000
0.000000
1.000000
0.000000
nan
nan
0.000000
0.333000
1.000000
0.000000
0.500000
0.000000
0.000000
0.333000
0.500000
1.000000
0.333000
0.333000
nan
0.000000
0.667000
nan
0.000000
nan
nan
0.000000
nan
1.000000
nan
0.333000
0.333000
nan
nan
nan
nan
nan
0.500000
nan
nan
nan
0.333000
nan
nan
0.833000
0.000000
nan
nan
0.667000
0.000000
0.333000
0.667000
0.333000
nan
nan
nan
0.167000
0.000000
0.000000
nan
0.333000
nan
0.167000
0.000000
0.333000
nan
0.333000
nan
nan
0.333000
0.000000
0.000000
0.333000
0.667000
nan
0.500000
0.000000
0.000000
0.450000
nan
nan
nan
0.000000
0.180000
nan
0.180000
nan
nan
0.180000
0.541000
nan
0.721000
0.721000
0.541000
0.180000
0.180000
nan
nan
0.180000
nan
nan
0.090000
nan
0.000000
nan
0.180000
nan
nan
0.180000
0.180000
0.360000
nan
0.180000
0.541000
nan
0.360000
nan
1.000000
nan
0.360000
0.360000
0.270000
0.721000
0.360000
0.721000
0.270000
nan
1.000000
nan
nan
nan
nan
nan
nan
nan
nan
nan
0.541000
0.180000
nan
0.360000
nan
nan
0.270000
nan
nan
nan
0.180000
0.541000
0.811000
nan
nan
nan
nan
0.901000
0.901000
0.000000
0.360000
0.721000
0.360000
0.541000
nan
0.360000
0.811000
nan
1.000000
nan
nan
0.360000
nan
nan
nan
0.619000
nan
0.825000
0.481000
0.412000
0.275000
0.275000
nan
0.687000
0.137000
nan
nan
0.550000
0.344000
0.206000
0.206000
nan
nan
nan
0.825000
0.550000
0.619000
0.344000
nan
nan
nan
nan
0.619000
nan
nan
0.481000
nan
nan
nan
nan
0.137000
0.962000
0.550000
0.344000
0.137000
nan
nan
nan
nan
0.481000
0.962000
nan
0.825000
0.687000
nan
nan
nan
0.687000
0.550000
0.550000
nan
nan
nan
1.000000
0.137000
1.000000
0.275000
0.619000
0.687000
0.756000
nan
0.275000
0.687000
0.756000
0.962000
0.756000
0.756000
0.687000
0.619000
nan
0.344000
nan
nan
0.275000
nan
1.000000
nan
0.825000
0.687000
0.590000
0.738000
0.443000
nan
0.148000
0.295000
nan
nan
0.369000
0.590000
0.480000
nan
nan
0.517000
nan
0.517000
0.221000
nan
nan
0.185000
0.517000
0.627000
nan
nan
0.221000
0.148000
0.148000
nan
0.295000
0.258000
nan
0.406000
0.738000
0.554000
0.000000
0.000000
nan
0.000000
nan
0.369000
0.221000
0.517000
0.959000
nan
nan
nan
nan
0.000000
nan
0.111000
nan
nan
nan
0.295000
nan
nan
1.000000
0.627000
nan
1.000000
nan
nan
nan
0.590000
1.000000
0.369000
0.221000
nan
nan
nan
nan
0.517000
0.221000
nan
0.701000
0.590000
0.443000
nan
nan
0.406000
0.701000
nan
0.332000
0.111000
0.369000
0.258000
0.369000
0.295000
nan
nan
nan
nan
nan
0.148000
0.221000
nan
nan
0.443000
nan
0.148000
nan
nan
nan
0.037000
nan
