Coverage(RPKM): 401.917808
nan
nan
0.000000
nan
nan
nan
0.000000
0.000000
0.000000
0.000000
nan
nan
0.500000
nan
0.000000
nan
1.000000
1.000000
nan
0.000000
nan
nan
nan
0.000000
0.750000
0.000000
nan
0.000000
nan
nan
nan
nan
nan
nan
0.250000
0.500000
0.750000
nan
1.000000
nan
nan
nan
nan
0.500000
0.750000
nan
0.500000
0.000000
nan
0.000000
0.250000
nan
nan
0.000000
nan
0.500000
0.000000
nan
0.000000
0.000000
0.000000
nan
nan
0.500000
nan
0.500000
nan
nan
0.000000
0.000000
0.500000
nan
nan
nan
0.000000
nan
0.000000
0.000000
0.000000
0.000000
nan
nan
0.000000
0.000000
0.250000
nan
nan
0.500000
nan
nan
nan
nan
nan
0.000000
0.500000
nan
0.000000
nan
nan
nan
0.000000
1.000000
0.000000
0.000000
0.105000
nan
nan
0.105000
0.105000
nan
nan
nan
0.314000
nan
0.000000
0.000000
nan
0.000000
0.000000
nan
nan
nan
nan
nan
0.314000
0.209000
0.000000
nan
0.209000
0.733000
0.000000
0.000000
nan
0.209000
nan
nan
nan
nan
0.000000
nan
nan
nan
0.209000
nan
0.419000
0.000000
nan
nan
0.209000
0.209000
nan
nan
nan
0.419000
nan
nan
0.314000
nan
0.000000
nan
0.000000
0.000000
0.419000
nan
nan
nan
nan
0.628000
0.942000
nan
nan
0.000000
0.419000
nan
0.209000
0.209000
nan
0.524000
nan
nan
nan
nan
1.000000
nan
nan
0.209000
nan
nan
0.838000
nan
0.209000
0.209000
0.314000
nan
nan
0.000000
0.524000
1.000000
nan
nan
nan
nan
nan
0.419000
nan
0.524000
0.209000
nan
nan
nan
nan
nan
0.838000
1.000000
nan
0.615000
0.538000
nan
0.769000
0.000000
0.231000
nan
nan
0.231000
0.000000
0.385000
0.462000
0.000000
0.462000
nan
nan
nan
0.308000
nan
nan
0.154000
0.308000
0.462000
0.308000
nan
nan
0.308000
0.077000
0.000000
0.154000
nan
0.231000
nan
0.769000
0.077000
0.462000
0.154000
nan
nan
0.462000
0.308000
nan
nan
nan
0.000000
nan
nan
0.308000
0.154000
0.308000
nan
0.308000
nan
0.615000
0.593000
nan
0.445000
nan
0.742000
0.668000
nan
nan
0.668000
1.000000
nan
nan
0.890000
0.964000
1.000000
nan
0.445000
0.445000
nan
0.890000
nan
0.445000
0.074000
0.297000
0.000000
nan
0.964000
0.786000
nan
nan
nan
0.143000
0.000000
nan
0.786000
0.286000
0.000000
0.357000
0.143000
0.214000
nan
nan
nan
1.000000
nan
nan
0.714000
0.214000
nan
0.143000
nan
nan
nan
nan
nan
nan
0.357000
nan
nan
0.429000
0.143000
0.071000
0.143000
nan
0.286000
nan
nan
nan
nan
nan
nan
nan
nan
0.000000
0.286000
0.000000
0.143000
0.143000
nan
nan
nan
0.214000
0.714000
nan
1.000000
nan
nan
nan
nan
0.286000
0.286000
0.429000
0.786000
0.143000
0.071000
nan
