Coverage(RPKM): 802.517162
nan
nan
0.000000
nan
nan
nan
nan
nan
nan
0.248000
nan
0.331000
0.579000
nan
0.000000
0.000000
0.744000
nan
nan
nan
0.496000
0.661000
nan
0.744000
0.165000
0.909000
nan
0.165000
0.744000
nan
nan
0.413000
0.909000
nan
0.165000
nan
0.165000
0.744000
0.331000
0.248000
nan
nan
1.000000
0.413000
0.496000
nan
nan
0.331000
0.000000
0.413000
nan
0.248000
nan
0.331000
nan
nan
nan
0.496000
0.248000
nan
nan
nan
0.661000
nan
nan
0.000000
nan
nan
0.000000
nan
0.165000
1.000000
0.000000
0.331000
0.165000
nan
nan
0.496000
nan
0.165000
nan
nan
nan
0.744000
nan
nan
nan
nan
nan
0.496000
1.000000
nan
nan
0.331000
0.661000
0.331000
0.661000
nan
0.413000
0.165000
0.275000
1.000000
nan
0.825000
nan
nan
nan
nan
nan
0.137000
1.000000
0.893000
0.137000
0.481000
0.756000
0.275000
0.137000
0.893000
0.962000
nan
0.893000
nan
nan
nan
1.000000
nan
0.687000
0.275000
0.412000
0.825000
nan
nan
0.275000
0.825000
nan
0.619000
nan
nan
0.481000
nan
nan
nan
nan
0.619000
0.962000
0.206000
nan
nan
0.000000
nan
nan
nan
0.619000
nan
nan
0.962000
nan
nan
0.687000
0.550000
nan
0.412000
nan
0.206000
nan
nan
0.137000
nan
nan
nan
nan
0.481000
nan
nan
0.619000
0.687000
0.481000
nan
0.206000
nan
0.137000
0.619000
nan
0.344000
0.000000
0.000000
nan
nan
0.275000
0.619000
0.137000
0.893000
nan
nan
0.000000
0.069000
0.045000
0.000000
nan
nan
nan
nan
nan
0.357000
0.268000
nan
0.089000
0.179000
0.000000
nan
nan
nan
nan
0.134000
nan
0.268000
0.625000
0.714000
nan
nan
0.357000
0.179000
0.268000
nan
0.134000
0.357000
0.089000
0.179000
0.491000
nan
nan
0.000000
0.045000
0.357000
nan
0.313000
nan
0.446000
0.089000
0.000000
0.045000
nan
nan
nan
0.223000
nan
0.089000
0.045000
nan
nan
0.000000
nan
nan
0.313000
0.804000
0.804000
nan
1.000000
nan
nan
nan
nan
0.179000
nan
0.089000
0.089000
nan
nan
0.045000
0.089000
nan
0.804000
nan
0.268000
nan
nan
nan
nan
nan
nan
0.625000
1.000000
1.000000
nan
0.804000
0.536000
0.446000
0.804000
0.446000
nan
nan
nan
0.937000
0.407000
0.611000
0.285000
0.122000
nan
nan
nan
nan
nan
nan
0.204000
0.163000
nan
0.037000
nan
nan
1.000000
nan
0.489000
nan
0.037000
0.037000
0.611000
0.489000
0.530000
nan
nan
nan
nan
nan
0.122000
nan
0.570000
0.285000
nan
nan
1.000000
0.367000
0.081000
nan
0.978000
nan
nan
0.326000
0.566000
0.087000
0.566000
0.654000
nan
0.871000
0.610000
nan
0.948000
0.741000
nan
1.000000
nan
0.741000
nan
0.610000
nan
nan
0.261000
nan
0.174000
nan
nan
nan
nan
nan
0.784000
0.436000
nan
0.349000
0.218000
0.087000
nan
nan
0.697000
nan
0.523000
nan
nan
0.784000
0.174000
0.261000
nan
nan
nan
0.087000
0.349000
0.915000
0.654000
nan
nan
0.232000
nan
0.093000
nan
0.232000
nan
nan
nan
0.418000
1.000000
0.742000
0.371000
0.650000
nan
0.186000
0.278000
nan
nan
0.000000
nan
0.000000
nan
0.000000
0.186000
nan
0.418000
nan
nan
0.000000
nan
0.325000
0.186000
nan
nan
nan
0.371000
nan
nan
nan
nan
nan
nan
nan
0.232000
nan
0.278000
0.464000
0.046000
nan
