Coverage(RPKM): 1019.461078
nan
nan
0.464000
nan
nan
nan
nan
0.331000
0.066000
0.132000
0.066000
nan
nan
nan
nan
1.000000
nan
0.927000
0.132000
0.927000
nan
nan
nan
nan
nan
nan
nan
0.265000
nan
nan
nan
0.596000
nan
nan
nan
nan
1.000000
nan
nan
nan
nan
nan
nan
nan
nan
nan
nan
nan
nan
0.530000
0.397000
0.265000
0.728000
0.132000
nan
0.464000
0.397000
0.132000
nan
0.265000
nan
0.265000
nan
nan
0.397000
0.927000
0.265000
nan
0.662000
nan
0.265000
nan
nan
nan
0.530000
0.199000
nan
0.397000
0.397000
nan
nan
nan
0.066000
nan
nan
nan
nan
0.265000
0.530000
nan
nan
0.331000
0.199000
0.265000
nan
nan
0.530000
0.265000
nan
nan
1.000000
0.066000
nan
nan
nan
0.397000
nan
nan
0.265000
0.927000
0.066000
0.662000
0.331000
0.132000
0.265000
nan
nan
0.662000
nan
0.018000
nan
nan
0.036000
0.107000
0.089000
nan
0.214000
0.107000
nan
0.054000
nan
0.036000
nan
0.107000
0.000000
0.071000
nan
nan
nan
nan
nan
nan
0.696000
nan
nan
nan
nan
nan
nan
nan
nan
nan
nan
nan
nan
nan
nan
nan
nan
1.000000
nan
nan
nan
nan
nan
nan
nan
nan
nan
nan
nan
nan
nan
nan
nan
nan
1.000000
nan
nan
nan
nan
nan
nan
nan
1.000000
nan
nan
nan
nan
nan
nan
nan
nan
nan
nan
nan
nan
nan
nan
nan
0.268000
nan
0.036000
0.018000
nan
nan
nan
nan
0.000000
nan
0.000000
0.000000
nan
0.018000
nan
0.036000
nan
0.000000
0.000000
nan
0.000000
nan
0.232000
nan
nan
nan
nan
0.018000
nan
nan
0.018000
nan
0.000000
nan
nan
0.071000
nan
0.000000
nan
0.107000
nan
nan
nan
nan
nan
0.161000
nan
nan
0.143000
nan
0.018000
nan
nan
0.000000
0.000000
0.071000
nan
nan
nan
0.161000
0.161000
nan
nan
nan
nan
0.036000
0.000000
nan
nan
0.089000
nan
0.054000
0.321000
nan
nan
0.036000
0.018000
nan
nan
0.214000
nan
0.054000
0.074000
nan
nan
0.000000
0.148000
nan
1.000000
0.148000
0.517000
nan
0.369000
0.148000
0.959000
nan
1.000000
0.000000
0.000000
0.000000
0.590000
nan
0.295000
0.074000
nan
0.148000
nan
nan
nan
nan
nan
0.074000
nan
nan
0.074000
nan
nan
0.000000
nan
0.886000
0.295000
0.000000
0.000000
0.295000
nan
nan
nan
0.000000
0.074000
nan
nan
nan
0.443000
0.000000
nan
nan
0.148000
nan
nan
0.000000
nan
nan
nan
nan
nan
nan
0.959000
nan
0.443000
nan
0.148000
0.517000
nan
nan
nan
0.295000
0.295000
0.148000
nan
nan
0.221000
nan
0.148000
0.443000
0.221000
0.295000
nan
0.148000
nan
nan
0.443000
nan
0.148000
0.000000
nan
nan
nan
nan
0.148000
nan
nan
nan
nan
nan
nan
nan
nan
0.443000
1.000000
nan
nan
0.020000
nan
nan
nan
nan
0.000000
0.060000
0.040000
nan
nan
0.342000
0.121000
nan
nan
nan
0.020000
0.201000
0.040000
0.000000
0.020000
nan
0.261000
0.322000
0.221000
nan
nan
nan
0.663000
nan
0.362000
nan
nan
nan
nan
nan
nan
0.060000
0.000000
0.060000
nan
0.382000
nan
nan
0.040000
nan
0.000000
0.080000
0.181000
0.141000
nan
0.884000
0.623000
0.764000
0.704000
1.000000
0.603000
nan
nan
0.121000
0.281000
nan
nan
nan
nan
0.000000
nan
nan
nan
nan
1.000000
0.241000
nan
0.121000
nan
nan
0.281000
nan
nan
nan
0.000000
nan
1.000000
nan
0.121000
0.040000
0.101000
nan
0.000000
0.302000
nan
0.442000
0.603000
0.945000
nan
0.141000
0.040000
nan
0.094000
nan
nan
0.156000
nan
nan
nan
nan
0.688000
nan
0.719000
nan
nan
nan
nan
nan
nan
nan
nan
nan
nan
nan
0.438000
1.000000
0.781000
nan
nan
0.719000
nan
nan
nan
nan
0.031000
0.312000
nan
nan
nan
nan
nan
1.000000
1.000000
0.531000
0.500000
nan
nan
nan
nan
0.125000
nan
0.000000
nan
nan
nan
nan
nan
nan
nan
0.469000
nan
nan
nan
nan
0.500000
0.688000
0.906000
0.531000
0.250000
nan
0.125000
0.344000
nan
0.781000
nan
nan
0.469000
nan
0.625000
nan
nan
0.000000
nan
0.375000
0.094000
nan
nan
nan
nan
0.250000
0.219000
0.062000
nan
nan
0.000000
0.031000
nan
nan
0.062000
0.062000
nan
0.156000
0.062000
nan
nan
0.156000
nan
nan
nan
0.250000
1.000000
nan
0.250000
nan
nan
nan
nan
nan
0.594000
nan
nan
0.469000
nan
0.531000
0.531000
nan
nan
nan
nan
nan
nan
nan
nan
0.031000
nan
nan
nan
nan
0.188000
nan
nan
0.000000
0.000000
nan
nan
nan
nan
nan
nan
0.455000
nan
nan
nan
0.455000
nan
0.591000
nan
nan
nan
0.727000
nan
0.182000
nan
0.500000
0.091000
nan
nan
nan
nan
nan
0.091000
0.364000
nan
0.091000
0.091000
0.000000
0.455000
0.318000
nan
nan
nan
0.091000
nan
0.091000
0.182000
nan
nan
0.545000
nan
nan
0.591000
0.227000
nan
1.000000
0.364000
nan
nan
nan
0.227000
nan
nan
1.000000
nan
0.318000
0.136000
0.227000
0.045000
0.091000
nan
nan
nan
0.682000
0.091000
0.500000
0.773000
nan
1.000000
0.409000
0.182000
0.000000
0.136000
0.364000
0.091000
nan
0.227000
0.227000
0.182000
0.409000
nan
nan
0.364000
nan
nan
nan
0.000000
0.682000
0.864000
1.000000
0.524000
1.000000
nan
0.905000
nan
nan
0.619000
0.714000
nan
0.238000
0.095000
0.000000
nan
0.048000
0.667000
nan
nan
nan
0.095000
0.381000
nan
nan
nan
nan
nan
nan
nan
nan
0.095000
1.000000
nan
nan
nan
nan
nan
nan
nan
0.762000
0.190000
nan
nan
nan
0.000000
nan
1.000000
nan
0.429000
nan
nan
nan
1.000000
0.381000
nan
nan
0.667000
0.429000
nan
nan
nan
nan
nan
0.571000
0.524000
nan
0.143000
0.286000
nan
nan
0.238000
nan
nan
0.190000
nan
nan
nan
0.143000
nan
nan
0.143000
nan
nan
nan
0.714000
nan
nan
0.286000
nan
nan
0.095000
0.238000
0.190000
nan
0.286000
nan
nan
nan
0.095000
nan
0.095000
0.000000
nan
nan
0.190000
nan
nan
nan
0.190000
0.095000
nan
0.143000
0.238000
0.000000
0.381000
0.095000
nan
0.238000
nan
0.333000
0.260000
nan
nan
nan
0.087000
nan
nan
0.519000
nan
0.260000
0.173000
nan
0.000000
nan
nan
0.087000
0.433000
0.346000
nan
0.866000
0.000000
0.433000
nan
nan
nan
nan
nan
0.000000
0.000000
0.260000
nan
nan
nan
nan
0.346000
nan
0.000000
0.173000
0.606000
0.260000
nan
nan
nan
nan
nan
nan
nan
0.260000
nan
nan
0.000000
0.087000
0.866000
0.173000
0.436000
0.291000
0.073000
nan
nan
0.436000
0.145000
nan
nan
nan
nan
nan
nan
nan
nan
nan
nan
nan
0.145000
0.000000
nan
nan
0.218000
0.000000
0.291000
0.000000
nan
0.291000
0.145000
0.436000
nan
nan
nan
0.291000
0.291000
nan
0.654000
nan
0.853000
0.727000
0.727000
nan
1.000000
0.800000
nan
0.582000
0.727000
1.000000
nan
0.000000
0.353000
0.588000
0.471000
0.118000
0.529000
1.000000
nan
nan
0.235000
0.000000
nan
0.118000
0.118000
0.118000
0.529000
nan
nan
0.353000
nan
nan
1.000000
nan
nan
nan
nan
nan
0.176000
0.000000
0.000000
0.176000
nan
nan
nan
nan
nan
nan
nan
nan
0.353000
0.118000
nan
nan
0.118000
nan
nan
nan
0.353000
nan
nan
nan
nan
nan
nan
0.235000
0.059000
nan
