Coverage(RPKM): 417.267552
nan
nan
0.000000
nan
nan
nan
nan
0.000000
nan
nan
0.000000
0.333000
0.000000
nan
nan
1.000000
0.333000
nan
0.333000
nan
0.333000
nan
nan
1.000000
nan
nan
1.000000
0.000000
nan
nan
nan
nan
nan
0.333000
0.333000
nan
nan
nan
nan
0.000000
0.000000
nan
0.000000
nan
nan
0.000000
nan
nan
0.000000
nan
nan
0.333000
nan
1.000000
nan
0.333000
nan
nan
0.667000
nan
0.667000
0.333000
nan
0.000000
0.333000
0.333000
nan
nan
0.333000
nan
nan
nan
0.000000
nan
0.333000
nan
nan
0.333000
nan
0.000000
nan
0.167000
0.000000
0.667000
0.667000
0.667000
0.167000
nan
nan
nan
nan
nan
nan
0.000000
nan
0.333000
nan
nan
nan
nan
nan
nan
nan
0.167000
0.167000
0.000000
nan
0.000000
0.333000
0.000000
nan
nan
nan
nan
nan
nan
nan
0.333000
0.000000
0.167000
0.500000
0.750000
nan
nan
nan
nan
1.000000
nan
nan
0.250000
0.500000
0.750000
nan
0.000000
nan
nan
0.500000
nan
nan
0.000000
0.000000
nan
0.000000
nan
0.500000
nan
nan
0.000000
0.500000
0.000000
nan
0.000000
nan
nan
nan
0.500000
0.500000
nan
nan
nan
nan
nan
nan
nan
nan
0.500000
nan
1.000000
nan
nan
0.000000
nan
0.000000
1.000000
nan
0.500000
0.000000
0.500000
0.000000
nan
0.000000
0.500000
nan
nan
0.500000
0.000000
0.000000
1.000000
0.000000
nan
nan
nan
nan
0.000000
0.500000
nan
0.000000
nan
nan
0.000000
0.000000
0.000000
0.000000
0.000000
0.000000
0.000000
nan
nan
0.000000
0.000000
0.500000
0.500000
0.000000
nan
0.750000
nan
0.000000
0.000000
0.000000
nan
nan
nan
0.400000
nan
nan
0.000000
nan
0.400000
0.400000
0.400000
nan
nan
0.000000
nan
0.200000
0.200000
nan
nan
nan
nan
1.000000
0.000000
0.000000
nan
nan
0.000000
nan
0.000000
nan
nan
nan
0.800000
0.000000
0.800000
nan
0.000000
0.000000
nan
0.000000
0.800000
nan
nan
0.400000
nan
0.400000
nan
0.400000
1.000000
0.200000
0.000000
nan
0.600000
0.000000
0.000000
nan
nan
0.800000
nan
0.400000
nan
nan
0.800000
0.000000
0.800000
nan
nan
0.000000
1.000000
0.600000
0.800000
0.000000
0.000000
1.000000
nan
nan
0.400000
nan
nan
1.000000
nan
nan
0.600000
nan
nan
0.000000
0.000000
0.000000
0.000000
0.161000
nan
nan
0.107000
0.322000
0.107000
nan
nan
0.000000
0.214000
nan
nan
nan
nan
nan
0.268000
0.107000
0.054000
nan
nan
0.161000
0.054000
0.643000
0.214000
nan
nan
0.214000
nan
0.643000
nan
nan
nan
0.322000
0.107000
0.322000
nan
0.429000
0.429000
0.000000
nan
nan
nan
nan
0.643000
0.429000
nan
1.000000
nan
0.322000
nan
0.000000
nan
nan
0.912000
nan
0.804000
nan
0.536000
nan
0.214000
nan
nan
nan
0.536000
0.536000
nan
nan
nan
nan
1.000000
nan
nan
nan
0.161000
nan
0.322000
nan
nan
0.107000
nan
nan
0.322000
0.322000
0.214000
nan
0.590000
1.000000
0.536000
nan
nan
0.483000
nan
nan
0.536000
0.536000
0.322000
nan
nan
nan
0.375000
0.054000
0.751000
nan
0.526000
0.936000
nan
nan
nan
nan
0.409000
nan
0.117000
0.526000
0.819000
nan
nan
0.585000
0.721000
0.601000
nan
nan
nan
0.120000
nan
0.721000
1.000000
nan
nan
0.301000
nan
nan
nan
0.120000
0.180000
0.481000
nan
0.781000
nan
nan
0.120000
0.421000
0.301000
0.240000
nan
nan
nan
0.781000
nan
1.000000
0.721000
nan
nan
0.421000
0.541000
0.661000
nan
nan
0.180000
0.301000
0.361000
0.361000
1.000000
0.421000
nan
nan
0.120000
0.421000
nan
0.541000
0.421000
0.240000
0.421000
nan
0.601000
nan
nan
nan
0.721000
nan
nan
nan
0.180000
nan
nan
0.361000
0.361000
nan
nan
nan
0.841000
0.481000
0.120000
0.361000
0.240000
nan
nan
0.481000
nan
0.864000
nan
nan
0.123000
nan
0.185000
0.370000
nan
nan
nan
nan
0.370000
nan
nan
nan
nan
nan
0.123000
nan
0.123000
nan
