Coverage(RPKM): 245.962733
nan
nan
0.250000
nan
nan
nan
nan
nan
nan
0.000000
0.000000
0.000000
0.000000
0.000000
0.000000
0.000000
0.000000
nan
nan
nan
nan
nan
nan
0.000000
0.000000
0.500000
nan
0.750000
0.000000
nan
nan
nan
nan
1.000000
nan
nan
nan
0.000000
nan
0.500000
nan
0.500000
nan
nan
nan
nan
nan
nan
0.000000
nan
0.000000
nan
0.000000
0.000000
1.000000
nan
0.000000
0.500000
0.000000
0.000000
0.250000
nan
nan
0.750000
nan
nan
0.000000
nan
nan
nan
nan
0.500000
nan
nan
nan
0.250000
1.000000
1.000000
nan
nan
nan
nan
nan
nan
nan
nan
0.000000
0.500000
nan
nan
nan
0.000000
nan
nan
0.250000
0.500000
nan
nan
nan
nan
nan
nan
1.000000
0.000000
0.000000
nan
0.750000
0.000000
0.000000
0.000000
nan
nan
nan
nan
0.000000
0.500000
nan
nan
nan
nan
nan
nan
nan
nan
0.750000
0.000000
0.000000
0.305000
nan
0.458000
nan
0.305000
1.000000
nan
nan
nan
nan
0.000000
nan
0.000000
0.153000
0.611000
0.305000
nan
nan
nan
0.000000
0.458000
0.305000
0.000000
nan
nan
0.000000
nan
0.611000
0.611000
nan
0.305000
1.000000
0.305000
nan
0.611000
0.305000
0.916000
nan
nan
0.305000
0.000000
0.611000
nan
nan
0.916000
0.611000
0.611000
0.000000
nan
1.000000
nan
0.611000
nan
nan
0.153000
nan
nan
nan
nan
0.458000
0.458000
nan
0.916000
nan
0.000000
0.000000
0.000000
nan
0.611000
nan
nan
nan
0.611000
0.000000
nan
nan
nan
nan
nan
nan
nan
nan
0.000000
0.458000
0.000000
nan
nan
0.000000
0.305000
nan
0.458000
nan
nan
0.305000
nan
nan
0.000000
nan
nan
0.000000
nan
nan
nan
nan
0.617000
nan
0.247000
nan
nan
nan
nan
nan
nan
nan
nan
0.494000
0.741000
0.494000
0.741000
0.247000
0.741000
0.247000
0.741000
nan
0.247000
0.123000
1.000000
nan
nan
0.123000
nan
nan
0.741000
0.247000
nan
nan
nan
nan
0.494000
1.000000
nan
nan
0.000000
0.247000
0.617000
0.247000
nan
nan
0.247000
0.247000
nan
0.247000
0.000000
0.123000
0.247000
nan
0.370000
0.370000
0.247000
0.617000
0.494000
1.000000
0.494000
nan
nan
nan
nan
0.617000
0.741000
nan
0.247000
0.123000
0.494000
nan
nan
nan
0.000000
0.000000
nan
0.123000
nan
nan
0.247000
nan
nan
nan
nan
0.247000
0.000000
0.864000
nan
nan
nan
0.000000
nan
