Coverage(RPKM): 1233.557047
nan
nan
0.299000
nan
nan
nan
nan
0.166000
0.133000
0.199000
nan
0.432000
0.166000
nan
0.166000
0.199000
nan
0.233000
nan
0.299000
0.199000
0.963000
nan
nan
nan
nan
nan
nan
nan
0.233000
0.199000
0.266000
0.332000
0.432000
0.399000
0.598000
nan
0.532000
0.266000
0.365000
0.963000
nan
nan
0.731000
nan
nan
nan
nan
nan
0.332000
nan
0.166000
0.598000
nan
nan
0.266000
nan
nan
0.465000
nan
nan
nan
nan
1.000000
0.731000
1.000000
nan
nan
nan
0.399000
0.133000
nan
0.266000
nan
1.000000
0.532000
nan
0.199000
nan
0.166000
nan
nan
0.465000
nan
0.048000
0.299000
nan
nan
0.066000
0.066000
0.066000
nan
nan
nan
nan
nan
nan
0.299000
0.266000
nan
nan
nan
0.048000
0.432000
nan
nan
nan
nan
nan
nan
nan
nan
0.048000
nan
0.207000
nan
1.000000
0.862000
0.483000
nan
0.276000
nan
nan
0.069000
nan
nan
nan
1.000000
nan
nan
nan
nan
nan
nan
nan
0.103000
nan
nan
0.379000
0.276000
0.103000
0.138000
0.034000
nan
0.172000
nan
nan
nan
nan
nan
nan
0.310000
0.138000
nan
nan
nan
nan
nan
nan
nan
0.069000
nan
0.517000
nan
0.655000
nan
0.207000
0.345000
nan
0.103000
nan
0.103000
nan
0.000000
nan
nan
nan
nan
0.138000
nan
nan
0.000000
nan
nan
0.000000
nan
nan
nan
nan
0.103000
0.138000
0.966000
0.414000
0.345000
nan
nan
0.310000
nan
nan
nan
nan
nan
0.207000
0.207000
0.172000
nan
nan
nan
0.207000
nan
nan
nan
0.690000
0.724000
1.000000
nan
nan
0.276000
0.241000
nan
0.310000
nan
nan
nan
0.000000
nan
0.069000
0.310000
0.069000
0.241000
nan
1.000000
nan
nan
0.000000
0.077000
nan
0.000000
0.077000
0.077000
0.077000
nan
0.000000
0.077000
nan
0.308000
0.000000
nan
0.000000
nan
0.154000
nan
0.308000
0.769000
nan
nan
0.000000
nan
nan
0.692000
0.077000
1.000000
0.308000
nan
nan
0.538000
nan
nan
0.308000
nan
0.769000
nan
nan
nan
0.154000
0.538000
0.077000
0.154000
0.231000
nan
nan
nan
nan
0.308000
nan
0.385000
nan
nan
nan
nan
0.000000
nan
nan
0.077000
0.077000
0.154000
nan
1.000000
nan
0.769000
nan
nan
nan
nan
nan
0.000000
nan
nan
nan
nan
0.692000
0.692000
0.154000
nan
0.154000
1.000000
0.000000
nan
nan
nan
nan
nan
nan
nan
nan
0.308000
nan
nan
nan
1.000000
nan
nan
nan
0.124000
0.249000
0.124000
0.559000
0.000000
0.124000
0.373000
nan
nan
nan
0.521000
nan
0.047000
0.095000
nan
0.000000
0.142000
nan
0.095000
nan
nan
nan
nan
nan
0.095000
nan
0.284000
0.142000
nan
nan
nan
0.474000
0.569000
nan
nan
0.190000
0.664000
0.569000
nan
0.711000
nan
nan
nan
nan
nan
0.616000
0.190000
nan
nan
0.569000
0.095000
0.000000
0.000000
0.000000
nan
0.758000
nan
nan
nan
nan
nan
nan
nan
0.095000
0.000000
nan
nan
nan
1.000000
0.948000
nan
nan
1.000000
nan
0.190000
nan
0.095000
0.047000
0.284000
nan
nan
0.427000
nan
nan
nan
0.190000
0.190000
nan
0.095000
0.142000
0.000000
0.616000
nan
nan
nan
nan
nan
nan
0.284000
0.332000
nan
nan
nan
nan
nan
nan
nan
nan
nan
nan
nan
nan
0.047000
nan
