Coverage(RPKM): 3684.076433
nan
nan
0.076000
nan
nan
nan
0.076000
0.106000
nan
0.091000
nan
0.045000
0.212000
1.000000
0.546000
0.425000
0.334000
0.318000
0.318000
0.455000
0.091000
nan
nan
nan
nan
0.440000
0.667000
0.334000
0.425000
0.910000
1.000000
0.106000
0.076000
0.152000
0.045000
0.076000
0.106000
0.045000
0.061000
0.788000
nan
nan
0.136000
nan
nan
nan
nan
0.182000
0.136000
0.091000
0.106000
0.061000
nan
0.303000
nan
0.045000
nan
0.101000
0.051000
nan
0.051000
nan
0.190000
0.367000
0.773000
0.892000
nan
nan
0.697000
nan
nan
0.076000
nan
nan
nan
0.203000
0.051000
nan
0.051000
nan
0.101000
nan
nan
nan
nan
nan
0.041000
0.132000
nan
nan
nan
0.061000
nan
nan
1.000000
nan
0.580000
0.662000
nan
nan
0.173000
nan
nan
nan
nan
nan
nan
0.468000
0.224000
0.214000
0.275000
0.427000
nan
nan
nan
0.519000
0.580000
nan
nan
0.621000
0.204000
0.702000
1.000000
0.672000
0.509000
nan
nan
nan
0.804000
0.794000
nan
1.000000
0.193000
nan
0.214000
nan
nan
nan
nan
nan
0.173000
0.071000
nan
0.153000
0.041000
0.193000
0.153000
0.193000
0.142000
nan
nan
0.326000
nan
0.305000
0.387000
0.041000
nan
