Coverage(RPKM): 378.072289
nan
nan
0.750000
nan
nan
nan
nan
0.250000
0.000000
nan
0.750000
0.750000
0.750000
nan
nan
nan
nan
0.375000
0.500000
nan
nan
nan
0.250000
nan
0.000000
nan
nan
nan
nan
nan
0.000000
nan
0.000000
nan
nan
nan
0.000000
0.250000
0.500000
nan
nan
nan
0.250000
0.750000
1.000000
nan
nan
0.000000
0.250000
1.000000
nan
1.000000
0.500000
nan
nan
0.000000
0.625000
nan
0.125000
1.000000
nan
nan
nan
nan
nan
nan
0.000000
0.000000
0.000000
nan
nan
nan
nan
0.750000
nan
0.000000
nan
nan
0.000000
nan
nan
0.125000
0.000000
0.250000
nan
0.000000
0.000000
0.500000
nan
0.000000
nan
0.250000
0.250000
nan
0.000000
0.500000
0.625000
nan
0.125000
nan
0.250000
0.000000
0.250000
nan
0.250000
0.000000
0.000000
0.500000
nan
1.000000
0.000000
0.250000
0.500000
0.000000
0.250000
nan
0.750000
0.500000
nan
0.250000
nan
0.000000
0.250000
nan
nan
0.000000
0.500000
nan
nan
0.500000
nan
1.000000
0.250000
0.500000
0.000000
0.000000
0.000000
0.500000
nan
0.250000
0.000000
nan
0.000000
1.000000
0.250000
1.000000
nan
nan
0.000000
0.000000
0.000000
0.000000
1.000000
nan
nan
0.500000
nan
0.000000
0.000000
0.250000
nan
nan
0.000000
0.250000
nan
nan
nan
1.000000
nan
0.500000
0.500000
1.000000
nan
nan
nan
nan
1.000000
0.000000
0.250000
nan
nan
nan
1.000000
nan
nan
0.500000
nan
0.000000
0.234000
0.234000
nan
nan
0.234000
nan
nan
0.468000
0.117000
nan
nan
0.234000
0.468000
nan
nan
0.000000
nan
0.702000
0.000000
0.000000
nan
nan
nan
0.351000
0.585000
0.936000
0.468000
0.468000
0.000000
0.819000
0.468000
nan
nan
nan
nan
0.234000
0.819000
nan
0.351000
0.468000
nan
0.702000
nan
nan
0.000000
nan
nan
nan
0.819000
nan
0.000000
0.702000
nan
nan
nan
nan
0.702000
nan
0.468000
1.000000
0.468000
0.234000
nan
0.000000
1.000000
0.468000
nan
0.351000
0.000000
nan
nan
nan
0.702000
nan
0.702000
nan
1.000000
nan
0.702000
0.468000
0.234000
0.234000
nan
0.936000
nan
0.234000
nan
0.936000
0.234000
nan
nan
0.462000
nan
nan
0.308000
nan
nan
nan
0.923000
nan
nan
nan
nan
0.385000
0.154000
0.692000
0.231000
0.154000
0.154000
0.308000
0.462000
0.615000
nan
nan
0.231000
0.000000
0.615000
0.615000
0.000000
nan
nan
nan
0.385000
0.385000
0.769000
nan
nan
nan
nan
0.462000
0.154000
0.308000
0.603000
nan
0.452000
nan
0.678000
nan
0.452000
nan
nan
0.301000
0.980000
nan
1.000000
0.603000
nan
0.000000
nan
0.151000
nan
0.000000
0.000000
0.151000
nan
0.678000
nan
0.904000
0.151000
0.377000
0.226000
0.603000
nan
nan
nan
0.980000
nan
0.452000
0.151000
0.301000
0.301000
0.528000
nan
nan
1.000000
nan
0.528000
0.221000
0.590000
0.812000
nan
0.295000
0.443000
0.443000
nan
1.000000
0.221000
nan
0.221000
0.148000
nan
0.221000
0.443000
0.295000
0.590000
nan
nan
0.664000
nan
nan
0.664000
nan
nan
nan
nan
nan
0.443000
nan
0.443000
nan
nan
nan
0.295000
nan
nan
nan
nan
nan
nan
0.221000
0.295000
0.812000
nan
nan
nan
0.000000
nan
