Coverage(RPKM): 668.852459
nan
nan
0.000000
nan
nan
nan
0.000000
0.000000
0.563000
0.000000
0.000000
nan
nan
nan
1.000000
nan
0.000000
nan
nan
0.000000
nan
0.000000
0.000000
nan
nan
nan
0.000000
0.000000
0.000000
nan
nan
nan
nan
0.563000
nan
nan
0.000000
nan
nan
nan
0.563000
0.563000
0.000000
nan
nan
0.000000
0.563000
nan
nan
0.000000
nan
nan
0.563000
0.000000
0.563000
0.563000
0.000000
nan
nan
0.000000
0.563000
0.000000
0.563000
0.000000
nan
nan
0.000000
nan
0.845000
nan
1.000000
nan
nan
0.000000
0.563000
1.000000
nan
0.563000
0.563000
nan
0.000000
0.563000
0.563000
0.000000
nan
nan
0.000000
nan
0.563000
0.000000
0.563000
nan
nan
0.000000
0.563000
nan
nan
0.173000
nan
nan
0.346000
0.000000
0.519000
0.000000
0.346000
0.433000
0.260000
0.173000
0.260000
nan
nan
0.346000
nan
0.000000
nan
0.173000
nan
nan
nan
0.606000
nan
nan
0.433000
0.433000
0.346000
0.519000
nan
0.260000
0.346000
nan
1.000000
0.606000
nan
nan
0.952000
0.693000
nan
nan
0.000000
0.000000
0.693000
nan
0.000000
1.000000
nan
nan
nan
nan
nan
nan
0.000000
nan
nan
0.000000
0.433000
0.173000
0.087000
0.519000
nan
0.866000
nan
0.173000
nan
nan
0.346000
nan
nan
nan
nan
nan
nan
0.779000
nan
0.693000
nan
nan
0.866000
nan
0.000000
0.693000
nan
nan
nan
0.779000
0.866000
nan
nan
0.866000
1.000000
0.693000
nan
nan
0.519000
0.866000
1.000000
0.444000
0.667000
0.000000
nan
nan
0.389000
nan
nan
nan
0.222000
0.444000
nan
0.222000
0.500000
nan
nan
nan
nan
0.056000
nan
nan
nan
nan
0.111000
nan
0.167000
0.111000
0.000000
nan
nan
1.000000
nan
nan
nan
nan
0.333000
0.333000
0.333000
nan
nan
nan
nan
0.222000
0.389000
0.444000
0.722000
nan
nan
1.000000
0.833000
nan
nan
1.000000
nan
nan
0.500000
0.778000
nan
nan
1.000000
0.222000
nan
nan
0.222000
0.556000
0.556000
0.889000
nan
nan
0.111000
nan
nan
nan
nan
0.000000
0.056000
nan
0.611000
0.444000
0.889000
0.500000
0.333000
0.556000
nan
0.889000
0.889000
0.000000
nan
nan
0.056000
0.444000
nan
0.667000
0.556000
0.222000
0.000000
nan
nan
0.722000
1.000000
nan
0.444000
0.167000
nan
0.611000
0.278000
0.333000
0.667000
nan
0.111000
0.889000
1.000000
0.722000
0.500000
0.333000
0.722000
nan
0.611000
nan
0.333000
nan
0.444000
nan
nan
0.167000
nan
nan
1.000000
nan
0.389000
0.389000
nan
nan
nan
0.000000
nan
nan
0.111000
nan
nan
0.778000
nan
nan
nan
0.000000
nan
nan
0.556000
0.889000
0.556000
0.222000
nan
0.278000
0.778000
0.778000
0.222000
nan
nan
nan
0.444000
0.556000
1.000000
nan
nan
0.389000
0.722000
nan
0.000000
0.222000
nan
0.000000
nan
0.278000
0.056000
nan
0.167000
nan
0.333000
nan
0.000000
0.222000
nan
nan
nan
0.667000
0.785000
nan
nan
0.302000
0.665000
nan
0.967000
0.967000
0.846000
0.725000
nan
nan
nan
0.665000
nan
0.483000
0.363000
0.665000
0.363000
0.483000
0.014000
nan
0.060000
0.121000
0.725000
1.000000
nan
0.242000
nan
nan
nan
0.483000
nan
1.000000
0.121000
0.544000
0.014000
0.014000
nan
0.363000
0.544000
nan
nan
0.121000
nan
0.121000
nan
nan
nan
0.242000
0.060000
0.483000
0.121000
nan
nan
nan
nan
0.363000
0.363000
nan
0.967000
0.181000
0.121000
0.604000
nan
1.000000
0.242000
0.906000
0.785000
0.725000
nan
0.363000
0.121000
nan
nan
0.423000
0.363000
nan
nan
nan
nan
nan
0.121000
0.242000
nan
0.544000
0.242000
0.121000
0.242000
0.242000
0.604000
nan
nan
nan
nan
0.000000
0.363000
nan
0.665000
nan
nan
0.483000
nan
nan
nan
0.423000
0.121000
nan
