Coverage(RPKM): 192.344498
nan
nan
0.000000
nan
nan
nan
nan
0.000000
0.000000
0.000000
nan
0.000000
nan
0.000000
0.440000
0.000000
0.000000
nan
nan
0.000000
nan
0.000000
0.000000
0.440000
nan
nan
nan
0.000000
nan
nan
0.000000
0.000000
nan
0.440000
0.000000
0.440000
nan
0.220000
0.000000
0.000000
nan
nan
0.000000
nan
nan
0.440000
nan
nan
0.000000
nan
nan
nan
nan
0.000000
nan
0.000000
nan
nan
nan
nan
nan
nan
nan
0.000000
0.000000
0.000000
0.000000
nan
nan
nan
nan
nan
nan
nan
0.000000
1.000000
0.220000
nan
nan
1.000000
0.000000
0.000000
nan
0.879000
nan
nan
nan
nan
nan
nan
nan
nan
nan
0.440000
nan
nan
0.000000
nan
0.000000
nan
nan
0.000000
0.440000
nan
nan
nan
0.000000
nan
0.879000
0.000000
nan
0.440000
nan
nan
0.000000
0.440000
1.000000
0.333000
0.000000
0.667000
nan
0.333000
1.000000
nan
0.333000
nan
nan
0.000000
0.500000
0.000000
nan
nan
0.500000
0.000000
nan
0.000000
0.500000
0.000000
nan
nan
nan
0.667000
0.667000
nan
0.000000
nan
0.500000
1.000000
0.000000
0.000000
0.000000
0.000000
0.000000
0.000000
0.667000
nan
0.667000
nan
nan
0.000000
0.167000
0.000000
nan
nan
nan
0.000000
0.333000
1.000000
0.000000
0.000000
0.667000
nan
nan
0.000000
0.000000
nan
nan
nan
0.333000
nan
nan
nan
0.000000
0.333000
nan
nan
nan
nan
nan
nan
nan
nan
0.000000
nan
0.500000
0.000000
nan
0.000000
0.333000
nan
nan
nan
nan
0.333000
0.000000
1.000000
0.333000
0.000000
nan
