Coverage(RPKM): 340.540541
nan
nan
0.000000
nan
nan
nan
0.952000
nan
nan
0.714000
0.000000
0.000000
nan
0.000000
nan
0.000000
0.000000
nan
nan
nan
1.000000
0.476000
nan
0.000000
nan
nan
nan
nan
nan
nan
0.000000
nan
nan
0.476000
0.476000
nan
nan
0.714000
0.000000
0.000000
0.952000
nan
0.000000
nan
0.000000
nan
nan
0.476000
nan
nan
0.476000
nan
0.476000
0.000000
0.476000
nan
0.476000
0.476000
nan
0.238000
0.476000
0.476000
0.000000
0.238000
1.000000
0.952000
0.000000
0.476000
0.000000
nan
nan
0.476000
0.000000
nan
