Coverage(RPKM): 550.781250
nan
nan
0.541000
nan
nan
nan
nan
nan
nan
0.000000
0.000000
nan
0.000000
nan
0.000000
nan
0.360000
0.000000
nan
nan
nan
nan
0.000000
nan
nan
0.721000
nan
0.901000
0.180000
nan
nan
0.000000
0.360000
nan
0.360000
0.360000
0.000000
nan
nan
0.360000
nan
nan
0.000000
nan
0.360000
0.360000
nan
0.000000
0.000000
nan
nan
0.000000
nan
0.000000
nan
0.000000
0.000000
0.000000
0.360000
nan
0.360000
0.000000
0.000000
0.360000
0.721000
0.000000
nan
nan
nan
nan
0.000000
nan
nan
0.541000
nan
nan
0.000000
0.000000
0.541000
0.000000
0.360000
0.901000
1.000000
0.360000
nan
0.721000
0.180000
nan
1.000000
nan
nan
0.360000
1.000000
0.360000
0.636000
0.545000
0.182000
0.364000
0.000000
nan
nan
0.182000
0.182000
0.000000
0.000000
0.545000
nan
nan
nan
nan
0.182000
nan
nan
nan
0.000000
0.000000
0.182000
nan
nan
nan
0.455000
0.273000
nan
nan
nan
nan
1.000000
nan
1.000000
nan
0.000000
0.273000
nan
0.000000
0.000000
nan
nan
nan
nan
1.000000
nan
nan
nan
nan
0.000000
0.545000
0.909000
0.091000
0.000000
nan
0.273000
nan
nan
nan
nan
0.537000
0.403000
nan
0.671000
nan
nan
0.403000
0.537000
nan
nan
0.335000
nan
nan
nan
0.134000
0.000000
nan
0.134000
0.537000
0.671000
nan
0.067000
nan
0.268000
0.470000
0.890000
0.268000
0.537000
nan
nan
0.403000
0.000000
0.134000
0.403000
0.260000
0.173000
0.216000
nan
0.433000
0.087000
0.043000
0.000000
nan
nan
nan
0.043000
nan
nan
nan
0.173000
nan
0.779000
nan
nan
0.952000
1.000000
nan
nan
0.087000
nan
0.303000
0.000000
0.130000
nan
nan
0.043000
0.260000
nan
nan
nan
nan
nan
nan
0.693000
0.519000
0.606000
nan
nan
nan
nan
nan
nan
0.519000
nan
1.000000
1.000000
nan
nan
nan
nan
nan
nan
nan
0.476000
0.000000
nan
nan
0.087000
0.346000
0.087000
nan
