Coverage(RPKM): 390.000000
nan
nan
0.132000
nan
nan
nan
nan
nan
nan
0.265000
0.927000
nan
nan
nan
nan
nan
nan
0.265000
nan
nan
nan
nan
0.265000
0.795000
0.265000
nan
0.000000
nan
nan
0.000000
0.265000
nan
nan
nan
0.397000
nan
0.000000
nan
nan
0.265000
nan
0.265000
0.000000
nan
0.265000
1.000000
0.265000
nan
nan
nan
0.132000
nan
0.530000
nan
0.000000
0.265000
0.000000
0.265000
nan
0.265000
nan
nan
0.000000
nan
0.530000
0.662000
0.927000
nan
nan
0.795000
0.132000
0.000000
0.662000
nan
0.530000
0.265000
0.000000
0.265000
nan
nan
0.265000
0.530000
0.530000
nan
nan
nan
0.000000
0.927000
1.000000
nan
nan
nan
1.000000
0.927000
nan
0.265000
nan
0.397000
0.000000
nan
nan
0.397000
0.265000
0.180000
0.180000
nan
nan
nan
nan
nan
0.180000
nan
0.360000
0.811000
0.360000
0.000000
0.000000
0.541000
nan
0.000000
nan
nan
nan
nan
nan
nan
0.180000
0.000000
0.450000
0.180000
0.000000
0.000000
nan
0.270000
nan
0.180000
nan
nan
nan
nan
nan
nan
nan
0.360000
0.180000
0.541000
0.450000
nan
nan
0.541000
0.180000
nan
nan
0.180000
0.180000
nan
nan
nan
0.000000
0.360000
nan
nan
0.811000
0.901000
nan
0.000000
0.090000
nan
0.180000
0.270000
0.901000
nan
0.901000
0.180000
0.180000
1.000000
nan
nan
nan
0.360000
0.721000
0.721000
1.000000
0.000000
nan
0.360000
1.000000
nan
0.721000
0.541000
nan
0.721000
0.811000
nan
nan
0.398000
0.478000
0.478000
nan
nan
1.000000
nan
nan
nan
0.319000
0.398000
0.797000
nan
0.159000
nan
nan
0.637000
0.072000
0.159000
nan
nan
nan
nan
nan
0.637000
nan
1.000000
0.319000
nan
nan
nan
nan
nan
nan
0.319000
0.398000
0.159000
nan
nan
nan
nan
nan
0.637000
nan
nan
0.319000
0.072000
nan
nan
0.159000
nan
0.797000
nan
0.637000
0.558000
0.717000
nan
nan
0.717000
nan
0.478000
1.000000
nan
0.072000
nan
nan
0.797000
nan
nan
0.319000
nan
0.558000
0.876000
0.797000
0.956000
nan
0.797000
nan
0.398000
nan
nan
0.637000
nan
0.478000
nan
0.398000
0.159000
nan
nan
nan
0.319000
0.478000
nan
nan
nan
0.797000
0.398000
0.478000
nan
nan
nan
nan
0.319000
0.159000
nan
nan
0.319000
nan
nan
nan
nan
0.797000
0.125000
nan
nan
0.750000
nan
nan
0.750000
nan
nan
nan
0.375000
0.250000
0.750000
0.625000
0.875000
nan
nan
0.500000
0.500000
0.250000
0.500000
0.750000
0.875000
0.500000
0.250000
0.500000
0.750000
0.875000
nan
nan
nan
0.500000
0.250000
0.250000
nan
0.500000
0.625000
nan
nan
0.625000
nan
0.250000
nan
1.000000
nan
nan
1.000000
0.250000
nan
0.250000
0.125000
0.000000
nan
0.250000
nan
nan
0.750000
nan
nan
0.250000
0.125000
nan
0.250000
0.000000
0.000000
0.000000
0.375000
nan
nan
0.625000
0.000000
nan
1.000000
nan
0.750000
1.000000
nan
nan
nan
0.625000
0.250000
nan
nan
0.000000
0.000000
nan
0.500000
nan
0.000000
nan
1.000000
0.500000
nan
0.250000
nan
0.000000
nan
0.000000
0.000000
0.250000
nan
0.000000
nan
