Coverage(RPKM): 233.729216
nan
nan
0.000000
nan
nan
nan
0.500000
0.125000
0.250000
nan
0.250000
nan
0.000000
0.250000
0.250000
nan
nan
1.000000
0.000000
0.000000
0.000000
0.000000
nan
nan
0.250000
0.250000
0.250000
1.000000
nan
0.500000
nan
0.750000
nan
0.000000
0.500000
nan
nan
nan
nan
0.000000
0.000000
0.250000
0.500000
0.000000
nan
0.125000
nan
0.000000
0.000000
0.750000
nan
nan
0.000000
0.250000
0.000000
nan
0.000000
0.500000
nan
nan
0.250000
nan
0.000000
0.250000
0.250000
nan
0.000000
nan
0.250000
0.250000
0.250000
0.125000
nan
1.000000
0.500000
1.000000
1.000000
0.500000
nan
nan
nan
0.250000
nan
nan
0.000000
0.333000
0.333000
nan
0.000000
nan
nan
0.833000
0.500000
1.000000
nan
0.000000
nan
nan
0.667000
1.000000
0.333000
nan
0.333000
nan
0.333000
nan
nan
0.000000
nan
1.000000
nan
nan
nan
0.667000
nan
0.333000
0.333000
1.000000
0.667000
nan
1.000000
0.000000
nan
nan
nan
nan
0.167000
nan
0.500000
0.833000
nan
nan
1.000000
0.333000
0.500000
nan
0.000000
0.833000
0.000000
0.333000
1.000000
nan
nan
0.000000
0.000000
0.667000
0.833000
nan
nan
0.333000
0.333000
nan
nan
nan
nan
0.667000
1.000000
nan
nan
0.000000
nan
0.000000
1.000000
0.000000
1.000000
nan
nan
1.000000
0.000000
nan
nan
nan
nan
0.667000
nan
nan
1.000000
0.419000
0.000000
nan
nan
nan
0.105000
nan
nan
nan
0.000000
0.314000
nan
nan
0.209000
0.942000
nan
0.419000
nan
nan
nan
nan
nan
nan
nan
nan
1.000000
nan
nan
nan
nan
0.628000
0.209000
nan
nan
0.000000
nan
0.000000
0.105000
nan
0.419000
nan
nan
nan
nan
nan
nan
nan
0.209000
nan
0.000000
nan
0.209000
nan
0.209000
0.000000
0.209000
0.209000
0.105000
1.000000
nan
0.419000
nan
nan
0.209000
nan
nan
0.419000
nan
nan
nan
0.314000
nan
0.314000
0.209000
0.105000
0.105000
nan
1.000000
0.000000
0.105000
nan
nan
nan
0.000000
0.314000
0.105000
0.419000
0.524000
nan
0.628000
0.209000
0.419000
nan
nan
0.419000
nan
0.209000
nan
nan
nan
nan
0.000000
nan
0.524000
0.838000
nan
nan
0.105000
0.209000
0.360000
nan
0.360000
0.901000
nan
0.000000
nan
nan
0.721000
nan
0.180000
0.000000
0.000000
nan
nan
nan
nan
0.000000
nan
0.360000
nan
nan
nan
nan
nan
nan
nan
nan
nan
nan
nan
nan
nan
nan
nan
0.360000
nan
0.360000
nan
0.180000
nan
nan
nan
nan
nan
nan
nan
0.832000
nan
0.666000
0.333000
nan
1.000000
nan
0.000000
0.000000
nan
0.333000
1.000000
0.166000
nan
0.000000
0.000000
nan
nan
0.333000
nan
nan
0.000000
0.333000
nan
0.666000
0.666000
0.499000
nan
nan
nan
0.333000
0.000000
nan
nan
nan
0.958000
0.000000
0.666000
0.499000
nan
0.832000
0.000000
0.333000
0.333000
0.000000
nan
0.333000
0.499000
nan
nan
0.000000
nan
0.333000
nan
nan
nan
nan
0.333000
nan
nan
0.000000
nan
nan
nan
0.000000
nan
0.000000
nan
0.666000
nan
nan
0.611000
0.000000
0.305000
0.000000
0.000000
0.458000
nan
nan
0.458000
nan
1.000000
0.153000
0.000000
0.000000
0.153000
0.000000
nan
