Coverage(RPKM): 63.934426
nan
nan
nan
nan
nan
nan
nan
nan
nan
nan
nan
nan
0.000000
nan
0.000000
nan
nan
nan
0.000000
nan
0.588000
nan
nan
nan
0.000000
nan
nan
nan
nan
nan
0.000000
0.000000
nan
nan
nan
0.000000
0.617000
0.000000
nan
0.000000
0.000000
nan
0.000000
nan
nan
nan
0.000000
0.000000
1.000000
0.000000
nan
nan
nan
nan
0.000000
0.000000
nan
0.000000
0.617000
0.000000
nan
0.000000
0.617000
nan
0.000000
nan
nan
nan
0.617000
nan
0.000000
nan
nan
0.617000
0.000000
nan
0.000000
nan
nan
nan
0.000000
0.000000
0.617000
nan
nan
0.617000
0.000000
nan
nan
nan
0.000000
nan
nan
0.000000
nan
nan
1.000000
nan
0.617000
0.000000
nan
nan
0.000000
0.617000
nan
nan
1.000000
nan
0.000000
0.617000
nan
0.000000
0.308000
nan
0.645000
0.645000
0.000000
0.323000
0.000000
0.000000
0.000000
nan
