Coverage(RPKM): 2314.970060
nan
nan
0.160000
0.256000
nan
nan
0.288000
nan
nan
nan
0.737000
0.513000
nan
0.705000
nan
nan
0.064000
nan
0.064000
0.000000
nan
nan
nan
nan
0.449000
0.192000
nan
nan
nan
nan
nan
nan
nan
0.192000
nan
0.577000
0.353000
nan
0.353000
nan
nan
nan
nan
nan
0.929000
nan
nan
0.385000
0.096000
0.513000
0.192000
0.288000
0.128000
nan
0.000000
0.224000
nan
0.064000
0.064000
nan
nan
nan
1.000000
nan
0.449000
nan
nan
0.128000
nan
nan
nan
nan
nan
0.192000
nan
nan
0.160000
nan
0.064000
nan
nan
nan
nan
0.032000
0.000000
nan
0.032000
0.288000
nan
0.160000
0.224000
0.353000
nan
0.417000
nan
nan
nan
nan
nan
1.000000
0.897000
nan
0.385000
nan
0.000000
0.256000
nan
nan
nan
nan
nan
nan
nan
0.192000
1.000000
nan
nan
nan
nan
nan
nan
nan
0.705000
nan
nan
nan
nan
0.449000
nan
nan
nan
nan
nan
nan
nan
nan
0.385000
0.192000
0.122000
nan
0.453000
0.261000
nan
nan
nan
0.418000
0.906000
nan
nan
nan
nan
0.025000
nan
nan
0.592000
0.366000
nan
0.279000
nan
0.174000
0.174000
nan
0.035000
1.000000
nan
nan
nan
nan
nan
nan
nan
nan
nan
0.087000
nan
nan
0.505000
nan
1.000000
0.627000
0.192000
0.157000
0.296000
0.025000
nan
nan
nan
0.139000
0.139000
0.923000
0.070000
nan
nan
0.209000
0.209000
0.679000
nan
0.505000
0.366000
0.488000
nan
0.523000
0.488000
0.470000
0.488000
nan
nan
0.035000
0.139000
nan
nan
nan
0.052000
0.070000
0.105000
nan
0.889000
nan
nan
nan
0.070000
0.025000
nan
0.226000
0.540000
nan
nan
1.000000
0.889000
nan
nan
0.174000
0.261000
0.137000
0.137000
0.561000
nan
nan
0.512000
nan
0.299000
0.250000
nan
1.000000
nan
nan
0.075000
0.287000
0.312000
0.761000
nan
nan
nan
0.624000
0.237000
0.287000
0.262000
1.000000
nan
nan
nan
0.100000
nan
nan
1.000000
nan
nan
0.449000
nan
nan
nan
0.362000
nan
nan
nan
nan
nan
0.100000
0.412000
nan
0.911000
nan
0.636000
0.536000
0.649000
nan
0.424000
0.162000
0.187000
nan
nan
0.087000
nan
nan
0.087000
nan
0.225000
nan
nan
0.050000
nan
nan
0.087000
0.075000
nan
0.187000
0.062000
0.075000
nan
0.212000
0.250000
0.462000
nan
nan
nan
nan
nan
nan
0.100000
nan
nan
nan
nan
nan
nan
0.125000
nan
0.062000
0.225000
0.050000
nan
0.050000
0.050000
0.200000
nan
0.412000
1.000000
nan
nan
nan
0.069000
nan
nan
0.206000
nan
nan
0.103000
0.309000
nan
0.859000
nan
nan
0.172000
nan
nan
0.412000
1.000000
nan
nan
nan
0.137000
0.962000
nan
nan
nan
0.103000
0.069000
0.137000
0.309000
0.172000
nan
nan
0.206000
nan
nan
nan
nan
nan
0.241000
0.928000
nan
0.687000
nan
1.000000
nan
nan
0.172000
0.790000
nan
0.309000
0.137000
0.859000
0.344000
0.172000
0.137000
0.653000
0.884000
nan
nan
0.154000
0.307000
0.384000
nan
0.065000
0.269000
nan
nan
nan
0.538000
nan
nan
nan
0.499000
0.845000
nan
0.230000
0.346000
nan
0.115000
nan
nan
nan
0.384000
nan
nan
nan
0.269000
nan
nan
nan
0.538000
nan
0.077000
nan
nan
nan
0.307000
nan
0.154000
0.115000
nan
0.154000
nan
1.000000
0.807000
nan
nan
1.000000
nan
nan
nan
nan
nan
0.722000
0.382000
0.382000
0.510000
1.000000
nan
0.849000
nan
0.594000
nan
0.340000
nan
0.297000
nan
0.255000
0.170000
0.170000
nan
0.425000
0.062000
0.552000
0.340000
0.722000
nan
nan
nan
nan
nan
nan
nan
0.510000
0.849000
nan
nan
0.425000
nan
0.297000
nan
nan
nan
nan
0.594000
0.170000
0.679000
0.425000
0.170000
0.062000
nan
