Coverage(RPKM): 541.025641
nan
nan
0.000000
nan
nan
nan
nan
0.845000
nan
nan
0.000000
nan
1.000000
0.000000
0.000000
0.563000
nan
0.000000
0.000000
0.563000
nan
nan
0.000000
0.000000
nan
0.000000
nan
0.000000
0.000000
0.000000
0.563000
nan
nan
nan
0.000000
0.000000
0.000000
0.563000
nan
nan
nan
0.000000
0.000000
nan
0.000000
nan
0.000000
0.000000
0.000000
0.000000
0.563000
nan
0.000000
0.000000
0.000000
nan
0.000000
nan
0.000000
nan
0.000000
nan
0.563000
0.845000
nan
nan
0.000000
nan
0.000000
0.000000
1.000000
0.000000
0.000000
0.563000
nan
0.000000
0.563000
0.563000
0.563000
nan
1.000000
0.000000
nan
0.000000
0.360000
0.000000
nan
nan
nan
nan
nan
nan
nan
nan
0.541000
0.000000
0.180000
0.360000
nan
nan
nan
nan
nan
0.000000
0.000000
0.000000
0.000000
0.000000
0.901000
nan
0.721000
nan
0.360000
nan
nan
0.000000
0.721000
0.180000
nan
0.000000
0.360000
0.000000
nan
0.360000
nan
nan
0.360000
0.721000
nan
0.901000
0.360000
0.721000
nan
0.360000
0.000000
nan
nan
nan
nan
nan
0.721000
0.000000
0.180000
nan
0.180000
nan
nan
nan
0.901000
0.360000
0.541000
nan
0.721000
nan
nan
nan
nan
nan
0.180000
nan
0.360000
0.360000
0.000000
nan
1.000000
nan
1.000000
nan
nan
nan
nan
0.901000
nan
0.901000
0.000000
nan
1.000000
nan
nan
0.000000
0.541000
nan
nan
0.721000
nan
nan
nan
1.000000
0.810000
nan
nan
0.065000
nan
nan
1.000000
nan
0.000000
nan
nan
0.000000
0.032000
0.000000
nan
nan
nan
0.130000
0.583000
nan
nan
nan
nan
0.000000
nan
nan
nan
nan
1.000000
0.000000
nan
0.194000
nan
0.065000
0.324000
0.227000
0.065000
nan
nan
0.000000
nan
nan
0.194000
nan
nan
0.778000
nan
nan
nan
0.292000
nan
0.259000
0.389000
0.583000
nan
nan
0.292000
0.454000
nan
nan
0.162000
0.194000
0.284000
0.689000
nan
0.081000
0.122000
0.203000
0.081000
nan
0.243000
0.770000
0.938000
nan
0.243000
nan
0.243000
nan
nan
nan
nan
nan
0.405000
nan
nan
nan
nan
nan
0.284000
nan
0.081000
nan
nan
0.405000
nan
nan
0.405000
0.608000
0.689000
0.446000
nan
0.649000
nan
0.840000
nan
nan
1.000000
nan
nan
0.195000
nan
0.292000
0.049000
0.341000
0.487000
0.681000
0.973000
nan
nan
0.535000
0.584000
nan
nan
nan
nan
0.195000
0.097000
nan
0.195000
0.195000
0.146000
0.195000
nan
nan
nan
0.341000
nan
0.097000
nan
nan
nan
0.535000
nan
nan
nan
0.049000
nan
nan
0.584000
nan
nan
0.681000
nan
nan
0.049000
nan
0.292000
0.341000
0.535000
0.146000
0.243000
0.049000
nan
