Coverage(RPKM): 421.960073
nan
nan
0.000000
0.000000
nan
nan
0.000000
nan
0.000000
0.000000
1.000000
nan
nan
nan
1.000000
0.000000
0.000000
nan
0.000000
0.000000
nan
nan
nan
0.000000
0.000000
nan
nan
0.000000
nan
nan
0.333000
nan
nan
nan
0.333000
nan
0.000000
nan
0.000000
0.333000
nan
nan
0.000000
0.000000
nan
nan
nan
0.333000
nan
0.000000
nan
nan
0.333000
nan
nan
nan
nan
nan
0.667000
0.000000
0.000000
0.333000
1.000000
0.000000
0.333000
1.000000
nan
0.000000
nan
0.000000
nan
nan
0.000000
0.333000
0.333000
0.333000
0.833000
0.333000
nan
0.333000
nan
nan
nan
nan
0.333000
nan
nan
nan
0.500000
nan
0.667000
0.000000
0.500000
0.000000
1.000000
nan
nan
0.333000
nan
nan
nan
1.000000
nan
nan
nan
0.000000
0.916000
nan
0.916000
1.000000
nan
nan
nan
0.000000
0.000000
0.458000
0.611000
nan
nan
0.611000
0.000000
0.611000
nan
nan
0.611000
nan
0.000000
0.611000
0.305000
nan
nan
nan
0.916000
0.305000
nan
nan
nan
0.000000
0.916000
nan
0.000000
nan
nan
nan
1.000000
0.000000
nan
nan
nan
nan
1.000000
0.763000
nan
nan
nan
0.305000
0.305000
0.000000
nan
0.305000
0.611000
0.000000
nan
0.916000
0.611000
nan
nan
0.916000
nan
nan
nan
0.611000
0.611000
0.305000
0.000000
nan
0.000000
nan
nan
0.611000
nan
nan
0.611000
nan
0.305000
nan
0.611000
0.305000
nan
nan
nan
0.305000
nan
nan
nan
0.611000
0.611000
nan
nan
nan
nan
nan
nan
0.611000
nan
0.458000
nan
0.000000
0.305000
nan
0.392000
nan
nan
nan
nan
nan
0.523000
nan
0.261000
0.261000
0.000000
0.261000
0.131000
nan
0.784000
nan
0.261000
0.392000
0.000000
0.000000
0.261000
0.000000
nan
nan
0.000000
0.654000
nan
nan
nan
0.000000
nan
0.131000
0.261000
nan
0.523000
0.523000
nan
0.261000
0.523000
nan
0.784000
nan
nan
nan
0.523000
0.784000
nan
0.261000
0.261000
nan
nan
nan
0.784000
nan
nan
nan
0.523000
nan
nan
nan
nan
1.000000
1.000000
nan
nan
nan
0.000000
nan
nan
nan
0.784000
nan
0.261000
nan
nan
0.523000
nan
nan
nan
nan
nan
nan
0.261000
0.261000
0.523000
nan
0.784000
nan
nan
nan
nan
nan
nan
0.654000
nan
nan
nan
nan
nan
nan
0.000000
nan
0.392000
1.000000
nan
nan
0.131000
0.000000
0.261000
nan
0.784000
nan
nan
0.000000
nan
0.261000
0.333000
0.000000
0.333000
nan
nan
0.333000
0.000000
0.000000
0.333000
0.167000
0.000000
nan
0.500000
0.500000
nan
nan
nan
nan
0.583000
0.333000
nan
nan
nan
nan
nan
0.333000
0.083000
nan
nan
0.167000
0.167000
0.250000
nan
0.083000
nan
nan
nan
0.083000
0.167000
0.167000
0.083000
nan
nan
nan
nan
nan
1.000000
0.250000
nan
nan
0.500000
1.000000
0.333000
0.167000
0.500000
nan
0.000000
0.167000
0.333000
nan
nan
0.333000
0.333000
0.333000
0.667000
nan
0.000000
nan
0.500000
nan
nan
nan
nan
nan
0.000000
nan
nan
0.583000
0.333000
nan
nan
nan
0.333000
0.667000
nan
nan
nan
0.333000
0.500000
nan
0.333000
1.000000
0.417000
1.000000
0.195000
0.633000
0.292000
0.681000
0.535000
nan
0.487000
nan
0.243000
0.097000
0.049000
0.243000
0.097000
nan
0.633000
nan
0.681000
0.779000
nan
nan
0.243000
0.438000
nan
0.535000
0.876000
0.681000
0.389000
0.584000
0.973000
nan
0.730000
1.000000
nan
nan
nan
nan
nan
0.201000
nan
0.023000
0.353000
0.554000
nan
0.604000
0.353000
0.504000
0.806000
0.655000
nan
nan
nan
0.201000
0.302000
0.023000
nan
nan
0.604000
nan
0.403000
0.554000
nan
nan
0.023000
0.151000
0.050000
nan
0.403000
nan
nan
0.806000
nan
1.000000
nan
nan
nan
nan
nan
0.604000
1.000000
nan
0.604000
nan
0.856000
0.252000
0.104000
0.417000
0.521000
nan
nan
nan
nan
nan
0.313000
0.260000
nan
0.260000
0.469000
0.365000
0.729000
0.469000
0.260000
0.208000
nan
0.313000
0.677000
nan
nan
nan
0.625000
0.104000
0.313000
nan
nan
nan
nan
nan
0.104000
0.573000
nan
nan
nan
nan
nan
nan
0.469000
0.104000
0.625000
nan
nan
0.052000
nan
