Coverage(RPKM): 480.430880
nan
nan
0.000000
nan
nan
nan
nan
nan
0.738000
0.328000
nan
0.000000
nan
nan
nan
nan
nan
nan
nan
nan
0.492000
0.656000
nan
0.164000
nan
0.164000
nan
0.000000
0.082000
nan
0.410000
nan
nan
0.738000
nan
nan
nan
nan
nan
0.738000
nan
nan
nan
0.328000
0.164000
0.246000
0.656000
nan
nan
0.820000
nan
nan
nan
nan
nan
nan
0.492000
0.328000
0.164000
nan
nan
nan
nan
nan
0.820000
0.492000
nan
nan
nan
nan
nan
nan
nan
0.820000
nan
nan
0.328000
nan
nan
0.246000
nan
nan
nan
nan
0.164000
nan
nan
nan
nan
nan
nan
0.000000
nan
nan
nan
0.164000
nan
nan
nan
nan
nan
1.000000
0.082000
0.820000
1.000000
nan
nan
nan
0.000000
nan
0.328000
nan
0.492000
nan
0.082000
0.164000
0.328000
0.328000
nan
nan
0.164000
0.492000
0.738000
0.328000
1.000000
nan
nan
nan
0.328000
nan
nan
nan
0.574000
nan
nan
0.738000
0.820000
nan
0.574000
0.159000
nan
0.478000
1.000000
0.478000
0.319000
nan
nan
0.478000
nan
0.000000
nan
nan
0.558000
0.637000
0.159000
nan
1.000000
nan
0.717000
0.398000
0.637000
nan
nan
0.000000
nan
nan
0.956000
nan
nan
nan
nan
0.080000
0.159000
nan
0.159000
1.000000
nan
nan
nan
nan
nan
nan
nan
nan
0.558000
0.319000
0.398000
0.797000
nan
nan
nan
nan
nan
nan
nan
nan
0.080000
nan
nan
nan
0.159000
0.159000
nan
nan
0.159000
0.080000
nan
0.000000
nan
0.159000
nan
nan
nan
0.080000
0.398000
0.717000
nan
nan
nan
0.159000
0.000000
0.000000
nan
nan
nan
nan
0.000000
nan
nan
0.000000
0.000000
nan
nan
nan
0.159000
nan
nan
nan
nan
nan
0.000000
0.000000
0.000000
nan
nan
nan
nan
0.159000
nan
0.239000
nan
nan
nan
nan
nan
0.000000
0.159000
0.558000
0.159000
nan
0.000000
nan
nan
nan
0.229000
nan
0.534000
nan
nan
0.000000
nan
nan
nan
nan
0.076000
nan
0.458000
0.153000
0.000000
0.153000
nan
nan
nan
nan
nan
0.305000
0.153000
nan
0.000000
0.000000
0.000000
nan
nan
0.458000
0.840000
0.153000
0.305000
1.000000
0.000000
nan
0.000000
0.153000
nan
nan
0.458000
nan
nan
nan
0.534000
0.229000
0.000000
nan
nan
nan
nan
0.305000
0.000000
nan
0.153000
nan
nan
0.611000
0.458000
nan
nan
nan
nan
nan
1.000000
0.763000
nan
nan
nan
nan
0.153000
0.534000
nan
nan
nan
nan
0.611000
nan
nan
0.000000
nan
nan
nan
nan
0.916000
0.153000
nan
0.458000
0.611000
1.000000
nan
0.000000
0.458000
0.153000
nan
0.382000
nan
nan
nan
nan
nan
0.305000
nan
nan
0.458000
0.305000
0.305000
0.611000
nan
nan
0.916000
nan
0.611000
0.305000
nan
nan
nan
0.000000
nan
nan
0.916000
nan
nan
0.763000
nan
nan
nan
nan
0.000000
0.611000
0.611000
nan
0.000000
0.000000
nan
0.611000
nan
0.763000
nan
1.000000
nan
nan
nan
0.305000
nan
nan
0.305000
nan
0.153000
0.458000
nan
nan
0.305000
0.000000
0.153000
0.611000
nan
nan
nan
nan
nan
nan
1.000000
0.153000
nan
nan
nan
nan
nan
nan
0.305000
0.153000
0.000000
nan
0.305000
0.153000
0.000000
0.305000
0.000000
nan
nan
nan
1.000000
0.611000
0.000000
0.000000
nan
0.611000
nan
0.305000
0.000000
nan
0.000000
0.153000
0.000000
0.611000
0.305000
nan
nan
0.305000
nan
nan
0.153000
0.201000
0.403000
0.000000
0.000000
nan
nan
nan
nan
0.750000
0.000000
0.000000
0.000000
0.000000
1.000000
0.500000
nan
0.500000
nan
nan
nan
nan
nan
nan
nan
0.000000
1.000000
nan
1.000000
0.500000
nan
0.000000
nan
0.000000
0.500000
nan
0.500000
nan
nan
0.500000
nan
0.500000
nan
0.500000
nan
0.000000
nan
0.500000
nan
0.000000
1.000000
nan
0.000000
0.000000
nan
0.000000
1.000000
nan
nan
0.500000
nan
0.000000
0.000000
nan
0.000000
0.000000
nan
0.000000
0.000000
0.500000
nan
nan
nan
nan
0.500000
0.500000
0.500000
0.000000
0.000000
0.000000
1.000000
nan
0.000000
nan
nan
0.000000
0.000000
nan
nan
0.000000
nan
