Coverage(RPKM): 917.341040
nan
nan
0.284000
nan
nan
nan
nan
nan
0.043000
0.190000
nan
nan
nan
0.095000
0.190000
nan
nan
0.332000
nan
0.190000
0.095000
nan
0.284000
0.095000
0.095000
nan
nan
nan
1.000000
0.284000
nan
nan
nan
nan
0.521000
0.474000
nan
0.095000
nan
0.237000
nan
nan
nan
nan
nan
0.521000
nan
nan
nan
nan
nan
0.043000
0.095000
0.095000
0.095000
nan
nan
0.379000
nan
nan
0.142000
0.332000
0.190000
0.569000
nan
nan
0.284000
nan
nan
0.379000
0.190000
nan
0.284000
0.095000
0.616000
nan
nan
nan
0.284000
nan
nan
nan
nan
0.664000
nan
nan
nan
nan
nan
nan
0.043000
nan
0.284000
nan
nan
0.237000
nan
nan
nan
nan
0.569000
1.000000
nan
1.000000
nan
nan
0.521000
0.427000
nan
nan
nan
nan
nan
0.332000
nan
0.521000
nan
0.142000
0.190000
nan
0.853000
0.521000
0.948000
nan
0.747000
0.071000
0.071000
0.356000
nan
nan
nan
nan
nan
0.925000
1.000000
0.712000
nan
nan
0.214000
0.071000
0.178000
nan
nan
nan
0.747000
nan
nan
nan
nan
nan
0.107000
0.071000
nan
nan
nan
0.747000
0.783000
1.000000
0.641000
0.463000
0.569000
nan
nan
0.961000
nan
nan
nan
nan
nan
nan
nan
0.463000
nan
nan
nan
nan
nan
nan
nan
nan
0.052000
0.071000
nan
nan
0.214000
nan
nan
0.214000
nan
nan
nan
0.214000
0.052000
nan
nan
0.890000
nan
0.071000
nan
0.427000
0.214000
0.356000
0.391000
nan
0.142000
0.214000
nan
nan
nan
nan
0.178000
nan
nan
1.000000
0.890000
nan
nan
0.071000
nan
0.142000
nan
0.052000
nan
0.463000
nan
0.320000
nan
0.747000
nan
0.427000
0.285000
0.712000
nan
nan
nan
nan
0.676000
nan
0.569000
0.071000
0.387000
0.773000
nan
0.939000
0.221000
0.497000
0.497000
0.387000
0.700000
0.233000
nan
0.233000
nan
nan
nan
0.350000
nan
nan
nan
0.350000
nan
nan
0.117000
0.175000
0.350000
nan
nan
1.000000
nan
0.175000
0.117000
0.000000
nan
0.117000
0.350000
nan
0.000000
nan
nan
0.350000
nan
0.233000
0.000000
0.000000
0.000000
nan
nan
nan
nan
0.466000
0.233000
0.117000
nan
0.117000
0.117000
nan
1.000000
0.350000
nan
0.350000
nan
nan
nan
nan
1.000000
nan
0.700000
0.700000
0.000000
nan
nan
0.117000
nan
nan
nan
nan
0.000000
nan
nan
nan
0.058000
0.233000
nan
0.233000
0.000000
0.000000
0.233000
0.000000
0.233000
nan
0.758000
0.123000
0.429000
0.245000
0.245000
0.307000
nan
nan
nan
0.675000
nan
nan
nan
nan
0.000000
nan
