Coverage(RPKM): 440.000000
nan
nan
0.500000
nan
nan
nan
nan
0.500000
0.250000
0.000000
0.500000
0.250000
nan
nan
0.000000
nan
nan
0.000000
0.500000
nan
0.500000
nan
0.000000
0.000000
nan
1.000000
0.000000
0.250000
nan
nan
0.500000
0.500000
0.500000
0.000000
0.750000
nan
0.000000
nan
nan
nan
nan
nan
nan
nan
0.000000
nan
0.000000
nan
nan
0.000000
0.000000
nan
nan
nan
nan
nan
0.000000
0.750000
nan
nan
nan
nan
0.000000
0.000000
0.000000
nan
nan
nan
0.500000
0.000000
0.000000
0.250000
nan
nan
nan
nan
0.500000
nan
0.250000
0.250000
nan
0.000000
0.500000
0.000000
nan
nan
1.000000
1.000000
1.000000
0.500000
1.000000
nan
0.000000
nan
0.000000
0.000000
nan
nan
0.250000
0.000000
nan
0.667000
0.333000
0.667000
0.333000
nan
0.000000
nan
0.333000
0.500000
0.333000
0.000000
nan
0.000000
nan
0.000000
0.000000
nan
0.333000
nan
0.333000
0.333000
nan
nan
nan
nan
nan
nan
0.333000
0.000000
nan
0.500000
0.333000
0.000000
0.000000
nan
nan
nan
nan
1.000000
0.000000
0.000000
nan
0.167000
0.000000
nan
1.000000
nan
0.333000
nan
0.000000
0.000000
0.667000
nan
nan
nan
nan
0.333000
0.333000
nan
0.667000
nan
nan
0.333000
0.667000
nan
nan
0.000000
0.000000
0.667000
1.000000
0.000000
0.333000
nan
0.000000
0.000000
nan
0.000000
nan
nan
nan
0.333000
0.000000
0.667000
0.667000
1.000000
0.500000
0.625000
nan
0.000000
0.000000
0.375000
nan
0.500000
nan
0.500000
0.500000
0.750000
nan
nan
nan
nan
0.000000
0.250000
0.000000
0.000000
nan
nan
0.250000
nan
0.500000
0.875000
0.125000
0.250000
0.000000
0.625000
nan
0.250000
0.125000
0.250000
nan
nan
0.375000
nan
1.000000
0.625000
0.000000
0.125000
nan
0.750000
0.000000
0.625000
nan
0.250000
nan
0.250000
nan
1.000000
nan
0.500000
0.125000
nan
nan
nan
nan
nan
1.000000
nan
0.000000
nan
nan
nan
1.000000
nan
1.000000
0.875000
nan
0.250000
0.250000
0.500000
0.500000
nan
0.750000
nan
nan
0.500000
nan
0.250000
0.875000
nan
1.000000
nan
0.228000
nan
nan
nan
nan
0.026000
nan
nan
nan
nan
nan
0.570000
0.114000
0.456000
nan
nan
0.456000
nan
0.342000
0.741000
0.798000
0.399000
nan
0.114000
0.912000
nan
nan
nan
nan
0.114000
0.228000
nan
nan
0.570000
nan
0.285000
nan
0.026000
0.627000
0.399000
nan
nan
nan
0.342000
1.000000
nan
0.456000
nan
0.399000
nan
0.114000
0.285000
0.228000
0.228000
nan
nan
nan
0.513000
0.228000
0.456000
0.228000
nan
0.285000
nan
1.000000
nan
0.114000
nan
0.399000
0.627000
0.057000
0.627000
nan
nan
nan
nan
0.627000
0.228000
nan
nan
nan
nan
0.855000
1.000000
0.171000
0.342000
nan
0.513000
nan
0.969000
nan
0.228000
0.171000
0.171000
nan
nan
0.026000
nan
nan
nan
0.000000
0.855000
nan
nan
0.000000
nan
nan
0.000000
nan
1.000000
0.627000
0.684000
0.513000
nan
nan
nan
0.000000
nan
0.000000
0.114000
nan
0.057000
0.114000
nan
0.285000
0.342000
nan
0.114000
nan
nan
nan
0.969000
nan
nan
0.912000
nan
nan
0.114000
0.285000
nan
nan
0.000000
nan
0.000000
0.513000
nan
0.881000
0.587000
0.294000
nan
0.470000
nan
nan
0.235000
nan
0.294000
nan
0.881000
0.235000
nan
0.528000
0.704000
1.000000
nan
0.704000
0.176000
nan
nan
nan
nan
0.030000
nan
0.176000
nan
0.235000
nan
0.030000
0.117000
0.294000
nan
0.117000
0.294000
nan
0.763000
1.000000
0.939000
0.587000
0.411000
0.822000
0.242000
0.846000
nan
0.906000
nan
1.000000
0.302000
nan
0.665000
nan
nan
0.242000
nan
0.242000
0.544000
nan
nan
0.725000
0.423000
0.181000
nan
0.544000
0.121000
nan
0.181000
0.302000
0.242000
0.363000
nan
nan
nan
nan
nan
nan
nan
nan
nan
nan
nan
nan
0.363000
nan
nan
nan
nan
0.302000
nan
nan
0.060000
0.060000
nan
nan
nan
nan
nan
nan
nan
nan
nan
nan
nan
nan
0.060000
nan
