Coverage(RPKM): 599.251870
nan
nan
0.000000
nan
nan
nan
nan
1.000000
nan
nan
0.000000
0.500000
nan
nan
nan
nan
0.500000
0.000000
nan
0.000000
nan
0.500000
0.000000
0.000000
0.500000
nan
nan
0.500000
1.000000
nan
0.000000
0.000000
nan
0.000000
0.500000
nan
nan
nan
0.000000
nan
0.500000
nan
nan
0.500000
0.000000
0.000000
0.000000
1.000000
0.000000
nan
nan
0.000000
0.000000
0.000000
0.500000
0.000000
0.000000
nan
nan
nan
nan
nan
0.000000
0.000000
0.500000
nan
nan
nan
0.000000
0.000000
nan
0.000000
nan
0.000000
0.000000
0.000000
1.000000
nan
0.250000
0.500000
nan
nan
nan
nan
nan
0.000000
0.250000
0.500000
nan
0.500000
nan
1.000000
nan
0.500000
0.000000
0.864000
0.247000
nan
nan
0.370000
nan
0.370000
0.370000
0.000000
0.247000
nan
0.000000
nan
0.000000
0.000000
nan
nan
0.000000
0.000000
nan
0.247000
nan
nan
0.247000
0.000000
nan
0.247000
0.741000
0.247000
0.741000
nan
nan
nan
0.000000
nan
nan
nan
nan
nan
0.000000
nan
nan
0.741000
0.000000
nan
0.247000
nan
0.000000
nan
0.741000
0.494000
nan
nan
0.247000
0.247000
0.000000
0.000000
nan
nan
nan
0.247000
nan
nan
0.494000
nan
0.247000
0.000000
nan
0.000000
0.741000
0.494000
1.000000
nan
0.617000
0.247000
0.247000
0.247000
nan
0.123000
nan
0.741000
nan
nan
0.000000
0.864000
1.000000
nan
0.247000
1.000000
0.000000
0.319000
0.159000
nan
0.000000
0.159000
nan
0.637000
0.478000
nan
0.478000
0.717000
0.797000
nan
nan
nan
nan
nan
nan
0.797000
0.797000
nan
0.319000
0.080000
nan
0.319000
0.478000
nan
nan
nan
0.956000
0.797000
0.637000
nan
0.239000
nan
nan
nan
0.558000
0.876000
nan
1.000000
nan
0.159000
nan
0.080000
1.000000
nan
nan
0.000000
nan
0.637000
nan
0.159000
0.876000
nan
0.159000
0.637000
nan
nan
0.159000
0.159000
nan
nan
nan
nan
0.080000
nan
nan
0.159000
nan
0.319000
nan
nan
nan
0.478000
0.478000
nan
nan
0.398000
0.000000
0.000000
0.717000
nan
1.000000
nan
nan
nan
0.000000
0.000000
0.239000
0.319000
nan
nan
nan
0.000000
nan
0.797000
0.379000
nan
1.000000
nan
nan
nan
nan
nan
0.000000
nan
nan
0.047000
0.000000
1.000000
nan
nan
0.474000
0.806000
nan
0.664000
nan
0.974000
nan
0.292000
0.682000
nan
nan
nan
0.243000
0.682000
0.341000
0.584000
nan
nan
nan
0.682000
0.390000
nan
nan
nan
1.000000
nan
nan
0.243000
0.390000
0.146000
0.341000
nan
0.146000
nan
nan
0.049000
0.049000
0.487000
0.292000
nan
0.341000
nan
nan
0.195000
0.730000
0.584000
0.536000
0.828000
nan
0.195000
nan
0.974000
0.730000
0.487000
0.243000
nan
0.292000
0.049000
nan
0.000000
0.438000
0.390000
0.536000
0.195000
nan
nan
0.195000
0.000000
nan
0.146000
0.097000
0.000000
0.300000
nan
nan
nan
nan
0.400000
1.000000
nan
nan
nan
nan
nan
nan
nan
nan
nan
nan
nan
0.200000
0.650000
nan
nan
0.350000
nan
nan
nan
nan
0.200000
nan
0.000000
nan
