Coverage(RPKM): 363.503650
nan
nan
0.000000
0.000000
nan
nan
nan
0.250000
0.125000
nan
0.375000
nan
nan
nan
nan
nan
nan
nan
0.250000
0.000000
0.250000
1.000000
nan
nan
0.250000
nan
1.000000
0.000000
0.125000
0.000000
nan
0.500000
0.625000
0.250000
0.000000
nan
1.000000
nan
nan
nan
nan
nan
nan
nan
0.250000
nan
nan
0.000000
0.625000
0.625000
0.625000
nan
nan
nan
nan
1.000000
0.250000
0.125000
0.750000
1.000000
nan
0.250000
0.250000
0.750000
nan
nan
0.125000
0.250000
nan
0.750000
0.250000
nan
nan
nan
nan
nan
0.000000
nan
nan
0.000000
0.000000
0.750000
0.750000
nan
nan
nan
0.750000
0.250000
0.375000
0.250000
0.500000
nan
0.500000
0.500000
nan
1.000000
nan
0.000000
0.333000
0.333000
0.333000
nan
nan
0.333000
0.667000
nan
0.000000
nan
nan
nan
nan
nan
0.333000
0.000000
nan
0.333000
nan
nan
1.000000
1.000000
0.333000
nan
1.000000
nan
nan
nan
0.333000
0.000000
0.000000
0.333000
1.000000
nan
nan
0.667000
nan
0.333000
0.000000
nan
0.333000
nan
nan
0.000000
0.000000
nan
0.000000
0.000000
nan
0.000000
0.000000
0.000000
nan
0.000000
0.000000
0.333000
0.500000
nan
nan
0.000000
0.000000
nan
nan
nan
0.000000
nan
0.667000
nan
0.000000
0.333000
nan
nan
0.333000
0.000000
nan
nan
0.000000
0.000000
0.000000
0.000000
0.000000
nan
nan
0.000000
0.333000
0.000000
0.000000
nan
0.444000
0.000000
0.000000
0.333000
nan
0.000000
0.000000
0.444000
0.111000
nan
0.111000
nan
nan
nan
nan
0.222000
nan
0.000000
0.111000
nan
nan
0.444000
nan
nan
0.111000
nan
nan
nan
nan
nan
0.667000
nan
0.111000
nan
nan
nan
0.000000
0.222000
0.222000
nan
nan
nan
0.667000
0.444000
0.111000
0.000000
0.444000
0.222000
0.000000
0.889000
nan
nan
0.000000
0.556000
nan
0.000000
0.444000
1.000000
nan
0.000000
0.222000
nan
0.000000
nan
0.000000
0.000000
nan
nan
nan
0.000000
1.000000
1.000000
1.000000
nan
nan
0.667000
0.444000
nan
0.778000
nan
nan
0.000000
nan
nan
0.000000
nan
0.000000
nan
nan
nan
0.667000
0.000000
nan
0.444000
nan
nan
0.308000
0.462000
0.154000
1.000000
1.000000
1.000000
0.769000
nan
nan
nan
nan
nan
0.154000
0.077000
nan
0.154000
nan
0.769000
nan
0.462000
0.846000
0.308000
nan
nan
nan
0.154000
0.154000
nan
0.462000
0.077000
0.077000
0.077000
0.308000
0.538000
nan
nan
0.769000
nan
0.154000
nan
nan
0.462000
nan
nan
0.385000
nan
nan
nan
nan
0.462000
0.385000
nan
nan
1.000000
0.692000
0.769000
nan
0.615000
0.615000
0.615000
nan
0.462000
0.231000
1.000000
0.615000
1.000000
0.385000
0.462000
nan
nan
0.385000
nan
nan
0.846000
0.615000
nan
0.462000
nan
0.154000
nan
0.923000
0.538000
nan
nan
0.231000
0.769000
nan
0.462000
0.846000
0.035000
0.385000
nan
nan
0.154000
0.538000
0.615000
nan
nan
0.385000
0.077000
0.035000
0.154000
1.000000
nan
nan
nan
nan
nan
nan
nan
nan
nan
nan
nan
nan
0.462000
0.154000
0.035000
0.308000
nan
nan
0.231000
nan
0.308000
0.308000
nan
nan
0.154000
nan
