Coverage(RPKM): 356.716418
nan
nan
0.000000
nan
nan
nan
nan
nan
0.000000
0.000000
0.000000
nan
nan
0.000000
1.000000
nan
0.000000
0.500000
0.500000
nan
0.000000
0.500000
nan
0.000000
nan
0.000000
nan
0.000000
nan
nan
0.000000
nan
nan
nan
0.000000
0.000000
0.000000
0.000000
nan
0.000000
0.000000
0.500000
0.500000
0.000000
nan
nan
0.000000
1.000000
0.000000
nan
1.000000
0.000000
nan
nan
0.500000
1.000000
0.000000
nan
0.500000
0.000000
nan
nan
0.000000
0.250000
nan
0.500000
1.000000
0.500000
1.000000
nan
0.750000
nan
0.500000
nan
nan
nan
nan
nan
0.500000
nan
0.000000
0.750000
1.000000
0.500000
0.750000
0.500000
nan
0.000000
0.000000
nan
nan
nan
nan
0.797000
nan
0.159000
0.000000
0.478000
0.319000
0.000000
nan
nan
nan
0.159000
0.319000
0.398000
nan
nan
0.478000
0.159000
0.000000
0.080000
nan
nan
0.159000
nan
nan
0.080000
0.956000
0.000000
0.000000
nan
nan
nan
nan
0.637000
0.478000
nan
0.558000
0.398000
nan
nan
1.000000
nan
0.637000
nan
0.000000
0.239000
0.159000
nan
0.000000
nan
nan
nan
0.797000
nan
nan
nan
nan
0.637000
0.319000
0.637000
0.478000
nan
nan
nan
nan
0.558000
0.000000
0.876000
0.239000
0.159000
1.000000
nan
0.319000
0.637000
0.797000
nan
0.478000
nan
0.239000
0.956000
0.398000
0.319000
1.000000
nan
0.637000
1.000000
nan
0.916000
0.687000
nan
nan
0.840000
nan
nan
nan
nan
0.916000
nan
0.229000
nan
0.000000
0.611000
nan
nan
nan
nan
0.458000
0.458000
0.916000
nan
nan
nan
nan
0.458000
0.305000
0.153000
0.305000
nan
nan
nan
nan
0.611000
nan
0.458000
0.916000
0.611000
nan
0.229000
nan
nan
0.076000
nan
nan
nan
nan
nan
nan
0.153000
0.611000
0.382000
nan
0.382000
0.611000
0.763000
1.000000
nan
nan
1.000000
nan
nan
0.000000
0.000000
nan
nan
nan
0.763000
nan
0.840000
nan
0.000000
nan
nan
nan
0.763000
nan
0.763000
nan
nan
0.153000
0.458000
nan
0.305000
0.305000
nan
0.458000
0.229000
nan
nan
nan
0.000000
nan
0.000000
nan
nan
0.000000
0.229000
0.153000
nan
nan
nan
0.000000
0.000000
0.382000
nan
nan
nan
nan
nan
0.250000
1.000000
nan
nan
0.875000
0.750000
nan
0.250000
0.798000
nan
nan
0.532000
nan
nan
nan
nan
0.532000
0.532000
0.266000
nan
nan
1.000000
nan
nan
0.000000
nan
nan
0.399000
0.133000
0.266000
0.532000
nan
nan
0.399000
nan
1.000000
nan
nan
0.266000
nan
nan
nan
nan
0.266000
nan
0.000000
0.133000
nan
1.000000
0.000000
0.665000
0.532000
nan
0.798000
nan
0.532000
0.798000
0.798000
nan
0.798000
0.266000
0.266000
nan
nan
nan
nan
nan
0.399000
0.665000
nan
0.399000
0.000000
0.266000
0.266000
nan
nan
0.532000
0.000000
nan
0.532000
0.266000
0.266000
0.000000
nan
nan
nan
0.266000
0.000000
nan
0.532000
0.000000
0.000000
nan
nan
0.282000
nan
nan
nan
nan
nan
nan
nan
0.563000
nan
nan
0.282000
nan
nan
0.563000
nan
0.000000
nan
