Coverage(RPKM): 1551.388889
nan
nan
0.070000
nan
nan
nan
0.057000
nan
nan
nan
0.117000
0.141000
0.094000
nan
0.399000
nan
1.000000
0.469000
0.070000
nan
0.563000
0.492000
0.375000
0.234000
0.305000
nan
nan
nan
nan
0.492000
nan
nan
0.703000
0.375000
nan
nan
0.258000
nan
0.258000
0.281000
0.117000
0.281000
nan
nan
0.234000
nan
nan
0.469000
nan
nan
nan
nan
0.375000
nan
0.445000
nan
nan
0.750000
nan
nan
0.352000
0.610000
0.961000
nan
nan
0.141000
nan
0.352000
nan
nan
0.188000
0.094000
0.057000
nan
nan
0.234000
nan
0.141000
nan
1.000000
nan
nan
0.070000
nan
0.422000
0.211000
nan
nan
nan
0.057000
nan
nan
1.000000
0.821000
nan
nan
0.328000
nan
nan
0.211000
nan
nan
0.094000
nan
0.094000
nan
nan
nan
nan
0.516000
nan
nan
nan
0.563000
nan
1.000000
0.948000
nan
nan
0.063000
nan
0.158000
nan
0.190000
nan
nan
0.885000
nan
0.316000
0.190000
0.190000
0.221000
0.379000
0.063000
nan
nan
nan
nan
0.190000
0.758000
nan
nan
nan
nan
nan
nan
0.032000
nan
0.126000
nan
nan
nan
nan
nan
nan
nan
nan
nan
0.632000
0.537000
0.126000
nan
0.095000
nan
nan
nan
0.063000
0.032000
1.000000
0.727000
nan
0.411000
nan
0.632000
0.758000
0.221000
0.063000
nan
0.348000
0.126000
0.158000
nan
0.063000
nan
nan
nan
0.379000
nan
nan
nan
nan
nan
0.032000
nan
nan
nan
0.158000
0.695000
0.348000
nan
nan
0.032000
nan
nan
0.095000
nan
0.442000
nan
nan
0.190000
0.063000
nan
0.727000
0.158000
0.032000
nan
nan
0.316000
1.000000
nan
nan
0.506000
0.221000
0.692000
0.978000
nan
0.285000
0.163000
nan
1.000000
0.081000
0.081000
nan
nan
0.489000
0.081000
0.326000
nan
nan
nan
0.163000
nan
nan
0.815000
0.570000
0.407000
0.367000
0.652000
0.448000
nan
0.570000
nan
nan
0.530000
0.489000
0.407000
nan
nan
0.570000
nan
0.018000
0.163000
nan
0.122000
0.018000
nan
0.896000
nan
nan
nan
nan
nan
nan
0.204000
nan
nan
0.570000
0.204000
0.611000
0.407000
nan
0.041000
nan
0.081000
0.163000
0.163000
0.407000
0.163000
1.000000
0.163000
0.692000
0.855000
nan
nan
nan
nan
nan
0.204000
1.000000
nan
nan
nan
nan
nan
0.041000
nan
nan
nan
nan
nan
nan
0.041000
0.530000
0.204000
nan
0.530000
nan
nan
nan
nan
nan
nan
nan
0.018000
nan
nan
0.052000
0.571000
0.821000
nan
nan
0.821000
1.000000
nan
nan
nan
0.107000
0.143000
nan
0.214000
0.143000
0.071000
nan
nan
0.293000
0.073000
0.403000
0.256000
nan
1.000000
nan
nan
0.073000
0.549000
nan
0.513000
nan
0.073000
nan
0.403000
nan
0.110000
0.403000
nan
0.220000
0.073000
0.063000
0.073000
0.623000
1.000000
0.696000
0.915000
0.439000
nan
0.586000
0.513000
nan
nan
nan
0.183000
nan
0.403000
0.063000
1.000000
nan
nan
nan
0.476000
0.586000
nan
0.476000
0.623000
0.513000
0.476000
nan
0.696000
0.659000
0.623000
nan
nan
0.659000
0.183000
0.256000
0.439000
0.750000
0.600000
nan
nan
nan
nan
nan
nan
nan
nan
nan
nan
0.375000
nan
nan
nan
nan
0.338000
nan
nan
0.525000
0.300000
nan
0.563000
0.638000
0.375000
0.113000
nan
