Coverage(RPKM): 142.953020
nan
nan
nan
nan
nan
nan
nan
nan
nan
nan
nan
nan
nan
0.250000
0.250000
nan
nan
nan
nan
nan
nan
nan
nan
nan
nan
0.500000
0.250000
0.000000
nan
0.000000
nan
nan
0.000000
nan
0.000000
0.000000
0.000000
0.000000
0.000000
0.000000
0.000000
nan
nan
nan
1.000000
0.000000
0.000000
0.000000
nan
nan
nan
nan
nan
nan
0.000000
0.000000
0.500000
nan
nan
nan
0.250000
0.000000
0.250000
nan
0.000000
0.500000
nan
nan
nan
nan
nan
0.750000
nan
0.000000
nan
nan
1.000000
nan
0.000000
nan
nan
nan
nan
nan
nan
nan
0.000000
nan
nan
0.000000
0.250000
nan
nan
0.000000
0.000000
0.000000
0.750000
0.000000
nan
nan
nan
nan
nan
0.250000
0.000000
0.000000
0.000000
0.000000
nan
0.000000
nan
nan
nan
nan
nan
nan
1.000000
nan
nan
nan
1.000000
0.000000
nan
nan
1.000000
0.500000
0.000000
0.500000
nan
0.000000
0.000000
nan
nan
nan
nan
0.500000
1.000000
nan
nan
nan
nan
0.750000
0.000000
0.000000
0.000000
nan
0.000000
0.000000
0.000000
0.000000
nan
nan
nan
nan
0.000000
0.500000
nan
0.000000
0.000000
0.500000
0.250000
nan
nan
nan
nan
0.000000
nan
nan
nan
nan
nan
0.892000
nan
0.000000
0.000000
0.000000
nan
nan
nan
nan
nan
nan
0.446000
nan
nan
nan
nan
0.000000
0.000000
nan
0.223000
0.000000
nan
0.000000
nan
nan
0.000000
0.446000
nan
0.892000
0.000000
0.446000
0.446000
0.000000
nan
0.446000
nan
0.000000
0.446000
nan
0.446000
0.000000
nan
nan
nan
0.446000
0.000000
0.000000
nan
0.000000
0.446000
nan
nan
0.588000
0.784000
0.392000
nan
nan
nan
nan
nan
1.000000
nan
nan
nan
0.784000
nan
nan
nan
nan
nan
nan
nan
nan
nan
0.000000
nan
nan
0.000000
nan
nan
0.392000
nan
nan
0.392000
nan
nan
0.000000
nan
nan
1.000000
nan
nan
nan
0.000000
nan
nan
nan
0.000000
0.000000
1.000000
nan
nan
nan
nan
nan
nan
nan
0.196000
nan
nan
nan
nan
nan
0.000000
nan
nan
nan
nan
nan
nan
0.000000
0.588000
0.392000
0.784000
0.392000
0.000000
nan
