Coverage(RPKM): 395.217391
nan
nan
0.000000
0.000000
nan
nan
0.000000
0.000000
1.000000
nan
nan
0.563000
nan
0.000000
nan
0.000000
1.000000
nan
0.000000
nan
nan
0.000000
nan
nan
nan
0.563000
nan
0.000000
nan
0.000000
0.000000
0.000000
0.563000
nan
nan
0.000000
0.000000
nan
0.000000
0.000000
0.000000
nan
0.000000
0.000000
nan
0.000000
nan
nan
0.000000
0.563000
nan
nan
0.282000
nan
nan
0.000000
0.282000
nan
1.000000
nan
nan
nan
nan
0.563000
0.563000
0.000000
nan
0.000000
0.000000
0.000000
0.000000
nan
nan
nan
0.000000
nan
0.000000
0.000000
nan
0.000000
nan
0.845000
0.000000
0.000000
nan
0.845000
0.282000
0.000000
0.000000
0.282000
nan
0.000000
0.000000
0.000000
0.000000
nan
nan
0.000000
nan
0.000000
0.125000
nan
0.000000
0.375000
nan
nan
nan
0.250000
0.125000
nan
nan
nan
nan
nan
0.000000
0.000000
0.000000
nan
0.000000
nan
nan
0.000000
nan
nan
nan
nan
nan
0.000000
0.000000
0.250000
0.250000
0.000000
nan
0.125000
nan
nan
nan
nan
nan
nan
nan
0.000000
0.000000
0.000000
0.000000
0.000000
0.125000
0.250000
nan
nan
nan
nan
nan
nan
nan
0.000000
nan
0.250000
0.000000
nan
0.000000
0.125000
nan
0.625000
nan
nan
nan
nan
nan
nan
0.750000
nan
nan
0.000000
0.625000
nan
0.750000
0.250000
0.500000
nan
0.750000
0.125000
1.000000
1.000000
nan
nan
1.000000
1.000000
1.000000
nan
0.500000
0.625000
0.936000
0.234000
nan
nan
0.468000
0.409000
0.643000
0.702000
nan
0.175000
0.351000
0.000000
0.000000
0.000000
0.351000
nan
nan
nan
0.000000
0.468000
0.292000
nan
nan
nan
nan
0.058000
0.117000
0.117000
0.585000
0.468000
nan
nan
nan
nan
nan
0.468000
0.175000
0.234000
nan
nan
0.702000
nan
0.117000
1.000000
nan
nan
nan
0.468000
nan
0.351000
0.351000
nan
nan
nan
nan
nan
nan
nan
nan
0.117000
nan
0.000000
0.936000
nan
nan
0.234000
0.058000
0.175000
0.234000
0.000000
nan
0.585000
nan
0.117000
nan
1.000000
0.351000
nan
0.058000
0.643000
0.468000
nan
nan
nan
nan
nan
0.175000
nan
nan
nan
nan
nan
1.000000
0.351000
0.468000
nan
0.585000
0.585000
0.121000
0.121000
0.242000
1.000000
nan
nan
nan
nan
0.483000
0.181000
nan
0.121000
0.000000
0.000000
0.423000
0.725000
nan
0.604000
nan
0.242000
nan
0.604000
nan
0.302000
nan
nan
0.363000
nan
nan
1.000000
0.121000
0.483000
0.483000
nan
1.000000
0.242000
0.483000
nan
0.483000
0.242000
nan
0.242000
0.665000
nan
nan
0.000000
0.121000
nan
0.967000
0.846000
nan
nan
0.725000
nan
nan
nan
nan
nan
nan
nan
nan
0.060000
0.000000
0.000000
nan
0.785000
nan
nan
0.121000
0.000000
0.821000
nan
0.547000
0.923000
0.205000
nan
0.137000
0.068000
nan
0.000000
nan
nan
0.752000
nan
0.274000
0.953000
0.205000
nan
nan
nan
nan
0.068000
nan
nan
nan
0.153000
0.458000
nan
nan
0.000000
0.458000
nan
nan
nan
nan
0.000000
0.916000
nan
0.458000
0.153000
nan
0.305000
0.611000
nan
nan
nan
nan
0.611000
0.458000
0.534000
0.916000
nan
0.763000
0.153000
nan
0.305000
nan
1.000000
0.458000
nan
0.153000
nan
0.000000
0.153000
0.153000
0.305000
nan
nan
nan
0.000000
0.305000
nan
0.153000
0.153000
0.000000
0.305000
nan
nan
nan
0.458000
0.000000
nan
0.305000
0.305000
nan
nan
nan
0.229000
nan
nan
nan
nan
nan
nan
nan
0.153000
0.000000
nan
0.000000
nan
