Coverage(RPKM): 428.169014
nan
nan
0.500000
nan
nan
nan
0.000000
0.000000
nan
0.000000
nan
0.000000
0.500000
nan
nan
nan
0.000000
nan
nan
nan
nan
0.000000
nan
nan
0.000000
nan
nan
nan
nan
nan
nan
0.000000
0.000000
nan
nan
0.000000
0.000000
nan
nan
nan
0.000000
0.500000
0.000000
nan
nan
nan
0.000000
nan
1.000000
nan
0.000000
nan
nan
nan
nan
1.000000
nan
0.750000
nan
nan
nan
nan
nan
1.000000
nan
0.000000
nan
1.000000
0.000000
0.000000
0.500000
nan
nan
nan
0.000000
1.000000
nan
nan
0.750000
0.500000
0.500000
1.000000
nan
0.500000
nan
1.000000
nan
nan
nan
nan
0.000000
1.000000
0.500000
nan
nan
nan
0.000000
0.000000
1.000000
0.000000
nan
0.500000
0.500000
nan
nan
0.000000
0.500000
nan
1.000000
0.500000
nan
0.000000
0.750000
0.417000
0.167000
0.000000
0.333000
nan
0.333000
1.000000
nan
nan
0.167000
0.250000
0.000000
nan
nan
0.167000
0.000000
0.500000
0.250000
0.167000
nan
nan
nan
nan
0.667000
0.417000
nan
nan
nan
nan
nan
nan
nan
0.333000
0.000000
nan
nan
0.167000
0.667000
0.500000
nan
0.083000
0.167000
nan
0.000000
0.167000
nan
0.917000
0.333000
nan
0.333000
1.000000
nan
nan
0.500000
0.000000
nan
0.000000
0.167000
nan
0.083000
nan
nan
0.583000
nan
nan
0.583000
0.667000
0.167000
0.250000
nan
0.000000
0.333000
0.333000
nan
nan
nan
0.167000
nan
nan
0.167000
nan
0.667000
nan
1.000000
1.000000
nan
nan
0.333000
0.667000
nan
nan
0.333000
nan
nan
nan
nan
nan
0.500000
0.571000
0.571000
0.429000
nan
nan
nan
1.000000
0.143000
nan
0.929000
0.929000
nan
nan
0.143000
nan
nan
0.000000
nan
0.143000
nan
nan
nan
nan
nan
0.571000
0.357000
nan
0.000000
nan
0.000000
0.357000
nan
nan
nan
nan
0.643000
nan
1.000000
0.143000
nan
nan
0.000000
nan
nan
0.143000
0.286000
0.857000
1.000000
nan
nan
0.429000
nan
nan
0.000000
0.000000
nan
0.857000
nan
0.357000
nan
0.357000
0.571000
0.357000
nan
0.643000
0.500000
0.000000
0.571000
nan
0.286000
0.286000
0.286000
nan
nan
0.286000
0.429000
nan
nan
0.714000
nan
1.000000
nan
0.786000
nan
nan
0.286000
0.357000
0.714000
nan
nan
0.500000
0.714000
0.500000
nan
nan
0.797000
0.478000
nan
0.398000
0.637000
nan
0.637000
nan
0.637000
nan
0.159000
nan
0.319000
nan
nan
nan
nan
nan
1.000000
0.398000
0.000000
0.478000
0.080000
nan
nan
0.000000
0.159000
nan
nan
nan
0.637000
0.478000
0.159000
nan
nan
nan
0.797000
0.478000
nan
nan
nan
nan
0.637000
nan
nan
0.637000
0.637000
1.000000
nan
1.000000
0.956000
0.797000
nan
0.319000
0.478000
0.558000
nan
0.478000
nan
nan
nan
nan
nan
nan
0.000000
0.637000
0.478000
nan
0.159000
nan
nan
0.239000
0.637000
0.637000
nan
nan
nan
nan
0.239000
0.000000
nan
0.398000
0.478000
0.637000
0.478000
0.159000
nan
0.319000
0.637000
nan
0.159000
0.000000
0.080000
nan
nan
0.319000
nan
nan
nan
nan
nan
nan
nan
0.319000
nan
nan
nan
nan
nan
0.319000
nan
0.637000
nan
nan
nan
0.159000
0.478000
0.159000
0.000000
nan
