Coverage(RPKM): 863.768116
nan
nan
0.400000
nan
nan
nan
nan
0.800000
0.000000
0.000000
nan
nan
0.400000
0.600000
0.800000
nan
0.200000
nan
nan
0.400000
0.000000
nan
0.000000
nan
0.400000
0.000000
0.000000
nan
0.000000
nan
0.000000
0.000000
0.000000
1.000000
nan
nan
nan
0.400000
nan
0.000000
nan
nan
0.000000
0.000000
nan
0.400000
nan
0.200000
nan
0.400000
nan
nan
nan
nan
0.000000
0.400000
1.000000
nan
0.600000
nan
nan
0.600000
nan
0.800000
nan
nan
nan
nan
0.800000
nan
0.400000
nan
nan
nan
0.600000
nan
nan
0.000000
nan
0.400000
nan
0.000000
0.400000
nan
0.000000
0.000000
0.000000
0.000000
0.000000
0.000000
0.800000
0.200000
1.000000
1.000000
nan
nan
0.400000
0.265000
0.000000
nan
0.397000
0.265000
0.132000
0.066000
nan
0.000000
nan
0.000000
0.265000
nan
0.132000
0.132000
nan
0.132000
0.199000
0.265000
0.397000
nan
0.132000
0.265000
nan
0.000000
nan
nan
nan
0.132000
0.530000
nan
nan
0.728000
0.464000
nan
nan
0.066000
0.132000
nan
nan
nan
0.397000
nan
nan
0.662000
0.464000
nan
0.000000
nan
0.331000
nan
nan
nan
nan
nan
0.331000
nan
0.000000
0.132000
0.265000
0.066000
nan
nan
0.927000
1.000000
nan
nan
0.331000
nan
0.331000
nan
nan
nan
0.132000
nan
0.265000
0.464000
0.265000
0.331000
0.662000
nan
nan
nan
nan
0.728000
nan
nan
0.464000
nan
0.861000
1.000000
1.000000
nan
0.397000
nan
nan
nan
nan
nan
nan
0.406000
nan
0.406000
nan
0.443000
0.517000
nan
0.886000
nan
nan
nan
nan
0.033000
nan
nan
0.033000
nan
nan
nan
nan
nan
0.627000
0.554000
nan
nan
nan
nan
nan
nan
0.959000
nan
nan
nan
nan
nan
0.443000
0.074000
nan
1.000000
0.221000
0.111000
0.406000
0.443000
0.221000
0.148000
nan
0.627000
0.033000
0.332000
nan
nan
0.148000
0.074000
0.111000
1.000000
1.000000
0.886000
nan
0.185000
0.295000
0.443000
nan
nan
0.775000
nan
0.664000
nan
nan
nan
nan
nan
0.443000
nan
nan
nan
0.332000
nan
nan
nan
nan
nan
nan
0.185000
nan
nan
0.369000
nan
0.074000
0.517000
nan
0.775000
nan
nan
0.185000
0.517000
0.554000
nan
0.664000
0.332000
0.258000
0.074000
nan
nan
0.480000
nan
nan
0.111000
0.074000
0.258000
nan
0.045000
0.480000
nan
0.111000
0.369000
nan
nan
0.590000
nan
0.590000
0.775000
nan
nan
nan
nan
nan
nan
0.185000
nan
nan
0.111000
nan
0.406000
nan
nan
nan
0.074000
nan
nan
nan
0.074000
nan
0.959000
0.480000
0.627000
0.886000
nan
nan
1.000000
nan
1.000000
nan
nan
nan
0.923000
nan
0.517000
0.738000
0.664000
nan
nan
0.148000
0.148000
0.258000
0.221000
nan
0.406000
nan
nan
nan
nan
0.369000
0.074000
nan
0.045000
0.074000
0.148000
0.443000
nan
nan
0.554000
0.517000
0.849000
nan
0.221000
0.369000
nan
nan
0.369000
0.369000
nan
0.517000
nan
1.000000
0.369000
nan
0.295000
nan
nan
0.045000
0.148000
nan
nan
nan
0.738000
0.886000
nan
nan
nan
nan
nan
nan
nan
0.480000
nan
0.037000
nan
