Coverage(RPKM): 263.128492
nan
nan
0.000000
nan
nan
0.000000
nan
0.000000
0.250000
0.250000
nan
nan
nan
0.875000
0.000000
nan
nan
nan
nan
nan
0.500000
0.000000
nan
0.000000
0.000000
nan
nan
nan
nan
nan
0.000000
0.250000
0.000000
0.000000
nan
0.250000
nan
0.500000
0.250000
0.375000
nan
nan
0.625000
0.000000
nan
0.000000
0.000000
0.250000
nan
0.000000
1.000000
nan
nan
nan
0.250000
0.375000
0.250000
nan
nan
0.000000
nan
nan
1.000000
nan
nan
nan
nan
nan
nan
1.000000
nan
0.257000
nan
0.772000
nan
0.000000
nan
0.257000
nan
0.257000
nan
nan
0.000000
nan
nan
nan
0.901000
0.772000
nan
nan
nan
0.901000
nan
nan
nan
0.000000
0.129000
nan
0.000000
0.129000
1.000000
nan
nan
nan
nan
nan
0.772000
0.000000
1.000000
0.515000
nan
nan
nan
0.265000
0.927000
0.530000
nan
nan
nan
0.795000
0.000000
0.795000
0.530000
nan
nan
0.265000
1.000000
nan
nan
nan
nan
nan
nan
nan
nan
0.530000
0.000000
0.265000
0.265000
0.000000
0.265000
nan
nan
0.265000
0.000000
nan
0.000000
0.265000
nan
0.000000
0.265000
nan
0.000000
0.530000
0.795000
nan
nan
0.265000
0.265000
0.530000
0.530000
nan
nan
nan
nan
0.530000
0.265000
nan
nan
nan
nan
0.000000
nan
nan
nan
nan
nan
0.265000
nan
