Coverage(RPKM): 396.935933
nan
nan
0.209000
nan
nan
nan
0.209000
0.628000
0.524000
0.419000
0.733000
nan
0.209000
nan
1.000000
1.000000
0.314000
0.209000
nan
0.628000
0.524000
nan
0.628000
nan
nan
0.419000
nan
nan
nan
nan
0.209000
nan
0.209000
nan
0.000000
nan
0.209000
nan
nan
0.419000
nan
0.000000
0.000000
nan
0.209000
nan
nan
nan
0.314000
nan
0.000000
nan
0.419000
0.000000
0.209000
0.733000
nan
0.209000
0.628000
nan
0.000000
nan
nan
nan
0.209000
0.000000
0.105000
0.000000
nan
0.209000
nan
nan
nan
0.942000
0.419000
nan
0.314000
0.000000
nan
0.419000
nan
nan
nan
nan
nan
0.628000
nan
nan
nan
0.000000
1.000000
nan
0.838000
nan
nan
0.000000
0.000000
0.314000
0.209000
0.265000
0.397000
nan
nan
nan
0.662000
0.530000
nan
nan
nan
0.000000
0.265000
nan
0.795000
nan
nan
0.000000
0.000000
nan
nan
nan
nan
nan
0.000000
0.265000
0.530000
0.000000
0.265000
nan
0.000000
0.265000
nan
nan
nan
nan
nan
nan
0.530000
nan
0.927000
0.662000
nan
0.000000
nan
nan
nan
0.265000
nan
0.530000
0.132000
nan
nan
nan
0.000000
0.795000
0.000000
nan
nan
0.000000
nan
nan
0.132000
nan
nan
nan
0.795000
nan
nan
nan
nan
0.000000
0.265000
nan
nan
0.000000
nan
0.927000
0.000000
nan
0.000000
0.000000
0.000000
0.000000
nan
0.000000
0.795000
0.265000
nan
0.397000
1.000000
nan
0.530000
0.530000
nan
1.000000
nan
0.265000
1.000000
0.530000
nan
0.000000
0.000000
nan
0.000000
nan
0.209000
0.000000
nan
nan
nan
nan
nan
0.000000
0.000000
0.419000
0.209000
nan
0.419000
nan
nan
0.209000
nan
nan
0.314000
0.419000
0.209000
nan
0.000000
0.000000
nan
1.000000
nan
nan
0.000000
0.628000
0.105000
0.000000
0.419000
nan
nan
0.419000
0.000000
0.733000
0.209000
0.628000
nan
nan
1.000000
0.942000
0.209000
0.209000
0.105000
0.419000
0.000000
nan
nan
0.628000
0.409000
0.512000
1.000000
nan
nan
nan
0.000000
nan
0.000000
nan
0.205000
0.716000
nan
nan
0.307000
nan
nan
nan
0.000000
0.102000
nan
nan
nan
0.102000
nan
nan
nan
nan
0.205000
nan
0.000000
nan
nan
nan
0.000000
0.205000
nan
0.205000
0.000000
0.200000
0.200000
0.600000
0.400000
nan
nan
0.100000
nan
1.000000
nan
0.000000
nan
nan
0.200000
0.600000
0.200000
0.000000
1.000000
0.000000
nan
nan
0.600000
0.000000
0.200000
nan
0.200000
nan
0.200000
nan
nan
0.000000
0.000000
nan
0.200000
0.000000
0.200000
0.800000
nan
0.200000
0.300000
nan
nan
nan
0.400000
nan
0.800000
nan
nan
nan
1.000000
0.400000
nan
0.400000
nan
0.200000
nan
nan
nan
nan
nan
nan
nan
0.000000
nan
