Coverage(RPKM): 230.769231
nan
nan
0.000000
nan
nan
nan
nan
0.000000
0.000000
nan
nan
0.000000
nan
nan
0.000000
0.000000
nan
0.000000
0.000000
nan
0.000000
nan
0.000000
nan
nan
0.000000
nan
1.000000
nan
nan
nan
nan
nan
nan
nan
nan
nan
nan
nan
nan
nan
0.305000
0.611000
0.000000
0.319000
0.958000
nan
nan
0.319000
nan
nan
0.000000
nan
nan
nan
nan
0.639000
0.958000
nan
0.160000
0.000000
0.000000
nan
0.000000
0.000000
nan
0.639000
nan
nan
nan
0.000000
1.000000
0.639000
0.319000
0.319000
nan
nan
nan
nan
0.000000
nan
nan
nan
nan
nan
0.000000
nan
0.319000
0.000000
nan
0.479000
nan
nan
0.000000
0.160000
0.000000
0.000000
0.319000
nan
0.639000
0.958000
1.000000
0.000000
0.639000
0.319000
0.958000
nan
nan
0.639000
nan
0.000000
nan
nan
nan
nan
0.000000
nan
0.000000
nan
nan
nan
0.333000
0.333000
0.000000
0.000000
0.667000
nan
0.333000
nan
nan
nan
nan
0.000000
nan
0.000000
nan
0.333000
nan
nan
nan
0.000000
0.167000
nan
