Coverage(RPKM): 224.460432
nan
nan
1.000000
nan
nan
nan
nan
0.000000
nan
0.000000
0.667000
0.000000
0.667000
0.000000
nan
nan
nan
nan
0.667000
0.333000
0.333000
nan
nan
nan
nan
nan
nan
0.333000
nan
nan
0.000000
nan
1.000000
0.000000
nan
nan
0.333000
nan
nan
nan
nan
nan
0.000000
nan
nan
0.000000
0.000000
0.000000
nan
nan
nan
nan
nan
nan
0.333000
0.000000
0.000000
0.000000
0.000000
nan
nan
nan
0.000000
0.000000
nan
nan
nan
nan
nan
nan
0.000000
0.000000
nan
0.000000
nan
nan
0.000000
0.000000
nan
0.000000
nan
0.000000
nan
1.000000
nan
nan
nan
nan
nan
nan
nan
nan
nan
nan
nan
0.000000
nan
0.667000
nan
1.000000
0.000000
nan
1.000000
0.333000
0.000000
nan
nan
nan
0.333000
nan
nan
0.667000
0.333000
nan
nan
nan
0.000000
0.000000
nan
0.000000
0.000000
0.333000
nan
nan
nan
0.000000
nan
nan
nan
nan
0.000000
0.667000
nan
nan
nan
0.333000
0.000000
0.000000
nan
