Coverage: 12596.923077
1.000000
nan
nan
0.111000
0.111000
nan
nan
0.884000
0.142000
nan
0.131000
1.000000
nan
0.127000
nan
nan
0.531000
0.655000
0.432000
0.747000
0.754000
nan
0.881000
nan
0.580000
0.460000
nan
0.669000
0.821000
0.933000
nan
0.842000
nan
nan
nan
1.000000
nan
0.711000
nan
nan
nan
nan
0.756000
nan
nan
nan
nan
0.691000
1.000000
nan
0.595000
nan
nan
0.771000
0.630000
0.877000
0.736000
nan
0.676000
0.610000
nan
0.725000
nan
nan
0.638000
nan
1.000000
nan
0.578000
0.888000
0.946000
0.976000
nan
nan
nan
0.246000
nan
nan
nan
0.627000
0.529000
nan
0.785000
0.883000
0.589000
nan
0.289000
0.343000
nan
0.252000
0.322000
0.403000
0.589000
nan
0.490000
