Coverage: 1708.839779
0.231000
nan
0.500000
nan
0.231000
1.000000
0.308000
nan
nan
nan
0.077000
nan
0.423000
nan
0.231000
0.769000
0.154000
nan
nan
0.269000
0.115000
0.017000
0.654000
0.923000
0.654000
0.955000
nan
nan
1.000000
nan
0.772000
nan
0.331000
0.331000
nan
nan
0.367000
0.404000
0.367000
0.698000
nan
nan
0.661000
0.981000
0.736000
nan
nan
0.175000
nan
nan
0.420000
0.911000
0.525000
0.771000
0.876000
nan
0.455000
nan
nan
nan
nan
0.595000
nan
1.000000
nan
0.630000
nan
0.525000
nan
0.315000
0.210000
0.245000
nan
0.701000
0.806000
nan
nan
nan
nan
nan
nan
