Coverage: 64175.438596
nan
nan
nan
0.292000
0.327000
nan
nan
0.349000
nan
nan
nan
nan
nan
nan
0.663000
0.604000
nan
0.499000
0.369000
0.437000
0.625000
0.542000
nan
0.215000
nan
0.387000
nan
0.074000
0.089000
0.104000
nan
nan
nan
0.950000
1.000000
0.858000
nan
0.243000
0.192000
nan
nan
nan
0.130000
nan
nan
nan
0.181000
1.000000
0.578000
1.000000
nan
nan
nan
nan
0.300000
nan
0.539000
0.198000
0.544000
0.388000
nan
nan
0.198000
nan
nan
0.216000
nan
nan
nan
0.332000
nan
nan
0.522000
0.620000
0.694000
nan
0.744000
nan
0.634000
0.573000
nan
nan
nan
nan
nan
0.924000
0.761000
0.696000
nan
0.712000
nan
0.803000
nan
0.533000
0.491000
nan
0.570000
0.479000
0.686000
0.845000
nan
nan
0.705000
0.506000
0.306000
0.198000
0.254000
0.387000
0.472000
nan
0.354000
nan
0.705000
nan
nan
nan
nan
nan
0.203000
nan
0.657000
0.341000
nan
nan
nan
0.843000
0.692000
nan
nan
0.557000
0.589000
nan
nan
nan
0.769000
nan
1.000000
0.855000
nan
1.000000
0.763000
nan
1.000000
nan
nan
nan
nan
nan
nan
0.416000
nan
0.416000
nan
nan
nan
nan
nan
nan
nan
nan
0.416000
nan
nan
nan
nan
0.224000
0.935000
nan
1.000000
0.827000
nan
0.459000
0.933000
0.356000
0.422000
nan
0.572000
0.732000
nan
0.584000
0.557000
nan
nan
nan
nan
nan
0.483000
nan
nan
0.932000
nan
nan
nan
nan
nan
nan
nan
nan
0.584000
nan
nan
nan
nan
0.944000
1.000000
nan
nan
nan
nan
nan
0.559000
0.539000
nan
0.787000
nan
nan
nan
0.270000
nan
nan
nan
nan
0.615000
0.587000
0.683000
nan
0.455000
0.535000
nan
0.841000
nan
nan
nan
0.275000
0.399000
0.307000
0.502000
0.392000
nan
0.270000
0.344000
0.354000
nan
nan
0.594000
nan
0.771000
1.000000
0.718000
0.876000
nan
nan
nan
nan
nan
nan
nan
nan
nan
nan
nan
0.460000
0.451000
0.527000
0.524000
nan
nan
0.270000
nan
nan
nan
0.392000
0.300000
0.700000
0.555000
0.277000
0.812000
1.000000
nan
0.537000
0.551000
0.635000
nan
0.306000
nan
nan
nan
nan
nan
0.657000
0.648000
nan
0.734000
0.653000
0.547000
nan
0.458000
0.984000
0.750000
0.744000
nan
0.637000
0.626000
0.865000
1.000000
1.000000
nan
nan
nan
0.374000
nan
nan
nan
nan
nan
nan
nan
0.746000
0.497000
nan
0.389000
0.445000
0.388000
0.663000
nan
0.944000
nan
nan
0.306000
0.517000
0.577000
0.800000
0.640000
nan
0.699000
0.395000
0.306000
0.620000
nan
0.600000
nan
nan
nan
0.515000
0.382000
nan
nan
nan
nan
0.371000
0.804000
nan
0.693000
nan
nan
nan
nan
0.447000
0.351000
nan
0.392000
nan
nan
0.847000
0.782000
0.345000
0.518000
nan
0.643000
0.631000
0.820000
0.827000
nan
nan
nan
0.644000
0.235000
nan
nan
0.760000
nan
0.460000
nan
0.480000
0.248000
0.292000
0.339000
0.154000
nan
nan
0.200000
nan
0.456000
0.354000
1.000000
nan
nan
0.530000
nan
nan
nan
nan
nan
nan
nan
0.802000
nan
0.620000
nan
0.543000
0.412000
0.385000
0.899000
