Coverage: 3117.460317
nan
0.317000
nan
nan
1.000000
1.000000
0.756000
nan
0.561000
0.683000
0.439000
nan
nan
0.976000
0.537000
0.195000
0.659000
nan
nan
1.000000
0.780000
0.878000
1.000000
nan
0.951000
0.415000
0.239000
nan
nan
nan
0.437000
0.634000
nan
nan
0.775000
nan
nan
nan
0.296000
nan
nan
0.521000
nan
0.408000
nan
0.479000
nan
nan
0.268000
nan
0.352000
0.817000
0.563000
1.000000
0.775000
1.000000
0.563000
nan
nan
nan
0.254000
0.662000
nan
nan
0.171000
nan
nan
0.521000
0.535000
0.479000
0.465000
nan
nan
0.268000
0.268000
0.718000
0.845000
nan
1.000000
0.732000
nan
0.732000
1.000000
nan
0.197000
0.171000
nan
nan
0.324000
