Coverage: 41275.742574
nan
1.000000
0.183000
1.000000
0.204000
nan
nan
nan
0.109000
nan
0.458000
0.437000
nan
nan
nan
1.000000
0.546000
nan
nan
0.282000
0.194000
nan
0.172000
0.576000
0.303000
0.421000
0.456000
nan
0.308000
nan
0.530000
0.325000
nan
nan
nan
0.306000
0.140000
nan
0.283000
nan
nan
0.036000
nan
nan
nan
1.000000
nan
nan
0.077000
nan
nan
nan
nan
nan
1.000000
nan
nan
nan
0.105000
0.142000
nan
0.088000
nan
0.147000
0.124000
0.120000
nan
nan
nan
nan
nan
nan
nan
nan
nan
0.227000
nan
0.149000
nan
0.045000
0.034000
0.052000
0.060000
0.078000
nan
nan
0.150000
0.126000
0.125000
0.120000
1.000000
nan
0.085000
nan
nan
0.078000
0.111000
0.143000
nan
nan
nan
0.047000
nan
0.062000
0.158000
0.250000
nan
0.048000
0.034000
0.057000
0.068000
0.037000
nan
0.056000
0.739000
0.065000
nan
0.086000
0.070000
0.063000
0.623000
nan
0.082000
0.042000
0.058000
nan
nan
0.083000
nan
0.062000
0.034000
0.057000
0.066000
nan
nan
nan
nan
nan
nan
0.651000
0.756000
nan
0.463000
0.447000
0.330000
nan
nan
nan
0.354000
0.380000
0.305000
0.715000
nan
0.450000
nan
nan
1.000000
0.536000
0.751000
nan
0.341000
0.496000
nan
nan
0.290000
0.210000
nan
nan
nan
0.253000
0.197000
0.951000
nan
nan
0.230000
0.353000
0.598000
0.408000
nan
0.433000
nan
0.592000
0.578000
0.388000
nan
0.341000
0.999000
0.516000
nan
0.330000
0.592000
0.567000
1.000000
0.766000
nan
0.412000
nan
0.283000
0.452000
0.506000
0.751000
nan
nan
0.197000
nan
0.197000
1.000000
0.683000
nan
0.705000
nan
0.880000
0.928000
nan
0.756000
nan
0.569000
nan
0.622000
0.762000
nan
nan
nan
0.362000
nan
nan
0.551000
0.689000
0.774000
0.528000
nan
nan
nan
nan
nan
nan
0.470000
0.427000
nan
nan
nan
0.321000
0.417000
nan
0.872000
nan
0.936000
0.711000
0.817000
nan
nan
nan
nan
0.694000
0.610000
1.000000
1.000000
nan
0.829000
nan
1.000000
0.882000
nan
0.241000
0.602000
0.244000
nan
nan
nan
nan
0.437000
0.585000
0.241000
0.768000
nan
0.600000
0.307000
0.460000
0.829000
0.960000
nan
nan
nan
nan
nan
0.258000
nan
nan
nan
0.560000
nan
0.703000
0.819000
nan
0.850000
0.757000
nan
0.581000
nan
nan
0.785000
0.843000
nan
nan
nan
nan
0.241000
nan
nan
nan
0.798000
nan
0.608000
0.529000
nan
0.910000
nan
nan
0.595000
nan
nan
nan
nan
0.327000
nan
0.964000
1.000000
nan
nan
0.391000
0.490000
0.411000
nan
nan
nan
0.914000
nan
nan
0.309000
nan
nan
nan
nan
0.537000
0.597000
nan
0.874000
nan
nan
nan
0.749000
0.536000
0.469000
0.523000
nan
0.537000
1.000000
0.752000
nan
nan
nan
nan
0.172000
0.175000
0.839000
0.841000
nan
nan
nan
nan
nan
nan
nan
nan
0.172000
0.180000
0.239000
0.248000
nan
nan
0.593000
0.380000
nan
0.420000
nan
0.595000
0.773000
nan
nan
nan
nan
0.446000
0.508000
0.560000
nan
0.344000
nan
nan
nan
0.347000
1.000000
0.674000
0.625000
0.828000
0.712000
0.769000
0.739000
0.781000
nan
0.547000
nan
0.223000
nan
0.172000
0.229000
nan
nan
nan
nan
nan
nan
nan
0.368000
0.560000
0.741000
0.938000
0.502000
0.372000
nan
0.205000
0.310000
nan
0.349000
0.218000
0.896000
0.959000
nan
1.000000
nan
0.891000
1.000000
nan
nan
0.336000
nan
nan
0.464000
nan
nan
0.541000
nan
0.173000
0.273000
0.407000
0.378000
nan
nan
nan
0.745000
0.750000
0.465000
0.539000
nan
nan
0.266000
nan
nan
nan
nan
0.782000
0.759000
0.863000
nan
0.940000
1.000000
nan
0.576000
0.483000
nan
0.303000
nan
nan
1.000000
0.761000
nan
0.386000
nan
0.825000
nan
0.893000
0.860000
nan
0.742000
nan
nan
nan
0.759000
0.692000
nan
0.699000
0.588000
0.856000
0.721000
nan
0.307000
nan
