Coverage: 131635.200000
nan
nan
0.099000
0.104000
0.145000
nan
nan
0.056000
0.086000
nan
nan
nan
nan
nan
0.380000
0.422000
0.240000
nan
1.000000
0.083000
nan
nan
nan
nan
nan
0.234000
nan
0.096000
nan
nan
nan
0.299000
0.114000
nan
0.121000
0.095000
0.236000
0.292000
nan
nan
nan
nan
0.048000
0.061000
0.252000
0.560000
nan
0.291000
0.273000
nan
0.361000
0.401000
nan
nan
nan
0.618000
nan
0.633000
nan
nan
nan
nan
1.000000
nan
0.522000
0.531000
0.750000
nan
nan
nan
nan
0.327000
0.606000
0.487000
0.623000
nan
nan
nan
nan
nan
nan
nan
nan
nan
0.352000
0.471000
nan
nan
nan
0.273000
0.332000
0.274000
0.726000
0.913000
nan
0.739000
0.991000
0.413000
0.976000
nan
nan
0.753000
0.900000
0.825000
nan
0.644000
nan
nan
1.000000
0.598000
nan
nan
nan
0.436000
0.439000
nan
0.694000
0.608000
0.322000
nan
0.273000
nan
nan
1.000000
0.939000
nan
nan
nan
0.784000
nan
0.583000
0.599000
0.817000
nan
0.518000
0.469000
nan
nan
nan
nan
nan
nan
0.372000
0.677000
0.372000
0.946000
0.537000
nan
nan
nan
nan
0.450000
0.583000
0.608000
nan
nan
0.567000
0.560000
nan
nan
nan
0.614000
0.741000
nan
0.304000
nan
nan
nan
nan
0.419000
0.585000
1.000000
0.758000
1.000000
nan
nan
0.224000
nan
nan
0.291000
nan
nan
nan
nan
0.242000
0.306000
0.575000
nan
nan
0.323000
nan
nan
nan
0.381000
0.210000
0.194000
nan
nan
0.700000
nan
nan
nan
0.173000
0.173000
0.946000
nan
nan
nan
nan
nan
nan
nan
0.908000
nan
nan
nan
0.274000
0.341000
0.177000
0.649000
nan
1.000000
0.742000
nan
nan
nan
0.188000
0.408000
0.254000
0.524000
nan
nan
nan
nan
0.254000
nan
0.222000
0.173000
0.435000
0.338000
0.402000
nan
nan
nan
nan
0.416000
0.418000
nan
0.647000
0.454000
0.464000
0.424000
nan
0.206000
0.287000
1.000000
nan
nan
nan
nan
0.543000
0.546000
0.656000
nan
0.842000
nan
nan
nan
nan
0.521000
0.269000
0.236000
nan
0.961000
nan
0.562000
0.297000
0.483000
nan
0.813000
nan
0.540000
nan
nan
0.370000
nan
nan
nan
nan
0.494000
0.609000
0.735000
nan
0.658000
0.778000
nan
nan
nan
0.470000
nan
1.000000
0.376000
nan
0.236000
0.793000
nan
nan
nan
nan
nan
0.630000
0.736000
0.816000
0.638000
0.543000
0.879000
0.236000
0.384000
0.421000
nan
0.309000
nan
nan
0.398000
0.449000
0.276000
0.272000
0.446000
1.000000
0.431000
0.737000
0.333000
0.310000
0.447000
0.342000
nan
0.575000
nan
nan
0.515000
0.738000
nan
0.715000
nan
nan
0.389000
0.315000
0.159000
0.680000
nan
0.262000
0.217000
nan
nan
nan
nan
0.208000
0.177000
0.550000
0.446000
nan
0.218000
0.239000
nan
nan
nan
nan
1.000000
nan
0.846000
nan
0.144000
nan
nan
0.142000
nan
nan
0.264000
0.216000
nan
0.139000
0.140000
0.681000
nan
0.593000
nan
nan
nan
nan
nan
0.197000
0.353000
nan
0.192000
nan
nan
nan
nan
nan
1.000000
