Coverage: 3894.915254
nan
nan
nan
nan
nan
nan
nan
nan
nan
nan
nan
0.000000
0.000000
0.000000
0.000000
0.000000
0.000000
nan
nan
0.000000
nan
nan
1.000000
nan
1.000000
nan
0.000000
0.000000
nan
nan
0.000000
nan
0.000000
nan
0.000000
0.440000
0.110000
0.000000
0.000000
0.000000
0.000000
0.000000
0.000000
0.000000
nan
nan
nan
0.330000
nan
nan
nan
nan
0.220000
0.220000
0.220000
1.000000
nan
0.000000
nan
0.110000
0.879000
nan
0.220000
0.440000
nan
nan
0.220000
nan
0.330000
0.220000
nan
nan
nan
nan
nan
nan
0.440000
