Coverage: 3400.531915
nan
nan
0.138000
0.099000
0.296000
0.493000
nan
0.020000
0.009000
nan
nan
nan
nan
nan
nan
0.422000
nan
nan
nan
nan
0.843000
nan
nan
0.253000
nan
0.274000
0.943000
1.000000
nan
nan
nan
0.443000
0.822000
0.674000
nan
0.611000
nan
0.506000
0.611000
0.548000
nan
0.485000
0.864000
nan
nan
0.548000
nan
0.651000
0.359000
nan
0.988000
nan
nan
0.449000
0.382000
0.449000
0.651000
nan
0.651000
0.122000
0.426000
1.000000
nan
nan
nan
nan
nan
nan
0.247000
nan
nan
0.426000
nan
0.224000
nan
nan
0.157000
0.122000
nan
nan
nan
nan
nan
nan
nan
nan
nan
nan
