Coverage: 120421.030043
0.196000
nan
nan
0.865000
0.450000
nan
0.426000
0.815000
nan
0.748000
0.877000
nan
0.945000
1.000000
nan
0.949000
0.925000
nan
1.000000
nan
nan
0.882000
0.882000
nan
0.582000
nan
nan
nan
0.259000
nan
0.554000
nan
nan
nan
0.706000
nan
nan
0.195000
nan
nan
nan
nan
0.762000
0.712000
nan
0.483000
0.419000
nan
0.559000
nan
nan
1.000000
0.824000
nan
0.697000
0.333000
nan
0.297000
nan
nan
0.662000
0.788000
nan
0.566000
nan
nan
0.986000
0.548000
nan
0.251000
nan
nan
0.939000
0.609000
0.643000
0.760000
nan
nan
nan
nan
1.000000
0.910000
nan
nan
0.156000
nan
nan
0.874000
1.000000
0.884000
nan
0.739000
0.822000
nan
nan
nan
0.195000
0.184000
nan
0.985000
0.898000
nan
0.997000
0.396000
0.366000
0.431000
0.499000
nan
0.650000
nan
0.802000
0.889000
nan
0.729000
0.979000
nan
nan
0.156000
nan
nan
0.693000
nan
0.784000
0.566000
nan
0.388000
0.156000
0.355000
nan
0.160000
nan
0.964000
0.556000
nan
0.451000
0.220000
0.286000
nan
0.265000
nan
nan
0.609000
nan
0.942000
1.000000
nan
nan
0.569000
0.739000
0.824000
nan
nan
nan
nan
0.340000
0.649000
0.635000
nan
0.588000
nan
0.917000
nan
0.843000
nan
nan
nan
0.418000
0.568000
0.587000
nan
0.356000
0.248000
0.915000
nan
nan
nan
nan
0.658000
nan
nan
0.732000
nan
nan
0.936000
0.510000
0.449000
0.386000
0.297000
0.455000
0.735000
nan
nan
nan
nan
nan
0.658000
1.000000
nan
0.662000
0.566000
0.747000
nan
nan
nan
nan
nan
nan
1.000000
nan
0.858000
0.961000
0.950000
nan
nan
0.522000
0.874000
0.932000
nan
nan
0.248000
0.248000
0.437000
nan
0.875000
nan
0.790000
0.891000
0.885000
nan
nan
nan
0.901000
0.956000
nan
nan
nan
nan
nan
nan
0.334000
0.306000
0.306000
nan
nan
nan
nan
nan
nan
nan
0.684000
nan
0.992000
0.480000
0.315000
0.334000
0.315000
0.412000
nan
nan
nan
1.000000
nan
0.814000
0.784000
0.872000
0.433000
0.385000
nan
nan
nan
nan
nan
nan
nan
0.673000
nan
nan
nan
0.681000
nan
0.741000
0.963000
0.937000
nan
0.921000
1.000000
nan
nan
nan
nan
0.485000
0.330000
0.521000
0.833000
nan
nan
0.719000
0.897000
0.721000
nan
nan
nan
nan
nan
nan
nan
nan
0.306000
nan
0.977000
0.790000
nan
0.673000
nan
nan
0.597000
0.323000
0.703000
1.000000
nan
nan
nan
nan
nan
0.527000
0.379000
nan
nan
nan
nan
0.799000
nan
nan
0.700000
0.775000
nan
nan
nan
0.410000
0.414000
0.427000
0.509000
0.967000
0.576000
0.615000
nan
0.513000
0.896000
nan
nan
nan
0.954000
0.972000
nan
0.861000
0.930000
nan
0.514000
0.540000
nan
1.000000
1.000000
nan
0.726000
0.849000
0.996000
