Coverage: 2373.157895
nan
nan
0.742000
0.530000
1.000000
0.185000
nan
nan
0.265000
nan
nan
nan
0.795000
0.477000
nan
0.556000
0.901000
0.503000
nan
nan
nan
0.609000
1.000000
nan
0.636000
nan
0.927000
0.132000
0.212000
0.689000
0.238000
0.477000
0.241000
nan
nan
0.220000
0.351000
nan
0.220000
0.031000
0.782000
nan
nan
0.195000
0.217000
nan
nan
nan
nan
nan
nan
nan
0.261000
nan
0.586000
nan
nan
1.000000
0.217000
nan
0.109000
0.065000
0.031000
nan
0.152000
nan
1.000000
nan
nan
0.977000
0.543000
nan
0.586000
nan
nan
0.043000
nan
nan
nan
0.261000
nan
0.391000
0.326000
nan
nan
nan
0.261000
nan
0.195000
0.543000
