Coverage: 5363.451777
0.350000
0.305000
nan
nan
0.305000
nan
0.384000
nan
0.180000
nan
0.485000
0.508000
nan
nan
nan
nan
nan
nan
nan
0.666000
0.417000
nan
0.305000
0.440000
nan
0.733000
nan
0.485000
0.496000
nan
nan
0.203000
nan
0.609000
1.000000
0.305000
nan
nan
nan
nan
0.692000
0.645000
nan
nan
1.000000
nan
1.000000
nan
nan
nan
nan
nan
nan
0.317000
0.282000
0.774000
nan
nan
nan
nan
0.188000
nan
nan
0.188000
nan
0.270000
0.375000
0.375000
nan
0.716000
nan
0.610000
0.645000
nan
nan
nan
nan
0.223000
nan
0.246000
nan
nan
0.158000
0.097000
nan
0.378000
0.719000
0.658000
nan
nan
nan
0.694000
nan
nan
nan
nan
nan
