Coverage: 14774.852652
nan
0.202000
nan
0.191000
nan
0.430000
0.533000
nan
nan
nan
0.081000
nan
0.224000
0.471000
0.751000
1.000000
nan
nan
0.442000
nan
nan
0.806000
0.688000
nan
nan
1.000000
0.740000
nan
nan
nan
0.743000
0.416000
0.202000
0.968000
0.798000
nan
nan
0.622000
nan
0.298000
nan
nan
1.000000
0.728000
nan
nan
0.189000
nan
0.873000
0.852000
0.771000
0.898000
nan
nan
0.224000
nan
nan
0.590000
0.487000
0.673000
1.000000
nan
nan
0.438000
0.749000
nan
0.635000
nan
nan
nan
0.189000
nan
0.208000
0.189000
nan
nan
nan
nan
nan
0.360000
nan
nan
nan
nan
nan
0.514000
0.644000
nan
0.955000
0.722000
0.614000
0.211000
0.706000
0.890000
1.000000
nan
nan
nan
nan
nan
nan
nan
nan
nan
nan
nan
nan
0.649000
0.849000
0.265000
nan
0.279000
nan
nan
nan
nan
nan
nan
nan
nan
nan
0.579000
nan
nan
nan
nan
nan
nan
nan
nan
0.676000
nan
1.000000
0.976000
0.841000
0.914000
0.527000
nan
0.560000
nan
nan
nan
nan
nan
0.422000
0.438000
nan
0.581000
0.462000
nan
0.281000
nan
0.654000
0.782000
nan
0.414000
0.468000
nan
nan
nan
0.306000
nan
0.438000
0.419000
0.703000
0.336000
0.535000
0.472000
0.424000
nan
nan
1.000000
0.722000
0.732000
nan
0.814000
nan
nan
0.746000
nan
nan
0.429000
0.535000
nan
0.597000
nan
0.795000
1.000000
nan
nan
nan
nan
nan
nan
nan
0.336000
nan
nan
0.592000
0.616000
0.621000
0.578000
nan
nan
nan
nan
nan
0.684000
0.559000
0.626000
0.771000
nan
nan
0.347000
nan
nan
0.336000
0.424000
0.621000
nan
0.559000
0.453000
0.607000
0.496000
0.641000
0.636000
0.510000
0.703000
nan
0.910000
0.713000
0.775000
nan
0.722000
1.000000
0.607000
0.795000
0.992000
nan
0.949000
0.934000
nan
0.698000
0.592000
0.636000
0.501000
nan
0.086000
nan
0.099000
0.126000
0.122000
0.167000
nan
0.165000
0.219000
nan
0.120000
nan
0.075000
nan
nan
nan
nan
nan
nan
0.159000
0.122000
nan
nan
nan
nan
0.197000
0.138000
1.000000
0.152000
nan
0.146000
nan
nan
nan
nan
0.080000
1.000000
0.135000
0.139000
1.000000
0.123000
0.144000
nan
nan
nan
nan
nan
0.128000
nan
0.123000
nan
nan
0.119000
nan
nan
0.169000
0.157000
0.166000
nan
0.103000
nan
nan
0.165000
nan
nan
0.177000
0.166000
nan
0.484000
0.182000
nan
nan
nan
0.135000
nan
0.131000
0.075000
0.160000
nan
nan
0.087000
nan
0.130000
0.157000
0.111000
0.247000
0.134000
nan
0.108000
nan
nan
nan
nan
nan
0.140000
nan
0.075000
nan
nan
nan
nan
0.150000
nan
nan
nan
0.326000
0.537000
0.558000
0.298000
nan
0.792000
0.936000
nan
1.000000
nan
nan
nan
nan
nan
nan
nan
nan
nan
nan
0.776000
0.755000
nan
nan
nan
0.595000
0.856000
nan
0.473000
nan
nan
nan
nan
0.314000
0.712000
nan
nan
nan
nan
nan
1.000000
nan
nan
nan
0.680000
0.340000
nan
0.494000
1.000000
nan
0.489000
0.447000
nan
0.702000
nan
0.399000
0.436000
0.707000
