Coverage: 5584.834123
nan
nan
0.239000
nan
0.511000
nan
nan
0.945000
nan
nan
nan
1.000000
nan
nan
nan
nan
0.434000
nan
0.281000
nan
nan
nan
nan
nan
0.911000
nan
nan
nan
nan
0.963000
0.426000
nan
0.451000
nan
nan
nan
0.698000
0.562000
nan
nan
nan
nan
0.852000
nan
0.366000
1.000000
0.298000
nan
0.554000
nan
nan
nan
nan
nan
nan
nan
nan
nan
nan
nan
nan
0.758000
nan
nan
0.571000
0.196000
0.239000
nan
nan
0.136000
0.259000
nan
0.259000
nan
0.294000
0.086000
0.570000
1.000000
nan
1.000000
nan
0.882000
nan
0.709000
0.899000
nan
nan
0.432000
nan
0.605000
0.605000
0.933000
0.432000
0.553000
nan
0.709000
0.864000
nan
nan
nan
nan
1.000000
0.743000
nan
0.467000
nan
0.207000
0.086000
0.380000
nan
0.622000
