Coverage: 46047.790507
nan
nan
nan
nan
0.115000
1.000000
nan
0.174000
1.000000
0.109000
nan
0.166000
0.258000
0.380000
0.338000
0.222000
nan
0.317000
0.363000
0.454000
0.337000
nan
0.221000
nan
nan
0.313000
0.506000
0.439000
0.463000
0.293000
0.322000
nan
0.372000
0.433000
0.485000
0.521000
0.625000
nan
nan
nan
1.000000
0.274000
0.362000
nan
0.321000
0.310000
nan
nan
0.244000
0.245000
0.477000
0.474000
nan
0.484000
nan
0.194000
0.219000
0.234000
0.155000
0.516000
0.536000
nan
0.743000
nan
0.275000
nan
nan
nan
nan
0.497000
nan
0.618000
0.745000
nan
0.572000
0.530000
nan
nan
0.763000
0.161000
nan
nan
nan
nan
nan
nan
nan
nan
0.337000
nan
nan
0.927000
0.816000
1.000000
nan
0.680000
0.270000
0.155000
0.155000
0.354000
0.238000
0.398000
0.525000
nan
0.537000
0.191000
0.178000
nan
0.499000
nan
0.805000
nan
nan
nan
1.000000
0.874000
nan
nan
nan
nan
0.475000
nan
nan
0.741000
0.679000
0.870000
nan
nan
nan
0.760000
nan
0.698000
0.786000
nan
0.602000
0.682000
0.545000
nan
nan
nan
0.334000
0.480000
0.588000
nan
nan
0.649000
1.000000
0.753000
nan
nan
nan
nan
nan
nan
0.955000
nan
nan
nan
nan
0.541000
0.411000
0.566000
nan
0.530000
0.638000
nan
nan
nan
nan
nan
0.360000
0.377000
nan
0.584000
nan
0.196000
nan
nan
nan
0.235000
0.302000
0.847000
nan
nan
nan
0.210000
0.175000
0.985000
nan
nan
0.365000
nan
nan
0.122000
nan
1.000000
0.363000
0.571000
1.000000
0.475000
0.509000
0.248000
nan
0.201000
nan
nan
0.456000
0.173000
0.159000
0.377000
nan
nan
0.122000
0.122000
0.122000
0.628000
nan
nan
nan
nan
0.178000
0.369000
nan
0.359000
0.351000
nan
0.287000
0.228000
nan
1.000000
nan
0.404000
nan
nan
0.344000
0.375000
nan
nan
nan
0.454000
0.508000
nan
nan
0.491000
0.508000
0.493000
nan
nan
0.438000
0.329000
0.447000
0.214000
0.559000
nan
nan
0.391000
0.403000
0.394000
0.304000
0.447000
0.394000
nan
0.262000
nan
0.214000
0.222000
nan
0.277000
0.214000
0.275000
0.275000
nan
0.342000
nan
0.216000
0.365000
0.413000
0.583000
0.524000
0.655000
nan
0.320000
0.238000
0.216000
nan
nan
1.000000
0.583000
0.297000
0.492000
nan
nan
1.000000
0.359000
0.378000
0.437000
nan
nan
1.000000
nan
0.345000
0.514000
0.377000
0.410000
0.338000
nan
0.193000
nan
nan
nan
0.252000
0.177000
nan
nan
nan
nan
0.174000
0.342000
0.373000
0.407000
nan
nan
nan
nan
nan
nan
nan
0.183000
0.187000
0.327000
nan
nan
nan
nan
nan
0.196000
0.352000
0.249000
nan
nan
nan
nan
nan
nan
0.149000
0.493000
0.387000
nan
nan
nan
0.359000
nan
0.119000
0.130000
0.104000
0.292000
0.228000
nan
0.310000
nan
0.370000
0.354000
0.372000
0.366000
nan
0.166000
0.104000
nan
nan
nan
nan
0.452000
nan
0.428000
nan
nan
0.336000
0.223000
0.273000
0.250000
nan
nan
1.000000
nan
nan
0.283000
0.318000
0.388000
nan
nan
nan
0.104000
nan
0.215000
nan
nan
0.230000
nan
nan
0.260000
nan
nan
0.187000
1.000000
nan
nan
nan
0.193000
0.211000
nan
nan
0.105000
1.000000
0.999000
1.000000
1.000000
0.826000
0.743000
nan
0.563000
0.858000
0.937000
nan
nan
nan
nan
0.487000
nan
0.342000
0.374000
0.534000
nan
nan
nan
nan
0.780000
0.610000
0.585000
nan
0.357000
0.593000
0.526000
nan
0.376000
0.190000
0.416000
0.448000
nan
nan
0.721000
0.565000
0.731000
0.556000
0.534000
nan
0.607000
nan
nan
0.753000
nan
0.446000
nan
0.792000
0.707000
nan
0.760000
0.731000
nan
0.300000
0.502000
nan
nan
nan
nan
0.271000
nan
nan
0.246000
nan
0.356000
0.234000
0.285000
0.197000
0.244000
nan
nan
0.814000
nan
nan
0.991000
0.682000
nan
nan
0.160000
nan
nan
nan
nan
nan
0.184000
0.212000
nan
nan
0.539000
nan
nan
nan
nan
0.227000
0.314000
1.000000
