Coverage: 4814.285714
0.549000
0.447000
nan
0.935000
nan
nan
nan
nan
nan
nan
1.000000
nan
nan
nan
nan
0.224000
nan
nan
0.407000
nan
nan
nan
1.000000
nan
1.000000
nan
nan
nan
nan
nan
nan
nan
nan
nan
nan
nan
0.549000
nan
nan
nan
0.569000
nan
nan
0.264000
0.650000
0.346000
nan
0.508000
0.793000
0.407000
nan
0.346000
nan
nan
nan
nan
0.508000
0.650000
nan
0.386000
nan
nan
nan
nan
0.711000
0.854000
0.772000
nan
nan
0.854000
0.488000
0.955000
0.652000
0.252000
nan
0.715000
0.379000
nan
nan
nan
0.694000
0.778000
0.547000
0.210000
0.568000
0.168000
nan
0.442000
0.715000
nan
0.336000
nan
0.379000
nan
0.294000
0.336000
nan
nan
nan
nan
nan
nan
nan
0.315000
nan
0.589000
nan
nan
0.610000
nan
nan
nan
nan
0.568000
nan
0.715000
nan
0.421000
nan
nan
nan
0.610000
nan
0.526000
1.000000
nan
nan
nan
0.252000
0.252000
0.126000
