Coverage: 18432.994924
0.683000
0.491000
0.676000
nan
0.333000
nan
nan
0.658000
0.589000
nan
0.509000
0.648000
0.855000
nan
0.564000
0.617000
nan
0.494000
0.699000
0.866000
0.470000
0.965000
0.754000
0.717000
nan
0.692000
0.565000
0.897000
0.966000
nan
nan
0.717000
0.782000
1.000000
0.851000
0.906000
nan
nan
nan
nan
0.560000
nan
nan
0.606000
nan
0.347000
0.692000
0.800000
nan
nan
nan
nan
nan
nan
nan
0.776000
0.434000
nan
nan
nan
0.532000
0.896000
0.821000
1.000000
1.000000
nan
nan
0.765000
nan
nan
nan
nan
nan
0.336000
nan
nan
0.620000
0.686000
nan
nan
nan
0.807000
0.906000
nan
nan
nan
0.331000
0.701000
0.854000
0.732000
0.948000
1.000000
nan
nan
nan
nan
nan
0.568000
0.425000
0.958000
nan
0.420000
0.467000
0.311000
0.931000
nan
0.186000
nan
nan
nan
nan
0.574000
0.416000
0.621000
0.552000
0.636000
nan
0.304000
nan
0.260000
0.204000
0.222000
nan
0.170000
0.170000
0.537000
nan
nan
0.290000
0.281000
nan
0.379000
0.435000
0.367000
nan
0.355000
nan
nan
0.272000
nan
0.170000
nan
0.251000
1.000000
nan
nan
nan
nan
nan
0.198000
nan
nan
nan
0.407000
0.429000
0.407000
nan
nan
0.539000
1.000000
nan
0.726000
0.616000
0.825000
1.000000
nan
0.440000
0.627000
0.682000
0.440000
0.374000
0.385000
0.308000
0.385000
0.341000
nan
0.264000
nan
0.418000
0.550000
nan
0.132000
nan
nan
nan
nan
0.396000
nan
0.143000
0.121000
0.082000
0.082000
nan
nan
0.330000
nan
0.242000
0.308000
0.154000
0.198000
nan
nan
nan
nan
0.143000
0.154000
nan
0.143000
0.187000
nan
nan
0.264000
0.297000
0.088000
0.187000
0.319000
0.319000
0.253000
0.209000
0.275000
0.363000
nan
nan
0.198000
0.082000
nan
nan
nan
0.108000
nan
0.084000
nan
0.055000
0.069000
0.084000
0.443000
nan
0.103000
0.108000
nan
0.182000
0.138000
0.079000
0.098000
nan
0.098000
nan
0.055000
nan
nan
nan
nan
0.585000
nan
0.561000
0.192000
nan
0.123000
nan
0.055000
nan
nan
nan
nan
0.330000
0.354000
0.266000
0.256000
0.443000
0.880000
nan
nan
0.138000
nan
1.000000
0.748000
nan
0.148000
nan
nan
0.202000
0.123000
0.187000
0.256000
0.339000
nan
nan
nan
0.807000
0.807000
0.403000
nan
0.959000
0.649000
0.457000
0.546000
nan
0.910000
0.984000
1.000000
1.000000
nan
0.679000
0.713000
0.935000
nan
0.753000
0.679000
nan
0.348000
0.582000
0.523000
0.610000
nan
0.664000
nan
0.196000
nan
nan
nan
0.196000
0.308000
0.479000
0.777000
1.000000
0.565000
0.945000
0.906000
nan
0.262000
0.196000
0.281000
nan
nan
0.674000
0.995000
nan
0.402000
nan
0.713000
nan
nan
0.696000
0.706000
nan
nan
0.239000
nan
nan
0.649000
0.888000
nan
nan
nan
nan
0.590000
0.666000
nan
nan
nan
0.987000
0.676000
0.637000
nan
nan
0.619000
nan
0.642000
nan
0.528000
1.000000
nan
0.592000
nan
1.000000
0.807000
nan
nan
0.787000
nan
0.802000
nan
0.592000
nan
0.491000
nan
nan
nan
0.343000
0.365000
0.323000
0.499000
0.516000
nan
nan
nan
nan
0.402000
nan
0.422000
0.854000
nan
nan
nan
nan
nan
nan
0.818000
nan
1.000000
nan
0.736000
1.000000
0.677000
0.730000
nan
nan
nan
nan
0.901000
0.977000
0.848000
nan
0.701000
0.777000
nan
nan
nan
nan
nan
0.442000
0.612000
0.759000
nan
nan
0.548000
0.465000
0.477000
0.724000
0.830000
0.423000
nan
nan
nan
nan
0.460000
0.679000
nan
0.930000
nan
0.518000
0.299000
0.255000
0.365000
nan
0.730000
nan
nan
1.000000
0.241000
0.131000
0.219000
0.212000
nan
0.314000
nan
0.277000
0.204000
nan
0.241000
0.874000
0.219000
0.649000
0.263000
nan
nan
nan
0.182000
nan
0.068000
nan
0.068000
nan
nan
0.117000
0.068000
0.080000
nan
0.131000
0.197000
nan
