Coverage: 4348.387097
0.799000
1.000000
nan
nan
0.508000
nan
nan
0.653000
nan
0.581000
0.944000
nan
nan
nan
0.762000
nan
0.726000
0.581000
0.436000
0.726000
nan
nan
0.762000
0.218000
0.436000
nan
nan
0.980000
nan
1.000000
0.218000
0.145000
0.181000
0.327000
nan
nan
0.508000
0.544000
0.109000
0.145000
0.109000
nan
0.116000
nan
nan
nan
0.909000
nan
0.124000
nan
0.079000
0.248000
nan
nan
0.372000
0.331000
0.909000
0.455000
0.289000
nan
0.289000
0.207000
nan
nan
0.372000
0.331000
0.124000
0.744000
0.579000
nan
nan
0.372000
0.079000
nan
0.537000
nan
nan
nan
0.331000
0.207000
1.000000
nan
0.289000
0.496000
nan
0.496000
