Coverage: 59642.803738
nan
nan
nan
nan
nan
0.146000
nan
nan
0.235000
nan
nan
nan
0.158000
0.110000
nan
0.144000
0.065000
0.093000
0.116000
0.115000
nan
nan
nan
nan
nan
0.065000
nan
nan
nan
0.295000
0.316000
nan
0.265000
0.154000
nan
nan
0.087000
nan
nan
0.123000
nan
nan
nan
nan
nan
0.204000
nan
nan
nan
1.000000
0.203000
0.166000
0.137000
0.226000
0.171000
nan
0.192000
nan
0.086000
nan
0.065000
nan
nan
nan
nan
nan
0.139000
1.000000
nan
nan
nan
0.962000
0.944000
0.756000
0.817000
0.825000
0.995000
nan
0.815000
0.825000
nan
0.551000
0.646000
nan
nan
nan
nan
1.000000
0.695000
0.809000
nan
0.504000
0.683000
nan
nan
nan
nan
nan
0.487000
0.387000
0.413000
0.593000
nan
nan
0.715000
nan
nan
0.594000
0.593000
0.335000
0.583000
0.849000
0.736000
0.239000
0.219000
0.242000
0.342000
0.324000
nan
0.216000
0.829000
1.000000
nan
0.860000
0.851000
0.631000
0.321000
0.748000
0.426000
nan
0.289000
0.216000
0.216000
0.227000
nan
0.859000
nan
nan
nan
nan
nan
nan
0.269000
nan
nan
nan
0.741000
0.363000
0.308000
0.333000
nan
nan
0.388000
0.588000
0.448000
0.587000
0.758000
nan
nan
0.627000
0.538000
0.609000
nan
0.785000
0.864000
1.000000
nan
nan
0.472000
nan
nan
nan
nan
0.601000
0.662000
nan
nan
0.609000
0.446000
nan
0.385000
0.408000
0.364000
0.500000
0.572000
0.817000
0.998000
nan
nan
nan
nan
nan
0.599000
nan
0.980000
0.815000
0.690000
0.514000
0.588000
0.956000
nan
nan
0.373000
nan
0.863000
0.833000
nan
0.352000
0.333000
0.333000
0.610000
1.000000
nan
nan
nan
1.000000
nan
0.792000
nan
0.772000
nan
nan
0.552000
0.370000
nan
nan
nan
nan
0.991000
0.693000
0.944000
nan
0.525000
nan
nan
0.799000
0.803000
0.757000
nan
0.844000
0.347000
0.944000
0.466000
nan
0.322000
0.960000
nan
0.496000
nan
0.383000
nan
0.388000
0.564000
nan
0.606000
nan
nan
nan
nan
nan
0.703000
nan
1.000000
0.639000
nan
0.921000
0.855000
0.830000
0.664000
nan
nan
0.399000
nan
nan
nan
nan
nan
nan
nan
nan
nan
1.000000
nan
nan
nan
nan
nan
0.986000
nan
0.905000
nan
nan
nan
0.498000
0.577000
0.401000
0.709000
0.476000
0.330000
0.481000
0.492000
0.391000
0.562000
0.568000
nan
0.329000
0.319000
0.310000
0.832000
0.418000
nan
nan
nan
nan
0.506000
nan
0.923000
0.677000
nan
0.701000
0.543000
nan
0.310000
nan
0.310000
nan
nan
0.563000
0.513000
1.000000
0.551000
nan
nan
1.000000
nan
0.992000
0.774000
nan
0.833000
nan
nan
0.869000
nan
nan
0.998000
0.981000
1.000000
nan
1.000000
nan
nan
0.411000
0.415000
nan
0.717000
nan
nan
nan
nan
nan
nan
nan
nan
0.488000
0.978000
nan
0.950000
nan
nan
0.452000
0.720000
0.586000
nan
0.638000
nan
0.519000
nan
nan
nan
0.689000
0.626000
0.781000
nan
0.851000
nan
0.359000
0.608000
0.424000
nan
nan
0.653000
0.497000
nan
0.391000
0.398000
nan
nan
nan
0.971000
0.994000
nan
nan
nan
nan
nan
nan
nan
nan
0.525000
0.394000
0.427000
0.509000
nan
0.268000
0.385000
0.385000
nan
0.126000
0.157000
0.115000
nan
0.128000
0.100000
0.092000
0.088000
nan
0.274000
0.284000
0.113000
0.189000
nan
nan
0.277000
0.387000
nan
