Coverage: 2172.000000
0.432000
0.062000
nan
nan
nan
nan
nan
0.370000
0.247000
nan
0.556000
nan
nan
nan
0.247000
0.247000
0.247000
0.679000
0.432000
0.802000
1.000000
0.247000
nan
nan
0.000000
0.370000
0.494000
0.000000
0.475000
0.772000
0.297000
0.000000
0.119000
0.594000
0.114000
0.570000
0.684000
nan
0.342000
nan
nan
0.114000
nan
nan
0.171000
nan
nan
nan
0.969000
nan
nan
0.228000
nan
nan
nan
nan
0.285000
0.000000
nan
0.114000
0.456000
0.741000
0.228000
0.114000
0.456000
nan
0.513000
nan
0.000000
nan
0.171000
nan
0.057000
nan
nan
