Coverage: 3904.477612
nan
0.197000
0.574000
1.000000
0.705000
nan
nan
0.656000
0.673000
0.853000
nan
0.509000
nan
0.558000
0.312000
nan
0.328000
0.295000
nan
0.180000
nan
0.230000
0.119000
0.164000
0.279000
nan
nan
0.919000
0.837000
nan
0.820000
nan
nan
nan
nan
0.837000
0.837000
nan
nan
1.000000
1.000000
nan
nan
nan
nan
nan
nan
nan
nan
0.555000
0.694000
nan
nan
nan
0.555000
nan
0.231000
nan
nan
0.586000
0.663000
nan
nan
nan
nan
0.432000
nan
0.601000
0.401000
nan
nan
nan
0.447000
0.493000
0.432000
nan
nan
0.370000
0.601000
nan
nan
nan
nan
nan
nan
0.185000
0.725000
nan
0.200000
nan
nan
nan
nan
nan
nan
nan
0.170000
0.077000
0.247000
nan
0.509000
