Coverage: 22586.283186
nan
0.460000
nan
0.157000
nan
nan
nan
nan
nan
nan
nan
0.227000
0.337000
0.235000
nan
0.520000
0.910000
0.543000
0.541000
0.477000
0.403000
0.747000
1.000000
nan
nan
nan
nan
nan
0.197000
1.000000
0.781000
0.844000
0.897000
nan
nan
0.199000
0.293000
nan
0.327000
0.836000
0.955000
nan
nan
nan
nan
nan
nan
nan
nan
nan
nan
nan
nan
0.484000
0.146000
0.278000
0.742000
0.288000
nan
0.522000
nan
0.269000
0.278000
nan
0.223000
0.422000
0.420000
nan
nan
nan
nan
nan
nan
nan
nan
nan
nan
0.100000
0.113000
0.097000
0.278000
0.325000
nan
0.269000
0.247000
0.231000
nan
nan
nan
nan
0.097000
nan
nan
nan
nan
nan
0.268000
0.220000
0.228000
nan
0.166000
0.209000
0.097000
0.195000
0.226000
nan
0.170000
0.247000
nan
nan
nan
0.213000
nan
nan
nan
nan
nan
0.433000
0.346000
0.504000
nan
0.482000
0.483000
0.512000
nan
0.522000
nan
0.557000
0.442000
0.484000
nan
nan
0.156000
0.325000
nan
nan
0.298000
0.818000
nan
1.000000
nan
nan
nan
nan
0.168000
0.166000
0.523000
nan
nan
nan
nan
nan
nan
nan
nan
0.240000
0.292000
1.000000
nan
1.000000
nan
nan
nan
nan
nan
0.307000
nan
nan
nan
0.231000
nan
nan
nan
nan
0.314000
nan
nan
nan
nan
nan
nan
0.496000
0.917000
nan
nan
nan
nan
0.308000
0.679000
0.983000
nan
0.949000
0.985000
nan
nan
nan
nan
nan
0.844000
0.254000
0.747000
0.552000
0.763000
nan
0.629000
0.805000
nan
nan
nan
nan
1.000000
1.000000
nan
nan
nan
0.289000
nan
0.886000
0.906000
0.820000
nan
nan
0.498000
0.336000
0.820000
0.791000
nan
1.000000
0.798000
nan
nan
nan
nan
0.423000
0.430000
0.496000
0.635000
0.690000
nan
0.669000
nan
0.584000
nan
nan
nan
nan
nan
nan
0.254000
0.261000
0.416000
0.482000
0.604000
nan
0.504000
nan
0.254000
nan
0.264000
nan
0.345000
0.517000
0.428000
0.349000
0.398000
0.377000
0.336000
nan
0.266000
0.398000
nan
1.000000
1.000000
0.972000
nan
nan
nan
0.278000
nan
nan
0.788000
nan
nan
nan
nan
nan
nan
nan
0.408000
0.290000
0.705000
1.000000
nan
nan
0.611000
0.686000
nan
0.219000
nan
nan
0.180000
0.192000
nan
nan
nan
0.392000
nan
nan
nan
0.404000
nan
nan
nan
0.055000
nan
nan
0.082000
0.094000
nan
0.082000
0.216000
nan
0.635000
0.610000
nan
0.546000
nan
0.567000
0.512000
nan
nan
0.137000
0.358000
0.154000
0.137000
0.307000
0.444000
nan
nan
nan
nan
nan
0.341000
0.205000
0.307000
0.358000
nan
0.102000
0.171000
nan
nan
0.205000
