Coverage: 60526.289926
nan
nan
0.125000
0.115000
nan
0.205000
nan
0.347000
0.295000
nan
nan
nan
nan
0.288000
0.521000
nan
nan
0.541000
0.671000
nan
nan
0.401000
nan
nan
nan
0.372000
nan
0.296000
0.611000
0.403000
nan
nan
0.673000
0.571000
nan
nan
nan
0.479000
0.898000
1.000000
nan
nan
nan
0.983000
1.000000
nan
1.000000
nan
0.617000
0.727000
nan
0.562000
nan
0.456000
nan
0.480000
0.967000
0.369000
nan
nan
nan
nan
nan
nan
0.364000
0.403000
nan
1.000000
nan
0.616000
0.881000
0.546000
0.395000
0.606000
0.609000
nan
1.000000
0.243000
nan
0.310000
0.701000
0.506000
nan
nan
nan
0.201000
1.000000
0.627000
nan
nan
nan
nan
nan
nan
0.218000
0.272000
0.287000
nan
0.235000
nan
nan
0.643000
nan
nan
nan
nan
0.944000
nan
0.333000
nan
0.167000
nan
nan
nan
nan
nan
0.167000
0.167000
0.563000
nan
0.438000
nan
0.169000
nan
nan
nan
nan
nan
nan
nan
0.680000
nan
0.726000
0.806000
nan
nan
nan
nan
0.565000
0.507000
nan
nan
0.471000
nan
0.569000
nan
0.754000
0.739000
nan
0.629000
nan
nan
nan
nan
0.293000
0.231000
0.549000
0.355000
0.240000
0.538000
nan
nan
nan
0.389000
0.391000
0.809000
nan
0.316000
nan
nan
1.000000
0.367000
nan
0.390000
0.218000
0.454000
0.480000
0.299000
0.908000
nan
0.786000
0.791000
0.711000
nan
0.727000
1.000000
nan
nan
nan
nan
nan
nan
nan
0.580000
nan
1.000000
0.709000
nan
0.385000
nan
nan
nan
0.667000
nan
0.715000
0.736000
nan
0.207000
nan
nan
0.217000
nan
nan
0.251000
nan
nan
nan
0.719000
nan
nan
0.249000
0.526000
nan
nan
nan
0.382000
nan
nan
nan
nan
0.156000
0.206000
nan
nan
nan
nan
0.402000
nan
nan
nan
0.213000
0.208000
nan
nan
0.247000
nan
nan
0.606000
nan
nan
nan
nan
nan
nan
0.227000
0.274000
0.305000
nan
nan
nan
0.238000
0.151000
0.240000
0.151000
0.320000
0.235000
nan
nan
nan
nan
nan
0.151000
0.230000
0.412000
nan
0.543000
nan
0.923000
1.000000
nan
nan
1.000000
nan
0.923000
nan
0.849000
nan
0.447000
nan
0.447000
0.166000
0.231000
0.308000
nan
0.415000
0.373000
nan
0.422000
0.802000
1.000000
0.927000
nan
0.633000
0.943000
nan
0.384000
nan
