Coverage: 1801.507538
0.923000
0.590000
0.627000
nan
0.886000
1.000000
1.000000
0.701000
nan
0.812000
0.517000
nan
0.738000
nan
nan
nan
0.406000
nan
0.590000
0.923000
nan
0.812000
nan
nan
0.664000
0.590000
0.627000
nan
0.701000
nan
nan
0.959000
1.000000
0.775000
nan
0.517000
nan
nan
nan
0.463000
nan
nan
nan
0.521000
0.463000
0.405000
nan
0.550000
nan
nan
nan
0.187000
nan
0.260000
nan
nan
0.753000
nan
0.753000
0.203000
0.695000
0.318000
nan
0.318000
nan
0.695000
nan
nan
nan
0.376000
0.955000
0.434000
nan
0.376000
0.347000
0.347000
0.724000
nan
nan
0.984000
0.550000
0.463000
0.232000
0.260000
0.434000
0.868000
0.608000
nan
1.000000
nan
0.405000
0.810000
0.376000
nan
nan
nan
nan
1.000000
0.926000
