Coverage: 8530.805687
0.431000
0.523000
0.728000
nan
nan
0.728000
0.810000
nan
0.902000
0.933000
nan
0.687000
0.492000
0.256000
nan
0.800000
0.769000
nan
nan
nan
0.759000
0.636000
nan
nan
nan
1.000000
0.994000
nan
0.974000
0.933000
0.974000
1.000000
0.967000
nan
0.283000
nan
0.499000
0.655000
0.514000
nan
0.872000
nan
0.566000
nan
nan
0.138000
nan
nan
nan
nan
0.380000
nan
nan
nan
0.634000
nan
0.574000
0.138000
0.142000
0.417000
0.529000
nan
0.395000
nan
0.559000
nan
0.663000
nan
nan
nan
nan
0.462000
nan
nan
nan
nan
0.507000
nan
nan
0.440000
0.320000
0.678000
nan
nan
nan
0.313000
0.276000
nan
0.947000
0.708000
nan
nan
0.872000
nan
0.671000
0.693000
nan
nan
nan
0.686000
0.715000
0.753000
1.000000
nan
nan
0.961000
nan
nan
nan
nan
0.589000
