Coverage: 3661.855670
nan
0.154000
0.386000
1.000000
nan
1.000000
0.309000
0.077000
0.463000
0.232000
0.309000
0.232000
nan
nan
nan
nan
nan
0.309000
0.000000
0.386000
0.154000
nan
0.309000
0.154000
nan
nan
0.232000
nan
nan
0.309000
nan
0.154000
1.000000
nan
nan
0.237000
0.316000
nan
0.870000
nan
nan
0.316000
0.632000
1.000000
0.474000
0.395000
0.079000
0.237000
0.316000
0.395000
0.553000
0.237000
0.000000
0.448000
nan
nan
nan
nan
0.537000
0.537000
0.935000
0.179000
0.269000
nan
0.000000
0.537000
0.716000
nan
1.000000
0.448000
0.537000
0.627000
0.895000
0.537000
0.806000
nan
nan
0.627000
0.358000
0.358000
0.090000
0.627000
nan
nan
0.627000
0.269000
0.358000
nan
0.179000
0.179000
0.000000
0.895000
0.269000
nan
