Coverage: 134959.600998
nan
0.703000
nan
0.143000
1.000000
nan
0.181000
0.193000
0.132000
0.128000
0.135000
nan
0.048000
0.122000
0.104000
0.030000
nan
nan
0.023000
0.018000
0.019000
nan
nan
0.023000
0.025000
nan
nan
nan
nan
nan
nan
0.087000
nan
nan
0.019000
0.018000
0.082000
0.026000
nan
nan
nan
nan
nan
nan
nan
nan
0.022000
0.018000
0.012000
0.011000
nan
nan
nan
0.011000
nan
nan
nan
0.747000
nan
1.000000
nan
1.000000
nan
1.000000
nan
nan
nan
0.478000
0.367000
0.263000
nan
0.496000
nan
0.582000
0.367000
0.882000
0.588000
nan
0.459000
0.514000
0.490000
0.655000
0.190000
nan
0.943000
nan
0.931000
0.631000
nan
0.692000
0.839000
0.563000
nan
0.716000
0.496000
nan
nan
0.349000
nan
nan
nan
0.122000
0.227000
0.122000
0.147000
0.092000
nan
0.190000
nan
nan
0.037000
0.104000
nan
nan
0.031000
0.055000
nan
nan
nan
0.024000
0.061000
0.049000
nan
0.049000
0.098000
nan
0.024000
0.031000
0.061000
nan
nan
nan
0.055000
nan
0.037000
0.037000
nan
0.024000
nan
0.049000
0.049000
nan
nan
nan
0.483000
0.725000
1.000000
0.363000
0.544000
nan
0.000000
nan
0.000000
nan
nan
nan
0.181000
nan
nan
nan
nan
0.000000
nan
0.121000
nan
0.604000
0.846000
0.665000
nan
nan
nan
0.121000
0.181000
1.000000
nan
nan
0.544000
nan
nan
nan
0.665000
nan
0.665000
nan
0.000000
0.363000
0.121000
0.604000
nan
nan
nan
nan
nan
nan
0.181000
nan
nan
nan
0.302000
nan
0.544000
nan
0.363000
1.000000
nan
0.846000
0.967000
0.363000
nan
nan
nan
0.483000
nan
nan
0.242000
0.604000
0.121000
0.121000
0.544000
nan
0.423000
nan
0.242000
0.060000
0.363000
0.363000
0.725000
0.363000
0.423000
0.121000
0.181000
0.665000
nan
nan
0.785000
0.785000
0.346000
nan
1.000000
1.000000
1.000000
0.693000
0.866000
0.519000
0.952000
nan
nan
nan
nan
nan
nan
0.260000
nan
0.816000
nan
0.272000
0.181000
0.181000
nan
nan
nan
nan
0.635000
nan
nan
nan
0.091000
nan
0.544000
0.181000
nan
0.272000
0.091000
nan
0.907000
0.544000
0.363000
nan
0.976000
0.453000
nan
0.272000
nan
nan
0.544000
nan
0.000000
0.000000
0.000000
nan
0.544000
nan
0.725000
0.976000
0.453000
0.363000
nan
nan
nan
nan
nan
