Coverage: 162452.808989
nan
nan
nan
0.091000
0.050000
0.063000
nan
nan
0.029000
1.000000
0.037000
0.042000
nan
0.067000
nan
nan
0.027000
0.044000
0.046000
nan
0.082000
0.100000
0.067000
0.077000
nan
nan
0.092000
0.072000
nan
nan
nan
0.069000
nan
1.000000
0.031000
0.026000
0.233000
0.125000
0.017000
nan
nan
0.088000
0.255000
0.056000
0.041000
0.142000
0.067000
0.051000
0.181000
0.055000
nan
0.233000
nan
nan
nan
0.164000
nan
0.252000
nan
nan
nan
nan
0.041000
nan
nan
nan
nan
0.115000
0.137000
nan
0.386000
0.134000
0.304000
nan
nan
nan
nan
0.116000
0.180000
nan
0.191000
1.000000
nan
nan
nan
0.101000
nan
0.121000
0.119000
0.090000
1.000000
nan
nan
nan
nan
0.063000
nan
nan
0.150000
0.144000
nan
0.089000
0.107000
0.099000
0.106000
0.101000
0.115000
nan
nan
0.041000
0.074000
0.115000
0.083000
0.087000
1.000000
nan
0.074000
0.119000
nan
0.046000
0.889000
0.049000
0.041000
nan
nan
nan
nan
0.054000
0.068000
1.000000
nan
nan
1.000000
nan
nan
1.000000
nan
nan
nan
0.700000
nan
0.565000
nan
nan
nan
0.598000
nan
0.384000
nan
nan
nan
nan
nan
nan
0.592000
nan
0.370000
0.777000
nan
nan
nan
0.409000
0.263000
0.367000
0.152000
0.245000
nan
0.132000
nan
nan
nan
nan
0.410000
0.271000
0.220000
nan
0.146000
nan
nan
nan
nan
nan
0.132000
nan
nan
0.200000
0.196000
0.172000
0.349000
nan
nan
0.364000
0.390000
0.311000
0.316000
0.452000
nan
nan
nan
nan
0.220000
0.184000
0.206000
0.232000
0.322000
nan
0.406000
nan
nan
nan
nan
nan
nan
0.480000
0.168000
nan
nan
0.419000
0.515000
nan
nan
nan
nan
nan
0.326000
nan
nan
0.211000
nan
0.407000
nan
0.251000
nan
nan
nan
0.133000
0.132000
0.285000
0.470000
0.375000
0.380000
0.904000
nan
0.821000
nan
0.380000
nan
0.663000
0.954000
1.000000
0.769000
1.000000
0.924000
nan
nan
nan
0.503000
nan
0.952000
0.874000
0.808000
nan
0.927000
nan
0.594000
0.378000
0.545000
nan
nan
nan
nan
nan
nan
nan
0.410000
0.944000
0.723000
0.370000
0.533000
0.348000
0.520000
0.735000
0.416000
0.397000
0.293000
0.409000
nan
nan
nan
0.574000
nan
nan
0.535000
0.497000
0.353000
0.357000
0.442000
nan
0.360000
0.335000
nan
0.375000
0.493000
nan
nan
nan
1.000000
0.293000
0.457000
0.507000
nan
nan
0.293000
nan
0.601000
nan
nan
nan
nan
nan
0.473000
nan
0.420000
0.447000
0.297000
0.370000
1.000000
nan
0.753000
0.895000
0.593000
nan
0.925000
nan
0.803000
nan
0.436000
0.604000
0.497000
nan
nan
nan
1.000000
nan
nan
nan
0.872000
0.998000
nan
nan
nan
0.348000
nan
0.264000
1.000000
nan
nan
nan
0.891000
0.681000
nan
nan
nan
0.440000
0.627000
0.554000
nan
0.306000
nan
nan
0.367000
nan
nan
nan
nan
0.681000
nan
0.677000
0.409000
nan
0.676000
0.710000
0.670000
nan
0.501000
0.219000
nan
nan
nan
nan
0.478000
0.446000
0.407000
0.180000
nan
0.579000
0.115000
nan
0.313000
0.219000
nan
0.305000
nan
nan
0.501000
0.282000
nan
nan
0.391000
0.329000
nan
0.157000
0.399000
0.097000
0.121000
nan
0.172000
nan
0.149000
0.196000
nan
nan
0.462000
0.355000
nan
0.284000
0.249000
0.130000
0.189000
0.497000
0.237000
0.107000
nan
0.166000
