Coverage: 4696.216216
0.982000
0.770000
nan
nan
nan
0.435000
0.535000
0.558000
nan
0.112000
nan
nan
nan
nan
nan
nan
0.335000
nan
nan
0.301000
nan
nan
0.982000
nan
0.647000
0.580000
nan
nan
0.680000
0.424000
nan
nan
nan
0.379000
nan
0.861000
nan
0.234000
nan
nan
nan
nan
0.394000
0.713000
nan
nan
nan
0.430000
nan
nan
nan
nan
0.578000
nan
nan
nan
nan
nan
0.627000
1.000000
0.369000
0.529000
nan
0.787000
0.935000
nan
0.652000
nan
nan
0.701000
0.664000
nan
0.551000
nan
nan
nan
nan
0.685000
nan
0.632000
0.874000
nan
nan
nan
nan
