Coverage: 96205.813953
nan
0.914000
0.794000
nan
nan
nan
0.702000
0.698000
nan
0.557000
nan
0.445000
nan
nan
0.731000
0.905000
0.896000
1.000000
nan
0.850000
0.404000
0.485000
nan
nan
nan
0.357000
nan
nan
nan
0.694000
nan
0.921000
nan
nan
0.362000
nan
nan
nan
0.233000
nan
0.198000
0.254000
nan
0.826000
nan
nan
0.454000
0.502000
nan
0.385000
nan
1.000000
nan
0.974000
0.807000
0.608000
nan
0.604000
0.481000
0.691000
1.000000
nan
0.229000
0.229000
0.710000
0.229000
nan
nan
nan
nan
0.357000
nan
nan
nan
nan
0.358000
0.353000
0.833000
0.544000
nan
nan
1.000000
0.385000
0.304000
nan
0.358000
0.315000
nan
nan
nan
0.934000
nan
0.837000
0.770000
nan
nan
nan
nan
nan
0.594000
0.951000
0.327000
0.634000
nan
nan
nan
0.509000
nan
nan
0.548000
nan
nan
nan
0.565000
nan
nan
nan
nan
0.682000
nan
nan
nan
nan
0.891000
0.612000
0.434000
nan
0.373000
0.557000
nan
nan
0.350000
nan
1.000000
0.665000
nan
0.595000
0.459000
0.576000
nan
nan
0.807000
0.782000
1.000000
0.459000
nan
nan
nan
nan
nan
0.783000
0.800000
nan
nan
nan
nan
0.764000
0.262000
nan
nan
0.460000
0.352000
0.667000
nan
nan
nan
0.775000
nan
0.517000
0.529000
0.354000
nan
nan
0.315000
nan
0.719000
0.398000
0.497000
0.853000
0.404000
nan
0.819000
nan
nan
nan
0.680000
0.688000
0.559000
0.331000
0.499000
0.348000
nan
nan
0.342000
nan
0.994000
0.719000
1.000000
0.758000
1.000000
0.309000
0.309000
nan
nan
0.990000
nan
nan
nan
nan
nan
nan
0.772000
nan
nan
0.594000
0.335000
0.331000
0.398000
0.446000
0.942000
1.000000
nan
nan
nan
nan
nan
0.641000
0.508000
0.522000
nan
nan
nan
nan
0.309000
nan
0.489000
0.587000
nan
nan
nan
nan
nan
0.476000
nan
0.500000
0.417000
0.710000
0.685000
nan
nan
nan
nan
0.438000
0.543000
nan
0.348000
0.560000
nan
nan
nan
nan
0.495000
0.418000
nan
nan
nan
nan
nan
nan
nan
0.452000
0.543000
0.397000
0.436000
nan
0.469000
0.539000
0.975000
0.781000
0.712000
0.815000
1.000000
0.741000
0.731000
0.958000
0.480000
nan
0.547000
nan
0.961000
nan
0.570000
nan
0.727000
0.754000
0.577000
0.339000
nan
0.143000
nan
nan
nan
0.150000
0.179000
0.228000
0.347000
nan
1.000000
nan
nan
0.947000
0.825000
nan
nan
nan
nan
0.238000
0.133000
0.165000
nan
nan
nan
nan
0.431000
nan
0.607000
nan
nan
0.626000
0.668000
