Coverage: 1640.769231
nan
nan
nan
nan
0.000000
0.167000
nan
0.167000
nan
0.000000
nan
nan
0.000000
0.000000
0.000000
0.000000
0.000000
nan
0.167000
0.167000
0.000000
0.167000
nan
0.333000
0.167000
nan
nan
1.000000
0.333000
1.000000
nan
nan
nan
1.000000
0.000000
0.333000
1.000000
0.167000
0.248000
1.000000
nan
nan
nan
nan
nan
nan
nan
nan
nan
0.000000
nan
0.099000
0.199000
nan
nan
nan
nan
0.149000
nan
nan
nan
0.298000
nan
nan
nan
0.298000
nan
0.099000
nan
0.347000
nan
nan
nan
0.298000
nan
0.496000
0.248000
0.050000
0.050000
0.099000
0.347000
0.149000
0.248000
nan
0.000000
0.099000
nan
nan
0.298000
0.000000
nan
nan
0.248000
0.099000
nan
nan
nan
nan
nan
0.248000
nan
0.050000
nan
0.050000
0.199000
0.347000
0.645000
0.248000
0.050000
0.000000
0.149000
nan
nan
nan
0.447000
nan
0.149000
nan
nan
nan
nan
0.447000
nan
nan
1.000000
nan
0.298000
0.248000
0.099000
nan
nan
0.050000
nan
nan
0.000000
nan
0.000000
nan
nan
0.447000
1.000000
nan
nan
nan
nan
nan
nan
nan
0.149000
0.447000
nan
nan
0.596000
0.137000
0.206000
0.000000
1.000000
nan
nan
nan
nan
nan
0.206000
nan
nan
0.344000
nan
nan
0.344000
nan
nan
0.137000
nan
nan
nan
nan
nan
0.275000
0.069000
nan
0.481000
nan
nan
1.000000
nan
nan
0.000000
0.412000
0.412000
0.481000
nan
nan
nan
0.069000
0.000000
nan
nan
0.137000
0.137000
nan
0.000000
0.000000
0.532000
nan
nan
nan
nan
0.981000
nan
0.621000
nan
nan
nan
nan
0.089000
0.000000
nan
nan
nan
nan
nan
nan
nan
0.621000
nan
0.177000
0.355000
nan
nan
nan
nan
nan
nan
nan
1.000000
nan
nan
nan
nan
nan
0.878000
nan
nan
nan
0.000000
nan
0.000000
nan
nan
nan
nan
nan
nan
0.177000
nan
0.000000
nan
nan
0.000000
0.089000
nan
0.000000
0.000000
0.000000
nan
0.000000
0.000000
nan
nan
nan
nan
nan
nan
0.000000
0.000000
nan
0.089000
0.000000
nan
0.000000
nan
nan
nan
0.000000
0.000000
0.000000
nan
nan
nan
nan
