Coverage: 27315.950920
0.059000
0.062000
nan
0.123000
1.000000
nan
0.231000
nan
0.142000
0.137000
nan
0.162000
0.153000
nan
0.235000
nan
0.224000
nan
0.064000
nan
1.000000
0.121000
0.129000
0.166000
0.127000
0.160000
nan
nan
nan
nan
0.975000
nan
nan
0.075000
0.059000
0.140000
0.188000
nan
nan
0.181000
0.923000
0.143000
0.124000
nan
0.131000
nan
0.735000
0.645000
nan
0.577000
0.957000
0.730000
0.506000
0.716000
0.359000
nan
1.000000
0.376000
nan
nan
nan
nan
0.417000
0.489000
1.000000
nan
nan
nan
0.531000
nan
0.687000
0.645000
nan
nan
0.331000
nan
0.272000
nan
0.378000
nan
nan
nan
nan
0.436000
0.631000
nan
0.587000
0.425000
nan
nan
nan
0.793000
nan
0.495000
1.000000
0.530000
nan
0.434000
0.439000
nan
0.757000
nan
nan
nan
0.704000
0.294000
nan
0.206000
0.227000
0.075000
nan
nan
nan
nan
nan
0.737000
0.678000
0.508000
0.333000
0.186000
0.070000
0.070000
nan
nan
nan
nan
0.070000
nan
nan
0.647000
nan
0.544000
0.429000
nan
nan
0.662000
nan
0.803000
0.204000
nan
nan
0.156000
nan
nan
1.000000
nan
nan
0.510000
1.000000
1.000000
nan
nan
nan
nan
0.560000
nan
0.409000
nan
nan
0.466000
nan
0.346000
nan
0.500000
nan
0.640000
0.953000
nan
nan
nan
nan
nan
nan
nan
nan
0.802000
nan
nan
nan
0.396000
0.479000
nan
0.789000
0.364000
0.445000
0.677000
0.963000
nan
0.406000
0.193000
0.281000
0.406000
nan
0.383000
0.292000
nan
0.359000
nan
0.302000
0.213000
0.265000
nan
nan
0.515000
nan
0.994000
nan
0.216000
nan
0.130000
nan
nan
nan
0.195000
0.180000
nan
0.130000
nan
nan
0.133000
0.190000
nan
0.229000
0.320000
nan
nan
0.258000
0.187000
0.193000
0.239000
nan
nan
nan
nan
nan
0.193000
nan
0.284000
nan
0.095000
0.095000
0.095000
nan
0.109000
nan
nan
nan
nan
0.468000
1.000000
0.538000
nan
nan
nan
nan
0.421000
0.749000
0.444000
0.468000
nan
nan
nan
nan
nan
0.865000
nan
nan
nan
nan
nan
nan
0.164000
0.164000
nan
nan
0.608000
0.561000
0.351000
nan
nan
0.327000
0.632000
0.538000
0.772000
nan
nan
nan
0.444000
nan
0.234000
nan
0.515000
nan
0.936000
nan
0.515000
1.000000
nan
nan
0.912000
0.678000
nan
0.772000
nan
nan
0.125000
0.125000
nan
0.234000
0.125000
nan
0.561000
nan
1.000000
nan
nan
nan
nan
nan
nan
nan
nan
0.561000
nan
0.257000
nan
0.268000
nan
0.476000
0.744000
nan
nan
0.839000
nan
nan
nan
nan
nan
0.774000
0.566000
nan
0.447000
0.596000
0.715000
nan
0.238000
0.298000
nan
0.387000
nan
nan
nan
0.447000
nan
nan
nan
0.968000
0.268000
0.715000
nan
nan
nan
0.832000
nan
nan
nan
0.181000
0.796000
1.000000
nan
nan
nan
0.398000
nan
0.145000
0.832000
nan
0.253000
nan
nan
0.723000
0.904000
nan
nan
nan
0.940000
0.470000
nan
nan
