Coverage: 5606.074766
0.568000
0.617000
nan
nan
nan
0.802000
0.914000
0.568000
0.469000
0.864000
0.988000
nan
nan
nan
nan
0.716000
0.840000
nan
nan
0.840000
nan
nan
0.457000
nan
nan
1.000000
nan
0.246000
nan
nan
0.444000
nan
nan
1.000000
0.494000
nan
nan
0.802000
0.321000
0.383000
nan
0.457000
0.246000
nan
nan
0.395000
0.889000
nan
0.309000
nan
nan
0.556000
nan
0.272000
0.309000
0.716000
1.000000
0.774000
0.679000
0.688000
nan
nan
0.717000
0.545000
0.832000
nan
0.249000
nan
nan
nan
0.182000
0.239000
0.315000
nan
0.822000
0.641000
0.813000
0.832000
1.000000
nan
nan
1.000000
nan
nan
0.918000
nan
nan
nan
0.937000
nan
nan
nan
0.143000
nan
nan
nan
0.822000
1.000000
nan
0.612000
0.918000
0.430000
0.793000
0.707000
0.832000
0.803000
nan
0.851000
nan
0.736000
0.717000
0.440000
nan
nan
