Coverage: 34299.692308
0.621000
nan
nan
nan
nan
nan
nan
nan
nan
nan
nan
0.282000
0.209000
0.121000
0.102000
nan
0.246000
0.526000
nan
nan
nan
0.687000
nan
nan
nan
nan
nan
0.121000
nan
nan
nan
nan
0.286000
nan
0.578000
nan
nan
nan
0.573000
nan
nan
nan
1.000000
0.614000
nan
nan
0.528000
1.000000
1.000000
nan
nan
nan
nan
nan
nan
0.568000
nan
nan
nan
0.643000
0.609000
0.639000
nan
0.236000
nan
nan
nan
nan
nan
nan
nan
0.512000
0.500000
0.553000
0.569000
0.499000
0.299000
0.370000
0.345000
nan
nan
0.438000
nan
nan
0.261000
nan
nan
0.285000
nan
nan
0.636000
0.477000
nan
0.386000
0.929000
0.410000
nan
0.747000
0.404000
0.606000
nan
0.187000
0.332000
0.318000
0.329000
0.314000
nan
nan
nan
0.658000
0.593000
0.634000
nan
0.284000
0.248000
nan
nan
nan
nan
nan
nan
nan
0.627000
0.847000
0.816000
nan
nan
0.718000
0.183000
0.183000
0.184000
0.210000
nan
0.228000
nan
1.000000
1.000000
nan
0.733000
0.811000
nan
nan
0.183000
nan
nan
nan
nan
0.688000
nan
nan
nan
0.641000
0.575000
0.644000
0.898000
nan
nan
1.000000
0.339000
0.766000
0.650000
nan
nan
nan
nan
nan
nan
nan
nan
nan
0.444000
0.427000
0.339000
0.414000
nan
0.923000
0.672000
1.000000
0.939000
0.865000
1.000000
nan
nan
nan
nan
nan
nan
nan
nan
1.000000
nan
0.832000
0.524000
nan
nan
0.344000
nan
0.423000
0.513000
0.463000
0.526000
0.372000
nan
nan
0.386000
nan
nan
nan
0.580000
0.709000
0.734000
nan
nan
nan
nan
nan
0.713000
0.907000
nan
0.795000
0.724000
nan
nan
0.660000
nan
0.650000
nan
0.736000
0.801000
nan
nan
nan
0.345000
nan
nan
0.530000
nan
nan
nan
0.653000
0.474000
nan
0.444000
0.381000
0.663000
0.561000
0.825000
0.513000
nan
nan
nan
nan
nan
nan
0.711000
0.686000
nan
nan
0.339000
0.770000
0.431000
0.624000
0.816000
nan
nan
1.000000
nan
0.340000
nan
nan
1.000000
0.634000
nan
nan
nan
1.000000
0.916000
nan
nan
0.201000
nan
nan
nan
0.308000
0.752000
nan
0.664000
0.989000
nan
0.421000
0.275000
0.352000
nan
nan
0.283000
0.286000
nan
nan
nan
0.429000
0.341000
nan
nan
nan
0.728000
nan
nan
nan
nan
nan
nan
nan
nan
nan
nan
nan
0.319000
nan
nan
nan
0.237000
0.379000
0.402000
0.297000
nan
0.421000
0.346000
nan
0.398000
nan
nan
0.326000
nan
nan
nan
nan
0.229000
nan
0.160000
nan
0.100000
0.198000
0.148000
nan
0.136000
nan
0.123000
nan
0.076000
0.098000
0.095000
nan
0.118000
nan
0.069000
0.073000
0.093000
nan
nan
nan
0.059000
0.063000
nan
nan
nan
nan
0.107000
0.076000
nan
0.066000
0.059000
0.059000
nan
nan
1.000000
0.828000
1.000000
nan
nan
1.000000
1.000000
0.966000
0.897000
nan
nan
nan
nan
0.276000
nan
0.207000
0.379000
nan
0.345000
nan
nan
0.138000
0.138000
0.103000
nan
nan
0.448000
nan
0.138000
0.138000
nan
0.069000
nan
0.310000
0.448000
nan
nan
0.414000
nan
nan
0.034000
nan
0.241000
nan
nan
nan
nan
nan
0.034000
0.138000
nan
nan
0.172000
nan
nan
nan
0.241000
nan
nan
0.138000
0.207000
nan
nan
nan
nan
0.103000
0.103000
nan
nan
0.103000
nan
0.448000
nan
0.172000
nan
nan
nan
0.483000
0.483000
0.034000
nan
0.310000
0.103000
nan
nan
0.034000
0.069000
nan
nan
nan
nan
0.172000
0.207000
0.379000
0.241000
nan
nan
0.138000
nan
nan
nan
nan
nan
0.069000
0.034000
0.138000
0.172000
nan
nan
1.000000
nan
0.089000
nan
nan
0.089000
0.064000
1.000000
0.266000
nan
nan
0.976000
nan
nan
nan
0.177000
0.089000
0.532000
nan
nan
nan
nan
nan
0.064000
0.177000
nan
1.000000
nan
nan
0.887000
nan
nan
0.444000
nan
0.089000
0.177000
0.089000
0.266000
nan
nan
0.089000
0.532000
0.532000
0.532000
0.444000
nan
0.177000
0.266000
nan
nan
0.089000
nan
nan
0.976000
nan
0.621000
nan
nan
0.621000
nan
nan
nan
nan
nan
nan
nan
nan
