Coverage: 69777.458396
0.658000
0.468000
0.502000
0.323000
0.371000
0.888000
nan
nan
nan
0.675000
0.815000
nan
0.433000
0.517000
nan
nan
nan
nan
nan
0.477000
0.604000
0.734000
0.380000
nan
nan
nan
0.751000
0.604000
nan
0.483000
0.686000
0.675000
nan
0.947000
nan
nan
nan
1.000000
nan
nan
nan
nan
0.806000
0.956000
nan
nan
0.578000
1.000000
nan
nan
nan
nan
nan
nan
nan
0.178000
0.188000
0.211000
0.139000
0.139000
nan
0.139000
nan
nan
nan
0.387000
nan
nan
nan
nan
nan
0.642000
0.492000
nan
nan
nan
nan
nan
0.334000
nan
nan
nan
0.304000
0.318000
nan
0.256000
0.605000
nan
nan
nan
0.744000
0.765000
nan
0.652000
0.779000
nan
nan
nan
nan
nan
nan
nan
0.447000
nan
0.476000
nan
nan
nan
0.779000
0.571000
0.975000
0.390000
0.257000
0.494000
0.513000
0.957000
nan
nan
0.444000
nan
nan
0.673000
1.000000
nan
nan
nan
nan
0.446000
1.000000
0.643000
0.590000
nan
nan
0.348000
nan
0.428000
0.496000
1.000000
0.254000
0.419000
0.679000
nan
nan
nan
nan
nan
nan
0.380000
0.553000
0.550000
nan
0.180000
nan
nan
nan
nan
nan
nan
nan
nan
0.280000
0.225000
nan
nan
nan
0.139000
nan
nan
nan
0.651000
0.857000
0.917000
nan
1.000000
nan
0.213000
0.219000
0.281000
1.000000
1.000000
nan
nan
nan
0.953000
0.851000
nan
nan
nan
0.555000
0.280000
0.298000
0.213000
0.620000
0.863000
nan
0.497000
0.584000
nan
0.473000
0.924000
0.942000
nan
nan
nan
nan
0.388000
0.236000
0.369000
0.510000
nan
0.835000
0.791000
nan
nan
nan
nan
nan
0.625000
nan
0.725000
0.811000
nan
0.759000
nan
0.289000
0.350000
0.445000
0.517000
0.689000
0.937000
nan
0.604000
nan
0.714000
0.692000
0.808000
nan
0.578000
0.213000
nan
nan
nan
0.564000
0.607000
nan
0.539000
0.476000
0.730000
nan
nan
nan
0.583000
nan
nan
0.482000
0.493000
0.762000
0.641000
nan
0.623000
0.482000
0.388000
0.390000
0.569000
0.440000
0.836000
nan
nan
nan
1.000000
nan
nan
nan
0.706000
0.524000
0.592000
0.650000
0.722000
0.622000
0.693000
nan
0.887000
nan
0.638000
0.791000
0.653000
0.725000
nan
nan
nan
0.879000
nan
0.707000
nan
nan
nan
nan
nan
0.895000
0.703000
nan
0.575000
nan
nan
nan
0.552000
0.789000
0.707000
0.585000
nan
0.726000
0.518000
nan
nan
nan
nan
nan
nan
nan
0.411000
nan
1.000000
1.000000
nan
nan
0.643000
0.478000
0.352000
0.430000
nan
nan
nan
0.532000
nan
0.705000
0.675000
0.919000
0.598000
0.603000
0.777000
0.352000
nan
nan
0.352000
0.445000
0.593000
0.538000
0.649000
1.000000
nan
nan
nan
0.519000
0.640000
nan
0.740000
0.770000
nan
0.596000
nan
0.812000
1.000000
nan
0.236000
0.183000
0.183000
nan
nan
0.253000
nan
nan
0.754000
0.981000
1.000000
nan
0.763000
0.881000
nan
nan
0.183000
nan
nan
nan
0.248000
nan
0.643000
0.603000
nan
0.644000
0.517000
0.505000
nan
0.402000
0.368000
0.326000
0.468000
0.370000
0.656000
0.953000
nan
0.621000
nan
nan
nan
nan
0.580000
0.608000
nan
0.530000
0.206000
0.220000
0.188000
0.584000
0.671000
nan
nan
nan
nan
nan
0.239000
nan
nan
0.244000
nan
0.303000
nan
0.596000
0.689000
nan
nan
nan
nan
0.622000
nan
0.889000
nan
nan
nan
nan
1.000000
0.912000
nan
0.778000
nan
0.621000
0.685000
nan
nan
nan
0.544000
0.868000
nan
nan
0.936000
nan
nan
nan
nan
0.632000
1.000000
0.680000
0.684000
0.804000
0.397000
0.677000
0.633000
0.525000
0.818000
nan
1.000000
0.817000
0.345000
0.507000
0.319000
0.488000
0.607000
nan
nan
0.701000
nan
nan
0.654000
nan
nan
0.577000
0.617000
nan
0.531000
nan
0.433000
0.493000
0.369000
0.626000
0.419000
nan
0.328000
nan
nan
nan
0.241000
nan
0.241000
nan
nan
nan
0.348000
0.326000
nan
nan
nan
0.314000
nan
nan
nan
0.725000
0.643000
0.762000
0.771000
0.651000
0.541000
nan
nan
0.557000
nan
nan
0.559000
0.700000
0.602000
nan
0.748000
nan
nan
0.624000
0.551000
nan
0.666000
0.332000
0.613000
0.635000
nan
0.635000
nan
0.394000
nan
0.332000
nan
0.219000
0.278000
0.239000
nan
0.469000
nan
0.169000
0.250000
nan
nan
0.160000
nan
0.110000
0.343000
nan
