Coverage: 75514.964789
0.503000
0.570000
nan
1.000000
0.694000
0.844000
1.000000
nan
0.754000
0.513000
nan
0.336000
nan
nan
0.636000
0.353000
0.337000
0.407000
0.393000
0.460000
0.563000
nan
nan
0.763000
0.610000
nan
0.651000
0.728000
nan
0.928000
0.656000
0.826000
0.974000
nan
nan
0.427000
nan
nan
0.888000
0.504000
0.866000
nan
0.439000
0.373000
0.413000
0.305000
0.271000
nan
0.227000
0.395000
nan
nan
0.310000
0.382000
0.389000
nan
0.234000
nan
0.317000
0.337000
nan
0.216000
nan
nan
nan
0.432000
nan
nan
0.186000
0.144000
0.374000
0.581000
nan
nan
0.379000
nan
nan
0.418000
nan
nan
nan
nan
nan
0.189000
0.296000
nan
0.892000
0.627000
nan
0.380000
0.351000
nan
nan
0.131000
nan
0.200000
0.158000
nan
0.178000
nan
0.119000
0.146000
0.118000
0.187000
1.000000
0.935000
0.685000
0.819000
nan
nan
nan
nan
nan
nan
0.118000
nan
nan
0.118000
nan
nan
nan
nan
nan
1.000000
0.776000
nan
0.464000
0.458000
nan
0.438000
0.559000
0.852000
nan
nan
nan
nan
0.779000
nan
nan
1.000000
0.800000
0.986000
0.818000
0.781000
nan
0.604000
nan
0.181000
0.181000
0.186000
1.000000
1.000000
0.371000
nan
0.809000
0.881000
nan
0.279000
0.184000
0.586000
0.753000
nan
0.831000
1.000000
0.997000
nan
nan
nan
nan
0.226000
nan
0.890000
0.456000
0.324000
0.384000
nan
nan
nan
0.856000
nan
0.812000
0.790000
nan
0.339000
nan
nan
nan
0.868000
0.877000
0.797000
0.481000
nan
0.312000
0.265000
nan
0.181000
0.633000
0.845000
0.614000
nan
0.417000
nan
nan
nan
nan
0.639000
0.833000
0.655000
nan
nan
0.390000
nan
nan
0.268000
0.493000
0.552000
0.567000
nan
nan
nan
0.756000
0.827000
0.285000
0.403000
0.587000
nan
nan
0.439000
nan
0.375000
0.134000
nan
nan
nan
nan
nan
0.123000
0.131000
0.157000
nan
0.517000
nan
nan
nan
0.468000
0.635000
nan
nan
nan
nan
0.171000
nan
nan
nan
0.847000
0.201000
0.111000
0.111000
1.000000
nan
0.220000
0.261000
nan
nan
nan
nan
0.587000
nan
nan
0.254000
0.259000
nan
nan
nan
nan
0.220000
0.283000
0.407000
0.162000
0.270000
nan
0.216000
nan
nan
0.496000
0.160000
nan
0.125000
nan
0.760000
0.372000
nan
0.867000
nan
nan
0.128000
nan
0.151000
0.123000
1.000000
0.844000
nan
nan
nan
nan
nan
0.111000
nan
0.178000
0.757000
0.523000
0.295000
nan
0.207000
nan
0.235000
nan
nan
nan
nan
nan
0.441000
nan
nan
nan
0.324000
1.000000
nan
0.436000
nan
0.239000
0.333000
0.539000
0.404000
0.863000
1.000000
nan
0.665000
0.704000
0.682000
1.000000
nan
0.599000
nan
nan
nan
0.324000
0.317000
0.365000
nan
nan
nan
nan
1.000000
0.577000
nan
0.340000
0.280000
0.362000
0.332000
nan
nan
0.441000
nan
0.348000
nan
0.217000
0.237000
nan
0.271000
nan
0.839000
0.557000
nan
0.191000
0.129000
0.487000
0.564000
0.414000
nan
nan
nan
nan
nan
nan
0.099000
0.497000
nan
nan
0.167000
nan
nan
nan
nan
0.093000
nan
0.058000
nan
nan
nan
nan
0.075000
0.113000
0.166000
nan
nan
nan
0.062000
0.054000
nan
0.067000
nan
nan
nan
nan
0.081000
nan
nan
0.054000
0.079000
0.542000
nan
0.528000
0.527000
0.729000
nan
0.689000
0.567000
nan
0.182000
0.729000
0.486000
nan
nan
nan
nan
nan
nan
nan
0.547000
0.223000
0.365000
0.122000
0.466000
0.446000
nan
nan
0.486000
0.405000
0.263000
nan
0.182000
0.486000
0.811000
nan
0.284000
nan
0.446000
0.385000
0.547000
0.223000
0.243000
0.223000
nan
nan
nan
nan
nan
