Coverage: 1025.112108
0.590000
0.738000
nan
nan
0.886000
0.221000
nan
0.812000
nan
0.959000
nan
0.664000
0.148000
0.812000
0.221000
0.443000
0.295000
0.664000
nan
nan
nan
0.221000
nan
nan
0.148000
nan
nan
0.443000
0.148000
0.369000
0.812000
0.000000
0.590000
nan
0.517000
0.143000
0.333000
0.000000
nan
0.000000
nan
nan
0.000000
nan
0.571000
nan
0.238000
nan
0.429000
0.714000
0.143000
0.524000
nan
nan
0.381000
nan
nan
0.286000
nan
0.190000
0.190000
0.190000
0.476000
1.000000
nan
nan
0.333000
0.273000
0.137000
0.455000
nan
nan
0.911000
0.182000
0.273000
0.137000
0.137000
0.043000
0.729000
0.957000
0.364000
nan
nan
nan
nan
nan
nan
nan
0.228000
nan
nan
0.957000
nan
0.683000
nan
0.273000
0.865000
nan
nan
0.364000
nan
0.957000
nan
0.273000
nan
0.182000
nan
nan
0.683000
0.364000
0.957000
nan
nan
nan
0.501000
nan
0.683000
nan
0.043000
nan
nan
0.273000
nan
