Coverage: 561.702128
nan
0.585000
0.819000
0.468000
0.702000
0.468000
nan
0.234000
nan
nan
nan
nan
nan
0.936000
nan
nan
nan
nan
0.468000
nan
0.702000
1.000000
nan
nan
0.468000
nan
nan
0.468000
nan
0.468000
0.819000
nan
0.217000
nan
0.434000
0.868000
nan
0.542000
nan
0.434000
nan
nan
1.000000
nan
nan
0.950000
nan
nan
0.000000
nan
nan
0.200000
nan
nan
nan
nan
0.800000
1.000000
nan
0.100000
nan
nan
1.000000
0.600000
0.400000
0.400000
nan
nan
0.600000
nan
0.400000
nan
0.200000
0.900000
nan
nan
nan
0.600000
0.500000
nan
nan
nan
nan
nan
nan
0.000000
0.400000
1.000000
