Coverage: 26085.120000
nan
nan
nan
nan
nan
nan
0.694000
nan
1.000000
nan
nan
nan
nan
nan
nan
nan
nan
nan
nan
nan
nan
nan
nan
0.345000
nan
0.340000
nan
0.345000
nan
nan
nan
nan
nan
nan
nan
0.412000
0.797000
0.266000
nan
nan
0.327000
0.226000
nan
nan
nan
nan
0.944000
0.991000
0.627000
nan
0.947000
0.779000
nan
0.736000
nan
nan
0.830000
nan
nan
nan
0.367000
0.275000
nan
0.233000
0.358000
nan
nan
0.546000
nan
1.000000
nan
nan
nan
nan
1.000000
nan
nan
0.962000
0.893000
nan
nan
nan
nan
nan
1.000000
nan
nan
0.948000
0.229000
0.210000
nan
0.314000
0.210000
0.893000
nan
0.937000
1.000000
nan
0.539000
nan
0.370000
0.415000
nan
nan
0.771000
nan
0.572000
nan
0.696000
nan
nan
nan
nan
nan
nan
nan
nan
nan
nan
0.521000
nan
nan
0.581000
nan
nan
nan
0.847000
nan
0.478000
0.673000
0.406000
nan
nan
nan
nan
nan
0.404000
0.431000
0.500000
1.000000
0.856000
0.840000
nan
0.565000
0.517000
nan
nan
0.888000
nan
0.673000
nan
0.385000
0.392000
nan
0.975000
nan
nan
nan
nan
nan
0.210000
nan
0.842000
nan
nan
0.948000
0.211000
nan
nan
nan
0.514000
nan
nan
0.450000
0.409000
0.525000
0.239000
0.413000
0.657000
nan
nan
0.415000
0.530000
nan
nan
0.230000
nan
0.231000
0.218000
0.401000
nan
0.953000
0.448000
0.532000
0.566000
0.918000
nan
nan
nan
nan
nan
0.589000
0.652000
nan
nan
nan
nan
0.865000
0.918000
nan
0.873000
nan
nan
nan
0.709000
0.550000
0.258000
0.218000
0.311000
nan
nan
0.411000
0.323000
nan
nan
nan
nan
0.683000
nan
nan
0.286000
0.218000
0.579000
nan
nan
0.693000
0.650000
nan
0.630000
nan
0.527000
0.552000
nan
nan
nan
0.679000
0.822000
nan
nan
nan
nan
nan
nan
nan
0.683000
nan
nan
0.660000
nan
nan
0.808000
0.554000
nan
nan
nan
0.564000
0.609000
nan
1.000000
nan
0.546000
0.472000
nan
nan
nan
0.985000
nan
0.720000
0.523000
nan
0.636000
nan
0.577000
1.000000
0.660000
0.695000
1.000000
nan
nan
nan
nan
nan
0.756000
0.376000
0.632000
0.389000
0.593000
nan
nan
nan
0.231000
0.501000
0.481000
nan
nan
0.382000
nan
nan
nan
nan
nan
nan
0.191000
0.226000
0.307000
nan
nan
nan
nan
nan
nan
0.782000
0.939000
0.162000
0.143000
0.210000
nan
nan
nan
0.353000
nan
nan
0.226000
0.203000
0.246000
nan
nan
0.772000
nan
nan
nan
0.553000
nan
nan
0.653000
nan
0.710000
0.398000
0.605000
0.605000
nan
0.568000
nan
nan
0.269000
nan
nan
nan
0.465000
nan
nan
0.939000
0.991000
nan
nan
nan
nan
nan
nan
nan
0.208000
nan
0.215000
nan
0.146000
0.143000
0.145000
0.143000
0.935000
nan
0.400000
nan
nan
nan
nan
0.966000
0.658000
nan
1.000000
nan
nan
1.000000
nan
nan
nan
0.934000
1.000000
0.444000
0.481000
nan
0.322000
nan
0.186000
1.000000
nan
0.895000
0.957000
nan
nan
nan
nan
nan
0.433000
nan
nan
0.356000
nan
nan
0.211000
0.211000
0.257000
0.391000
0.390000
0.657000
nan
0.687000
nan
0.560000
nan
nan
1.000000
0.583000
0.519000
nan
0.802000
0.635000
nan
nan
nan
nan
nan
0.627000
nan
nan
0.686000
nan
nan
0.972000
nan
nan
nan
nan
0.463000
0.519000
nan
nan
1.000000
nan
nan
nan
nan
nan
nan
nan
0.426000
0.968000
nan
0.696000
nan
0.556000
0.424000
0.930000
nan
0.719000
nan
0.699000
0.967000
0.991000
nan
0.940000
nan
0.612000
nan
0.734000
nan
nan
0.928000
nan
nan
nan
nan
nan
nan
0.684000
nan
nan
nan
0.703000
0.372000
0.519000
0.752000
nan
nan
0.758000
nan
0.821000
nan
0.773000
nan
nan
nan
nan
nan
nan
nan
0.225000
nan
nan
nan
0.189000
0.446000
0.430000
nan
nan
nan
