Coverage: 140259.902200
0.823000
nan
nan
nan
0.380000
0.262000
0.260000
0.351000
0.642000
0.696000
nan
nan
nan
0.593000
0.531000
0.735000
0.677000
1.000000
nan
nan
nan
0.800000
nan
nan
nan
nan
0.213000
0.338000
0.436000
0.185000
0.373000
0.497000
0.367000
nan
nan
nan
nan
0.314000
0.279000
nan
0.577000
nan
0.428000
nan
nan
nan
0.753000
0.657000
0.602000
0.721000
nan
0.607000
nan
0.637000
nan
nan
nan
0.542000
0.663000
nan
0.472000
0.508000
nan
0.441000
0.561000
0.308000
nan
nan
0.508000
nan
0.894000
1.000000
0.769000
0.724000
0.982000
nan
0.659000
0.480000
nan
nan
nan
0.783000
nan
0.411000
nan
nan
nan
nan
0.598000
0.329000
0.448000
0.248000
0.248000
nan
0.248000
0.256000
nan
0.329000
0.289000
0.511000
1.000000
1.000000
0.851000
0.690000
nan
nan
nan
nan
0.259000
nan
nan
nan
nan
nan
0.668000
0.507000
nan
nan
0.890000
0.463000
nan
0.296000
nan
0.346000
0.305000
0.443000
0.436000
nan
nan
0.522000
0.508000
0.752000
0.523000
0.583000
nan
0.549000
0.520000
0.590000
nan
0.383000
0.380000
0.356000
0.360000
0.451000
0.497000
nan
0.558000
nan
0.777000
0.427000
0.580000
0.688000
nan
0.643000
nan
nan
0.725000
0.401000
nan
0.386000
0.363000
0.424000
0.620000
nan
nan
0.782000
nan
nan
nan
nan
nan
nan
0.571000
0.740000
0.610000
0.988000
nan
nan
nan
0.623000
0.674000
0.807000
1.000000
nan
nan
nan
0.629000
0.427000
0.538000
nan
0.670000
0.643000
nan
nan
0.560000
nan
0.750000
0.957000
nan
nan
nan
nan
0.816000
0.356000
0.508000
nan
0.594000
1.000000
0.962000
1.000000
nan
0.409000
0.368000
nan
nan
nan
nan
nan
nan
nan
0.449000
0.356000
nan
nan
nan
nan
0.609000
0.276000
nan
0.480000
nan
nan
0.218000
0.138000
nan
nan
nan
0.304000
nan
0.578000
0.717000
0.740000
nan
0.283000
0.232000
nan
nan
nan
nan
0.332000
nan
nan
nan
nan
nan
nan
nan
nan
nan
0.400000
nan
nan
0.974000
0.203000
nan
nan
nan
nan
0.788000
nan
nan
nan
nan
nan
nan
nan
0.592000
0.725000
nan
0.566000
0.503000
0.917000
nan
nan
0.458000
nan
nan
nan
0.607000
0.657000
0.616000
0.608000
nan
nan
nan
0.746000
1.000000
nan
0.538000
nan
nan
nan
nan
nan
nan
0.737000
nan
0.206000
nan
