Coverage: 36454.713494
0.610000
0.883000
0.483000
0.814000
0.666000
0.460000
0.577000
0.488000
nan
nan
nan
nan
0.964000
0.605000
nan
0.333000
1.000000
0.690000
nan
0.599000
0.793000
0.910000
1.000000
1.000000
nan
0.561000
nan
nan
nan
nan
0.673000
0.868000
nan
nan
0.287000
nan
nan
0.260000
0.260000
nan
nan
nan
nan
nan
1.000000
nan
0.778000
nan
0.267000
0.339000
0.291000
nan
nan
nan
0.768000
0.943000
nan
0.711000
nan
0.317000
0.412000
nan
nan
nan
0.870000
nan
nan
0.465000
0.358000
0.337000
nan
nan
0.567000
0.419000
0.409000
0.458000
0.560000
0.487000
nan
0.475000
nan
nan
nan
nan
nan
nan
0.674000
nan
nan
nan
nan
nan
nan
0.341000
0.893000
0.559000
0.615000
1.000000
0.500000
0.749000
0.988000
nan
0.708000
0.331000
nan
nan
nan
nan
nan
nan
0.474000
0.541000
0.726000
0.911000
0.668000
1.000000
nan
0.450000
0.361000
0.383000
nan
0.260000
nan
0.777000
0.895000
nan
0.459000
0.175000
nan
0.141000
0.138000
0.138000
0.531000
0.531000
nan
0.629000
0.350000
nan
nan
nan
nan
nan
nan
nan
nan
nan
nan
0.552000
nan
0.625000
nan
nan
nan
nan
0.497000
0.403000
nan
nan
nan
nan
nan
0.239000
0.355000
0.446000
0.341000
nan
nan
nan
0.597000
1.000000
nan
0.355000
0.271000
nan
0.626000
nan
1.000000
nan
0.278000
0.138000
0.153000
0.162000
0.221000
nan
nan
1.000000
0.576000
0.745000
0.542000
nan
nan
nan
0.440000
0.428000
nan
0.743000
nan
0.813000
nan
nan
nan
0.750000
0.947000
nan
0.556000
0.727000
0.252000
nan
nan
0.199000
nan
0.367000
0.386000
nan
nan
nan
nan
nan
nan
nan
nan
nan
nan
0.739000
0.419000
0.584000
0.626000
nan
0.606000
0.643000
nan
0.736000
0.495000
0.622000
0.648000
0.716000
nan
nan
nan
nan
0.534000
0.786000
0.851000
nan
0.871000
nan
nan
nan
nan
0.295000
0.571000
0.599000
nan
nan
0.681000
nan
nan
1.000000
nan
0.970000
nan
nan
nan
nan
nan
nan
0.826000
nan
nan
nan
nan
nan
nan
1.000000
nan
nan
nan
nan
nan
nan
nan
1.000000
nan
nan
0.928000
nan
0.544000
nan
nan
nan
nan
nan
0.495000
nan
0.325000
nan
nan
nan
0.648000
nan
0.224000
0.395000
nan
nan
nan
nan
0.155000
0.222000
0.207000
0.353000
nan
nan
0.327000
0.271000
0.389000
nan
nan
nan
nan
nan
nan
nan
0.243000
0.318000
0.415000
nan
nan
nan
nan
nan
0.245000
0.184000
nan
0.217000
0.249000
nan
nan
0.202000
0.157000
0.180000
nan
0.139000
nan
nan
nan
0.316000
0.248000
nan
0.251000
nan
nan
nan
0.216000
0.123000
0.123000
0.123000
0.275000
1.000000
nan
nan
0.379000
0.350000
nan
1.000000
nan
nan
nan
nan
nan
0.379000
nan
nan
0.539000
0.816000
nan
nan
nan
nan
nan
1.000000
0.350000
nan
0.874000
0.597000
nan
nan
0.291000
0.167000
nan
nan
nan
nan
0.583000
0.495000
0.583000
0.583000
nan
nan
nan
nan
nan
nan
0.699000
0.189000
0.313000
0.243000
nan
nan
nan
0.871000
nan
0.643000
nan
nan
nan
nan
nan
0.208000
0.164000
0.194000
0.243000
0.988000
0.625000
nan
nan
0.295000
nan
0.486000
0.764000
nan
nan
nan
0.521000
0.469000
0.591000
0.864000
0.695000
nan
0.434000
0.486000
0.295000
