Coverage: 675.401070
0.314000
0.419000
nan
0.628000
0.838000
nan
1.000000
0.105000
nan
nan
0.628000
0.000000
nan
0.209000
0.209000
0.314000
nan
nan
0.314000
nan
nan
0.838000
0.942000
0.628000
0.419000
nan
nan
0.209000
nan
nan
nan
nan
0.419000
nan
nan
0.314000
0.419000
nan
0.838000
nan
1.000000
0.364000
nan
nan
nan
0.000000
nan
0.273000
1.000000
nan
0.909000
nan
nan
1.000000
0.091000
nan
nan
0.000000
nan
0.000000
0.000000
0.279000
nan
0.743000
0.836000
0.186000
0.093000
0.093000
0.464000
0.186000
nan
nan
nan
0.371000
0.186000
nan
nan
nan
1.000000
0.743000
0.743000
0.186000
0.186000
nan
0.650000
nan
nan
