Coverage: 7506.217617
0.792000
nan
nan
nan
nan
nan
nan
0.524000
nan
nan
0.621000
1.000000
nan
0.329000
0.987000
nan
0.840000
0.694000
0.426000
0.341000
0.378000
0.656000
nan
nan
0.893000
nan
nan
nan
0.401000
nan
nan
0.665000
nan
0.760000
0.556000
0.574000
nan
nan
0.453000
nan
nan
nan
0.786000
0.617000
nan
nan
nan
nan
nan
nan
nan
nan
nan
nan
0.278000
1.000000
0.701000
0.629000
0.750000
0.169000
nan
0.200000
0.145000
1.000000
nan
nan
nan
nan
nan
nan
0.136000
nan
0.756000
0.907000
1.000000
nan
nan
0.139000
0.136000
0.145000
0.333000
nan
0.296000
nan
0.490000
0.568000
nan
nan
nan
0.611000
0.218000
0.417000
0.453000
