Coverage: 13121.258134
0.163000
nan
nan
0.410000
nan
nan
0.502000
0.270000
nan
nan
0.682000
0.817000
nan
0.860000
nan
0.687000
nan
nan
nan
nan
nan
0.580000
0.322000
nan
1.000000
0.616000
nan
0.369000
nan
nan
0.180000
nan
nan
nan
0.218000
nan
0.429000
0.391000
0.180000
0.448000
1.000000
nan
0.876000
0.578000
nan
0.621000
0.969000
nan
0.167000
1.000000
nan
nan
nan
0.289000
0.186000
0.482000
0.470000
0.433000
nan
0.295000
0.194000
nan
nan
0.475000
0.492000
0.387000
0.307000
0.309000
0.239000
0.307000
nan
nan
nan
nan
0.196000
0.304000
0.208000
nan
0.516000
0.453000
nan
nan
nan
nan
nan
1.000000
nan
0.173000
1.000000
nan
nan
nan
nan
0.204000
nan
0.499000
nan
nan
0.350000
0.364000
0.390000
nan
0.226000
0.176000
0.263000
nan
0.406000
0.357000
nan
nan
nan
nan
nan
0.348000
nan
0.304000
nan
nan
nan
0.315000
nan
0.237000
nan
0.167000
0.207000
0.291000
nan
0.197000
nan
0.269000
0.189000
nan
0.210000
0.167000
0.240000
nan
0.247000
0.277000
0.257000
nan
0.335000
0.260000
0.272000
0.261000
nan
0.358000
nan
0.112000
nan
0.085000
0.068000
nan
0.165000
0.257000
1.000000
0.351000
0.344000
0.287000
0.312000
nan
0.240000
0.274000
0.202000
0.284000
0.283000
nan
0.209000
nan
nan
nan
0.232000
0.165000
0.221000
0.413000
nan
nan
nan
0.232000
nan
0.228000
0.123000
0.137000
0.161000
0.167000
1.000000
nan
nan
nan
nan
0.068000
nan
0.133000
0.084000
1.000000
nan
0.083000
0.944000
nan
0.818000
nan
nan
0.172000
0.130000
nan
0.145000
0.741000
0.192000
0.171000
nan
0.222000
0.140000
0.634000
nan
0.068000
nan
nan
nan
nan
nan
0.187000
0.589000
1.000000
nan
1.000000
nan
nan
0.470000
nan
nan
0.853000
nan
0.509000
nan
0.592000
0.889000
nan
0.690000
0.480000
nan
0.636000
nan
0.332000
0.502000
0.571000
nan
0.639000
0.824000
0.524000
0.650000
0.488000
nan
0.141000
nan
0.145000
nan
0.423000
nan
nan
0.390000
nan
nan
0.372000
0.668000
nan
nan
nan
nan
nan
0.314000
0.354000
nan
nan
nan
1.000000
nan
nan
nan
nan
nan
nan
nan
nan
0.524000
0.379000
nan
0.271000
nan
0.271000
nan
nan
0.569000
nan
nan
nan
nan
nan
0.460000
nan
nan
nan
nan
0.704000
nan
0.684000
0.666000
nan
nan
nan
nan
nan
nan
0.277000
nan
nan
nan
nan
0.496000
0.657000
nan
0.518000
0.460000
nan
0.372000
nan
nan
0.372000
nan
nan
0.357000
nan
0.409000
nan
nan
0.264000
nan
0.237000
nan
nan
nan
nan
0.379000
0.198000
0.318000
nan
0.198000
0.121000
nan
0.417000
nan
0.099000
0.088000
nan
nan
nan
nan
nan
nan
0.165000
nan
0.055000
0.066000
