Coverage: 4029.850746
0.332000
0.039000
nan
0.206000
nan
nan
0.269000
0.633000
0.712000
0.491000
0.253000
nan
0.063000
nan
nan
0.332000
nan
0.206000
0.174000
nan
0.427000
0.301000
0.823000
0.807000
nan
nan
nan
nan
nan
nan
0.142000
0.759000
0.823000
nan
nan
nan
nan
0.427000
nan
0.285000
0.158000
nan
nan
0.965000
nan
1.000000
nan
0.396000
0.253000
0.332000
nan
nan
0.491000
0.680000
nan
nan
1.000000
nan
nan
0.534000
0.890000
nan
0.267000
0.107000
nan
1.000000
nan
nan
nan
0.142000
nan
0.374000
nan
nan
nan
nan
nan
0.623000
nan
0.890000
0.445000
0.231000
0.498000
0.605000
nan
0.285000
nan
nan
nan
0.961000
0.694000
nan
nan
0.320000
0.302000
nan
0.320000
nan
0.676000
0.338000
nan
