Coverage: 54416.363636
1.000000
nan
nan
nan
nan
nan
nan
0.701000
0.630000
nan
0.789000
nan
nan
nan
nan
nan
0.380000
0.223000
nan
0.332000
nan
nan
0.715000
nan
0.674000
nan
0.985000
nan
nan
nan
0.578000
0.396000
0.228000
0.425000
0.387000
0.363000
nan
nan
nan
nan
1.000000
nan
nan
0.542000
0.443000
0.400000
nan
0.454000
0.353000
nan
nan
nan
0.726000
0.869000
nan
nan
nan
0.221000
0.488000
0.157000
0.183000
0.272000
nan
0.213000
nan
nan
nan
nan
nan
nan
nan
nan
0.860000
0.547000
nan
0.145000
0.460000
0.489000
0.512000
nan
nan
nan
nan
nan
nan
nan
nan
0.647000
nan
nan
nan
nan
nan
0.627000
nan
nan
nan
nan
nan
1.000000
nan
1.000000
nan
1.000000
0.660000
nan
0.897000
nan
0.939000
nan
0.764000
0.707000
0.619000
nan
0.876000
nan
nan
0.447000
nan
0.499000
0.562000
nan
0.590000
nan
nan
0.546000
0.517000
nan
nan
0.504000
0.291000
0.278000
0.203000
nan
nan
0.268000
nan
nan
nan
nan
0.198000
nan
nan
nan
0.153000
0.148000
0.062000
nan
nan
0.130000
nan
0.034000
0.070000
0.057000
0.062000
nan
0.091000
0.026000
0.068000
0.355000
nan
nan
nan
nan
nan
nan
nan
0.469000
nan
nan
nan
nan
nan
0.210000
nan
nan
0.226000
0.242000
0.162000
nan
0.404000
nan
nan
nan
0.420000
nan
nan
nan
0.058000
0.178000
nan
nan
nan
0.162000
0.404000
0.594000
nan
0.297000
nan
nan
nan
nan
nan
nan
0.624000
0.357000
nan
0.119000
0.594000
nan
0.743000
0.059000
nan
nan
0.043000
0.297000
nan
nan
1.000000
nan
nan
nan
nan
0.208000
0.059000
0.043000
nan
0.059000
nan
nan
