Coverage: 13919.879518
0.816000
0.756000
nan
nan
0.385000
nan
0.477000
0.520000
0.281000
nan
nan
nan
nan
0.597000
nan
0.917000
1.000000
nan
0.568000
0.657000
nan
nan
nan
nan
nan
0.497000
nan
nan
0.721000
nan
nan
0.785000
nan
nan
nan
nan
nan
nan
nan
nan
nan
0.559000
nan
1.000000
0.740000
0.654000
0.614000
nan
nan
nan
nan
nan
0.318000
nan
nan
0.455000
nan
nan
0.278000
0.619000
nan
1.000000
nan
nan
nan
nan
nan
0.257000
nan
0.824000
1.000000
nan
1.000000
1.000000
nan
0.948000
nan
nan
nan
0.273000
nan
0.228000
0.368000
0.237000
0.915000
nan
nan
nan
0.553000
0.444000
0.665000
nan
0.442000
0.564000
nan
nan
nan
0.396000
nan
nan
0.228000
nan
nan
nan
nan
0.745000
0.535000
nan
nan
0.444000
0.423000
nan
nan
nan
nan
0.597000
0.624000
0.704000
nan
0.545000
nan
nan
0.266000
0.228000
0.436000
0.489000
nan
nan
nan
0.458000
nan
nan
nan
nan
nan
nan
nan
0.504000
0.450000
nan
0.432000
0.337000
0.483000
nan
0.341000
0.388000
0.297000
0.446000
0.440000
nan
0.250000
nan
0.440000
nan
0.473000
0.390000
0.481000
0.368000
nan
nan
nan
0.293000
0.427000
0.427000
nan
0.394000
0.429000
nan
nan
0.248000
nan
nan
nan
nan
nan
0.296000
nan
0.395000
0.397000
nan
nan
0.248000
nan
nan
0.274000
0.153000
0.216000
0.300000
1.000000
0.255000
1.000000
nan
1.000000
0.246000
nan
0.721000
0.684000
nan
0.259000
0.412000
nan
nan
0.341000
nan
0.648000
0.171000
0.548000
0.317000
nan
0.166000
0.231000
0.283000
nan
0.216000
nan
nan
nan
0.130000
0.270000
nan
nan
0.192000
0.259000
nan
nan
0.199000
0.147000
0.149000
nan
0.115000
0.145000
0.255000
nan
nan
nan
nan
nan
0.115000
nan
nan
nan
0.115000
0.134000
nan
nan
0.171000
0.149000
0.123000
nan
nan
0.162000
0.164000
nan
0.173000
nan
nan
0.199000
nan
0.190000
nan
0.175000
nan
0.147000
nan
nan
0.743000
0.874000
nan
1.000000
nan
nan
0.797000
0.688000
0.918000
0.634000
0.830000
nan
nan
nan
0.765000
nan
nan
nan
0.972000
1.000000
0.994000
1.000000
0.470000
0.688000
0.677000
0.590000
nan
0.481000
nan
0.634000
0.655000
nan
nan
nan
0.776000
0.524000
nan
nan
nan
nan
nan
nan
nan
0.481000
nan
nan
nan
0.142000
0.240000
0.262000
0.732000
0.175000
nan
nan
0.208000
0.098000
0.262000
nan
nan
nan
nan
0.218000
0.086000
nan
0.208000
nan
0.086000
0.350000
0.251000
nan
0.240000
nan
0.218000
nan
nan
nan
0.240000
nan
nan
nan
nan
nan
nan
0.164000
nan
0.086000
0.153000
nan
nan
nan
0.218000
nan
0.229000
nan
nan
0.240000
nan
nan
nan
nan
0.664000
nan
nan
0.251000
nan
0.377000
0.327000
1.000000
nan
nan
0.512000
nan
0.827000
0.709000
0.748000
nan
0.709000
0.472000
0.669000
0.354000
nan
nan
nan
0.827000
1.000000
0.787000
0.787000
nan
nan
0.157000
nan
0.512000
nan
