Coverage: 551.813472
0.763000
nan
nan
0.763000
nan
0.305000
nan
0.153000
0.916000
nan
nan
0.611000
1.000000
nan
0.305000
nan
0.153000
nan
0.000000
0.000000
0.763000
0.687000
nan
nan
nan
0.153000
0.305000
0.229000
nan
nan
nan
0.000000
0.153000
0.763000
nan
nan
nan
nan
0.916000
nan
nan
nan
nan
0.397000
0.165000
1.000000
0.661000
nan
1.000000
0.496000
0.909000
nan
0.826000
nan
nan
0.826000
0.909000
0.165000
0.661000
nan
0.331000
nan
0.331000
1.000000
nan
0.661000
nan
nan
nan
nan
0.248000
nan
nan
0.826000
0.413000
0.331000
nan
nan
nan
nan
nan
0.496000
0.165000
0.248000
nan
0.661000
nan
0.744000
0.661000
nan
nan
0.496000
nan
