Coverage: 5335.051546
nan
0.372000
0.896000
nan
nan
nan
nan
nan
nan
nan
0.248000
0.179000
nan
1.000000
nan
nan
0.482000
nan
0.482000
0.896000
nan
0.813000
nan
nan
0.992000
0.852000
0.598000
nan
nan
nan
0.374000
nan
0.687000
nan
nan
nan
nan
0.538000
0.213000
nan
nan
nan
nan
nan
nan
nan
0.254000
nan
nan
nan
nan
nan
0.523000
0.777000
nan
nan
nan
nan
0.523000
nan
nan
0.747000
nan
0.777000
nan
nan
0.732000
nan
0.493000
nan
0.658000
0.807000
0.976000
nan
0.969000
0.867000
nan
0.660000
nan
0.306000
nan
nan
0.354000
nan
0.837000
0.531000
0.628000
0.515000
nan
0.451000
0.274000
0.483000
0.531000
nan
