Coverage: 7377.316294
nan
nan
nan
nan
nan
nan
0.309000
nan
nan
nan
nan
nan
nan
nan
nan
0.708000
0.654000
nan
nan
nan
nan
0.327000
0.172000
0.127000
0.245000
0.163000
0.345000
0.218000
0.291000
0.163000
0.118000
nan
0.899000
0.608000
nan
0.872000
0.563000
0.572000
nan
nan
0.127000
0.499000
0.690000
nan
0.300000
0.754000
0.853000
0.826000
nan
nan
0.418000
0.399000
nan
0.263000
nan
nan
nan
nan
nan
1.000000
0.596000
0.762000
0.957000
0.635000
0.732000
0.654000
nan
0.732000
nan
0.771000
nan
nan
nan
0.200000
nan
0.283000
nan
0.215000
0.225000
0.742000
0.723000
0.371000
nan
0.498000
nan
0.449000
0.508000
nan
nan
0.205000
0.215000
0.303000
0.361000
nan
nan
nan
0.200000
0.283000
nan
0.576000
1.000000
nan
nan
nan
0.391000
0.254000
0.342000
nan
0.684000
nan
0.596000
0.674000
0.449000
0.410000
nan
0.332000
0.381000
0.635000
nan
1.000000
nan
0.215000
0.264000
nan
nan
nan
0.400000
nan
nan
nan
1.000000
0.371000
nan
0.449000
nan
nan
nan
nan
0.313000
0.684000
0.605000
0.469000
0.200000
0.215000
0.223000
nan
0.319000
0.605000
nan
nan
1.000000
nan
nan
0.924000
nan
0.637000
0.637000
nan
nan
nan
nan
1.000000
nan
1.000000
nan
nan
0.818000
nan
0.775000
0.775000
nan
0.446000
0.510000
0.605000
nan
nan
0.289000
0.209000
0.385000
0.303000
0.275000
nan
0.824000
nan
0.784000
0.509000
nan
nan
0.898000
nan
nan
0.261000
0.248000
0.303000
0.220000
0.192000
nan
0.289000
0.495000
nan
0.784000
0.426000
0.330000
nan
0.234000
0.157000
nan
nan
nan
nan
0.495000
nan
nan
