Coverage: 16939.436620
nan
nan
nan
nan
0.259000
nan
1.000000
nan
0.184000
nan
nan
nan
nan
0.451000
0.664000
0.873000
nan
nan
nan
0.556000
nan
0.910000
nan
0.178000
nan
0.632000
0.839000
nan
nan
nan
nan
0.464000
nan
0.225000
0.333000
0.175000
0.716000
0.753000
nan
0.578000
0.350000
0.518000
0.380000
nan
0.492000
0.515000
nan
0.236000
1.000000
0.408000
0.298000
nan
nan
nan
nan
nan
0.469000
0.411000
0.606000
0.630000
nan
0.593000
0.475000
0.355000
0.313000
0.492000
0.541000
0.531000
0.606000
nan
0.716000
0.492000
nan
nan
nan
nan
nan
0.493000
0.404000
0.575000
nan
0.364000
nan
0.154000
nan
nan
0.537000
0.221000
nan
nan
nan
nan
nan
nan
nan
0.236000
0.149000
0.819000
nan
0.552000
nan
nan
nan
nan
0.276000
0.343000
0.421000
0.652000
0.423000
nan
nan
nan
nan
nan
nan
0.623000
0.539000
nan
nan
0.382000
0.343000
0.412000
nan
0.480000
0.380000
nan
nan
1.000000
nan
nan
0.615000
nan
0.394000
nan
0.149000
nan
nan
nan
0.149000
nan
nan
nan
0.182000
nan
1.000000
nan
0.407000
0.474000
nan
0.687000
0.773000
1.000000
0.873000
0.319000
0.604000
0.228000
1.000000
0.737000
nan
nan
nan
nan
1.000000
0.361000
0.364000
nan
0.307000
0.556000
nan
nan
nan
nan
nan
nan
0.835000
0.804000
0.987000
nan
nan
0.314000
0.293000
0.273000
0.552000
0.509000
0.231000
0.228000
0.438000
nan
0.385000
0.602000
nan
0.228000
nan
nan
0.390000
0.516000
0.652000
0.590000
nan
0.342000
0.485000
0.530000
nan
0.357000
nan
nan
0.675000
0.378000
0.521000
0.616000
nan
0.540000
0.461000
nan
nan
0.240000
nan
0.459000
0.400000
nan
0.238000
0.383000
0.345000
nan
0.559000
0.364000
0.856000
1.000000
nan
nan
nan
0.507000
0.671000
nan
0.460000
0.359000
0.338000
0.359000
nan
nan
nan
nan
1.000000
1.000000
nan
nan
nan
nan
0.338000
nan
nan
0.465000
nan
nan
nan
0.629000
0.988000
0.497000
nan
0.793000
0.692000
nan
nan
0.534000
0.671000
0.809000
nan
nan
nan
nan
nan
nan
0.740000
nan
0.497000
nan
0.455000
0.312000
0.301000
nan
0.312000
0.238000
0.529000
nan
0.460000
0.344000
nan
0.201000
0.428000
0.312000
0.354000
0.396000
nan
0.322000
0.254000
nan
nan
0.455000
0.301000
nan
0.375000
nan
0.365000
0.201000
0.613000
0.128000
0.180000
nan
0.248000
0.128000
0.143000
0.128000
0.317000
nan
nan
nan
0.647000
0.584000
nan
nan
nan
0.271000
nan
1.000000
nan
0.751000
nan
1.000000
nan
0.542000
nan
0.355000
nan
0.355000
nan
nan
0.584000
0.521000
nan
0.542000
0.410000
nan
nan
1.000000
nan
nan
nan
nan
nan
nan
nan
0.928000
0.774000
nan
nan
nan
nan
nan
nan
0.774000
nan
0.751000
nan
0.478000
nan
0.637000
0.455000
nan
0.948000
nan
nan
nan
0.592000
nan
nan
0.910000
0.546000
nan
nan
0.637000
0.410000
nan
0.501000
0.387000
nan
0.614000
nan
nan
0.478000
0.296000
nan
0.410000
0.410000
0.410000
nan
0.410000
nan
