Coverage: 57074.734982
nan
0.188000
nan
0.163000
0.103000
0.128000
0.125000
0.131000
0.353000
0.237000
0.380000
nan
nan
nan
nan
nan
nan
nan
0.455000
0.233000
0.285000
nan
0.367000
0.309000
0.375000
nan
0.125000
0.106000
0.098000
nan
nan
0.082000
nan
nan
1.000000
nan
nan
1.000000
nan
0.105000
0.087000
nan
nan
0.124000
nan
nan
nan
0.106000
0.464000
0.366000
0.225000
0.232000
0.770000
0.710000
0.692000
0.988000
0.797000
nan
0.475000
nan
0.295000
nan
0.631000
0.663000
nan
nan
nan
0.203000
nan
0.407000
0.579000
0.710000
0.930000
nan
nan
0.637000
nan
nan
0.606000
0.634000
nan
nan
nan
0.651000
nan
nan
nan
0.735000
0.524000
0.264000
0.804000
0.732000
nan
nan
0.589000
nan
0.268000
nan
nan
0.829000
0.880000
nan
nan
0.287000
nan
0.878000
0.970000
1.000000
1.000000
nan
nan
0.203000
nan
nan
0.704000
0.672000
0.809000
1.000000
nan
nan
0.695000
0.903000
nan
0.518000
nan
nan
nan
0.203000
nan
0.265000
0.211000
nan
nan
nan
nan
nan
0.974000
nan
nan
nan
nan
nan
0.639000
0.906000
nan
0.944000
0.750000
0.633000
0.268000
0.627000
1.000000
1.000000
nan
nan
nan
nan
nan
nan
nan
nan
nan
nan
nan
nan
0.947000
1.000000
nan
nan
0.244000
nan
nan
nan
nan
nan
nan
nan
nan
nan
0.313000
nan
nan
nan
nan
nan
nan
nan
nan
0.472000
nan
0.980000
0.948000
0.820000
0.775000
0.536000
nan
0.493000
nan
nan
nan
nan
nan
0.328000
0.242000
nan
0.405000
0.345000
nan
0.261000
nan
0.643000
0.661000
nan
0.355000
0.355000
nan
nan
nan
0.281000
nan
0.570000
0.535000
0.481000
0.163000
0.258000
0.253000
0.245000
nan
nan
0.611000
0.598000
0.558000
nan
0.609000
nan
nan
0.230000
nan
nan
0.163000
0.170000
nan
0.243000
nan
0.321000
0.476000
nan
nan
nan
nan
nan
nan
nan
0.163000
nan
nan
0.279000
0.251000
0.299000
0.283000
nan
nan
nan
nan
nan
0.236000
0.222000
0.288000
0.394000
nan
nan
0.351000
nan
nan
0.351000
0.364000
0.488000
nan
0.419000
0.418000
0.633000
0.443000
0.695000
0.480000
0.499000
0.600000
nan
0.767000
0.414000
0.572000
nan
0.679000
0.682000
0.421000
0.566000
0.796000
nan
0.556000
0.545000
nan
0.491000
0.432000
0.459000
0.562000
nan
0.447000
nan
0.703000
0.717000
0.768000
0.956000
nan
0.811000
1.000000
nan
0.731000
nan
0.360000
nan
nan
0.755000
nan
nan
nan
0.922000
0.790000
nan
nan
nan
nan
0.754000
0.738000
nan
0.723000
nan
0.799000
nan
nan
nan
nan
0.452000
nan
0.859000
0.935000
nan
0.878000
1.000000
nan
nan
nan
nan
nan
0.351000
nan
1.000000
nan
nan
0.631000
nan
nan
1.000000
0.873000
0.803000
nan
0.706000
0.554000
nan
0.731000
nan
nan
0.776000
0.634000
nan
0.533000
0.427000
0.291000
0.439000
0.384000
nan
0.479000
0.576000
1.000000
nan
nan
0.322000
0.754000
0.334000
0.489000
1.000000
0.352000
nan
nan
nan
0.361000
0.364000
0.497000
nan
0.941000
0.577000
nan
nan
nan
nan
nan
0.381000
0.293000
nan
nan
0.837000
nan
nan
nan
nan
nan
nan
0.290000
nan
nan
nan
nan
nan
0.439000
nan
0.779000
nan
0.756000
nan
0.736000
nan
0.547000
0.696000
0.610000
nan
0.411000
nan
nan
nan
nan
nan
0.289000
nan
0.193000
nan
nan
nan
nan
nan
0.512000
0.340000
0.354000
0.398000
nan
0.225000
0.132000
0.175000
0.174000
0.249000
0.357000
nan
0.305000
nan
0.364000
0.379000
nan
0.437000
0.337000
0.307000
