Coverage: 3980.898876
0.633000
0.571000
0.571000
nan
nan
0.583000
0.112000
0.236000
nan
0.497000
0.385000
nan
0.683000
0.993000
0.583000
0.757000
0.521000
nan
nan
0.223000
nan
1.000000
0.298000
nan
nan
nan
0.310000
nan
0.161000
0.286000
0.348000
nan
0.223000
1.000000
0.386000
nan
nan
0.440000
nan
nan
0.767000
1.000000
1.000000
nan
0.326000
0.359000
nan
0.864000
nan
nan
0.375000
0.359000
nan
nan
nan
nan
0.186000
nan
nan
nan
0.979000
nan
0.457000
nan
0.342000
0.228000
0.538000
nan
0.359000
0.186000
0.538000
0.897000
0.636000
0.991000
nan
nan
nan
nan
