Coverage: 9355.958549
nan
nan
0.409000
nan
nan
0.847000
nan
nan
nan
nan
nan
0.426000
0.990000
0.530000
0.461000
0.507000
0.198000
nan
nan
nan
nan
0.455000
0.587000
0.703000
nan
1.000000
nan
1.000000
nan
nan
nan
0.253000
0.276000
nan
0.420000
nan
nan
0.979000
0.731000
nan
nan
nan
0.541000
0.455000
0.484000
1.000000
nan
nan
0.542000
nan
nan
0.395000
0.308000
nan
nan
0.720000
0.839000
nan
nan
0.958000
1.000000
nan
0.196000
0.559000
0.909000
0.315000
1.000000
nan
nan
nan
nan
nan
nan
nan
nan
nan
0.909000
0.776000
nan
1.000000
0.692000
0.671000
0.839000
nan
nan
0.426000
0.245000
0.308000
nan
nan
0.238000
0.125000
nan
