Coverage: 1457.377049
0.706000
nan
nan
nan
0.412000
nan
nan
1.000000
0.941000
nan
0.471000
0.176000
0.529000
0.647000
1.000000
0.882000
nan
nan
nan
nan
0.647000
0.118000
nan
nan
nan
0.941000
1.000000
nan
nan
nan
0.294000
nan
nan
nan
nan
0.353000
0.235000
0.647000
0.824000
0.588000
0.343000
nan
0.343000
nan
nan
nan
0.515000
0.172000
nan
nan
0.389000
0.278000
nan
nan
0.500000
nan
nan
nan
nan
0.500000
0.833000
nan
0.833000
1.000000
nan
0.611000
0.944000
nan
nan
0.444000
0.444000
1.000000
1.000000
nan
0.278000
nan
0.222000
0.111000
nan
0.778000
0.500000
nan
nan
