Coverage: 12942.459397
0.869000
nan
nan
0.418000
0.332000
0.653000
0.629000
nan
0.487000
0.684000
0.633000
nan
0.656000
0.535000
0.623000
0.640000
nan
nan
nan
nan
nan
0.355000
0.328000
nan
0.286000
nan
nan
0.305000
nan
0.296000
0.244000
nan
0.252000
0.367000
nan
nan
nan
0.449000
0.464000
0.352000
0.693000
0.687000
nan
nan
nan
0.657000
0.590000
0.605000
nan
0.867000
nan
nan
1.000000
nan
nan
nan
nan
nan
nan
1.000000
nan
nan
0.482000
nan
nan
nan
nan
0.934000
nan
1.000000
nan
0.425000
0.464000
0.467000
0.542000
nan
nan
nan
nan
nan
nan
0.277000
nan
nan
0.298000
nan
0.232000
nan
nan
0.343000
0.358000
nan
nan
nan
0.373000
0.358000
nan
nan
0.367000
0.202000
0.431000
0.304000
nan
nan
nan
0.367000
nan
0.334000
nan
0.223000
0.250000
0.238000
nan
0.154000
nan
0.172000
0.111000
0.139000
nan
nan
0.028000
0.066000
0.028000
nan
nan
nan
nan
nan
0.090000
nan
nan
nan
nan
nan
nan
nan
0.039000
nan
nan
nan
0.181000
nan
nan
nan
nan
nan
nan
nan
nan
nan
nan
nan
0.081000
nan
nan
nan
nan
0.078000
0.111000
nan
nan
nan
nan
0.148000
nan
nan
nan
nan
nan
0.063000
0.028000
nan
0.030000
0.483000
nan
nan
0.310000
nan
nan
nan
nan
0.310000
0.222000
0.241000
0.345000
0.345000
0.310000
0.862000
0.793000
nan
nan
nan
0.345000
0.345000
nan
0.379000
nan
nan
0.241000
0.448000
1.000000
0.724000
0.276000
0.793000
nan
nan
0.759000
0.276000
nan
0.552000
0.310000
0.793000
0.793000
0.517000
0.690000
0.690000
nan
0.517000
nan
0.586000
0.586000
0.414000
nan
nan
0.862000
nan
nan
nan
1.000000
nan
1.000000
0.414000
0.517000
0.897000
0.966000
0.931000
0.552000
nan
nan
nan
nan
nan
nan
nan
nan
0.379000
0.222000
0.414000
nan
nan
0.241000
nan
0.222000
0.552000
nan
nan
0.586000
nan
nan
1.000000
nan
0.552000
0.399000
0.342000
0.399000
0.427000
0.513000
0.798000
nan
0.513000
nan
0.484000
nan
0.142000
0.370000
nan
nan
0.228000
nan
0.342000
0.484000
nan
nan
0.095000
0.095000
nan
0.095000
0.370000
0.456000
0.256000
nan
0.456000
0.912000
nan
0.399000
0.541000
nan
0.655000
0.798000
0.456000
1.000000
0.627000
0.798000
0.541000
1.000000
nan
0.509000
0.368000
0.396000
nan
0.368000
0.452000
0.565000
nan
nan
0.537000
0.481000
0.339000
nan
0.650000
0.339000
0.961000
0.481000
1.000000
nan
nan
nan
0.678000
0.961000
0.481000
0.452000
