Coverage: 5861.971831
nan
0.976000
nan
nan
0.774000
nan
0.572000
nan
nan
0.314000
0.898000
0.875000
0.954000
nan
nan
0.471000
nan
0.449000
0.550000
0.348000
0.146000
0.797000
nan
0.831000
nan
nan
nan
0.842000
0.842000
0.842000
nan
nan
nan
0.617000
0.550000
nan
0.337000
nan
nan
0.337000
nan
nan
nan
nan
0.483000
nan
nan
nan
0.404000
0.191000
0.127000
nan
0.644000
nan
0.616000
nan
nan
nan
0.795000
nan
nan
nan
0.767000
nan
nan
nan
nan
nan
0.753000
nan
nan
nan
nan
nan
nan
0.740000
nan
0.849000
0.836000
0.603000
0.959000
nan
nan
nan
nan
0.630000
nan
nan
0.726000
nan
1.000000
nan
nan
nan
1.000000
nan
nan
0.212000
nan
0.890000
0.959000
0.671000
nan
0.479000
nan
nan
0.521000
nan
0.822000
nan
nan
0.247000
0.260000
