Coverage: 7020.873786
nan
nan
1.000000
nan
nan
nan
nan
nan
nan
1.000000
nan
nan
0.827000
1.000000
0.584000
0.341000
0.389000
0.730000
0.584000
0.389000
0.779000
nan
nan
nan
nan
0.827000
0.243000
0.243000
0.438000
0.438000
0.292000
nan
nan
0.243000
0.535000
nan
nan
nan
0.633000
nan
nan
nan
0.195000
0.535000
0.308000
0.377000
nan
nan
0.701000
0.539000
0.701000
0.863000
0.593000
0.270000
nan
0.323000
nan
0.593000
nan
0.539000
0.539000
0.539000
nan
nan
0.485000
nan
0.593000
0.809000
0.701000
0.162000
nan
nan
nan
1.000000
nan
0.970000
0.701000
0.647000
nan
nan
nan
nan
nan
nan
0.701000
nan
nan
0.970000
0.431000
0.809000
1.000000
nan
nan
0.216000
nan
nan
0.323000
nan
nan
0.647000
nan
nan
0.647000
nan
0.270000
nan
