Coverage: 2716.097561
nan
1.000000
1.000000
nan
nan
nan
0.505000
nan
nan
0.729000
0.617000
nan
0.701000
nan
0.252000
0.757000
nan
0.701000
nan
0.252000
0.477000
nan
0.645000
nan
0.421000
nan
0.393000
nan
nan
nan
0.252000
0.252000
0.421000
nan
nan
0.673000
0.954000
0.673000
0.785000
nan
0.196000
nan
nan
0.505000
nan
0.757000
0.196000
0.449000
0.813000
0.252000
0.731000
0.496000
nan
nan
0.183000
nan
0.235000
nan
0.601000
0.353000
0.530000
nan
0.707000
0.429000
nan
nan
nan
0.163000
0.227000
0.581000
0.656000
0.884000
1.000000
nan
0.783000
0.505000
nan
0.303000
0.530000
0.278000
nan
0.581000
nan
nan
nan
nan
0.732000
nan
0.163000
nan
nan
nan
0.606000
nan
nan
nan
nan
0.606000
0.379000
nan
nan
0.631000
0.177000
0.581000
nan
