Coverage: 16332.800000
0.167000
nan
0.235000
nan
0.308000
0.407000
nan
nan
nan
nan
0.165000
nan
0.161000
nan
0.174000
nan
0.080000
0.068000
0.068000
0.686000
nan
0.594000
0.603000
nan
0.125000
0.105000
nan
0.330000
nan
nan
1.000000
0.149000
nan
0.159000
nan
0.174000
0.182000
0.134000
nan
nan
nan
nan
nan
nan
0.117000
0.108000
nan
0.727000
nan
nan
1.000000
0.511000
0.961000
0.834000
nan
nan
0.572000
nan
nan
nan
0.916000
0.968000
nan
nan
0.568000
0.486000
nan
nan
nan
nan
0.219000
nan
0.285000
nan
nan
nan
nan
0.247000
nan
nan
nan
0.444000
1.000000
1.000000
nan
1.000000
nan
nan
nan
0.472000
nan
0.296000
nan
0.228000
nan
0.647000
nan
nan
0.809000
0.694000
0.960000
nan
0.458000
0.546000
0.524000
nan
0.499000
0.683000
nan
0.837000
nan
nan
nan
nan
nan
nan
nan
nan
0.433000
nan
nan
nan
nan
nan
nan
0.439000
0.368000
nan
nan
nan
0.373000
0.376000
0.719000
nan
0.488000
0.365000
0.222000
0.302000
0.428000
0.513000
0.436000
nan
0.469000
nan
0.219000
0.348000
nan
nan
0.461000
0.354000
0.307000
nan
0.304000
0.321000
0.357000
0.472000
nan
0.346000
0.222000
0.219000
nan
nan
nan
0.864000
0.340000
0.864000
0.812000
1.000000
0.471000
nan
0.942000
0.589000
0.563000
1.000000
nan
nan
nan
0.929000
nan
0.537000
0.589000
nan
0.654000
0.602000
nan
nan
0.589000
nan
nan
nan
0.249000
nan
nan
0.393000
nan
0.144000
nan
nan
nan
0.223000
0.366000
0.249000
0.510000
nan
0.510000
0.275000
0.380000
nan
nan
nan
0.432000
0.353000
nan
nan
nan
0.576000
0.707000
nan
0.668000
nan
0.251000
0.281000
0.103000
0.428000
0.087000
nan
nan
0.163000
nan
0.310000
nan
nan
nan
0.739000
nan
nan
nan
0.857000
0.236000
0.163000
nan
nan
0.251000
0.103000
nan
0.103000
0.058000
nan
0.251000
nan
nan
nan
nan
0.355000
0.606000
1.000000
nan
nan
nan
0.560000
nan
nan
nan
0.560000
nan
nan
0.938000
1.000000
nan
0.362000
0.132000
0.741000
nan
nan
nan
