Coverage: 554.761905
0.100000
nan
nan
nan
0.200000
0.300000
nan
nan
1.000000
nan
0.500000
nan
0.600000
0.000000
nan
1.000000
nan
nan
1.000000
nan
nan
nan
nan
nan
0.000000
nan
nan
nan
nan
0.600000
0.600000
nan
0.400000
nan
nan
0.200000
0.400000
1.000000
nan
nan
nan
0.400000
nan
nan
0.300000
0.500000
0.400000
0.600000
0.200000
0.700000
nan
nan
nan
nan
0.300000
nan
0.800000
0.400000
nan
nan
0.530000
0.265000
0.132000
nan
nan
0.662000
0.795000
nan
0.265000
nan
0.000000
nan
0.265000
0.000000
0.662000
0.265000
0.265000
nan
nan
0.265000
0.265000
nan
0.265000
0.000000
nan
0.530000
nan
0.000000
0.000000
nan
nan
0.530000
nan
nan
nan
nan
nan
0.265000
nan
0.000000
0.662000
0.132000
nan
nan
nan
0.000000
0.216000
0.216000
1.000000
nan
nan
0.647000
nan
0.539000
nan
nan
0.216000
0.000000
0.647000
0.216000
0.000000
nan
0.755000
nan
0.324000
nan
0.000000
nan
nan
nan
nan
nan
0.539000
nan
nan
0.755000
0.432000
0.432000
nan
0.833000
0.000000
nan
nan
0.833000
0.000000
0.324000
0.216000
0.647000
0.108000
nan
0.750000
1.000000
