Coverage: 13183.333333
nan
0.751000
0.528000
nan
nan
nan
0.704000
0.629000
nan
0.717000
nan
0.826000
nan
nan
nan
nan
nan
0.805000
nan
nan
nan
nan
nan
0.860000
nan
0.907000
0.826000
0.623000
0.643000
0.812000
0.481000
nan
nan
nan
0.717000
nan
1.000000
nan
0.677000
0.420000
0.981000
0.745000
nan
0.541000
nan
nan
nan
0.724000
0.717000
0.537000
0.543000
nan
nan
0.548000
0.424000
nan
0.798000
0.462000
0.441000
0.242000
0.195000
nan
nan
0.473000
nan
0.326000
nan
nan
nan
0.354000
0.712000
nan
0.652000
0.537000
0.620000
nan
0.398000
1.000000
nan
nan
0.429000
nan
0.338000
nan
0.318000
nan
0.338000
nan
0.190000
0.290000
0.592000
nan
0.306000
0.382000
0.592000
nan
nan
0.394000
0.636000
0.525000
nan
nan
nan
nan
0.334000
0.195000
nan
nan
0.747000
nan
0.223000
nan
nan
0.235000
0.190000
nan
