Coverage: 74635.551331
1.000000
nan
0.252000
0.267000
nan
nan
0.759000
nan
0.254000
0.298000
nan
nan
nan
nan
nan
nan
0.408000
nan
nan
0.540000
0.721000
0.709000
0.618000
nan
nan
0.505000
0.392000
nan
nan
0.950000
0.848000
nan
0.980000
nan
0.340000
0.190000
0.474000
0.773000
nan
nan
0.286000
nan
1.000000
nan
nan
nan
0.788000
0.809000
nan
nan
nan
nan
0.493000
nan
nan
nan
0.829000
nan
nan
nan
0.557000
0.770000
0.689000
0.288000
0.495000
1.000000
nan
nan
nan
0.404000
0.855000
1.000000
0.530000
0.511000
nan
nan
nan
nan
0.726000
1.000000
nan
0.434000
0.565000
nan
nan
0.249000
nan
nan
0.316000
nan
nan
nan
nan
nan
0.321000
0.766000
0.735000
nan
nan
nan
nan
nan
nan
0.544000
0.565000
0.742000
nan
0.631000
0.616000
0.623000
0.409000
0.281000
0.351000
0.404000
0.411000
nan
0.343000
0.426000
0.615000
0.516000
nan
0.262000
0.304000
nan
0.249000
nan
0.281000
0.811000
0.583000
0.249000
0.358000
0.523000
0.816000
0.965000
0.798000
0.805000
0.904000
nan
nan
nan
0.686000
0.737000
0.801000
nan
0.337000
0.280000
0.246000
nan
nan
0.246000
nan
nan
nan
nan
nan
nan
nan
nan
nan
nan
nan
nan
0.696000
nan
0.342000
nan
0.405000
0.467000
nan
0.522000
nan
nan
0.306000
0.341000
0.830000
nan
0.508000
nan
0.327000
nan
nan
nan
nan
0.322000
0.392000
nan
0.756000
0.986000
0.854000
1.000000
0.787000
1.000000
0.610000
nan
nan
nan
0.566000
0.572000
0.835000
0.835000
nan
nan
0.514000
0.677000
0.666000
nan
0.520000
0.866000
nan
0.747000
nan
0.455000
0.562000
nan
nan
0.520000
nan
0.252000
0.389000
0.488000
nan
0.654000
nan
nan
nan
nan
0.793000
nan
nan
0.327000
0.246000
nan
nan
0.254000
nan
1.000000
0.420000
0.345000
0.451000
0.324000
nan
nan
0.980000
nan
0.624000
0.811000
0.517000
0.877000
0.674000
nan
0.550000
0.606000
0.921000
nan
nan
nan
0.429000
nan
nan
0.682000
nan
0.803000
nan
0.725000
0.720000
1.000000
1.000000
1.000000
nan
0.880000
nan
0.645000
nan
0.594000
nan
0.688000
nan
nan
nan
0.868000
nan
0.596000
nan
0.536000
nan
0.851000
nan
nan
0.725000
0.812000
0.906000
0.672000
nan
0.693000
nan
nan
nan
0.629000
0.414000
nan
nan
nan
nan
nan
0.699000
nan
nan
0.324000
0.580000
0.658000
nan
nan
nan
0.815000
0.575000
0.693000
0.742000
nan
0.409000
0.355000
nan
nan
0.455000
nan
nan
0.632000
nan
nan
nan
0.324000
0.584000
0.525000
nan
0.604000
nan
0.436000
0.604000
1.000000
0.633000
nan
0.667000
0.833000
nan
nan
0.611000
0.619000
0.632000
nan
1.000000
0.745000
0.816000
nan
nan
0.542000
nan
nan
nan
0.263000
0.267000
1.000000
0.701000
0.735000
nan
nan
0.496000
nan
nan
nan
0.905000
0.263000
0.583000
0.610000
nan
nan
0.263000
0.308000
0.609000
0.830000
nan
nan
0.965000
0.854000
0.385000
nan
0.560000
0.798000
0.698000
0.585000
nan
0.404000
nan
nan
0.384000
0.837000
0.452000
0.517000
0.333000
0.529000
0.537000
nan
0.345000
nan
0.652000
0.780000
0.852000
0.692000
0.659000
nan
0.611000
0.715000
nan
nan
nan
0.280000
nan
0.303000
nan
nan
0.957000
1.000000
1.000000
0.527000
nan
0.548000
nan
0.594000
