Coverage: 73073.904382
0.488000
nan
0.366000
0.344000
nan
nan
0.544000
0.414000
nan
nan
0.176000
nan
0.266000
nan
0.349000
nan
0.408000
nan
nan
0.251000
0.201000
0.389000
nan
1.000000
nan
0.309000
0.293000
nan
0.366000
0.960000
0.417000
0.551000
nan
0.882000
nan
nan
nan
0.651000
nan
0.232000
0.268000
0.417000
0.514000
nan
0.861000
0.887000
0.481000
1.000000
nan
nan
nan
nan
0.611000
nan
nan
nan
nan
nan
nan
nan
0.664000
nan
0.260000
0.274000
0.135000
nan
nan
nan
nan
nan
nan
0.438000
0.549000
nan
0.396000
nan
0.150000
nan
0.186000
0.237000
0.457000
0.904000
0.135000
nan
nan
nan
nan
0.469000
1.000000
nan
nan
0.850000
0.955000
0.331000
0.282000
0.285000
0.441000
nan
0.853000
0.680000
0.840000
nan
nan
nan
nan
0.503000
nan
0.352000
nan
0.135000
nan
nan
nan
nan
0.456000
nan
0.398000
nan
nan
nan
nan
nan
0.187000
0.376000
0.489000
0.175000
nan
nan
nan
nan
0.170000
nan
nan
0.698000
0.674000
nan
nan
nan
0.870000
1.000000
nan
nan
0.144000
0.299000
nan
0.364000
nan
nan
nan
nan
nan
nan
nan
0.500000
0.235000
nan
nan
0.267000
nan
nan
0.238000
nan
nan
0.367000
0.942000
nan
0.260000
0.262000
0.743000
nan
0.410000
0.489000
0.469000
0.544000
1.000000
nan
nan
nan
nan
nan
0.556000
nan
nan
nan
0.197000
nan
nan
nan
nan
nan
0.276000
0.162000
0.424000
0.997000
0.671000
0.753000
nan
0.723000
0.914000
nan
nan
0.173000
0.636000
0.333000
0.491000
0.339000
0.202000
0.277000
nan
0.675000
0.405000
0.539000
0.227000
0.212000
0.355000
0.655000
nan
0.715000
0.249000
0.159000
nan
0.159000
nan
nan
nan
nan
0.166000
0.322000
nan
1.000000
nan
0.780000
0.609000
0.583000
nan
nan
nan
0.159000
0.175000
0.174000
0.187000
nan
0.189000
nan
nan
nan
1.000000
0.731000
nan
nan
0.774000
nan
nan
0.488000
0.704000
0.344000
0.451000
0.453000
nan
0.687000
0.626000
0.765000
0.824000
nan
1.000000
nan
nan
0.270000
nan
0.328000
nan
nan
nan
nan
nan
0.426000
0.955000
0.900000
0.831000
1.000000
nan
0.382000
nan
0.241000
0.241000
nan
nan
nan
0.382000
0.552000
nan
nan
0.241000
nan
0.547000
0.392000
0.714000
nan
0.776000
0.382000
nan
0.352000
nan
nan
0.700000
0.543000
0.691000
0.700000
0.998000
nan
nan
nan
nan
nan
nan
nan
0.248000
nan
nan
0.360000
nan
nan
0.589000
nan
nan
0.591000
0.367000
1.000000
0.974000
nan
nan
nan
0.648000
0.697000
0.789000
0.633000
0.874000
nan
nan
nan
0.412000
nan
0.392000
0.999000
0.764000
0.915000
0.501000
0.425000
nan
0.345000
nan
1.000000
0.995000
0.727000
nan
1.000000
nan
nan
nan
nan
nan
0.979000
0.664000
nan
0.541000
nan
1.000000
nan
0.663000
nan
0.255000
nan
nan
nan
nan
0.883000
0.914000
0.815000
nan
0.771000
0.777000
0.691000
0.772000
nan
nan
nan
nan
nan
0.727000
0.748000
nan
0.434000
nan
nan
0.554000
nan
nan
nan
0.418000
0.595000
nan
0.477000
