Coverage: 2500.000000
0.613000
0.638000
nan
0.515000
0.613000
nan
nan
nan
nan
0.785000
nan
0.491000
nan
nan
nan
nan
nan
nan
nan
0.834000
nan
0.491000
0.859000
nan
nan
nan
1.000000
nan
nan
0.712000
0.417000
0.859000
nan
nan
nan
nan
nan
nan
nan
nan
nan
0.417000
0.207000
nan
nan
nan
0.712000
nan
nan
nan
nan
0.687000
0.491000
0.515000
nan
0.810000
nan
nan
0.319000
nan
nan
nan
0.442000
0.810000
0.834000
nan
0.491000
0.368000
0.638000
0.319000
0.393000
0.638000
0.834000
0.916000
1.000000
nan
0.824000
0.708000
nan
nan
nan
nan
nan
nan
nan
0.805000
0.901000
nan
nan
0.708000
nan
nan
nan
nan
0.676000
nan
nan
0.805000
nan
1.000000
0.418000
0.418000
0.958000
nan
nan
nan
0.193000
nan
0.386000
0.129000
nan
0.129000
0.805000
0.161000
0.451000
nan
nan
nan
nan
nan
0.386000
0.418000
nan
nan
0.708000
nan
0.451000
0.773000
nan
nan
nan
nan
0.322000
0.129000
