Coverage: 4677.391304
0.142000
nan
nan
0.284000
nan
nan
nan
nan
nan
nan
0.426000
nan
0.142000
0.355000
nan
0.000000
0.213000
nan
nan
0.213000
nan
0.000000
1.000000
nan
nan
0.567000
nan
nan
0.284000
nan
nan
nan
nan
0.780000
1.000000
nan
nan
0.284000
0.922000
0.284000
nan
nan
0.355000
0.638000
0.709000
nan
nan
0.638000
0.780000
0.851000
0.496000
nan
0.426000
0.496000
nan
nan
0.450000
0.360000
nan
nan
nan
0.360000
nan
0.811000
0.631000
0.541000
nan
0.270000
0.541000
0.270000
nan
0.270000
nan
nan
0.360000
0.450000
nan
nan
nan
0.180000
0.360000
nan
1.000000
0.442000
0.618000
0.707000
nan
0.041000
nan
nan
nan
0.795000
0.353000
nan
nan
nan
nan
nan
0.353000
0.353000
0.618000
nan
0.795000
nan
0.353000
nan
0.618000
nan
0.265000
nan
0.353000
0.265000
0.265000
1.000000
nan
nan
1.000000
nan
nan
nan
0.883000
0.530000
nan
0.795000
nan
0.883000
nan
0.265000
nan
0.883000
