Coverage: 16970.816327
0.572000
0.540000
0.585000
nan
nan
0.344000
0.149000
0.407000
0.359000
0.203000
0.893000
0.984000
0.783000
0.885000
nan
0.557000
nan
nan
0.479000
1.000000
nan
0.692000
0.802000
nan
nan
nan
nan
nan
nan
nan
nan
0.369000
nan
0.766000
1.000000
0.633000
0.638000
nan
0.549000
nan
nan
nan
0.452000
nan
nan
0.346000
0.171000
nan
0.262000
nan
nan
nan
nan
nan
0.346000
1.000000
0.385000
nan
0.429000
0.686000
0.285000
0.286000
0.286000
nan
nan
nan
0.495000
0.402000
0.394000
nan
nan
0.497000
nan
0.603000
0.281000
0.278000
1.000000
0.406000
0.374000
0.409000
nan
nan
nan
nan
nan
nan
nan
nan
nan
nan
nan
nan
0.150000
0.231000
1.000000
nan
nan
nan
0.306000
0.244000
0.329000
0.262000
0.215000
0.294000
nan
nan
0.972000
nan
0.651000
0.247000
nan
nan
nan
nan
nan
nan
nan
0.243000
0.149000
0.181000
0.251000
nan
0.335000
nan
0.149000
0.347000
nan
0.294000
nan
nan
nan
nan
nan
nan
0.502000
nan
0.211000
0.192000
0.149000
0.420000
nan
0.432000
0.544000
0.375000
0.459000
nan
0.169000
0.409000
0.427000
0.853000
nan
nan
nan
0.398000
0.975000
nan
0.164000
nan
nan
0.302000
0.238000
nan
nan
nan
nan
0.304000
nan
0.558000
nan
0.467000
0.510000
0.458000
0.365000
0.434000
nan
0.576000
0.540000
0.609000
nan
nan
nan
nan
nan
nan
nan
0.405000
0.407000
0.609000
nan
0.468000
nan
nan
nan
nan
nan
0.674000
0.424000
0.709000
0.650000
nan
0.547000
nan
nan
nan
nan
nan
0.534000
nan
1.000000
nan
nan
0.189000
nan
0.561000
0.707000
0.784000
nan
0.287000
nan
0.564000
nan
0.164000
0.164000
0.254000
0.225000
0.292000
nan
nan
nan
nan
nan
nan
nan
0.407000
nan
1.000000
1.000000
nan
0.259000
0.254000
nan
0.196000
nan
0.182000
nan
nan
0.861000
0.499000
0.650000
0.561000
1.000000
nan
nan
nan
0.755000
0.740000
1.000000
0.369000
nan
0.349000
nan
0.329000
nan
nan
nan
nan
nan
1.000000
nan
0.970000
nan
nan
0.856000
nan
nan
nan
0.141000
0.101000
nan
0.319000
nan
0.807000
0.958000
0.624000
0.836000
0.522000
nan
nan
nan
nan
nan
0.312000
0.433000
nan
0.525000
0.478000
nan
0.742000
0.317000
nan
0.453000
0.715000
nan
0.322000
0.285000
0.252000
nan
0.252000
nan
0.247000
0.121000
0.141000
0.173000
nan
0.213000
nan
0.191000
nan
0.844000
0.153000
nan
nan
nan
0.871000
nan
0.106000
nan
0.589000
nan
0.114000
nan
0.181000
nan
0.200000
0.171000
nan
0.097000
0.101000
nan
0.097000
0.463000
nan
0.292000
1.000000
1.000000
0.471000
nan
nan
0.235000
nan
0.723000
0.370000
nan
0.908000
0.471000
nan
0.370000
0.672000
0.824000
0.286000
nan
nan
0.185000
0.622000
nan
0.269000
0.588000
nan
0.303000
0.504000
0.605000
nan
nan
nan
nan
0.151000
0.101000
0.252000
0.235000
nan
0.118000
nan
0.134000
1.000000
0.185000
0.034000
0.185000
nan
0.185000
nan
