Coverage: 2157.894737
nan
0.462000
0.577000
nan
0.202000
nan
1.000000
0.635000
0.202000
0.548000
0.924000
0.548000
0.635000
nan
nan
nan
nan
0.722000
0.722000
0.404000
0.404000
0.606000
0.606000
nan
nan
0.231000
0.346000
nan
nan
nan
0.188000
1.000000
nan
nan
0.815000
0.752000
0.564000
nan
0.408000
0.596000
0.440000
nan
nan
nan
0.305000
0.305000
0.609000
0.541000
nan
1.000000
nan
nan
0.474000
nan
0.880000
0.203000
0.237000
0.474000
nan
0.745000
0.677000
0.745000
0.948000
nan
0.609000
nan
0.508000
0.745000
0.203000
nan
nan
