Coverage: 4766.883117
nan
nan
nan
0.508000
0.349000
0.476000
nan
0.476000
nan
nan
nan
0.762000
0.667000
0.397000
1.000000
0.714000
0.635000
0.730000
0.556000
0.252000
0.619000
0.587000
nan
nan
0.794000
0.905000
nan
nan
0.841000
nan
0.429000
0.698000
0.317000
0.286000
nan
0.413000
0.825000
0.873000
1.000000
nan
nan
nan
0.267000
nan
nan
nan
nan
0.131000
0.246000
0.385000
0.214000
1.000000
0.823000
0.716000
0.577000
nan
0.342000
0.267000
0.203000
0.131000
0.363000
0.673000
0.865000
0.897000
0.791000
nan
nan
nan
nan
nan
nan
0.513000
0.641000
nan
nan
nan
0.438000
0.235000
0.203000
0.342000
0.630000
nan
nan
0.812000
0.780000
0.556000
0.395000
nan
0.459000
nan
0.182000
0.491000
0.267000
nan
nan
nan
nan
nan
nan
0.908000
nan
0.833000
0.620000
nan
nan
0.823000
0.256000
nan
nan
nan
0.160000
0.131000
nan
nan
nan
nan
nan
nan
nan
nan
nan
nan
nan
nan
nan
0.908000
nan
0.267000
0.310000
nan
nan
nan
nan
nan
nan
1.000000
0.342000
nan
nan
nan
nan
0.395000
1.000000
0.929000
0.673000
nan
0.769000
0.362000
nan
0.232000
0.575000
0.297000
0.121000
0.520000
1.000000
0.538000
0.826000
nan
0.130000
nan
nan
0.974000
1.000000
nan
0.882000
0.761000
nan
0.390000
0.427000
nan
0.306000
0.826000
0.390000
nan
nan
nan
0.116000
0.116000
nan
0.325000
0.251000
nan
nan
0.464000
nan
0.575000
nan
nan
nan
nan
nan
0.631000
0.752000
nan
nan
nan
nan
nan
0.715000
nan
nan
0.770000
nan
nan
nan
0.910000
0.167000
0.121000
0.116000
0.213000
0.278000
nan
1.000000
nan
0.483000
nan
nan
nan
nan
0.650000
0.585000
0.473000
0.353000
0.251000
nan
nan
nan
nan
0.761000
0.362000
0.817000
nan
nan
nan
0.260000
0.288000
nan
0.585000
nan
0.260000
nan
nan
nan
nan
nan
0.195000
0.263000
0.360000
nan
0.249000
0.456000
0.235000
0.304000
nan
nan
nan
nan
0.788000
1.000000
0.567000
0.512000
0.595000
nan
nan
nan
nan
0.954000
nan
nan
0.927000
0.885000
nan
nan
nan
0.249000
0.498000
0.470000
0.470000
0.844000
nan
nan
nan
nan
nan
nan
nan
nan
nan
0.470000
nan
0.512000
nan
0.595000
0.664000
0.954000
nan
0.539000
0.747000
0.290000
0.678000
0.678000
nan
0.332000
0.373000
0.539000
0.603000
nan
nan
0.377000
nan
nan
nan
0.691000
nan
0.791000
0.691000
nan
nan
nan
nan
0.213000
0.204000
0.301000
nan
1.000000
nan
nan
nan
nan
nan
0.181000
0.213000
0.716000
nan
1.000000
nan
nan
nan
nan
0.490000
nan
0.289000
0.339000
0.198000
0.427000
0.350000
nan
nan
nan
0.338000
0.384000
0.259000
0.429000
1.000000
nan
nan
nan
0.226000
0.158000
nan
0.124000
nan
