Coverage: 60686.538462
nan
0.029000
0.030000
nan
0.130000
0.040000
0.070000
nan
nan
nan
nan
0.034000
0.069000
nan
0.075000
1.000000
nan
nan
nan
0.034000
nan
0.053000
0.063000
0.049000
nan
1.000000
nan
1.000000
nan
0.043000
nan
nan
0.076000
0.031000
nan
0.041000
0.036000
0.070000
0.582000
0.542000
0.779000
nan
0.352000
0.222000
0.392000
0.357000
0.656000
0.639000
nan
nan
0.380000
0.522000
nan
0.422000
1.000000
0.559000
0.330000
nan
nan
nan
1.000000
0.699000
0.660000
nan
nan
nan
nan
nan
nan
0.597000
nan
nan
nan
0.502000
nan
0.279000
nan
nan
1.000000
0.489000
nan
0.395000
nan
nan
nan
nan
nan
nan
0.196000
nan
0.123000
0.267000
nan
nan
nan
0.141000
0.090000
0.097000
0.064000
0.095000
nan
0.092000
nan
nan
nan
nan
0.133000
0.054000
0.054000
nan
0.056000
0.290000
nan
nan
nan
nan
0.054000
nan
nan
0.064000
0.059000
0.088000
0.100000
0.280000
nan
0.151000
0.211000
0.118000
0.142000
0.178000
nan
nan
nan
nan
0.108000
0.419000
0.252000
0.217000
0.201000
nan
0.317000
nan
nan
nan
nan
nan
nan
nan
0.143000
nan
nan
0.245000
0.474000
1.000000
nan
nan
nan
nan
0.226000
1.000000
nan
0.233000
0.950000
0.239000
nan
0.191000
nan
nan
1.000000
0.296000
0.143000
0.153000
0.192000
0.240000
0.407000
0.386000
nan
0.441000
nan
0.254000
nan
0.255000
0.306000
0.389000
0.287000
0.428000
0.357000
nan
nan
nan
0.242000
nan
0.391000
0.427000
0.428000
nan
0.478000
nan
0.305000
0.208000
0.305000
nan
nan
nan
nan
nan
nan
nan
0.190000
0.491000
0.462000
0.221000
0.343000
0.187000
0.225000
0.379000
0.257000
0.219000
0.143000
0.646000
nan
nan
nan
0.751000
nan
nan
0.527000
0.580000
0.711000
0.655000
0.936000
nan
0.840000
0.663000
nan
0.659000
0.713000
nan
nan
nan
nan
0.450000
0.588000
0.619000
nan
1.000000
0.432000
nan
0.590000
nan
1.000000
nan
nan
nan
0.974000
nan
nan
0.855000
0.465000
nan
0.314000
nan
0.548000
nan
0.648000
0.580000
0.523000
0.546000
0.713000
0.338000
0.321000
nan
0.415000
0.705000
0.500000
0.457000
0.736000
nan
nan
nan
nan
nan
nan
0.413000
nan
0.630000
0.642000
0.452000
nan
0.369000
0.594000
0.673000
nan
1.000000
nan
nan
nan
nan
nan
nan
nan
0.507000
0.634000
nan
0.715000
0.880000
0.314000
nan
0.314000
nan
0.377000
nan
0.521000
nan
nan
nan
0.669000
0.998000
nan
nan
nan
nan
1.000000
nan
0.972000
nan
nan
0.786000
nan
0.730000
nan
nan
nan
nan
nan
0.326000
0.543000
0.472000
nan
nan
nan
nan
0.165000
nan
nan
0.816000
0.749000
0.674000
nan
0.539000
nan
nan
1.000000
1.000000
nan
0.805000
nan
nan
nan
0.955000
0.177000
0.165000
nan
0.221000
nan
0.210000
nan
nan
