Coverage: 3918.672199
nan
0.043000
nan
0.832000
1.000000
nan
nan
nan
0.287000
nan
nan
nan
0.861000
0.818000
0.890000
0.560000
nan
0.732000
0.545000
nan
0.875000
nan
0.445000
0.100000
nan
0.287000
nan
nan
nan
0.359000
0.344000
0.832000
nan
nan
0.746000
0.646000
nan
0.273000
nan
0.488000
nan
nan
nan
nan
0.603000
nan
0.861000
0.759000
nan
0.464000
0.703000
0.380000
nan
nan
0.549000
1.000000
0.338000
0.352000
0.492000
0.338000
0.239000
0.197000
nan
nan
nan
0.436000
0.928000
0.436000
nan
0.366000
nan
nan
nan
1.000000
nan
nan
nan
0.717000
1.000000
0.549000
nan
nan
nan
0.211000
0.239000
0.745000
0.619000
nan
0.352000
nan
0.647000
nan
nan
0.731000
0.422000
nan
nan
nan
nan
0.380000
0.366000
nan
nan
nan
nan
0.197000
0.759000
nan
0.816000
0.985000
0.643000
0.518000
0.502000
nan
0.769000
nan
0.753000
0.737000
nan
nan
nan
0.737000
0.565000
0.439000
nan
0.486000
nan
nan
nan
nan
0.518000
nan
nan
0.078000
0.078000
0.078000
0.078000
0.188000
nan
1.000000
0.952000
