Coverage: 81798.058252
nan
0.197000
nan
nan
nan
0.269000
0.235000
0.218000
nan
nan
nan
0.159000
0.488000
1.000000
nan
nan
1.000000
nan
nan
nan
0.430000
nan
0.102000
nan
nan
0.966000
0.162000
nan
0.360000
nan
0.130000
nan
nan
nan
nan
0.379000
nan
nan
nan
nan
0.125000
0.157000
nan
0.743000
nan
nan
nan
0.170000
0.156000
nan
0.685000
nan
0.653000
nan
nan
nan
nan
nan
nan
nan
0.839000
0.398000
nan
nan
nan
0.724000
0.871000
nan
1.000000
0.618000
nan
0.366000
nan
0.436000
nan
0.645000
0.374000
nan
0.480000
0.305000
0.416000
0.459000
0.282000
0.706000
0.624000
nan
nan
nan
nan
nan
nan
nan
1.000000
nan
nan
nan
0.189000
nan
nan
nan
nan
0.327000
0.367000
0.872000
nan
nan
0.223000
0.466000
1.000000
nan
nan
nan
0.306000
0.313000
0.278000
nan
nan
nan
nan
nan
nan
nan
0.205000
0.162000
nan
nan
nan
nan
0.532000
nan
0.568000
0.451000
nan
0.432000
nan
nan
0.226000
0.323000
0.221000
nan
nan
0.474000
nan
0.425000
nan
nan
nan
0.596000
0.776000
nan
nan
0.162000
0.237000
nan
nan
nan
0.509000
nan
0.388000
0.247000
0.162000
nan
0.353000
nan
1.000000
0.943000
nan
0.682000
0.626000
nan
nan
nan
nan
nan
0.575000
nan
nan
nan
0.958000
nan
0.507000
0.382000
nan
nan
nan
nan
nan
0.209000
0.441000
0.268000
0.275000
nan
nan
nan
nan
0.794000
1.000000
0.327000
0.955000
0.984000
nan
nan
0.184000
0.184000
0.232000
nan
nan
nan
0.500000
nan
0.547000
0.426000
nan
0.314000
0.186000
nan
nan
nan
nan
0.496000
nan
0.506000
0.480000
nan
nan
0.480000
0.235000
0.195000
0.584000
0.304000
nan
nan
nan
0.244000
0.184000
nan
0.320000
1.000000
nan
0.275000
0.336000
nan
nan
0.415000
0.237000
0.357000
0.310000
nan
0.218000
0.268000
nan
nan
0.292000
0.288000
nan
0.215000
nan
0.416000
0.465000
0.665000
nan
nan
nan
nan
nan
0.232000
0.483000
0.429000
0.601000
nan
0.231000
0.264000
0.499000
0.220000
0.354000
0.859000
0.528000
0.201000
0.482000
0.769000
0.863000
0.417000
0.629000
nan
nan
0.564000
0.319000
0.288000
nan
0.139000
0.166000
0.192000
nan
nan
0.139000
nan
nan
0.737000
0.709000
1.000000
nan
nan
nan
nan
nan
nan
0.383000
0.764000
nan
0.227000
0.403000
0.145000
1.000000
0.635000
0.761000
0.747000
nan
nan
nan
nan
nan
nan
0.512000
nan
0.227000
0.140000
0.607000
1.000000
nan
nan
0.139000
nan
nan
nan
nan
0.743000
nan
nan
nan
0.418000
nan
nan
0.735000
0.566000
0.737000
nan
0.703000
0.645000
0.897000
nan
0.859000
0.840000
nan
0.895000
0.336000
nan
0.514000
0.367000
0.831000
nan
nan
1.000000
nan
nan
nan
0.520000
0.393000
nan
0.437000
0.890000
0.726000
nan
0.903000
1.000000
nan
nan
nan
nan
0.540000
nan
nan
0.318000
nan
nan
0.129000
nan
nan
nan
0.363000
nan
0.741000
nan
nan
nan
nan
0.674000
0.496000
nan
0.298000
0.341000
0.506000
nan
nan
nan
nan
0.373000
0.266000
0.499000
0.444000
nan
0.513000
0.329000
0.610000
0.510000
0.450000
