Coverage: 16870.450098
nan
nan
nan
nan
0.892000
nan
nan
nan
0.683000
nan
nan
0.669000
0.771000
0.833000
0.817000
nan
0.799000
nan
0.933000
nan
nan
0.993000
nan
nan
nan
nan
0.962000
0.833000
0.516000
0.470000
0.676000
0.774000
nan
1.000000
1.000000
nan
0.861000
nan
nan
0.501000
nan
nan
nan
0.358000
0.335000
0.373000
nan
nan
nan
0.610000
0.823000
0.646000
nan
nan
nan
nan
nan
nan
0.369000
0.281000
0.281000
nan
nan
nan
0.883000
0.534000
nan
0.496000
nan
0.545000
0.474000
nan
0.894000
0.520000
nan
nan
0.390000
0.365000
0.421000
0.541000
0.622000
1.000000
nan
nan
nan
0.536000
0.588000
0.613000
nan
0.588000
nan
nan
nan
0.673000
0.756000
0.822000
0.879000
nan
0.291000
nan
0.432000
nan
0.407000
0.725000
nan
0.421000
nan
0.452000
nan
0.287000
0.281000
0.343000
0.366000
nan
nan
0.419000
nan
0.387000
nan
0.301000
0.361000
nan
nan
nan
nan
0.796000
nan
nan
nan
nan
nan
1.000000
nan
1.000000
0.857000
0.624000
nan
nan
nan
nan
nan
0.492000
0.616000
nan
nan
0.954000
0.563000
0.879000
1.000000
0.426000
0.589000
0.479000
0.501000
0.488000
nan
0.479000
nan
nan
0.611000
nan
0.387000
0.567000
nan
nan
0.497000
nan
nan
0.325000
0.426000
0.281000
nan
0.251000
nan
nan
nan
0.259000
0.171000
0.059000
0.136000
nan
nan
nan
nan
nan
0.246000
0.871000
0.237000
nan
nan
nan
nan
nan
nan
nan
nan
nan
nan
0.158000
nan
nan
0.211000
nan
0.114000
0.128000
0.185000
nan
nan
0.171000
nan
0.079000
0.059000
0.059000
0.062000
nan
0.119000
nan
0.119000
nan
nan
0.092000
nan
nan
nan
0.158000
0.149000
nan
0.149000
nan
0.128000
0.119000
0.779000
nan
0.623000
0.436000
nan
nan
nan
nan
0.717000
nan
0.592000
0.654000
0.654000
0.467000
1.000000
0.561000
nan
nan
nan
nan
1.000000
0.561000
0.779000
0.623000
nan
nan
0.121000
0.156000
0.561000
nan
0.935000
nan
nan
nan
0.561000
nan
nan
nan
0.121000
0.121000
0.343000
nan
0.405000
0.841000
nan
nan
nan
nan
0.654000
nan
0.498000
0.187000
0.374000
nan
0.872000
0.312000
nan
0.312000
nan
nan
0.343000
1.000000
0.717000
nan
nan
nan
0.561000
nan
0.685000
0.530000
nan
nan
0.592000
0.436000
0.467000
nan
0.312000
0.654000
0.779000
nan
nan
0.530000
0.312000
0.343000
nan
0.280000
0.498000
nan
nan
nan
nan
0.748000
0.966000
0.487000
0.217000
nan
0.460000
nan
0.677000
nan
0.379000
0.244000
0.217000
0.352000
0.379000
nan
nan
nan
0.487000
0.217000
nan
0.433000
0.271000
nan
0.433000
nan
nan
0.379000
0.460000
0.568000
nan
0.487000
0.244000
0.217000
0.487000
nan
0.271000
nan
0.352000
0.514000
0.433000
nan
0.244000
0.244000
0.325000
0.352000
0.731000
nan
0.487000
nan
0.568000
0.298000
0.460000
nan
nan
0.352000
0.433000
nan
nan
nan
nan
0.176000
nan
0.487000
0.217000
nan
nan
1.000000
0.379000
nan
1.000000
nan
nan
nan
1.000000
nan
nan
0.325000
0.298000
0.866000
nan
0.433000
0.704000
0.352000
0.433000
nan
nan
0.568000
0.568000
0.704000
nan
