Coverage: 36713.760000
nan
0.226000
nan
nan
nan
nan
0.719000
nan
nan
0.362000
1.000000
nan
nan
nan
nan
nan
nan
nan
nan
nan
nan
nan
nan
0.565000
nan
nan
nan
nan
0.535000
0.822000
nan
nan
1.000000
0.656000
0.802000
0.699000
nan
nan
nan
0.545000
0.774000
nan
0.616000
0.659000
0.799000
nan
nan
0.787000
nan
0.546000
0.453000
nan
0.928000
1.000000
0.872000
0.972000
0.732000
0.765000
nan
0.213000
nan
0.213000
0.919000
0.353000
0.274000
nan
0.270000
nan
0.423000
nan
nan
0.906000
0.634000
0.977000
0.806000
0.637000
0.682000
0.839000
0.719000
0.732000
0.453000
0.725000
0.835000
nan
nan
nan
0.213000
nan
0.216000
nan
nan
nan
nan
0.400000
nan
0.731000
0.951000
1.000000
nan
0.554000
nan
0.866000
nan
0.659000
0.443000
nan
nan
nan
nan
nan
0.895000
nan
0.582000
nan
0.720000
0.493000
nan
0.340000
0.336000
0.758000
0.846000
0.869000
1.000000
nan
0.783000
nan
nan
0.410000
nan
0.512000
0.605000
0.615000
nan
nan
nan
nan
0.876000
1.000000
nan
nan
nan
nan
nan
nan
0.417000
0.551000
nan
0.627000
nan
nan
0.609000
nan
nan
nan
0.379000
0.235000
nan
0.420000
0.679000
nan
nan
0.547000
nan
0.765000
0.954000
0.452000
nan
0.293000
nan
0.235000
0.301000
nan
0.278000
0.463000
0.910000
1.000000
nan
nan
0.925000
0.888000
nan
nan
0.891000
1.000000
nan
nan
nan
nan
nan
nan
0.235000
nan
0.682000
0.656000
nan
0.518000
nan
nan
0.706000
nan
0.353000
nan
nan
nan
0.571000
nan
nan
nan
nan
nan
nan
nan
nan
0.804000
0.978000
nan
nan
nan
nan
0.617000
0.443000
0.245000
0.921000
nan
0.836000
1.000000
0.571000
nan
0.506000
0.587000
0.570000
nan
nan
nan
0.370000
0.421000
0.345000
nan
0.429000
nan
nan
nan
nan
nan
nan
0.461000
nan
nan
nan
0.738000
nan
0.631000
nan
0.636000
0.700000
0.492000
0.251000
0.173000
nan
nan
1.000000
0.910000
nan
0.847000
0.722000
0.611000
0.995000
0.707000
0.725000
nan
nan
nan
nan
0.844000
0.429000
0.791000
nan
0.700000
0.533000
0.696000
0.781000
nan
0.586000
0.699000
0.849000
nan
nan
0.320000
nan
nan
nan
nan
0.374000
nan
nan
0.777000
nan
nan
nan
nan
0.471000
nan
0.507000
0.593000
nan
1.000000
nan
nan
0.311000
nan
nan
nan
nan
0.240000
0.338000
0.873000
0.418000
0.416000
nan
0.481000
0.434000
0.173000
0.252000
0.173000
0.208000
nan
1.000000
nan
0.209000
0.462000
0.522000
nan
nan
nan
nan
nan
nan
nan
0.461000
nan
nan
nan
nan
0.258000
nan
0.174000
0.308000
nan
nan
0.313000
0.403000
nan
0.312000
nan
0.879000
nan
nan
1.000000
0.807000
1.000000
0.895000
0.613000
nan
0.743000
nan
nan
nan
1.000000
nan
nan
nan
nan
0.973000
nan
0.709000
nan
nan
nan
nan
0.870000
nan
nan
0.482000
0.420000
nan
0.432000
nan
nan
0.454000
0.327000
nan
0.348000
nan
nan
0.479000
nan
nan
0.427000
nan
0.248000
nan
nan
nan
nan
nan
0.357000
nan
0.332000
0.229000
nan
0.236000
nan
0.286000
0.261000
0.248000
0.202000
nan
0.239000
0.416000
nan
0.204000
0.107000
nan
0.180000
nan
0.127000
nan
0.207000
nan
0.214000
nan
0.143000
nan
nan
0.166000
nan
0.068000
0.116000
nan
nan
nan
nan
nan
0.070000
0.068000
0.068000
0.111000
nan
nan
0.086000
0.168000
nan
nan
0.157000
0.116000
nan
nan
0.089000
0.175000
0.664000
0.809000
0.602000
0.519000
nan
nan
1.000000
0.332000
0.415000
0.768000
0.768000
nan
0.456000
0.394000
0.539000
nan
nan
nan
nan
0.290000
nan
nan
0.415000
nan
nan
0.747000
0.954000
nan
nan
0.560000
0.581000
0.581000
0.602000
nan
nan
nan
0.270000
nan
nan
0.145000
nan
0.311000
0.228000
nan
0.207000
nan
0.166000
nan
0.166000
nan
nan
nan
0.104000
0.290000
nan
0.041000
nan
0.788000
0.685000
nan
nan
nan
0.851000
0.270000
0.643000
1.000000
