Coverage: 85359.880240
nan
0.272000
0.174000
0.550000
0.577000
nan
0.272000
0.465000
0.513000
nan
nan
0.125000
0.155000
0.997000
1.000000
nan
0.530000
0.367000
0.291000
nan
nan
0.422000
0.415000
nan
nan
nan
1.000000
0.411000
nan
1.000000
nan
nan
0.400000
nan
nan
nan
nan
0.281000
nan
nan
0.430000
0.329000
0.374000
nan
0.382000
0.443000
nan
0.269000
0.532000
nan
0.464000
nan
nan
nan
0.445000
0.287000
0.840000
0.590000
0.635000
nan
0.449000
0.265000
0.563000
nan
0.265000
nan
0.642000
nan
0.681000
0.697000
0.752000
0.503000
nan
0.404000
nan
0.406000
nan
0.716000
0.852000
0.497000
0.454000
nan
nan
0.359000
0.883000
0.803000
0.478000
0.794000
0.938000
nan
1.000000
nan
1.000000
0.343000
0.301000
0.266000
0.323000
nan
0.328000
nan
0.265000
0.557000
0.940000
nan
0.344000
0.458000
0.550000
0.618000
nan
nan
nan
0.996000
0.683000
nan
nan
0.859000
nan
nan
nan
nan
0.293000
0.857000
nan
nan
0.932000
0.944000
1.000000
0.771000
nan
0.333000
nan
0.278000
nan
nan
nan
nan
0.673000
0.506000
nan
0.272000
0.229000
nan
nan
1.000000
nan
nan
0.256000
nan
nan
0.434000
0.173000
0.306000
0.176000
0.276000
0.242000
nan
nan
0.590000
0.510000
0.480000
nan
0.903000
nan
nan
nan
nan
nan
nan
0.512000
0.478000
nan
0.555000
nan
0.693000
nan
nan
nan
0.521000
nan
0.353000
nan
0.336000
nan
nan
nan
nan
nan
nan
nan
nan
nan
nan
nan
nan
nan
0.775000
0.724000
0.432000
0.450000
0.490000
nan
0.282000
nan
0.295000
0.497000
0.596000
0.494000
0.746000
1.000000
nan
nan
nan
nan
nan
nan
nan
nan
nan
0.346000
nan
0.256000
0.173000
nan
0.270000
1.000000
0.687000
0.967000
nan
nan
0.405000
nan
nan
nan
0.293000
0.232000
0.173000
0.245000
0.436000
0.484000
0.520000
0.604000
nan
0.468000
nan
1.000000
0.870000
nan
0.941000
1.000000
0.323000
0.689000
1.000000
nan
nan
nan
nan
0.454000
0.795000
nan
0.850000
nan
nan
nan
0.593000
0.459000
0.466000
0.670000
nan
0.862000
nan
nan
nan
nan
nan
0.673000
0.658000
0.875000
0.691000
0.742000
0.398000
0.824000
0.880000
nan
nan
nan
0.861000
0.686000
nan
nan
nan
nan
0.372000
0.523000
nan
0.425000
0.314000
0.604000
0.786000
nan
nan
nan
nan
nan
nan
nan
0.719000
nan
0.314000
0.587000
0.612000
nan
nan
0.325000
0.314000
0.508000
0.692000
nan
nan
nan
0.611000
0.543000
0.495000
0.630000
nan
0.499000
0.629000
nan
nan
0.997000
nan
nan
nan
1.000000
1.000000
nan
1.000000
nan
0.720000
0.632000
nan
0.570000
0.503000
nan
0.526000
nan
0.965000
nan
0.658000
0.769000
0.842000
nan
0.692000
nan
nan
nan
0.492000
nan
nan
0.464000
nan
nan
0.607000
nan
nan
nan
0.752000
nan
nan
0.547000
0.555000
0.763000
0.502000
0.610000
0.809000
nan
nan
nan
nan
nan
nan
nan
0.463000
nan
nan
nan
nan
0.610000
nan
0.791000
nan
0.808000
0.512000
0.858000
0.555000
0.373000
nan
0.485000
0.320000
nan
0.461000
nan
