Coverage: 17121.505376
0.570000
0.584000
0.789000
0.615000
nan
nan
nan
nan
nan
0.185000
nan
0.291000
nan
0.334000
0.183000
0.153000
nan
0.782000
nan
nan
nan
nan
0.944000
0.942000
0.944000
nan
nan
nan
1.000000
0.356000
nan
nan
0.297000
nan
nan
nan
nan
nan
0.169000
0.162000
nan
0.475000
0.406000
nan
nan
nan
nan
0.288000
nan
nan
1.000000
1.000000
nan
0.291000
nan
nan
0.429000
nan
nan
nan
nan
nan
nan
nan
nan
0.630000
0.370000
0.480000
nan
0.417000
nan
nan
0.276000
0.264000
nan
1.000000
0.972000
nan
0.354000
nan
nan
0.394000
nan
0.398000
nan
nan
nan
nan
nan
0.547000
nan
0.862000
1.000000
nan
nan
0.701000
0.634000
nan
nan
nan
0.653000
0.933000
0.712000
nan
nan
0.716000
nan
nan
nan
0.571000
0.976000
1.000000
0.815000
0.756000
0.941000
nan
nan
0.516000
0.512000
0.504000
0.468000
0.622000
0.783000
0.646000
nan
0.535000
nan
nan
0.614000
0.701000
0.886000
nan
0.366000
0.496000
0.429000
0.766000
0.779000
nan
nan
0.801000
0.429000
0.700000
0.308000
nan
nan
nan
0.339000
nan
0.559000
nan
0.233000
nan
0.399000
nan
0.250000
nan
0.156000
nan
0.415000
0.618000
0.563000
0.704000
nan
0.908000
nan
nan
0.618000
0.657000
nan
0.383000
nan
0.125000
nan
0.172000
nan
0.196000
0.219000
0.047000
nan
