Coverage: 2244.000000
nan
nan
nan
0.443000
nan
0.443000
0.098000
0.098000
0.172000
nan
nan
nan
0.492000
0.221000
0.049000
nan
nan
nan
0.418000
0.344000
0.738000
0.566000
0.492000
0.664000
1.000000
nan
0.664000
nan
0.763000
nan
0.098000
nan
nan
nan
nan
nan
0.344000
nan
0.197000
nan
nan
nan
nan
nan
nan
nan
0.738000
nan
0.492000
0.197000
nan
0.246000
0.320000
0.320000
nan
nan
1.000000
0.433000
0.423000
0.733000
nan
0.846000
0.536000
0.508000
0.338000
nan
0.649000
nan
nan
0.169000
nan
nan
nan
nan
nan
0.056000
nan
0.197000
0.282000
0.367000
0.592000
nan
0.395000
0.451000
nan
nan
0.423000
0.282000
nan
nan
0.141000
0.113000
nan
nan
0.282000
nan
0.423000
nan
0.141000
0.479000
