Coverage: 16621.030043
1.000000
nan
1.000000
0.795000
0.607000
0.824000
0.370000
nan
0.156000
nan
0.231000
nan
nan
0.515000
nan
0.130000
0.153000
0.110000
0.100000
0.442000
nan
nan
nan
0.200000
0.405000
0.304000
nan
0.685000
0.850000
0.318000
nan
0.370000
nan
0.769000
nan
0.989000
nan
0.327000
0.298000
nan
0.827000
0.627000
nan
0.684000
nan
0.601000
nan
nan
nan
nan
0.566000
nan
0.613000
0.507000
0.526000
nan
0.856000
0.707000
0.762000
nan
0.955000
0.656000
0.864000
0.432000
nan
nan
0.295000
nan
nan
0.373000
0.310000
0.856000
nan
nan
0.684000
nan
0.621000
nan
0.306000
nan
nan
0.244000
0.752000
nan
nan
0.990000
0.653000
0.867000
nan
nan
0.313000
nan
nan
0.390000
nan
nan
0.443000
nan
0.447000
0.321000
nan
nan
0.542000
nan
0.836000
1.000000
0.199000
nan
nan
nan
nan
0.195000
nan
nan
0.158000
nan
nan
nan
nan
0.924000
0.875000
nan
nan
0.672000
0.340000
nan
0.256000
nan
nan
0.160000
0.409000
0.435000
0.497000
