Coverage: 27010.778443
nan
nan
0.206000
nan
nan
0.334000
nan
nan
nan
nan
nan
0.707000
nan
nan
nan
nan
0.519000
0.554000
0.597000
0.897000
0.936000
nan
0.901000
nan
0.336000
nan
0.201000
nan
nan
nan
nan
nan
0.801000
1.000000
nan
nan
nan
0.936000
0.885000
0.759000
0.641000
0.782000
0.952000
nan
1.000000
0.961000
nan
0.469000
0.739000
nan
nan
nan
nan
0.686000
0.753000
0.981000
nan
0.894000
1.000000
nan
nan
nan
nan
0.983000
0.160000
0.228000
0.206000
0.528000
nan
0.899000
0.547000
nan
nan
0.416000
0.486000
0.259000
0.424000
0.744000
0.562000
0.119000
0.121000
0.170000
0.172000
0.173000
nan
0.134000
0.701000
nan
nan
0.616000
0.679000
0.506000
0.379000
nan
0.262000
nan
0.119000
0.140000
0.119000
0.146000
nan
1.000000
0.935000
nan
nan
nan
nan
nan
0.191000
nan
nan
1.000000
0.477000
0.286000
0.119000
0.119000
nan
nan
0.131000
0.459000
0.432000
0.462000
0.671000
1.000000
nan
0.504000
0.588000
0.734000
nan
nan
0.671000
0.746000
nan
nan
0.265000
nan
nan
nan
nan
0.294000
0.325000
nan
nan
0.208000
0.153000
nan
0.233000
0.230000
0.173000
0.241000
0.248000
0.551000
0.642000
nan
nan
nan
nan
nan
0.232000
nan
0.508000
0.533000
0.624000
0.476000
0.480000
0.610000
nan
nan
0.208000
nan
0.713000
0.722000
nan
0.103000
0.103000
0.103000
0.143000
nan
nan
nan
nan
0.843000
nan
0.660000
nan
0.662000
nan
nan
0.166000
0.133000
nan
nan
nan
nan
0.398000
0.575000
0.972000
nan
0.294000
nan
nan
0.547000
0.628000
0.758000
nan
0.564000
0.620000
nan
0.650000
nan
0.622000
1.000000
nan
0.500000
nan
0.304000
1.000000
0.637000
0.690000
1.000000
0.664000
nan
nan
nan
nan
nan
0.571000
nan
nan
0.686000
nan
0.577000
0.476000
0.436000
0.440000
nan
nan
0.283000
nan
nan
nan
nan
nan
nan
nan
nan
1.000000
0.714000
nan
nan
nan
nan
nan
0.698000
nan
0.539000
nan
nan
nan
0.326000
0.326000
0.233000
0.398000
0.273000
0.174000
0.289000
0.295000
0.192000
0.341000
0.413000
nan
0.187000
0.187000
0.167000
0.463000
0.237000
nan
nan
nan
nan
0.327000
nan
0.563000
0.435000
nan
0.634000
0.347000
nan
0.224000
nan
0.295000
nan
nan
0.290000
0.268000
0.306000
nan
0.468000
1.000000
0.920000
nan
nan
0.310000
0.237000
nan
nan
0.167000
1.000000
0.167000
nan
nan
0.277000
nan
0.326000
0.240000
nan
nan
0.266000
0.248000
nan
0.169000
0.240000
nan
nan
nan
nan
0.328000
0.352000
nan
1.000000
nan
0.640000
nan
nan
nan
nan
0.363000
nan
nan
nan
nan
nan
nan
0.540000
nan
nan
0.674000
nan
0.665000
nan
nan
nan
0.865000
nan
nan
nan
nan
1.000000
nan
nan
nan
nan
nan
nan
nan
0.724000
nan
nan
0.486000
nan
nan
0.468000
0.629000
0.743000
1.000000
nan
nan
0.420000
nan
0.597000
0.359000
0.718000
nan
nan
0.304000
0.450000
nan
0.622000
0.441000
0.438000
0.406000
nan
nan
nan
nan
nan
nan
nan
0.425000
0.695000
nan
