Coverage: 3084.745763
nan
1.000000
nan
nan
nan
nan
0.456000
nan
nan
0.228000
nan
nan
nan
nan
nan
0.427000
1.000000
nan
0.684000
0.855000
0.484000
nan
0.741000
0.513000
0.969000
0.570000
0.655000
0.684000
0.769000
nan
0.138000
nan
nan
0.083000
0.138000
nan
0.606000
nan
nan
0.138000
0.075000
0.248000
0.606000
0.909000
nan
0.985000
nan
1.000000
nan
nan
0.479000
0.293000
0.479000
0.826000
nan
nan
nan
nan
0.772000
0.719000
nan
0.533000
0.399000
nan
0.719000
0.826000
1.000000
nan
nan
0.133000
0.240000
0.692000
0.559000
nan
nan
nan
0.719000
