Coverage: 4007.386364
nan
0.043000
nan
0.138000
nan
1.000000
0.662000
0.817000
0.060000
0.120000
0.223000
0.069000
0.627000
nan
0.155000
0.146000
nan
nan
nan
nan
0.026000
0.026000
0.457000
0.522000
nan
0.120000
nan
nan
0.044000
nan
nan
0.272000
0.065000
0.141000
nan
nan
nan
0.773000
0.870000
0.577000
nan
1.000000
0.403000
nan
0.261000
nan
nan
nan
nan
nan
0.711000
0.237000
nan
0.158000
0.145000
nan
0.474000
nan
nan
nan
nan
0.158000
0.072000
0.118000
0.072000
nan
nan
0.132000
1.000000
nan
nan
0.645000
0.448000
nan
nan
nan
