Coverage: 26660.420650
0.945000
nan
nan
0.629000
1.000000
0.816000
0.868000
nan
0.757000
0.946000
nan
0.528000
0.788000
nan
nan
nan
nan
nan
0.262000
0.406000
0.363000
0.397000
0.378000
0.397000
0.666000
nan
nan
0.189000
0.203000
0.712000
nan
nan
0.959000
1.000000
nan
nan
0.418000
0.220000
0.584000
nan
0.456000
nan
0.088000
nan
0.187000
0.281000
0.239000
0.359000
0.198000
0.298000
nan
0.055000
nan
nan
nan
nan
0.274000
nan
nan
nan
nan
nan
nan
0.063000
nan
0.058000
0.086000
0.143000
nan
0.094000
1.000000
0.090000
0.137000
1.000000
nan
0.105000
0.191000
nan
0.072000
0.057000
0.076000
nan
0.071000
0.085000
nan
0.070000
nan
nan
nan
0.221000
0.171000
nan
nan
0.073000
nan
nan
nan
nan
0.122000
0.105000
0.108000
0.087000
0.087000
nan
nan
0.101000
0.056000
0.074000
nan
0.098000
nan
0.097000
0.159000
nan
nan
1.000000
nan
0.055000
nan
nan
nan
nan
nan
0.055000
0.881000
nan
nan
nan
nan
nan
nan
nan
nan
nan
nan
0.075000
nan
0.067000
nan
0.069000
nan
nan
0.091000
0.091000
0.068000
nan
0.768000
nan
nan
nan
nan
nan
nan
nan
nan
nan
0.538000
nan
1.000000
nan
nan
nan
0.243000
1.000000
0.850000
nan
0.536000
0.659000
nan
nan
nan
0.243000
nan
nan
nan
nan
0.340000
nan
nan
0.996000
0.848000
0.682000
nan
nan
nan
nan
0.805000
0.695000
0.723000
0.992000
nan
nan
1.000000
0.686000
nan
nan
nan
0.673000
nan
0.502000
0.882000
nan
0.579000
0.627000
0.916000
nan
0.331000
0.296000
0.663000
0.759000
nan
0.331000
nan
0.296000
nan
0.244000
0.274000
nan
0.718000
0.739000
nan
nan
0.481000
0.495000
0.422000
0.502000
nan
0.243000
0.308000
0.305000
nan
0.527000
nan
0.426000
nan
0.385000
nan
0.568000
nan
0.499000
0.704000
0.287000
0.392000
nan
0.534000
nan
0.394000
nan
nan
0.747000
nan
nan
0.598000
nan
nan
0.670000
1.000000
nan
1.000000
1.000000
nan
0.933000
0.697000
0.385000
nan
0.484000
nan
0.507000
0.376000
0.317000
0.321000
nan
0.516000
0.276000
0.308000
nan
0.308000
0.317000
0.398000
nan
0.512000
0.552000
nan
nan
nan
0.398000
0.412000
nan
0.349000
0.480000
nan
nan
nan
nan
nan
nan
nan
nan
nan
0.166000
nan
nan
0.240000
nan
nan
0.892000
nan
nan
nan
nan
nan
nan
nan
nan
nan
nan
nan
nan
0.308000
0.326000
nan
0.358000
0.294000
nan
0.340000
nan
0.448000
0.263000
nan
0.195000
0.245000
nan
nan
0.199000
0.231000
0.335000
nan
0.349000
nan
nan
0.166000
0.312000
nan
0.181000
0.213000
nan
nan
0.166000
nan
0.204000
0.538000
0.965000
0.839000
nan
nan
0.427000
nan
1.000000
0.712000
nan
nan
0.949000
0.506000
0.601000
0.633000
0.396000
nan
nan
0.269000
nan
nan
0.301000
nan
0.257000
nan
nan
0.312000
0.935000
0.257000
nan
0.478000
nan
0.202000
nan
nan
1.000000
0.606000
1.000000
0.257000
0.276000
0.257000
0.404000
0.294000
0.716000
nan
0.349000
nan
nan
0.202000
nan
nan
0.092000
0.184000
nan
nan
nan
0.073000
nan
nan
0.045000
nan
nan
nan
0.276000
0.073000
nan
nan
nan
0.147000
0.073000
0.165000
0.147000
nan
