Coverage: 58167.973856
nan
0.270000
0.509000
0.626000
nan
0.402000
0.440000
0.394000
0.775000
nan
1.000000
0.655000
nan
nan
nan
0.467000
0.731000
0.709000
0.813000
nan
0.802000
nan
0.155000
nan
nan
nan
0.898000
nan
nan
nan
0.280000
0.703000
1.000000
nan
nan
nan
nan
0.539000
nan
nan
0.480000
nan
0.418000
1.000000
0.845000
0.670000
0.629000
nan
nan
nan
nan
nan
0.803000
nan
0.778000
0.802000
nan
0.595000
0.539000
0.515000
0.544000
nan
0.401000
nan
0.518000
0.286000
nan
nan
nan
0.609000
nan
0.912000
nan
nan
0.720000
0.817000
0.744000
nan
0.607000
0.612000
0.863000
nan
nan
nan
nan
0.391000
nan
nan
nan
0.690000
0.769000
0.948000
nan
0.489000
0.552000
nan
nan
0.518000
1.000000
0.656000
nan
0.564000
0.605000
0.987000
0.758000
0.750000
nan
nan
nan
0.520000
nan
nan
nan
1.000000
0.850000
0.715000
nan
nan
0.338000
0.286000
0.286000
0.493000
0.860000
1.000000
nan
0.468000
nan
nan
nan
nan
nan
nan
0.678000
nan
nan
nan
nan
nan
0.393000
0.525000
0.294000
nan
0.521000
0.604000
0.632000
0.643000
0.641000
0.679000
nan
0.745000
nan
nan
0.481000
nan
0.388000
1.000000
nan
0.202000
nan
0.377000
0.813000
nan
nan
0.209000
0.202000
0.888000
nan
nan
0.944000
0.719000
nan
nan
0.885000
0.691000
nan
0.433000
nan
nan
0.304000
nan
nan
0.823000
0.538000
nan
nan
nan
0.472000
0.391000
0.312000
0.547000
nan
nan
0.836000
0.212000
0.770000
nan
nan
0.261000
0.538000
nan
nan
nan
1.000000
nan
nan
nan
nan
0.291000
0.202000
nan
nan
0.839000
nan
nan
nan
nan
nan
0.891000
0.483000
nan
0.643000
1.000000
0.519000
0.392000
0.945000
nan
0.319000
nan
nan
0.690000
0.656000
nan
nan
nan
nan
nan
nan
nan
0.565000
nan
nan
nan
0.780000
nan
0.830000
0.611000
0.768000
nan
0.557000
0.696000
0.492000
0.807000
nan
nan
nan
0.693000
0.715000
0.790000
0.704000
0.919000
0.358000
0.389000
nan
0.682000
nan
nan
nan
0.607000
0.698000
nan
0.475000
0.649000
0.392000
nan
0.301000
0.275000
0.770000
nan
0.789000
nan
nan
nan
nan
nan
0.620000
0.486000
nan
0.232000
nan
nan
nan
nan
0.481000
1.000000
nan
nan
nan
nan
nan
nan
nan
0.237000
nan
0.801000
nan
0.769000
nan
0.778000
0.303000
nan
nan
nan
nan
nan
nan
1.000000
nan
0.274000
0.258000
nan
0.413000
0.506000
nan
1.000000
nan
nan
nan
nan
0.506000
nan
nan
nan
nan
nan
nan
0.685000
nan
0.966000
0.396000
0.266000
nan
0.308000
0.282000
0.257000
nan
0.301000
0.602000
0.452000
0.508000
0.356000
0.757000
nan
nan
nan
nan
0.263000
0.180000
0.396000
nan
