Coverage: 403.846154
nan
0.000000
0.000000
0.000000
0.000000
0.000000
0.000000
nan
nan
nan
nan
0.800000
0.267000
nan
nan
nan
0.533000
0.000000
0.267000
nan
nan
1.000000
nan
nan
0.267000
nan
0.000000
nan
0.000000
nan
nan
nan
nan
0.533000
nan
1.000000
0.267000
nan
nan
0.000000
nan
0.267000
1.000000
0.533000
0.267000
0.000000
0.800000
0.000000
0.000000
nan
0.000000
0.000000
nan
nan
nan
0.000000
0.000000
nan
0.000000
0.153000
0.000000
nan
0.263000
0.131000
0.263000
nan
0.000000
0.263000
0.000000
0.000000
0.000000
nan
0.788000
0.263000
0.000000
0.525000
nan
nan
0.263000
0.263000
0.885000
0.394000
