Coverage: 3036.898396
0.714000
0.915000
nan
0.695000
0.750000
0.860000
nan
nan
0.878000
0.329000
0.256000
0.403000
0.640000
nan
nan
0.567000
nan
nan
nan
0.201000
1.000000
nan
nan
0.476000
0.384000
0.476000
nan
0.439000
0.823000
nan
0.750000
0.640000
nan
1.000000
nan
nan
nan
nan
nan
nan
nan
nan
nan
0.238000
0.531000
0.567000
0.403000
nan
0.494000
nan
0.860000
nan
0.912000
nan
nan
0.936000
nan
0.864000
0.960000
0.864000
nan
0.744000
1.000000
nan
0.792000
1.000000
0.960000
0.960000
nan
nan
0.696000
nan
nan
nan
0.480000
0.888000
0.960000
0.720000
nan
nan
0.456000
nan
nan
0.624000
nan
nan
nan
