Coverage: 4054.945055
nan
0.680000
0.533000
nan
0.725000
nan
0.488000
nan
nan
0.518000
1.000000
nan
nan
nan
nan
nan
nan
0.814000
nan
0.636000
0.503000
0.651000
nan
nan
nan
0.296000
nan
0.725000
nan
0.325000
nan
nan
nan
0.444000
nan
0.592000
0.311000
0.399000
nan
nan
0.110000
0.163000
0.163000
0.325000
0.613000
nan
0.613000
0.581000
nan
0.355000
0.452000
nan
0.387000
nan
nan
nan
0.258000
0.655000
0.613000
nan
nan
0.613000
nan
nan
0.484000
0.647000
1.000000
nan
nan
nan
nan
nan
0.249000
0.498000
nan
0.846000
0.348000
1.000000
0.398000
0.249000
0.149000
nan
