Coverage: 54491.379310
nan
0.474000
nan
0.592000
0.755000
0.385000
0.681000
0.681000
nan
nan
nan
nan
nan
nan
0.533000
0.592000
nan
nan
nan
0.592000
1.000000
nan
0.740000
nan
0.992000
nan
0.814000
0.829000
0.400000
1.000000
0.873000
0.903000
0.533000
0.415000
0.711000
nan
nan
nan
1.000000
nan
nan
nan
0.785000
0.548000
0.731000
0.623000
nan
nan
nan
nan
nan
0.969000
nan
0.871000
0.576000
nan
0.270000
0.822000
0.515000
nan
0.993000
0.613000
nan
0.723000
nan
nan
1.000000
0.380000
0.540000
nan
nan
0.564000
1.000000
0.736000
