Coverage: 82833.488372
0.428000
nan
0.875000
nan
nan
nan
0.251000
nan
nan
0.365000
nan
nan
nan
nan
nan
nan
nan
nan
nan
0.311000
0.327000
nan
0.325000
nan
nan
1.000000
nan
nan
1.000000
0.432000
0.440000
nan
0.347000
nan
nan
nan
0.232000
nan
nan
0.233000
0.086000
nan
nan
nan
0.882000
1.000000
nan
0.684000
nan
nan
0.730000
nan
nan
0.825000
nan
nan
nan
0.110000
nan
0.110000
nan
nan
0.118000
0.182000
nan
nan
0.217000
0.211000
0.293000
0.793000
0.251000
nan
0.258000
0.262000
nan
0.373000
0.240000
nan
0.384000
0.451000
0.329000
nan
nan
nan
0.323000
nan
0.198000
0.302000
0.182000
nan
0.422000
nan
0.182000
nan
0.201000
nan
nan
nan
0.217000
0.145000
nan
0.132000
0.169000
nan
0.180000
0.156000
0.195000
0.307000
0.339000
nan
0.351000
0.395000
nan
nan
nan
nan
0.663000
nan
nan
nan
0.448000
nan
0.331000
nan
1.000000
0.161000
nan
0.110000
1.000000
nan
0.354000
nan
0.582000
0.444000
0.545000
nan
0.440000
0.405000
0.676000
1.000000
nan
0.647000
0.723000
nan
nan
0.566000
nan
0.757000
nan
nan
0.367000
0.262000
0.366000
nan
0.439000
nan
nan
0.553000
0.510000
nan
nan
nan
0.240000
nan
nan
0.346000
nan
nan
nan
nan
nan
0.461000
1.000000
nan
nan
1.000000
nan
nan
0.178000
0.178000
0.247000
0.333000
nan
nan
0.178000
nan
0.282000
0.195000
nan
nan
0.870000
nan
0.681000
0.565000
0.549000
nan
0.663000
nan
nan
0.501000
nan
nan
nan
nan
nan
0.847000
1.000000
0.976000
0.482000
0.609000
0.937000
nan
0.407000
nan
0.351000
0.234000
nan
nan
nan
nan
nan
nan
0.700000
nan
nan
0.322000
0.205000
0.181000
0.887000
nan
nan
nan
nan
nan
nan
nan
nan
0.634000
0.699000
0.543000
nan
nan
nan
0.782000
0.975000
0.527000
0.825000
nan
0.546000
0.436000
0.348000
0.223000
nan
nan
nan
nan
0.742000
0.756000
nan
nan
nan
nan
nan
nan
nan
0.802000
1.000000
nan
0.391000
nan
nan
0.536000
nan
nan
nan
nan
nan
0.428000
nan
0.791000
nan
nan
0.445000
nan
0.350000
0.402000
0.670000
0.632000
nan
1.000000
nan
0.727000
nan
nan
nan
0.404000
nan
nan
nan
nan
nan
0.920000
0.805000
nan
nan
nan
0.715000
0.720000
nan
0.566000
nan
0.456000
nan
nan
0.718000
0.890000
0.888000
0.997000
nan
0.838000
0.392000
0.480000
nan
nan
nan
0.344000
nan
nan
nan
0.656000
