Coverage: 10067.772512
0.568000
nan
nan
0.732000
0.555000
nan
0.732000
1.000000
nan
nan
0.523000
0.758000
0.496000
0.967000
nan
nan
nan
nan
nan
0.451000
nan
0.993000
0.705000
nan
nan
nan
nan
0.333000
0.281000
nan
nan
0.320000
0.176000
0.575000
nan
0.444000
1.000000
0.509000
nan
nan
0.705000
1.000000
nan
0.823000
0.927000
nan
nan
0.542000
0.581000
nan
nan
0.774000
1.000000
0.441000
nan
0.254000
nan
nan
0.350000
nan
0.593000
nan
nan
0.170000
0.305000
nan
0.972000
nan
nan
nan
0.413000
0.329000
0.890000
1.000000
nan
0.858000
nan
0.806000
0.561000
nan
nan
nan
0.271000
0.490000
0.890000
1.000000
nan
nan
0.232000
0.290000
0.471000
nan
nan
0.774000
0.703000
nan
nan
nan
nan
nan
0.322000
0.445000
0.271000
0.264000
nan
nan
0.858000
nan
0.793000
0.464000
nan
