Coverage: 2660.439560
0.711000
0.876000
0.410000
0.438000
1.000000
nan
nan
nan
nan
nan
nan
0.766000
nan
nan
nan
nan
nan
0.985000
nan
nan
0.876000
0.821000
0.821000
0.465000
nan
nan
0.547000
0.903000
nan
0.739000
nan
nan
0.356000
0.876000
0.858000
0.491000
0.638000
0.441000
nan
0.956000
0.785000
nan
nan
nan
nan
0.347000
0.195000
nan
0.174000
nan
nan
0.672000
nan
nan
0.456000
nan
0.130000
nan
0.412000
0.282000
0.499000
0.260000
nan
nan
0.586000
nan
nan
0.477000
0.152000
0.651000
nan
0.521000
0.586000
nan
0.412000
1.000000
nan
nan
0.976000
1.000000
0.607000
nan
