Coverage: 1909.523810
nan
0.372000
0.918000
nan
0.546000
nan
0.323000
0.372000
0.521000
nan
0.422000
nan
nan
1.000000
nan
nan
nan
0.149000
0.422000
0.372000
nan
0.571000
0.546000
nan
nan
nan
0.372000
0.372000
0.223000
nan
nan
nan
0.819000
0.323000
nan
0.099000
0.372000
0.571000
nan
0.372000
nan
0.347000
nan
nan
nan
0.571000
nan
nan
0.728000
0.575000
nan
nan
nan
nan
0.728000
0.881000
0.498000
nan
1.000000
nan
0.383000
0.805000
nan
nan
0.077000
nan
nan
0.651000
0.498000
nan
0.421000
nan
1.000000
nan
0.345000
0.230000
0.805000
1.000000
nan
nan
nan
nan
0.115000
0.077000
0.383000
nan
0.345000
0.536000
0.920000
