Coverage: 3048.648649
0.603000
0.693000
nan
0.715000
nan
nan
0.536000
0.916000
0.939000
nan
nan
0.112000
0.514000
0.760000
nan
0.670000
0.559000
nan
1.000000
1.000000
nan
0.559000
0.626000
nan
nan
0.268000
0.156000
1.000000
0.291000
nan
0.614000
1.000000
nan
0.518000
nan
nan
0.288000
0.403000
0.749000
0.365000
0.576000
nan
0.384000
nan
0.614000
nan
0.595000
0.422000
nan
0.077000
nan
nan
nan
nan
0.825000
1.000000
0.492000
0.610000
0.433000
0.944000
0.787000
0.236000
nan
0.058000
0.063000
1.000000
nan
nan
0.492000
0.393000
0.649000
0.989000
nan
nan
0.629000
nan
0.708000
nan
0.531000
0.767000
nan
nan
0.531000
0.728000
0.511000
