Coverage: 14916.895874
0.257000
nan
nan
nan
0.290000
1.000000
1.000000
nan
0.747000
0.940000
nan
nan
0.225000
nan
0.624000
0.824000
nan
0.618000
nan
nan
nan
0.785000
nan
nan
0.270000
nan
nan
nan
nan
nan
1.000000
nan
nan
0.586000
0.599000
nan
0.837000
0.747000
nan
nan
0.496000
0.322000
0.322000
nan
nan
0.325000
0.569000
nan
0.325000
nan
0.117000
0.645000
nan
0.645000
nan
0.711000
nan
0.360000
0.305000
0.690000
0.315000
0.645000
0.695000
nan
nan
0.330000
0.350000
0.371000
0.934000
nan
nan
nan
nan
nan
nan
nan
0.442000
0.503000
0.594000
nan
0.579000
0.310000
nan
1.000000
0.523000
0.365000
0.142000
0.117000
0.117000
0.497000
0.497000
0.442000
1.000000
nan
nan
0.579000
0.614000
nan
nan
0.396000
nan
nan
nan
0.457000
0.421000
nan
nan
nan
nan
nan
0.223000
nan
nan
nan
0.964000
nan
nan
1.000000
nan
nan
nan
nan
nan
0.812000
nan
nan
0.904000
nan
nan
0.782000
1.000000
nan
nan
nan
nan
nan
0.543000
nan
nan
nan
nan
nan
0.492000
nan
0.599000
nan
nan
0.609000
0.482000
nan
0.731000
0.497000
0.484000
nan
nan
0.257000
nan
nan
0.196000
nan
nan
0.532000
nan
0.132000
0.212000
0.101000
0.098000
0.093000
nan
nan
0.116000
0.278000
nan
nan
nan
nan
nan
0.068000
nan
0.068000
nan
nan
nan
nan
0.079000
nan
nan
0.074000
0.068000
0.111000
nan
nan
0.101000
0.074000
nan
nan
nan
nan
1.000000
nan
nan
nan
nan
nan
nan
0.839000
nan
0.484000
nan
nan
0.413000
nan
nan
0.635000
0.410000
nan
0.503000
nan
nan
nan
1.000000
0.445000
0.407000
nan
0.527000
nan
nan
0.709000
nan
nan
0.677000
0.413000
1.000000
0.603000
nan
0.635000
0.572000
0.669000
nan
nan
nan
nan
0.884000
nan
0.545000
nan
0.323000
0.193000
0.312000
0.259000
0.220000
0.656000
0.445000
0.929000
nan
nan
nan
nan
nan
nan
nan
0.852000
0.388000
0.776000
nan
0.878000
0.812000
0.892000
nan
0.161000
0.165000
0.234000
nan
nan
0.193000
nan
nan
nan
nan
nan
nan
nan
0.245000
0.237000
nan
nan
0.168000
nan
nan
nan
0.161000
1.000000
0.779000
0.509000
0.498000
0.793000
0.559000
0.641000
0.886000
0.710000
nan
0.325000
nan
0.261000
nan
0.674000
0.721000
nan
nan
nan
0.161000
nan
0.341000
0.603000
0.881000
1.000000
nan
nan
0.506000
nan
nan
0.853000
0.743000
nan
nan
0.985000
0.795000
nan
nan
nan
0.699000
0.476000
0.228000
0.900000
0.754000
nan
nan
0.542000
nan
0.264000
nan
nan
0.906000
0.608000
nan
nan
0.217000
nan
1.000000
0.930000
0.906000
0.991000
nan
nan
0.259000
nan
nan
0.641000
0.515000
0.699000
1.000000
nan
nan
0.462000
0.820000
nan
0.672000
nan
nan
nan
0.181000
nan
0.212000
0.181000
nan
nan
nan
nan
nan
0.374000
nan
nan
nan
nan
nan
0.526000
0.636000
nan
0.969000
0.713000
0.597000
0.209000
0.644000
0.859000
1.000000
nan
nan
nan
nan
nan
nan
nan
nan
nan
nan
nan
nan
0.567000
0.699000
