Coverage: 2051.694915
nan
nan
nan
nan
0.058000
0.058000
0.029000
nan
nan
nan
0.146000
nan
nan
nan
nan
nan
nan
0.000000
0.146000
nan
0.175000
0.000000
0.175000
0.146000
0.117000
nan
0.322000
nan
nan
nan
nan
nan
nan
nan
nan
nan
nan
nan
nan
nan
nan
nan
nan
nan
nan
nan
nan
0.322000
nan
nan
0.234000
0.439000
0.234000
nan
nan
nan
nan
nan
nan
nan
nan
0.643000
nan
0.292000
1.000000
nan
nan
0.614000
0.556000
0.789000
nan
nan
nan
0.643000
nan
nan
nan
nan
nan
0.702000
1.000000
1.000000
nan
nan
nan
nan
0.057000
0.137000
0.652000
nan
nan
0.536000
nan
nan
nan
nan
nan
nan
nan
nan
0.504000
nan
nan
nan
nan
nan
nan
0.189000
0.063000
0.473000
nan
nan
1.000000
1.000000
nan
nan
nan
0.715000
0.589000
nan
nan
nan
nan
0.704000
0.515000
0.683000
nan
0.431000
nan
0.494000
0.368000
0.757000
nan
0.399000
0.589000
0.294000
nan
nan
nan
nan
nan
nan
nan
0.057000
nan
0.084000
0.525000
0.336000
0.116000
nan
0.116000
0.704000
nan
nan
nan
0.084000
0.273000
nan
0.399000
nan
nan
nan
nan
1.000000
nan
0.483000
0.420000
0.273000
nan
nan
0.168000
0.179000
nan
nan
nan
nan
0.578000
0.830000
nan
0.925000
0.715000
nan
0.399000
0.378000
0.315000
nan
0.057000
nan
nan
0.441000
nan
0.168000
nan
nan
0.336000
nan
0.273000
nan
1.000000
1.000000
1.000000
nan
0.514000
0.103000
0.411000
0.582000
nan
nan
nan
0.445000
0.925000
nan
nan
nan
nan
0.651000
0.616000
nan
nan
0.856000
nan
nan
0.377000
nan
0.582000
0.274000
nan
0.171000
0.478000
0.159000
0.740000
0.557000
nan
0.478000
0.398000
nan
0.637000
0.398000
0.637000
0.159000
0.239000
nan
0.000000
0.398000
nan
nan
0.080000
nan
0.159000
0.478000
0.080000
nan
0.159000
0.000000
