Coverage: 30929.230769
0.815000
nan
nan
0.725000
nan
nan
nan
nan
0.670000
nan
1.000000
nan
0.523000
0.548000
0.515000
nan
nan
nan
0.460000
0.429000
0.469000
0.584000
0.744000
0.799000
0.494000
nan
0.532000
0.588000
nan
0.672000
0.809000
0.591000
0.708000
0.765000
nan
nan
0.874000
0.746000
0.843000
nan
0.868000
0.349000
0.633000
0.978000
0.617000
0.752000
0.897000
0.881000
nan
0.700000
nan
0.520000
nan
0.884000
0.439000
nan
nan
0.595000
0.900000
1.000000
0.681000
0.714000
0.947000
0.570000
0.728000
0.811000
nan
0.628000
nan
0.769000
nan
0.725000
nan
0.750000
0.678000
nan
0.811000
0.742000
0.631000
0.736000
0.706000
nan
0.590000
nan
0.526000
0.899000
0.872000
nan
nan
0.592000
0.429000
0.670000
0.642000
nan
nan
