Coverage: 6074.566474
nan
nan
0.643000
nan
1.000000
0.755000
0.766000
0.949000
nan
0.817000
0.817000
nan
0.786000
0.510000
0.704000
0.429000
0.613000
0.623000
0.776000
nan
0.490000
0.408000
0.459000
1.000000
nan
0.429000
0.490000
nan
nan
nan
0.194000
0.839000
0.975000
nan
nan
nan
nan
0.202000
0.403000
nan
nan
nan
nan
nan
0.478000
0.934000
nan
nan
0.135000
nan
0.793000
1.000000
0.573000
nan
0.088000
0.088000
0.364000
0.165000
0.275000
0.331000
0.408000
nan
nan
nan
nan
nan
1.000000
0.915000
0.397000
0.320000
0.242000
0.154000
0.088000
