Coverage: 14759.504132
nan
nan
nan
nan
0.374000
nan
0.793000
nan
0.687000
nan
nan
1.000000
0.505000
0.268000
0.753000
0.601000
0.970000
1.000000
nan
nan
0.192000
0.399000
0.263000
0.747000
nan
nan
nan
0.737000
0.414000
0.737000
0.879000
nan
nan
nan
0.995000
0.961000
nan
nan
nan
1.000000
nan
0.350000
1.000000
nan
nan
nan
nan
nan
0.643000
0.745000
0.382000
0.329000
1.000000
0.872000
nan
nan
0.675000
nan
nan
nan
nan
0.329000
0.329000
0.458000
0.637000
nan
0.395000
nan
0.668000
nan
0.840000
nan
0.662000
nan
0.687000
nan
0.885000
0.993000
nan
0.662000
0.586000
0.535000
nan
nan
nan
nan
0.777000
0.891000
0.528000
nan
nan
nan
0.376000
0.369000
0.726000
nan
nan
nan
0.503000
0.777000
0.904000
0.388000
0.528000
0.643000
0.433000
0.567000
nan
0.535000
nan
0.700000
0.541000
0.789000
nan
0.732000
0.484000
0.738000
0.917000
nan
nan
0.541000
nan
0.637000
nan
nan
nan
nan
0.560000
nan
nan
nan
0.142000
0.358000
0.179000
0.211000
0.201000
nan
0.313000
nan
0.214000
0.269000
nan
nan
0.363000
nan
0.149000
0.179000
0.142000
nan
0.291000
nan
0.264000
0.135000
0.135000
0.271000
0.231000
nan
nan
nan
0.485000
0.383000
nan
0.487000
0.435000
0.555000
0.135000
0.254000
0.341000
nan
nan
nan
nan
0.982000
nan
nan
0.923000
nan
nan
0.604000
nan
1.000000
nan
nan
1.000000
nan
0.249000
nan
nan
nan
0.522000
nan
nan
nan
nan
nan
nan
0.368000
nan
nan
nan
nan
nan
0.298000
nan
nan
nan
0.751000
0.828000
nan
0.236000
nan
nan
nan
nan
0.400000
0.569000
nan
0.632000
0.622000
nan
nan
nan
nan
nan
nan
nan
0.356000
nan
0.415000
nan
nan
nan
0.957000
1.000000
nan
0.875000
0.768000
0.855000
0.960000
0.254000
0.975000
nan
0.055000
nan
nan
0.075000
nan
nan
nan
nan
nan
0.264000
nan
0.209000
0.204000
1.000000
nan
0.050000
nan
0.058000
0.102000
nan
0.094000
0.207000
0.267000
nan
nan
1.000000
nan
nan
nan
0.059000
0.095000
0.087000
nan
0.068000
nan
nan
nan
nan
nan
nan
nan
nan
0.058000
0.037000
nan
nan
nan
0.115000
nan
nan
nan
0.173000
0.188000
0.142000
nan
nan
nan
0.068000
0.063000
0.033000
0.122000
0.183000
nan
1.000000
0.768000
0.139000
0.144000
nan
nan
nan
0.083000
0.041000
0.046000
0.033000
0.103000
0.172000
nan
0.098000
0.139000
nan
0.107000
0.100000
0.106000
nan
nan
nan
nan
0.040000
0.033000
0.095000
0.111000
nan
0.103000
0.274000
nan
nan
nan
1.000000
nan
0.272000
nan
0.352000
0.299000
nan
0.229000
nan
0.188000
0.274000
0.266000
nan
0.301000
0.189000
1.000000
0.294000
nan
0.332000
0.332000
0.255000
nan
0.161000
0.080000
1.000000
nan
nan
0.137000
0.315000
nan
0.126000
0.208000
0.236000
0.942000
nan
nan
0.185000
nan
nan
0.175000
0.215000
0.312000
0.307000
nan
0.147000
0.135000
