Coverage: 34139.876033
0.598000
0.841000
1.000000
nan
1.000000
nan
1.000000
nan
0.398000
0.292000
nan
nan
0.295000
nan
0.150000
nan
0.116000
0.972000
nan
0.235000
0.498000
0.632000
nan
nan
nan
nan
0.145000
0.213000
nan
nan
nan
nan
0.722000
nan
nan
nan
nan
0.195000
0.153000
nan
nan
0.227000
0.809000
0.920000
nan
0.208000
nan
nan
nan
0.425000
0.620000
nan
nan
0.494000
nan
1.000000
nan
nan
nan
0.875000
nan
0.740000
nan
0.806000
nan
0.949000
1.000000
0.809000
nan
nan
0.510000
0.496000
nan
nan
0.411000
1.000000
nan
nan
0.694000
0.823000
0.653000
0.543000
nan
nan
nan
nan
0.587000
nan
0.872000
0.743000
nan
0.858000
nan
nan
0.450000
nan
0.655000
nan
nan
nan
0.792000
0.611000
nan
nan
nan
nan
0.463000
nan
nan
nan
nan
nan
0.428000
0.579000
nan
nan
0.548000
nan
nan
nan
nan
0.409000
0.513000
0.366000
0.499000
0.713000
nan
nan
0.557000
0.389000
nan
0.452000
0.485000
0.409000
0.366000
nan
nan
nan
0.916000
0.367000
nan
0.366000
0.642000
0.395000
0.472000
nan
0.395000
0.713000
0.548000
nan
0.192000
nan
nan
0.134000
0.134000
0.206000
0.159000
nan
0.158000
0.160000
0.231000
nan
0.199000
nan
nan
0.217000
0.220000
0.236000
0.216000
0.231000
0.253000
0.573000
nan
nan
nan
nan
nan
nan
nan
0.607000
0.272000
0.359000
0.250000
nan
nan
nan
0.134000
nan
0.546000
0.526000
1.000000
nan
nan
nan
0.594000
nan
nan
0.357000
0.215000
nan
0.200000
0.892000
0.414000
0.656000
0.759000
nan
0.660000
nan
0.797000
0.425000
nan
nan
nan
0.312000
0.254000
nan
0.363000
nan
nan
0.228000
nan
nan
nan
nan
nan
nan
0.366000
nan
nan
nan
nan
nan
nan
nan
nan
nan
0.619000
0.692000
nan
0.602000
nan
0.813000
0.651000
0.754000
nan
nan
nan
nan
nan
nan
nan
nan
nan
1.000000
nan
0.934000
1.000000
0.204000
0.208000
0.271000
0.180000
0.361000
0.963000
nan
1.000000
0.873000
1.000000
0.749000
nan
nan
0.407000
nan
nan
0.524000
0.799000
0.975000
nan
nan
nan
0.520000
0.744000
0.349000
0.826000
1.000000
nan
0.360000
0.322000
0.525000
0.735000
0.237000
nan
0.346000
nan
0.446000
nan
0.885000
0.709000
0.728000
nan
nan
0.573000
0.449000
0.672000
nan
nan
0.526000
nan
0.478000
0.257000
0.551000
0.680000
nan
nan
nan
nan
nan
0.253000
0.330000
0.519000
nan
0.282000
0.220000
0.186000
nan
nan
0.577000
0.589000
0.171000
0.171000
0.618000
nan
0.171000
nan
nan
0.904000
0.644000
1.000000
nan
0.317000
0.689000
nan
nan
0.225000
0.222000
nan
nan
nan
0.670000
0.321000
nan
nan
nan
0.222000
0.258000
0.758000
1.000000
nan
0.522000
nan
0.503000
0.673000
0.910000
nan
0.662000
nan
0.583000
nan
0.613000
1.000000
0.818000
nan
0.863000
nan
0.625000
nan
0.399000
0.744000
0.712000
0.968000
nan
nan
0.253000
nan
0.285000
