Coverage: 2351.351351
0.373000
0.666000
nan
nan
nan
nan
nan
0.639000
0.772000
nan
0.586000
0.453000
0.746000
0.533000
0.879000
nan
0.426000
0.240000
0.320000
0.666000
nan
nan
nan
0.145000
nan
nan
nan
0.160000
0.985000
nan
nan
nan
0.266000
0.479000
0.639000
nan
nan
0.613000
nan
0.799000
0.582000
nan
0.388000
0.748000
0.637000
nan
0.432000
nan
0.921000
nan
0.144000
nan
nan
0.259000
nan
nan
nan
0.691000
nan
0.748000
0.633000
0.806000
0.719000
nan
0.547000
nan
0.547000
nan
nan
nan
0.777000
0.863000
nan
0.633000
0.201000
0.489000
0.691000
nan
nan
nan
0.719000
nan
nan
0.604000
0.460000
