Coverage: 4779.104478
nan
nan
0.509000
0.445000
0.297000
nan
nan
nan
nan
0.965000
0.657000
nan
0.127000
0.127000
nan
nan
nan
nan
nan
0.265000
nan
nan
nan
nan
0.329000
nan
nan
0.159000
1.000000
0.668000
nan
nan
nan
0.477000
nan
0.392000
nan
0.276000
0.414000
nan
0.308000
nan
0.530000
nan
nan
nan
nan
nan
nan
0.508000
nan
nan
nan
0.470000
nan
nan
nan
0.495000
0.813000
0.800000
nan
nan
0.861000
0.623000
nan
0.914000
nan
nan
0.546000
nan
nan
0.483000
nan
0.381000
0.648000
0.681000
0.666000
0.518000
nan
nan
nan
0.577000
nan
nan
nan
0.252000
nan
nan
nan
nan
0.711000
nan
nan
0.770000
0.518000
nan
0.755000
0.755000
nan
0.429000
0.118000
