Coverage: 7692.957746
nan
0.120000
0.106000
nan
0.665000
nan
0.705000
0.612000
0.439000
0.213000
nan
0.971000
nan
0.798000
nan
nan
nan
0.253000
nan
0.612000
1.000000
nan
0.266000
0.239000
0.092000
0.918000
0.864000
nan
nan
0.092000
nan
nan
nan
1.000000
1.000000
nan
0.971000
nan
nan
nan
nan
nan
nan
0.443000
0.321000
0.725000
0.634000
nan
0.466000
nan
nan
nan
nan
0.328000
0.679000
nan
0.962000
0.382000
0.214000
0.435000
nan
0.194000
0.194000
1.000000
nan
nan
nan
nan
nan
nan
0.710000
0.412000
0.687000
1.000000
nan
nan
0.374000
nan
0.321000
nan
0.481000
0.603000
0.412000
0.794000
0.779000
nan
nan
1.000000
0.672000
nan
0.649000
nan
nan
nan
nan
nan
0.305000
nan
nan
nan
0.194000
nan
nan
nan
0.649000
nan
nan
1.000000
0.725000
nan
0.527000
0.924000
nan
