Coverage: 2260.526316
0.942000
nan
0.663000
nan
0.244000
0.698000
nan
nan
0.838000
0.908000
0.698000
0.454000
nan
0.489000
nan
nan
0.698000
0.524000
0.086000
0.105000
0.314000
0.419000
0.698000
0.663000
nan
0.628000
nan
0.279000
0.244000
0.773000
0.816000
0.387000
0.387000
nan
nan
nan
nan
nan
nan
nan
0.117000
0.129000
nan
nan
0.795000
0.859000
nan
nan
0.117000
0.193000
nan
0.236000
nan
nan
nan
nan
nan
0.795000
nan
0.709000
0.709000
nan
0.945000
nan
nan
nan
nan
0.344000
0.988000
0.516000
0.773000
0.666000
nan
nan
0.215000
0.580000
nan
nan
nan
0.117000
1.000000
nan
nan
nan
nan
0.516000
0.280000
nan
nan
nan
0.539000
0.754000
nan
0.689000
1.000000
nan
0.194000
0.625000
0.775000
0.689000
nan
nan
nan
nan
0.323000
nan
0.345000
nan
1.000000
0.775000
nan
0.603000
0.732000
nan
nan
nan
nan
0.280000
nan
0.926000
0.926000
0.431000
0.431000
nan
0.819000
0.646000
nan
0.280000
