Coverage: 3311.688312
0.647000
0.980000
0.924000
nan
1.000000
nan
nan
0.166000
nan
0.961000
nan
0.850000
nan
nan
0.333000
0.222000
1.000000
0.702000
nan
nan
nan
0.499000
nan
0.185000
0.222000
nan
0.166000
0.259000
nan
0.203000
nan
0.665000
nan
0.869000
nan
nan
nan
0.481000
nan
0.573000
0.647000
0.850000
1.000000
nan
0.832000
nan
0.425000
0.704000
0.906000
nan
nan
1.000000
nan
0.654000
0.931000
nan
0.755000
0.377000
nan
0.187000
0.226000
0.226000
0.629000
0.604000
0.881000
nan
nan
0.704000
0.352000
nan
nan
nan
nan
nan
0.352000
0.528000
nan
0.162000
nan
0.291000
nan
nan
nan
1.000000
0.784000
nan
0.358000
nan
0.537000
0.313000
0.537000
0.672000
nan
nan
nan
0.179000
nan
nan
0.784000
0.313000
0.313000
0.403000
nan
0.627000
nan
nan
nan
nan
0.448000
nan
0.269000
nan
0.649000
nan
nan
nan
nan
nan
0.403000
0.403000
nan
0.515000
nan
0.717000
0.829000
nan
0.784000
0.784000
0.448000
1.000000
nan
