Coverage: 1983.146067
nan
nan
0.965000
0.482000
0.707000
0.836000
nan
0.643000
0.547000
nan
1.000000
nan
0.257000
nan
nan
0.450000
nan
nan
1.000000
0.514000
nan
0.675000
nan
0.900000
0.257000
0.514000
0.547000
0.836000
0.386000
nan
nan
0.547000
0.772000
nan
nan
nan
0.932000
nan
nan
0.675000
0.643000
0.772000
nan
0.351000
nan
nan
0.834000
0.307000
nan
0.944000
0.812000
0.263000
0.329000
nan
nan
nan
0.659000
nan
0.549000
nan
nan
nan
nan
0.527000
1.000000
nan
0.395000
0.227000
nan
nan
0.227000
nan
0.790000
0.966000
nan
0.922000
0.724000
0.768000
0.395000
1.000000
nan
nan
0.637000
nan
0.483000
0.593000
nan
0.900000
nan
0.307000
0.724000
nan
nan
1.000000
0.856000
nan
nan
nan
0.527000
0.768000
0.988000
nan
0.834000
0.922000
nan
0.768000
0.417000
0.900000
0.746000
nan
0.878000
nan
0.227000
0.439000
nan
nan
0.395000
nan
0.922000
0.395000
nan
nan
0.306000
0.263000
nan
nan
nan
0.394000
nan
nan
0.722000
0.372000
nan
0.788000
nan
nan
0.371000
nan
nan
0.327000
nan
nan
0.589000
0.523000
0.458000
nan
0.851000
nan
nan
0.262000
nan
nan
nan
nan
0.632000
nan
nan
nan
nan
0.632000
nan
0.676000
nan
0.305000
nan
1.000000
0.916000
