Coverage: 3655.555556
0.324000
nan
nan
nan
nan
nan
nan
nan
0.378000
1.000000
1.000000
0.809000
nan
0.468000
0.252000
nan
0.450000
0.098000
0.522000
0.522000
0.342000
0.701000
nan
nan
nan
0.504000
0.558000
0.288000
nan
nan
0.378000
nan
0.881000
0.791000
nan
0.881000
0.522000
0.558000
0.665000
nan
0.809000
nan
nan
nan
0.719000
0.647000
0.683000
0.540000
nan
nan
nan
nan
0.486000
0.558000
nan
nan
0.665000
nan
0.612000
0.314000
nan
0.425000
nan
nan
nan
nan
nan
nan
nan
1.000000
0.924000
0.750000
nan
0.188000
nan
nan
0.413000
nan
nan
1.000000
0.394000
nan
0.656000
nan
0.300000
0.825000
nan
0.356000
0.319000
0.619000
0.825000
0.938000
nan
nan
0.225000
nan
nan
nan
nan
0.225000
0.356000
nan
nan
0.600000
0.656000
nan
0.750000
0.769000
nan
0.488000
0.488000
nan
0.263000
0.356000
nan
nan
