Coverage: 1972.105263
nan
nan
nan
nan
0.273000
nan
nan
nan
nan
nan
1.000000
nan
nan
nan
nan
nan
0.303000
nan
0.364000
nan
0.848000
0.970000
0.970000
0.333000
0.697000
0.515000
nan
0.758000
0.485000
0.545000
0.697000
0.758000
nan
nan
nan
nan
0.576000
0.636000
nan
nan
0.758000
nan
0.332000
nan
nan
0.387000
nan
0.415000
nan
nan
0.166000
nan
1.000000
0.912000
nan
0.608000
nan
0.498000
1.000000
nan
0.350000
0.525000
nan
nan
0.650000
0.550000
nan
0.600000
0.250000
nan
0.350000
nan
nan
nan
nan
nan
nan
nan
1.000000
nan
nan
0.275000
0.350000
nan
nan
0.350000
nan
nan
0.875000
0.500000
