Coverage: 7662.772277
0.574000
0.639000
0.574000
nan
nan
nan
nan
nan
0.882000
0.202000
0.688000
0.655000
nan
nan
nan
nan
nan
nan
nan
nan
0.688000
0.672000
nan
nan
nan
nan
nan
0.413000
nan
0.380000
0.227000
0.542000
nan
nan
1.000000
nan
0.939000
0.736000
nan
1.000000
nan
nan
nan
nan
nan
0.437000
nan
nan
0.198000
0.720000
nan
1.000000
0.801000
0.583000
0.518000
0.200000
nan
nan
nan
0.487000
0.390000
0.286000
0.214000
0.734000
1.000000
0.656000
nan
nan
nan
nan
0.604000
0.760000
0.461000
nan
1.000000
nan
nan
nan
nan
nan
nan
nan
nan
nan
nan
0.572000
nan
0.838000
0.903000
nan
nan
0.383000
0.734000
nan
nan
nan
0.468000
0.390000
0.565000
0.812000
nan
0.793000
nan
0.650000
nan
nan
0.318000
nan
nan
1.000000
nan
nan
nan
nan
0.377000
nan
0.377000
0.442000
nan
0.656000
nan
0.760000
0.481000
nan
0.396000
nan
0.552000
0.227000
0.200000
0.383000
0.474000
nan
nan
nan
nan
0.728000
0.630000
0.448000
0.604000
nan
nan
nan
0.344000
nan
0.513000
0.552000
nan
0.604000
0.494000
0.200000
0.539000
0.533000
0.851000
0.426000
nan
nan
0.219000
0.235000
0.239000
nan
nan
nan
nan
0.375000
0.305000
nan
0.360000
0.368000
0.266000
0.430000
nan
nan
nan
0.469000
nan
nan
0.383000
nan
nan
nan
nan
nan
nan
nan
nan
nan
0.185000
0.185000
0.313000
0.458000
nan
nan
nan
nan
0.485000
nan
nan
0.317000
nan
0.868000
0.610000
0.536000
nan
0.774000
nan
nan
0.196000
0.185000
nan
nan
1.000000
nan
nan
nan
0.669000
0.551000
0.802000
nan
0.285000
nan
nan
0.626000
0.673000
nan
0.430000
0.794000
1.000000
nan
0.653000
0.645000
nan
0.520000
0.594000
1.000000
0.485000
0.849000
0.751000
0.673000
nan
0.853000
0.634000
0.927000
0.810000
nan
nan
0.540000
0.673000
0.833000
0.628000
0.692000
nan
nan
0.820000
nan
0.532000
nan
nan
0.332000
nan
0.480000
0.948000
0.944000
nan
nan
nan
nan
nan
nan
nan
0.856000
0.568000
nan
nan
nan
0.448000
0.760000
0.804000
1.000000
1.000000
nan
nan
0.960000
nan
nan
nan
nan
nan
0.164000
nan
nan
0.540000
0.664000
nan
nan
nan
0.704000
1.000000
nan
nan
nan
0.352000
0.484000
0.772000
0.732000
0.876000
0.832000
nan
nan
nan
nan
nan
0.492000
0.428000
0.852000
nan
0.300000
0.304000
0.200000
0.804000
nan
0.160000
nan
nan
nan
nan
0.396000
0.244000
0.528000
0.444000
0.616000
nan
0.304000
nan
0.204000
0.164000
0.216000
nan
0.160000
0.160000
0.504000
nan
nan
0.256000
0.244000
nan
0.280000
1.000000
1.000000
nan
0.964000
nan
nan
1.000000
nan
0.378000
nan
0.769000
0.469000
nan
nan
nan
nan
nan
0.104000
nan
nan
nan
0.026000
0.065000
0.143000
nan
nan
0.156000
0.495000
nan
0.248000
0.261000
0.581000
0.663000
nan
0.656000
0.663000
0.348000
0.523000
0.174000
0.523000
0.232000
0.261000
0.407000
nan
0.174000
nan
0.348000
0.174000
nan
0.058000
nan
nan
nan
nan
0.116000
nan
0.029000
0.174000
0.087000
