Coverage: 4310.106383
nan
nan
nan
nan
nan
0.125000
0.125000
0.125000
nan
0.280000
0.841000
nan
0.779000
nan
nan
nan
nan
0.312000
nan
0.436000
0.903000
nan
nan
0.498000
0.249000
0.436000
nan
nan
nan
nan
0.685000
0.966000
0.374000
nan
nan
nan
0.125000
0.218000
0.156000
0.343000
1.000000
nan
nan
nan
nan
nan
nan
nan
0.343000
0.249000
nan
nan
nan
nan
1.000000
nan
nan
0.936000
0.834000
0.230000
0.498000
0.575000
0.421000
nan
nan
0.766000
0.421000
0.575000
1.000000
0.843000
nan
0.383000
nan
nan
0.460000
0.536000
nan
0.651000
nan
nan
0.345000
0.843000
0.958000
nan
nan
nan
0.230000
0.153000
