Coverage: 8229.147982
nan
nan
nan
nan
nan
nan
0.800000
nan
1.000000
0.619000
0.146000
0.164000
0.794000
nan
0.683000
nan
nan
nan
0.543000
nan
nan
nan
1.000000
nan
nan
0.467000
0.619000
nan
0.473000
0.239000
0.292000
nan
nan
nan
0.648000
0.502000
0.619000
nan
0.607000
nan
nan
nan
nan
0.239000
nan
0.859000
0.333000
0.263000
0.140000
0.099000
0.467000
nan
nan
0.648000
0.613000
0.748000
nan
nan
0.634000
0.690000
1.000000
nan
nan
1.000000
nan
nan
0.754000
nan
nan
nan
nan
nan
nan
1.000000
nan
nan
1.000000
nan
nan
0.169000
0.408000
0.620000
nan
nan
nan
0.218000
0.268000
nan
nan
nan
0.183000
nan
0.908000
nan
0.500000
nan
nan
0.204000
nan
0.141000
nan
nan
0.246000
0.704000
0.380000
0.345000
nan
0.408000
nan
0.100000
nan
nan
0.563000
nan
0.169000
0.120000
nan
0.775000
nan
nan
nan
0.570000
0.324000
