Coverage: 5020.812183
nan
nan
nan
nan
nan
nan
0.963000
0.734000
nan
0.987000
0.602000
1.000000
0.915000
0.963000
nan
0.433000
nan
0.361000
0.818000
nan
nan
nan
nan
0.337000
nan
0.205000
nan
0.493000
nan
nan
nan
0.734000
1.000000
nan
nan
nan
nan
0.566000
0.529000
0.710000
nan
nan
nan
nan
nan
0.337000
nan
0.325000
0.445000
0.566000
nan
0.602000
nan
0.229000
0.586000
0.522000
0.450000
nan
nan
0.864000
nan
0.342000
nan
0.630000
0.306000
nan
nan
0.486000
0.378000
0.558000
0.738000
nan
0.576000
nan
nan
nan
nan
nan
0.342000
0.540000
nan
nan
nan
nan
0.486000
nan
0.720000
nan
0.612000
0.846000
0.864000
nan
0.684000
nan
nan
0.864000
0.828000
