Coverage: 1877.319588
0.840000
0.440000
nan
nan
nan
0.600000
nan
nan
nan
nan
nan
nan
nan
nan
nan
0.520000
nan
0.600000
0.480000
nan
nan
nan
nan
nan
0.200000
nan
nan
nan
nan
0.520000
nan
nan
nan
0.760000
1.000000
0.760000
nan
nan
nan
nan
nan
nan
0.480000
nan
nan
nan
0.240000
nan
nan
0.800000
0.603000
nan
0.114000
nan
0.251000
nan
nan
0.452000
nan
0.402000
0.351000
nan
0.351000
0.840000
0.201000
nan
nan
nan
0.201000
nan
0.803000
1.000000
0.544000
nan
nan
nan
0.242000
0.302000
0.363000
nan
0.363000
0.302000
0.363000
0.906000
0.906000
nan
nan
0.604000
nan
nan
0.363000
nan
0.181000
nan
