Coverage: 60460.687961
nan
0.353000
nan
0.346000
nan
nan
nan
0.308000
0.158000
0.154000
0.267000
nan
1.000000
0.564000
0.890000
0.421000
nan
0.391000
nan
0.376000
0.402000
nan
0.703000
nan
nan
nan
0.631000
0.932000
nan
0.620000
0.541000
nan
nan
0.868000
0.312000
0.289000
0.154000
0.110000
0.110000
0.139000
0.338000
0.391000
0.346000
0.443000
0.748000
nan
nan
nan
nan
nan
nan
0.669000
nan
0.541000
0.676000
nan
0.110000
0.124000
0.152000
0.124000
0.113000
0.161000
0.170000
nan
nan
0.124000
0.254000
nan
nan
nan
nan
nan
0.055000
nan
0.047000
nan
0.047000
nan
nan
0.221000
0.119000
nan
0.073000
nan
0.047000
nan
0.078000
nan
0.175000
nan
nan
nan
0.214000
0.228000
nan
0.195000
nan
nan
nan
0.181000
0.143000
0.207000
nan
nan
nan
0.367000
nan
0.164000
0.105000
nan
nan
nan
nan
nan
nan
0.670000
0.428000
0.424000
nan
0.325000
nan
0.624000
nan
nan
nan
0.574000
0.487000
0.461000
0.578000
nan
nan
1.000000
0.287000
0.408000
0.381000
0.632000
nan
nan
nan
nan
nan
nan
nan
nan
nan
nan
nan
nan
nan
0.525000
nan
0.962000
nan
0.770000
0.737000
nan
nan
nan
1.000000
1.000000
nan
0.706000
nan
nan
0.708000
nan
nan
nan
0.582000
0.238000
0.295000
0.299000
nan
0.913000
nan
0.472000
0.823000
nan
nan
nan
0.520000
nan
nan
nan
0.718000
0.773000
nan
nan
nan
nan
0.287000
0.316000
0.234000
nan
0.752000
nan
nan
nan
0.844000
nan
0.398000
nan
nan
nan
nan
0.541000
0.703000
nan
nan
1.000000
0.711000
0.727000
0.930000
0.577000
0.508000
nan
0.441000
nan
0.234000
0.234000
0.295000
nan
1.000000
nan
nan
nan
0.834000
0.385000
nan
nan
nan
nan
nan
nan
nan
0.622000
nan
nan
0.571000
0.649000
nan
nan
nan
nan
0.840000
0.820000
nan
nan
0.386000
nan
nan
0.639000
0.627000
0.840000
nan
0.684000
nan
0.739000
nan
nan
1.000000
0.897000
nan
0.518000
nan
nan
0.312000
nan
0.372000
0.373000
0.959000
nan
0.365000
0.432000
nan
0.335000
nan
nan
1.000000
nan
0.772000
nan
nan
nan
nan
nan
nan
0.159000
nan
nan
0.300000
0.456000
0.796000
0.913000
0.962000
nan
0.806000
nan
nan
nan
nan
nan
0.209000
0.158000
nan
0.298000
nan
