Coverage: 3170.351759
nan
1.000000
0.953000
0.791000
0.651000
0.721000
0.512000
0.419000
0.233000
nan
nan
0.326000
0.163000
0.256000
nan
nan
0.953000
nan
0.279000
nan
nan
nan
0.884000
nan
1.000000
0.721000
nan
0.884000
nan
0.674000
nan
0.279000
nan
nan
nan
0.791000
0.442000
0.814000
1.000000
nan
nan
0.186000
0.256000
0.558000
nan
0.487000
nan
nan
nan
nan
0.325000
0.302000
nan
nan
0.534000
1.000000
nan
0.928000
0.812000
0.371000
0.696000
nan
0.835000
0.742000
0.835000
0.766000
1.000000
0.650000
0.742000
0.255000
nan
0.237000
0.237000
nan
0.348000
0.882000
nan
nan
nan
0.202000
0.557000
nan
0.255000
nan
0.348000
0.974000
nan
0.835000
0.928000
0.348000
nan
0.394000
nan
nan
0.603000
0.255000
nan
nan
0.812000
