Coverage: 1341.847826
nan
0.706000
0.353000
0.294000
0.824000
0.235000
nan
nan
0.176000
0.412000
nan
nan
nan
0.471000
nan
nan
0.000000
nan
nan
0.471000
nan
nan
0.588000
nan
0.000000
nan
nan
nan
nan
0.235000
0.471000
1.000000
nan
0.647000
0.409000
0.409000
nan
nan
nan
nan
0.773000
0.545000
0.364000
0.273000
1.000000
0.636000
0.273000
0.136000
0.182000
0.136000
0.318000
0.182000
0.364000
nan
0.273000
0.184000
0.322000
0.276000
nan
nan
0.413000
0.230000
0.597000
0.459000
nan
0.597000
0.230000
0.184000
0.115000
0.276000
0.735000
0.367000
1.000000
nan
0.102000
nan
0.413000
nan
nan
0.459000
0.735000
nan
0.138000
1.000000
