Coverage: 31196.017699
0.953000
0.960000
nan
nan
0.553000
0.366000
nan
nan
0.311000
0.435000
0.636000
0.857000
0.491000
nan
nan
0.518000
0.642000
nan
nan
nan
1.000000
0.926000
nan
0.380000
0.836000
0.794000
1.000000
nan
nan
nan
nan
nan
nan
0.919000
nan
0.684000
0.767000
0.494000
nan
0.522000
nan
0.615000
0.443000
0.443000
nan
nan
0.830000
0.294000
0.401000
0.578000
nan
0.508000
0.932000
nan
0.601000
0.820000
0.378000
0.475000
0.508000
0.326000
0.294000
nan
nan
nan
0.639000
0.760000
0.853000
nan
nan
0.937000
0.806000
nan
0.997000
0.690000
0.713000
nan
nan
0.419000
0.401000
0.694000
nan
0.294000
0.429000
nan
nan
nan
0.522000
nan
nan
0.312000
nan
nan
nan
nan
nan
0.587000
0.424000
nan
nan
nan
nan
nan
1.000000
nan
0.634000
nan
0.993000
nan
nan
nan
nan
1.000000
nan
nan
0.932000
nan
nan
0.639000
0.317000
0.326000
0.708000
1.000000
nan
nan
nan
0.736000
0.583000
nan
0.494000
0.685000
0.727000
0.258000
0.284000
0.253000
nan
nan
nan
nan
0.223000
nan
nan
0.246000
nan
nan
nan
0.307000
nan
0.346000
0.308000
0.412000
0.291000
nan
nan
nan
nan
0.520000
0.675000
0.535000
0.532000
nan
nan
nan
0.273000
nan
nan
0.492000
0.397000
0.218000
0.262000
0.688000
nan
nan
0.319000
0.663000
0.713000
0.669000
nan
nan
nan
nan
0.396000
nan
0.981000
0.851000
0.730000
0.674000
0.713000
nan
0.196000
0.196000
0.196000
nan
nan
0.603000
nan
0.409000
0.729000
0.793000
nan
nan
nan
0.675000
nan
nan
0.688000
nan
nan
0.738000
0.784000
0.450000
0.258000
0.338000
1.000000
nan
nan
1.000000
nan
nan
1.000000
nan
nan
nan
nan
nan
nan
nan
0.516000
nan
nan
0.705000
nan
0.638000
0.463000
0.546000
0.806000
nan
0.792000
nan
0.387000
0.476000
nan
0.633000
nan
nan
nan
0.383000
0.476000
0.725000
nan
0.383000
0.448000
nan
nan
0.367000
nan
0.562000
nan
nan
nan
nan
nan
1.000000
0.314000
nan
0.149000
0.149000
nan
nan
nan
nan
nan
nan
nan
0.834000
nan
nan
0.968000
0.626000
nan
nan
0.276000
0.491000
0.537000
nan
nan
nan
0.174000
nan
1.000000
0.505000
nan
nan
0.160000
nan
nan
0.381000
0.839000
1.000000
nan
0.460000
nan
0.557000
nan
0.198000
nan
nan
nan
nan
nan
nan
nan
0.254000
0.433000
0.300000
nan
0.513000
0.842000
0.445000
0.549000
0.452000
0.368000
0.661000
0.823000
nan
nan
nan
nan
nan
0.178000
0.844000
0.630000
0.607000
0.652000
nan
nan
0.205000
0.251000
nan
0.284000
0.674000
0.753000
nan
nan
nan
nan
nan
nan
nan
nan
nan
nan
nan
