Coverage: 8710.432931
0.698000
nan
0.764000
1.000000
nan
nan
nan
0.786000
nan
0.353000
nan
0.269000
nan
0.221000
0.707000
nan
nan
nan
0.340000
nan
0.358000
0.139000
0.663000
nan
0.473000
0.318000
0.490000
1.000000
nan
0.526000
0.300000
nan
nan
nan
0.588000
nan
0.526000
nan
0.910000
0.658000
0.565000
0.517000
nan
0.302000
nan
0.654000
1.000000
0.499000
0.601000
nan
nan
nan
nan
nan
nan
nan
0.669000
0.763000
0.620000
nan
0.404000
nan
nan
nan
0.714000
0.661000
0.359000
nan
nan
nan
0.333000
0.257000
0.231000
0.268000
nan
0.540000
nan
nan
0.412000
nan
nan
nan
0.707000
0.714000
nan
0.952000
0.729000
0.873000
0.389000
0.336000
0.242000
0.299000
0.231000
nan
nan
nan
0.348000
nan
0.231000
0.593000
0.272000
nan
0.669000
1.000000
nan
1.000000
nan
nan
0.442000
nan
0.363000
nan
0.253000
nan
0.268000
0.253000
0.537000
nan
nan
nan
nan
nan
nan
nan
0.484000
nan
nan
nan
nan
0.797000
0.623000
0.642000
nan
nan
0.846000
nan
nan
0.695000
nan
nan
0.725000
nan
nan
nan
0.714000
0.703000
0.945000
nan
0.698000
nan
nan
nan
nan
nan
0.723000
0.636000
nan
0.992000
nan
nan
0.520000
0.712000
nan
nan
nan
0.451000
nan
0.451000
nan
nan
nan
nan
0.400000
1.000000
0.378000
0.385000
nan
nan
1.000000
nan
nan
nan
0.414000
nan
nan
nan
0.770000
nan
0.440000
0.552000
0.429000
nan
nan
0.472000
0.337000
nan
nan
0.807000
0.876000
nan
nan
nan
0.807000
0.534000
0.454000
nan
nan
1.000000
0.440000
nan
nan
nan
0.349000
0.337000
0.337000
nan
nan
0.618000
0.545000
nan
nan
nan
0.400000
0.680000
nan
nan
nan
nan
nan
nan
nan
nan
nan
nan
0.392000
0.523000
nan
nan
nan
nan
nan
nan
nan
0.389000
0.767000
nan
nan
nan
nan
nan
0.890000
nan
nan
0.828000
0.858000
nan
nan
0.810000
nan
0.640000
nan
nan
nan
nan
0.476000
nan
nan
0.625000
0.432000
nan
nan
0.541000
nan
nan
nan
nan
0.868000
0.959000
0.581000
0.817000
0.581000
nan
nan
nan
nan
nan
0.408000
nan
0.842000
nan
nan
nan
nan
0.650000
0.606000
nan
nan
0.182000
0.220000
0.782000
nan
0.744000
0.788000
0.223000
nan
0.154000
0.182000
0.124000
nan
nan
0.141000
0.166000
nan
0.124000
1.000000
0.735000
0.867000
0.562000
nan
0.160000
nan
nan
nan
0.204000
nan
nan
nan
0.124000
nan
nan
1.000000
0.952000
0.713000
nan
nan
0.320000
nan
nan
nan
nan
0.283000
0.459000
0.474000
1.000000
0.644000
0.430000
0.339000
0.556000
0.688000
0.845000
nan
nan
nan
nan
0.317000
nan
nan
nan
0.182000
0.327000
nan
0.411000
nan
nan
nan
0.207000
0.170000
nan
nan
0.656000
nan
nan
nan
0.144000
nan
nan
0.704000
nan
nan
nan
0.377000
nan
nan
0.626000
nan
0.413000
nan
nan
nan
0.324000
0.269000
0.786000
nan
0.786000
0.728000
0.595000
nan
nan
nan
nan
nan
nan
0.586000
0.269000
1.000000
0.710000
nan
0.786000
nan
0.595000
nan
nan
0.462000
0.546000
nan
nan
nan
0.582000
nan
0.488000
0.635000
0.400000
0.648000
0.670000
0.888000
0.790000
1.000000
nan
nan
0.269000
0.875000
0.293000
0.848000
0.821000
nan
0.599000
nan
0.679000
1.000000
0.488000
nan
0.626000
0.790000
nan
0.719000
nan
nan
0.391000
0.422000
0.284000
0.852000
0.963000
nan
0.453000
0.524000
0.440000
nan
nan
nan
0.457000
nan
nan
0.404000
0.408000
0.573000
0.555000
0.658000
nan
0.759000
nan
nan
1.000000
0.610000
0.642000
nan
0.733000
0.417000
0.439000
nan
nan
0.465000
nan
nan
nan
nan
nan
1.000000
0.529000
0.684000
0.824000
0.481000
nan
nan
nan
nan
0.818000
nan
0.984000
0.529000
0.743000
0.471000
nan
nan
nan
0.508000
nan
1.000000
0.706000
0.727000
nan
0.358000
0.355000
0.508000
0.642000
nan
nan
0.813000
0.925000
0.738000
0.513000
nan
0.433000
nan
nan
nan
nan
nan
nan
0.355000
nan
0.813000
1.000000
nan
nan
0.914000
0.920000
nan
nan
0.535000
nan
0.813000
nan
nan
nan
0.355000
0.561000
0.401000
nan
0.631000
nan
0.508000
0.545000
0.396000
0.390000
nan
0.893000
0.460000
nan
0.540000
0.597000
1.000000
0.402000
nan
nan
nan
nan
nan
nan
nan
nan
nan
0.851000
0.958000
0.615000
nan
0.562000
0.420000
nan
0.780000
1.000000
0.810000
0.727000
0.302000
nan
0.899000
0.816000
1.000000
0.461000
0.355000
0.284000
0.396000
0.284000
0.284000
0.396000
0.739000
nan
0.751000
0.520000
nan
0.349000
0.302000
nan
nan
0.414000
nan
nan
nan
0.686000
0.532000
0.402000
nan
nan
nan
0.573000
0.485000
0.644000
nan
nan
nan
0.408000
nan
nan
nan
0.361000
0.680000
0.508000
0.296000
0.514000
0.757000
0.940000
nan
nan
0.798000
0.284000
0.579000
0.739000
0.922000
0.733000
0.839000
nan
0.401000
0.342000
0.383000
nan
0.647000
0.533000
nan
nan
nan
nan
0.342000
0.214000
0.474000
nan
0.383000
0.483000
nan
0.405000
nan
nan
0.674000
nan
nan
nan
0.619000
nan
0.783000
0.674000
0.364000
0.150000
0.232000
nan
0.228000
nan
nan
nan
nan
nan
0.651000
nan
nan
nan
nan
nan
nan
nan
0.688000
nan
nan
nan
0.282000
0.182000
nan
nan
nan
0.578000
0.560000
0.460000
nan
nan
nan
1.000000
0.916000
nan
nan
nan
0.150000
0.155000
nan
0.164000
nan
0.387000
1.000000
nan
0.150000
nan
nan
0.301000
0.210000
nan
nan
0.287000
0.346000
0.528000
nan
0.424000
0.997000
nan
0.847000
0.742000
1.000000
0.574000
0.560000
nan
0.888000
0.269000
0.656000
0.597000
nan
0.593000
0.890000
nan
nan
0.703000
0.420000
nan
0.210000
1.000000
nan
nan
nan
nan
nan
nan
nan
nan
nan
nan
0.301000
nan
nan
0.128000
0.132000
nan
0.265000
1.000000
0.716000
nan
nan
0.151000
nan
0.114000
0.589000
nan
nan
0.114000
0.114000
0.164000
0.766000
nan
0.803000
0.388000
0.415000
nan
0.547000
nan
nan
0.671000
0.652000
nan
0.661000
nan
0.529000
0.634000
0.114000
nan
0.146000
0.210000
0.297000
0.365000
0.780000
0.278000
nan
0.319000
0.306000
0.146000
nan
1.000000
nan
nan
nan
nan
nan
nan
nan
nan
nan
nan
0.762000
0.306000
0.160000
nan
nan
nan
nan
0.488000
nan
0.707000
0.634000
nan
0.693000
0.611000
0.643000
nan
0.661000
nan
nan
nan
0.210000
nan
0.262000
nan
nan
nan
0.408000
nan
nan
0.227000
0.204000
0.710000
nan
nan
nan
nan
nan
nan
0.408000
nan
nan
nan
nan
0.267000
nan
0.544000
nan
nan
nan
nan
0.912000
0.886000
nan
nan
nan
0.645000
nan
nan
0.348000
nan
0.342000
0.204000
0.730000
0.997000
0.519000
0.473000
nan
nan
0.463000
nan
nan
nan
0.539000
nan
0.494000
nan
0.468000
0.227000
nan
0.509000
0.267000
0.327000
0.322000
nan
0.448000
0.529000
nan
0.604000
0.735000
nan
nan
nan
nan
0.750000
0.635000
nan
nan
0.614000
nan
0.609000
0.972000
nan
0.816000
0.655000
nan
1.000000
1.000000
0.252000
nan
nan
0.204000
nan
nan
nan
0.529000
nan
nan
nan
nan
nan
1.000000
0.453000
nan
nan
0.907000
nan
nan
0.851000
0.529000
nan
nan
0.307000
0.227000
0.410000
nan
0.410000
nan
0.252000
0.639000
nan
0.151000
0.323000
nan
0.741000
0.584000
0.386000
0.151000
0.151000
0.221000
0.434000
0.465000
0.300000
0.686000
1.000000
nan
nan
0.591000
0.615000
0.828000
nan
0.710000
0.584000
nan
1.000000
0.820000
0.457000
0.505000
nan
nan
0.197000
0.497000
0.852000
0.631000
nan
nan
0.844000
nan
nan
nan
nan
0.781000
0.931000
nan
nan
0.631000
0.710000
nan
0.710000
nan
nan
0.450000
1.000000
nan
0.718000
0.410000
nan
0.655000
nan
nan
nan
0.465000
0.379000
nan
nan
nan
0.718000
0.647000
nan
nan
0.181000
nan
nan
nan
0.252000
0.418000
nan
0.284000
0.481000
nan
0.850000
0.643000
0.551000
0.987000
0.597000
0.735000
0.850000
0.184000
0.367000
nan
0.827000
0.436000
1.000000
nan
0.459000
0.230000
0.551000
0.505000
nan
nan
0.781000
0.459000
nan
0.528000
nan
0.896000
nan
0.712000
0.850000
nan
0.597000
1.000000
nan
0.413000
0.574000
0.781000
nan
0.158000
0.253000
0.597000
nan
0.941000
0.505000
0.253000
0.321000
0.276000
0.207000
0.735000
0.436000
0.158000
0.873000
nan
nan
nan
nan
nan
nan
nan
1.000000
nan
0.712000
nan
nan
nan
0.276000
0.436000
0.207000
nan
nan
nan
0.253000
nan
0.158000
nan
0.551000
nan
0.207000
0.299000
nan
0.237000
0.664000
nan
0.521000
0.711000
nan
0.332000
0.569000
1.000000
nan
0.332000
0.427000
0.900000
0.284000
1.000000
0.948000
nan
nan
nan
0.284000
0.332000
nan
0.664000
nan
nan
nan
0.379000
0.474000
0.521000
0.427000
nan
nan
nan
nan
0.284000
nan
0.664000
nan
0.900000
nan
0.900000
nan
0.427000
0.758000
1.000000
nan
0.521000
0.379000
nan
0.474000
nan
0.521000
0.284000
0.284000
0.332000
0.190000
0.806000
0.190000
0.569000
0.474000
0.190000
0.190000
0.616000
nan
0.521000
nan
0.427000
nan
nan
0.806000
0.664000
nan
0.900000
nan
nan
0.569000
0.711000
0.806000
nan
0.627000
nan
nan
0.406000
0.238000
0.406000
nan
nan
nan
0.849000
0.554000
0.406000
0.369000
0.849000
nan
0.480000
nan
nan
nan
nan
0.517000
1.000000
0.590000
nan
nan
0.480000
nan
0.738000
0.480000
nan
0.258000
0.775000
nan
0.554000
0.332000
0.959000
0.812000
0.554000
0.627000
0.627000
nan
0.295000
0.554000
nan
nan
nan
nan
nan
0.886000
nan
nan
nan
nan
nan
nan
nan
nan
nan
nan
1.000000
0.517000
nan
0.369000
0.238000
0.295000
nan
nan
nan
nan
0.295000
0.517000
nan
0.590000
nan
nan
0.775000
nan
nan
0.517000
0.517000
0.480000
0.701000
nan
nan
0.406000
0.959000
nan
0.517000
nan
nan
0.738000
nan
nan
0.321000
nan
0.249000
0.842000
0.842000
1.000000
nan
0.519000
0.390000
1.000000
0.563000
0.779000
0.649000
nan
nan
0.303000
nan
nan
nan
0.433000
0.606000
