Coverage: 152642.394015
0.480000
0.565000
nan
nan
0.101000
0.810000
nan
nan
0.660000
nan
0.812000
nan
0.846000
0.748000
nan
nan
0.962000
0.719000
nan
nan
0.730000
nan
nan
0.619000
0.704000
1.000000
nan
nan
0.559000
nan
0.541000
nan
0.902000
0.841000
nan
nan
nan
nan
0.908000
0.799000
nan
0.810000
0.820000
0.377000
0.469000
0.322000
0.284000
0.487000
nan
0.227000
0.217000
0.297000
0.434000
nan
0.338000
0.212000
nan
0.154000
0.205000
0.145000
nan
0.166000
0.127000
nan
0.127000
nan
nan
0.638000
0.403000
nan
0.596000
nan
nan
nan
0.127000
nan
0.349000
nan
nan
nan
nan
nan
0.244000
nan
0.484000
nan
nan
nan
0.737000
nan
0.325000
0.504000
nan
nan
nan
0.393000
0.644000
nan
nan
0.490000
nan
nan
nan
0.259000
nan
nan
nan
nan
0.393000
nan
nan
0.668000
nan
nan
nan
nan
nan
0.870000
0.959000
nan
0.316000
nan
0.937000
0.964000
nan
nan
0.316000
nan
nan
nan
nan
nan
0.791000
0.752000
nan
nan
nan
0.782000
0.913000
nan
nan
0.833000
1.000000
nan
nan
nan
1.000000
1.000000
nan
nan
0.704000
0.348000
0.319000
nan
0.008000
0.013000
nan
0.023000
nan
0.021000
nan
nan
nan
nan
nan
nan
0.008000
0.008000
0.025000
nan
0.015000
0.025000
0.044000
nan
0.040000
nan
nan
nan
0.041000
0.053000
0.010000
nan
nan
nan
nan
nan
0.018000
nan
nan
nan
nan
nan
0.016000
nan
nan
nan
nan
nan
0.020000
nan
nan
0.012000
nan
nan
0.055000
nan
nan
nan
0.154000
nan
0.914000
nan
nan
0.109000
1.000000
nan
0.031000
nan
nan
0.051000
nan
nan
nan
nan
nan
nan
nan
nan
0.037000
1.000000
nan
0.041000
nan
nan
0.073000
nan
nan
0.060000
nan
nan
0.076000
0.078000
nan
0.071000
0.161000
nan
0.175000
0.190000
0.246000
0.273000
1.000000
nan
0.105000
0.135000
nan
0.104000
0.090000
nan
0.138000
0.188000
nan
0.059000
nan
nan
0.192000
nan
nan
0.218000
0.179000
nan
0.187000
0.272000
nan
0.228000
nan
nan
0.216000
1.000000
nan
0.141000
0.155000
nan
0.118000
0.166000
0.105000
nan
nan
nan
nan
nan
nan
nan
0.073000
nan
nan
nan
nan
nan
0.091000
nan
nan
