Coverage: 5141.489362
0.212000
nan
0.717000
0.092000
nan
0.619000
nan
nan
0.761000
nan
0.327000
0.186000
nan
1.000000
0.540000
nan
0.743000
nan
1.000000
0.575000
0.407000
0.566000
nan
nan
nan
nan
1.000000
0.894000
0.850000
nan
nan
1.000000
nan
nan
1.000000
nan
0.899000
nan
nan
nan
nan
nan
0.223000
nan
0.427000
0.819000
0.728000
nan
nan
nan
nan
nan
nan
0.885000
0.848000
0.590000
nan
nan
nan
1.000000
nan
nan
nan
nan
0.286000
0.544000
0.571000
0.985000
0.645000
nan
1.000000
nan
nan
nan
nan
nan
0.212000
0.186000
nan
0.461000
nan
nan
0.286000
nan
nan
nan
0.581000
0.737000
