Coverage: 21461.280000
nan
0.509000
nan
0.757000
nan
0.564000
nan
nan
1.000000
nan
nan
0.843000
nan
nan
0.616000
1.000000
nan
nan
nan
nan
nan
nan
nan
0.705000
0.877000
0.526000
0.732000
0.863000
nan
0.801000
nan
nan
nan
0.588000
0.519000
nan
nan
0.746000
nan
nan
nan
nan
nan
nan
nan
nan
0.849000
nan
0.860000
1.000000
nan
0.543000
0.567000
nan
0.358000
0.227000
nan
nan
0.224000
0.210000
nan
nan
0.970000
nan
0.770000
0.204000
nan
0.282000
0.392000
0.457000
0.417000
nan
0.698000
nan
nan
0.784000
1.000000
nan
0.520000
0.673000
0.451000
0.698000
0.900000
nan
0.236000
0.199000
0.375000
0.446000
0.520000
nan
nan
nan
0.092000
nan
0.094000
0.352000
0.616000
0.403000
0.358000
nan
0.256000
0.092000
0.119000
0.204000
0.116000
0.187000
0.216000
nan
0.281000
0.477000
nan
nan
0.809000
0.914000
nan
nan
nan
nan
nan
nan
0.125000
nan
nan
nan
0.786000
nan
nan
0.290000
0.219000
nan
0.290000
0.162000
0.092000
0.463000
0.315000
nan
0.554000
0.761000
nan
1.000000
nan
nan
nan
nan
nan
nan
nan
nan
nan
nan
nan
nan
nan
0.221000
nan
0.159000
1.000000
0.619000
nan
0.502000
nan
0.613000
nan
0.684000
0.895000
0.694000
nan
nan
nan
0.164000
nan
nan
0.242000
0.322000
nan
1.000000
0.455000
0.675000
0.706000
0.920000
0.790000
0.731000
0.722000
nan
0.375000
0.619000
0.353000
nan
nan
nan
nan
nan
0.712000
nan
nan
nan
nan
0.616000
1.000000
nan
1.000000
0.746000
nan
nan
0.716000
0.954000
nan
nan
nan
nan
nan
0.285000
nan
0.260000
0.335000
0.341000
nan
nan
0.369000
0.468000
nan
0.790000
nan
nan
nan
nan
nan
nan
nan
0.409000
0.282000
0.539000
nan
0.294000
0.499000
nan
nan
0.421000
0.681000
nan
nan
nan
nan
nan
0.669000
nan
0.257000
nan
nan
0.517000
0.908000
0.167000
nan
nan
0.157000
0.157000
0.189000
0.157000
nan
nan
0.201000
0.186000
nan
nan
0.821000
nan
0.192000
nan
0.453000
nan
0.357000
nan
nan
nan
0.405000
nan
nan
nan
0.302000
0.311000
0.237000
0.331000
0.215000
nan
nan
0.241000
0.208000
nan
nan
nan
0.282000
0.158000
nan
0.157000
0.157000
0.180000
nan
nan
0.390000
nan
nan
nan
nan
nan
nan
nan
0.565000
nan
1.000000
nan
nan
nan
nan
nan
nan
nan
nan
nan
nan
nan
nan
nan
nan
0.269000
nan
0.280000
nan
0.287000
nan
nan
nan
nan
nan
nan
nan
0.342000
0.662000
0.215000
nan
nan
0.265000
0.182000
nan
nan
nan
nan
0.778000
0.821000
0.504000
nan
0.777000
0.650000
nan
0.607000
nan
nan
0.690000
nan
nan
nan
0.304000
0.228000
nan
0.193000
0.291000
nan
nan
0.453000
nan
0.896000
nan
nan
nan
nan
0.828000
nan
nan
1.000000
0.924000
nan
nan
nan
nan
nan
1.000000
nan
nan
0.992000
0.237000
0.157000
nan
0.328000
0.195000
0.935000
nan
0.955000
1.000000
nan
0.559000
nan
0.390000
0.427000
nan
nan
0.791000
nan
0.581000
nan
0.705000
nan
nan
nan
nan
nan
nan
nan
nan
nan
nan
0.537000
nan
nan
0.602000
nan
nan
nan
0.887000
nan
0.502000
0.701000
0.420000
nan
nan
nan
nan
nan
0.416000
0.434000
0.513000
1.000000
0.883000
0.874000
nan
0.587000
0.539000
nan
nan
0.924000
nan
0.705000
nan
0.396000
0.405000
nan
1.000000
nan
nan
nan
nan
nan
0.217000
nan
0.874000
nan
nan
0.981000
0.217000
nan
nan
nan
0.602000
nan
nan
0.518000
0.478000
0.600000
0.274000
0.485000
0.767000
nan
nan
0.483000
0.617000
nan
nan
0.260000
nan
0.241000
0.230000
0.400000
nan
0.921000
0.445000
0.530000
0.549000
0.897000
nan
nan
nan
nan
nan
0.573000
0.650000
nan
nan
nan
nan
0.941000
1.000000
nan
0.943000
nan
nan
nan
0.784000
0.599000
0.272000
0.242000
0.343000
nan
nan
0.448000
0.352000
nan
nan
