Coverage: 40908.657244
0.341000
nan
nan
0.330000
nan
0.393000
nan
nan
0.318000
0.555000
nan
nan
nan
nan
nan
nan
0.272000
0.602000
0.659000
nan
nan
nan
1.000000
nan
0.792000
0.549000
0.740000
nan
0.723000
0.359000
0.642000
0.850000
nan
nan
nan
0.943000
0.873000
0.706000
1.000000
0.584000
0.688000
nan
0.509000
nan
1.000000
0.821000
nan
0.346000
nan
0.309000
nan
nan
0.493000
0.783000
0.437000
0.467000
nan
nan
0.538000
0.610000
nan
0.429000
nan
nan
nan
nan
0.727000
nan
0.655000
0.414000
0.463000
nan
0.399000
nan
nan
nan
0.738000
0.907000
nan
0.388000
nan
nan
nan
0.772000
0.519000
0.764000
1.000000
nan
0.527000
nan
0.561000
0.255000
0.614000
0.361000
0.595000
0.775000
nan
nan
0.877000
nan
0.753000
nan
0.749000
nan
0.388000
nan
0.493000
nan
0.286000
0.407000
0.327000
0.255000
0.486000
nan
nan
0.407000
nan
nan
0.459000
nan
0.482000
0.583000
0.903000
nan
nan
0.565000
0.926000
0.255000
1.000000
nan
nan
nan
nan
nan
nan
nan
nan
1.000000
0.858000
nan
0.994000
nan
nan
0.678000
nan
0.559000
0.273000
0.549000
nan
0.760000
nan
0.380000
0.526000
nan
nan
1.000000
0.658000
0.469000
0.473000
0.430000
nan
nan
nan
0.542000
0.575000
nan
nan
0.572000
nan
0.631000
nan
nan
nan
0.902000
0.909000
1.000000
nan
nan
0.344000
0.420000
nan
0.273000
0.273000
0.367000
nan
nan
nan
0.631000
0.526000
0.628000
0.655000
0.873000
nan
0.826000
nan
nan
nan
0.446000
0.350000
0.565000
0.383000
0.579000
0.740000
0.863000
1.000000
0.747000
nan
nan
nan
0.377000
0.605000
0.760000
0.377000
nan
0.780000
nan
nan
nan
nan
0.638000
0.833000
nan
0.337000
0.390000
0.291000
0.284000
0.115000
nan
nan
nan
nan
nan
0.201000
0.105000
0.206000
0.205000
nan
nan
nan
nan
nan
nan
nan
nan
nan
0.119000
0.107000
0.105000
nan
0.105000
0.124000
0.117000
nan
nan
nan
nan
nan
nan
nan
nan
nan
0.355000
nan
0.205000
0.195000
nan
nan
0.230000
nan
nan
0.353000
0.406000
nan
0.207000
nan
nan
nan
nan
0.533000
0.439000
nan
0.301000
nan
0.426000
0.329000
nan
nan
0.506000
0.576000
nan
0.620000
nan
0.655000
0.598000
0.697000
nan
nan
nan
nan
0.874000
nan
0.454000
nan
0.440000
0.297000
0.358000
0.361000
0.382000
1.000000
0.673000
1.000000
nan
nan
nan
nan
nan
nan
nan
1.000000
0.626000
0.714000
nan
0.940000
0.796000
0.986000
nan
0.336000
0.273000
0.250000
nan
nan
0.202000
nan
nan
0.301000
nan
nan
0.758000
nan
0.191000
0.189000
nan
nan
0.264000
nan
nan
nan
0.234000
0.945000
0.762000
0.454000
0.494000
0.694000
0.669000
0.637000
0.914000
0.746000
nan
0.451000
nan
0.269000
nan
0.568000
0.611000
nan
nan
nan
0.189000
nan
0.378000
0.548000
0.666000
0.857000
nan
nan
0.607000
nan
nan
0.570000
0.602000
nan
nan
nan
0.625000
nan
nan
nan
0.730000
0.505000
0.252000
0.792000
0.717000
nan
nan
0.561000
nan
0.254000
nan
nan
0.795000
0.853000
nan
nan
0.275000
nan
0.834000
0.928000
0.965000
0.993000
nan
nan
0.196000
nan
nan
0.681000
0.656000
0.804000
1.000000
nan
nan
0.671000
0.875000
nan
0.501000
nan
nan
nan
0.191000
nan
0.238000
0.196000
nan
nan
nan
nan
nan
0.891000
nan
nan
nan
nan
nan
0.579000
0.817000
nan
0.843000
0.669000
0.566000
0.223000
0.617000
1.000000
1.000000
nan
nan
nan
nan
nan
nan
nan
nan
nan
nan
nan
nan
0.861000
0.959000
