Coverage: 13347.709924
0.462000
0.436000
0.619000
nan
nan
0.741000
0.436000
nan
0.309000
0.270000
0.292000
0.401000
1.000000
nan
0.240000
0.676000
0.636000
nan
0.737000
nan
nan
0.584000
nan
0.431000
0.859000
1.000000
0.466000
nan
nan
0.252000
nan
0.822000
nan
0.709000
0.285000
0.797000
nan
nan
0.802000
0.753000
0.655000
nan
0.728000
0.940000
0.723000
0.871000
nan
0.630000
nan
0.591000
1.000000
nan
nan
nan
nan
0.699000
0.600000
nan
0.866000
0.812000
0.743000
nan
0.369000
0.252000
0.684000
0.689000
nan
0.418000
0.266000
nan
nan
0.782000
nan
nan
0.359000
0.566000
nan
0.586000
0.433000
0.758000
0.989000
nan
nan
0.664000
0.723000
0.714000
nan
0.374000
nan
0.320000
0.305000
nan
0.315000
0.748000
nan
1.000000
1.000000
0.856000
0.252000
0.576000
0.369000
nan
nan
0.581000
0.505000
0.713000
0.484000
0.484000
0.439000
nan
0.681000
0.665000
0.685000
0.643000
nan
nan
0.284000
0.381000
nan
nan
nan
0.778000
0.891000
nan
nan
0.384000
nan
nan
nan
nan
nan
0.513000
0.765000
1.000000
0.772000
0.655000
0.488000
0.710000
nan
0.572000
0.604000
nan
nan
0.504000
0.468000
nan
nan
nan
nan
nan
nan
nan
nan
nan
nan
nan
nan
nan
0.823000
1.000000
nan
nan
