Coverage: 1378.923767
nan
0.304000
0.087000
nan
nan
0.522000
0.565000
0.652000
nan
0.478000
nan
nan
nan
nan
0.348000
0.130000
nan
nan
nan
0.739000
0.696000
1.000000
nan
nan
nan
0.435000
nan
nan
nan
nan
nan
0.087000
0.348000
0.261000
1.000000
0.522000
0.957000
nan
nan
0.783000
nan
1.000000
0.696000
0.478000
0.039000
0.174000
0.039000
nan
0.391000
0.522000
nan
0.870000
0.174000
0.416000
1.000000
nan
nan
nan
nan
nan
nan
nan
nan
nan
nan
0.951000
nan
nan
nan
nan
1.000000
0.297000
0.178000
nan
nan
nan
0.594000
nan
0.202000
nan
nan
nan
nan
0.505000
0.472000
nan
nan
0.573000
nan
0.472000
0.674000
nan
nan
0.539000
0.101000
0.270000
0.074000
0.640000
nan
0.640000
1.000000
0.674000
0.946000
nan
nan
0.270000
nan
0.337000
0.135000
0.074000
0.539000
nan
0.303000
0.337000
nan
0.270000
nan
nan
nan
nan
nan
0.074000
nan
