Coverage: 55667.019667
0.611000
nan
0.675000
0.786000
0.726000
nan
0.730000
nan
nan
nan
nan
0.930000
1.000000
0.497000
0.696000
0.420000
0.773000
0.803000
nan
0.416000
nan
nan
0.420000
0.297000
nan
nan
0.378000
nan
nan
nan
0.786000
nan
nan
0.790000
nan
0.747000
nan
1.000000
0.764000
0.752000
0.611000
nan
0.531000
0.667000
1.000000
nan
0.378000
nan
nan
0.295000
nan
nan
0.234000
0.309000
nan
0.587000
nan
nan
0.519000
0.624000
nan
nan
nan
0.333000
nan
0.231000
nan
0.309000
nan
0.597000
0.770000
nan
0.563000
nan
nan
0.200000
0.669000
nan
nan
nan
nan
0.499000
0.540000
nan
nan
nan
nan
nan
0.876000
nan
0.781000
0.577000
0.635000
0.655000
0.587000
0.740000
nan
nan
nan
nan
nan
0.526000
0.482000
nan
nan
nan
0.519000
0.516000
0.706000
0.859000
nan
0.631000
0.288000
0.608000
0.692000
0.862000
0.889000
nan
0.496000
0.631000
nan
0.455000
1.000000
0.821000
nan
1.000000
nan
0.591000
0.191000
0.221000
0.191000
0.191000
0.591000
0.994000
0.984000
nan
1.000000
0.648000
nan
0.432000
nan
nan
nan
nan
nan
0.625000
0.547000
0.655000
nan
nan
nan
0.137000
0.146000
nan
0.137000
nan
0.728000
nan
0.298000
nan
0.215000
nan
nan
nan
nan
0.388000
nan
1.000000
0.919000
nan
0.540000
0.766000
0.473000
0.522000
nan
0.529000
nan
nan
0.137000
0.323000
0.441000
0.276000
nan
nan
nan
0.419000
0.558000
nan
0.421000
0.760000
nan
nan
0.534000
nan
0.867000
0.578000
0.574000
0.919000
nan
nan
nan
0.159000
0.565000
nan
nan
nan
nan
0.831000
nan
nan
nan
0.984000
0.804000
nan
nan
nan
1.000000
nan
nan
nan
0.652000
nan
nan
nan
0.383000
0.480000
0.693000
nan
nan
0.188000
0.157000
0.300000
nan
1.000000
nan
nan
0.793000
0.590000
0.339000
0.701000
1.000000
nan
nan
0.946000
nan
nan
nan
nan
nan
0.221000
0.230000
nan
0.384000
nan
nan
0.815000
nan
0.422000
0.329000
nan
nan
nan
nan
nan
0.312000
nan
0.170000
nan
0.186000
0.164000
0.164000
nan
0.747000
nan
nan
0.533000
nan
nan
nan
0.232000
0.252000
nan
0.278000
0.391000
0.287000
0.298000
0.164000
0.630000
0.572000
nan
nan
nan
1.000000
nan
0.250000
0.261000
nan
nan
0.192000
nan
0.712000
0.510000
0.544000
0.360000
0.396000
0.992000
nan
nan
nan
0.720000
0.886000
nan
0.475000
0.546000
nan
nan
nan
nan
nan
0.506000
0.639000
0.758000
0.404000
nan
nan
nan
0.798000
0.636000
nan
0.504000
0.727000
0.736000
nan
0.999000
nan
nan
nan
1.000000
nan
nan
nan
nan
0.864000
0.169000
nan
nan
0.146000
0.544000
nan
nan
nan
nan
nan
nan
nan
0.192000
0.248000
0.235000
0.146000
0.154000
nan
0.146000
nan
nan
nan
0.506000
nan
nan
nan
nan
nan
0.380000
0.642000
nan
nan
nan
nan
nan
0.426000
nan
nan
nan
0.382000
0.396000
nan
0.332000
0.195000
nan
nan
nan
0.979000
0.998000
nan
0.851000
1.000000
nan
nan
nan
nan
nan
nan
nan
0.580000
nan
0.619000
nan
nan
nan
1.000000
0.730000
0.517000
0.490000
0.311000
0.626000
0.641000
1.000000
nan
nan
0.583000
nan
nan
0.885000
0.730000
nan
nan
nan
nan
0.548000
0.529000
0.824000
0.756000
nan
nan
0.452000
nan
0.566000
0.636000
0.872000
0.324000
0.519000
0.857000
nan
nan
nan
nan
nan
nan
0.501000
0.727000
0.730000
nan
0.233000
nan
nan
nan
nan
nan
nan
nan
nan
0.370000
0.378000
nan
nan
nan
0.216000
nan
nan
nan
1.000000
0.835000
0.905000
nan
0.410000
nan
0.212000
0.213000
0.274000
1.000000
1.000000
nan
nan
nan
0.948000
0.846000
nan
nan
nan
0.564000
0.278000
0.300000
0.212000
0.615000
0.846000
nan
0.499000
0.579000
nan
0.473000
0.937000
0.960000
nan
nan
nan
nan
0.391000
0.237000
0.371000
0.518000
nan
0.854000
0.809000
nan
nan
nan
nan
nan
0.626000
nan
0.735000
0.820000
nan
0.769000
nan
0.294000
0.348000
0.515000
0.498000
0.795000
0.981000
nan
0.692000
nan
0.820000
0.804000
0.908000
nan
0.661000
0.254000
nan
nan
nan
0.649000
0.700000
nan
0.621000
0.535000
0.940000
nan
nan
nan
0.739000
nan
nan
0.605000
0.531000
0.806000
0.683000
nan
0.653000
0.497000
