Coverage: 3156.666667
nan
nan
nan
0.477000
0.427000
nan
nan
0.251000
0.477000
0.552000
nan
0.853000
0.502000
0.778000
0.703000
0.251000
0.151000
0.125000
1.000000
0.326000
0.276000
0.326000
0.326000
0.452000
0.376000
0.753000
0.778000
nan
1.000000
0.502000
nan
0.753000
nan
nan
nan
0.652000
0.803000
nan
nan
nan
nan
0.463000
nan
1.000000
nan
nan
0.352000
nan
0.147000
0.235000
0.176000
0.176000
0.705000
0.734000
nan
0.147000
nan
0.176000
nan
nan
0.411000
nan
0.822000
1.000000
nan
nan
0.822000
nan
nan
1.000000
nan
0.115000
0.147000
0.558000
nan
nan
nan
0.470000
0.411000
nan
