Coverage: 7025.000000
0.602000
0.194000
0.346000
0.450000
0.491000
nan
nan
nan
nan
0.367000
nan
nan
0.470000
0.415000
nan
0.878000
nan
0.401000
nan
0.422000
0.180000
nan
0.166000
nan
0.138000
nan
0.242000
nan
nan
nan
1.000000
0.311000
0.318000
nan
nan
nan
0.436000
nan
0.097000
nan
0.214000
nan
nan
nan
0.235000
0.097000
0.235000
nan
0.588000
0.180000
nan
1.000000
1.000000
nan
nan
0.553000
nan
0.781000
0.498000
0.249000
nan
nan
nan
nan
nan
nan
nan
nan
nan
0.371000
1.000000
nan
0.231000
0.164000
0.112000
nan
nan
nan
nan
0.268000
0.112000
nan
0.128000
nan
nan
nan
nan
0.112000
nan
nan
nan
nan
nan
nan
0.474000
nan
0.438000
nan
nan
nan
nan
nan
0.651000
0.632000
nan
nan
0.578000
0.499000
nan
1.000000
0.638000
0.535000
0.444000
0.626000
0.839000
0.675000
0.474000
nan
nan
nan
nan
0.493000
0.511000
nan
nan
nan
1.000000
nan
0.572000
nan
0.268000
0.207000
0.882000
nan
0.353000
0.444000
0.699000
0.778000
nan
nan
nan
0.791000
0.401000
nan
nan
0.699000
0.784000
0.686000
0.509000
nan
0.219000
0.141000
nan
nan
nan
nan
0.907000
nan
0.968000
nan
0.297000
0.262000
nan
nan
nan
0.247000
0.537000
0.530000
nan
nan
0.298000
0.709000
nan
nan
nan
0.548000
0.701000
1.000000
nan
0.677000
0.548000
0.540000
nan
0.403000
0.322000
nan
nan
nan
nan
0.637000
nan
0.330000
0.733000
nan
nan
nan
nan
nan
nan
nan
