Coverage: 7902.475248
nan
nan
0.818000
0.710000
nan
nan
1.000000
nan
nan
0.631000
nan
nan
0.359000
nan
nan
nan
nan
0.775000
nan
nan
nan
nan
nan
0.925000
nan
nan
nan
0.703000
nan
0.301000
0.143000
0.104000
nan
nan
nan
nan
0.419000
0.606000
0.561000
nan
nan
nan
0.853000
0.748000
0.935000
nan
nan
nan
1.000000
0.921000
nan
0.801000
0.970000
nan
nan
nan
nan
nan
nan
nan
0.861000
0.390000
0.226000
nan
nan
nan
0.343000
nan
nan
nan
nan
nan
0.171000
0.265000
0.452000
1.000000
nan
nan
nan
nan
nan
nan
nan
0.522000
nan
0.382000
0.179000
0.320000
0.616000
nan
nan
nan
nan
0.522000
0.507000
nan
0.499000
0.530000
0.616000
nan
nan
nan
