Coverage: 24194.054054
0.696000
0.778000
1.000000
0.922000
nan
1.000000
nan
0.868000
1.000000
nan
nan
nan
0.823000
nan
0.624000
0.940000
nan
nan
nan
nan
0.759000
nan
nan
0.741000
nan
nan
nan
nan
0.931000
nan
nan
0.524000
0.615000
0.642000
nan
nan
nan
nan
0.687000
0.769000
0.741000
nan
0.461000
nan
0.561000
nan
0.651000
0.551000
nan
nan
0.459000
0.340000
0.386000
0.119000
0.113000
0.113000
0.113000
0.314000
0.129000
0.356000
0.464000
0.701000
0.763000
0.551000
0.340000
0.304000
0.216000
nan
nan
nan
nan
nan
nan
0.402000
nan
nan
0.819000
0.680000
0.469000
0.696000
0.366000
nan
1.000000
nan
nan
nan
0.902000
0.716000
0.557000
nan
nan
0.758000
0.546000
0.654000
nan
0.933000
0.634000
0.608000
nan
nan
0.809000
0.799000
nan
nan
0.618000
0.567000
nan
nan
nan
0.732000
1.000000
0.294000
nan
0.701000
nan
nan
0.665000
nan
nan
0.479000
0.289000
nan
0.969000
1.000000
nan
0.361000
nan
nan
nan
nan
0.943000
nan
0.969000
0.899000
0.511000
0.601000
0.620000
nan
1.000000
nan
0.814000
0.838000
0.923000
nan
nan
0.838000
0.885000
1.000000
nan
nan
nan
nan
nan
nan
0.961000
0.918000
nan
0.890000
nan
nan
0.805000
0.767000
0.738000
nan
nan
0.984000
0.814000
nan
nan
nan
nan
0.696000
0.767000
nan
0.672000
0.677000
nan
nan
nan
nan
0.904000
nan
0.521000
0.611000
nan
nan
0.506000
0.554000
0.625000
0.696000
nan
0.648000
0.402000
nan
0.568000
nan
0.369000
0.369000
0.478000
0.412000
0.592000
nan
nan
nan
nan
0.369000
1.000000
nan
nan
nan
nan
nan
nan
nan
0.568000
0.374000
nan
0.582000
nan
nan
nan
nan
0.629000
nan
0.530000
0.464000
nan
0.502000
0.412000
0.516000
nan
nan
nan
nan
nan
0.634000
nan
nan
0.278000
nan
nan
nan
0.218000
0.223000
nan
nan
nan
nan
nan
nan
nan
nan
0.646000
0.241000
nan
nan
nan
nan
0.184000
0.768000
0.729000
0.600000
0.536000
0.656000
nan
0.198000
0.185000
0.215000
0.311000
0.546000
nan
0.316000
nan
nan
nan
nan
nan
nan
0.490000
0.497000
0.533000
1.000000
nan
0.484000
0.961000
0.717000
nan
0.461000
0.661000
0.449000
0.775000
nan
0.635000
nan
nan
nan
nan
nan
nan
0.900000
0.610000
0.522000
0.618000
nan
nan
nan
0.798000
nan
0.485000
0.346000
0.473000
0.995000
nan
nan
nan
nan
nan
nan
0.783000
0.668000
nan
1.000000
0.928000
0.184000
nan
nan
nan
nan
0.763000
0.443000
0.200000
0.816000
1.000000
nan
nan
nan
nan
nan
nan
nan
nan
nan
nan
0.184000
nan
nan
0.331000
0.960000
0.612000
nan
0.532000
0.660000
nan
1.000000
0.499000
nan
1.000000
nan
0.112000
nan
nan
0.099000
0.099000
0.177000
nan
nan
0.105000
0.099000
0.453000
0.179000
0.596000
0.139000
0.125000
0.114000
0.198000
nan
0.889000
0.614000
nan
0.203000
0.841000
nan
nan
nan
nan
nan
nan
nan
0.397000
0.160000
0.297000
nan
0.188000
nan
0.330000
nan
nan
0.388000
0.490000
0.520000
nan
0.254000
0.314000
0.351000
nan
nan
nan
0.390000
nan
nan
nan
0.578000
0.798000
0.581000
0.643000
nan
nan
nan
0.146000
nan
nan
nan
nan
nan
nan
nan
0.474000
0.639000
nan
nan
nan
0.906000
nan
0.572000
nan
nan
0.371000
0.734000
0.377000
1.000000
0.624000
0.328000
0.259000
0.651000
nan
nan
nan
nan
1.000000
nan
0.699000
0.749000
0.995000
0.719000
0.785000
