Coverage: 2309.852217
nan
0.377000
nan
nan
nan
nan
0.942000
nan
nan
nan
0.490000
nan
nan
0.753000
0.603000
nan
nan
0.339000
0.829000
nan
nan
0.640000
0.226000
nan
0.640000
0.490000
nan
0.490000
1.000000
nan
0.753000
nan
nan
0.377000
0.979000
1.000000
1.000000
nan
0.455000
nan
0.545000
nan
nan
nan
nan
0.295000
nan
nan
0.568000
0.273000
0.364000
nan
nan
nan
nan
0.318000
0.205000
nan
0.545000
nan
0.841000
1.000000
nan
0.614000
nan
0.159000
0.295000
0.523000
0.955000
nan
nan
nan
nan
0.568000
nan
nan
0.227000
0.227000
nan
nan
0.159000
nan
0.227000
nan
nan
nan
nan
nan
0.545000
0.432000
nan
nan
nan
1.000000
nan
nan
nan
nan
nan
nan
nan
nan
1.000000
