Coverage: 19664.024390
nan
nan
1.000000
1.000000
0.192000
0.276000
nan
0.133000
0.332000
nan
nan
nan
nan
0.114000
0.185000
0.511000
0.319000
nan
0.416000
nan
0.634000
0.452000
0.452000
nan
0.390000
nan
nan
nan
0.894000
nan
0.377000
nan
nan
nan
nan
nan
nan
0.651000
nan
0.273000
nan
nan
1.000000
nan
nan
nan
nan
0.152000
nan
nan
nan
0.258000
nan
nan
0.904000
0.997000
0.680000
nan
1.000000
0.372000
nan
nan
nan
nan
0.206000
nan
0.301000
nan
nan
nan
nan
nan
0.305000
nan
nan
0.338000
nan
nan
nan
0.431000
nan
0.437000
0.886000
0.812000
nan
nan
nan
nan
0.178000
nan
0.172000
0.258000
0.181000
0.532000
nan
nan
nan
0.840000
0.597000
0.741000
0.732000
0.535000
nan
0.655000
nan
nan
nan
nan
0.627000
0.541000
0.597000
0.468000
0.717000
0.486000
0.741000
0.566000
nan
nan
nan
nan
nan
nan
1.000000
0.824000
nan
0.508000
0.787000
0.815000
0.458000
nan
0.624000
0.464000
0.529000
nan
nan
nan
nan
nan
0.760000
nan
0.501000
nan
0.280000
0.243000
0.152000
0.152000
0.079000
0.083000
nan
nan
0.079000
nan
nan
nan
nan
0.585000
nan
nan
nan
0.441000
0.179000
0.137000
0.079000
nan
nan
nan
nan
nan
nan
nan
nan
nan
nan
nan
0.725000
0.473000
0.590000
0.541000
nan
0.769000
nan
nan
nan
nan
nan
0.649000
0.541000
nan
nan
nan
0.761000
nan
0.703000
0.823000
nan
0.624000
0.353000
0.284000
0.299000
0.326000
nan
nan
0.583000
0.935000
nan
nan
nan
nan
nan
0.441000
0.585000
nan
nan
nan
nan
0.715000
nan
nan
0.416000
0.805000
nan
nan
nan
nan
0.737000
0.906000
nan
nan
1.000000
nan
0.894000
nan
0.791000
0.825000
nan
0.894000
nan
0.313000
nan
0.348000
0.257000
0.326000
0.634000
1.000000
nan
nan
nan
0.573000
nan
0.663000
nan
nan
nan
0.566000
0.974000
nan
nan
nan
1.000000
nan
nan
nan
nan
nan
0.348000
0.424000
nan
nan
nan
nan
nan
nan
0.486000
0.292000
nan
0.681000
0.745000
0.402000
0.348000
0.616000
0.956000
nan
nan
nan
nan
0.489000
0.664000
nan
0.605000
nan
nan
0.837000
0.670000
1.000000
0.578000
0.878000
0.861000
0.772000
nan
0.764000
0.651000
0.489000
0.667000
0.489000
nan
0.540000
nan
nan
1.000000
nan
nan
0.292000
nan
nan
nan
nan
nan
nan
0.894000
0.961000
0.875000
1.000000
0.451000
0.292000
0.392000
0.386000
nan
0.454000
0.408000
0.713000
nan
0.672000
0.594000
0.621000
0.397000
0.440000
0.716000
0.897000
nan
0.872000
0.762000
nan
0.513000
0.416000
nan
0.470000
nan
0.308000
nan
nan
nan
nan
0.667000
0.406000
1.000000
nan
nan
0.302000
nan
nan
nan
nan
nan
0.601000
1.000000
nan
1.000000
0.770000
0.770000
nan
0.590000
0.732000
nan
0.560000
0.705000
0.676000
0.587000
0.625000
nan
0.841000
0.927000
nan
nan
nan
nan
0.847000
nan
0.415000
0.684000
0.444000
0.249000
nan
