Coverage: 2691.469194
1.000000
nan
1.000000
nan
0.774000
0.774000
0.402000
0.743000
nan
0.774000
0.495000
0.650000
0.619000
0.402000
nan
nan
0.557000
nan
0.186000
nan
0.650000
0.712000
nan
0.495000
nan
nan
nan
nan
nan
nan
nan
nan
nan
nan
1.000000
0.124000
0.898000
nan
nan
0.279000
0.341000
0.588000
0.536000
nan
nan
nan
nan
0.964000
nan
nan
nan
nan
nan
nan
0.893000
nan
0.500000
nan
nan
nan
0.429000
nan
nan
0.679000
nan
0.893000
0.786000
0.714000
1.000000
nan
0.607000
nan
0.607000
nan
nan
0.214000
0.393000
1.000000
0.679000
0.357000
0.643000
0.187000
0.133000
0.133000
nan
0.714000
0.857000
0.214000
0.536000
nan
nan
nan
nan
0.500000
nan
nan
nan
nan
nan
0.429000
nan
0.321000
0.429000
nan
nan
nan
nan
0.750000
nan
nan
nan
