Coverage: 53394.871795
nan
1.000000
nan
nan
0.240000
0.435000
0.392000
nan
nan
nan
0.329000
0.228000
nan
nan
0.923000
nan
nan
1.000000
nan
nan
nan
0.438000
0.471000
nan
0.772000
0.311000
nan
0.263000
nan
nan
nan
nan
0.369000
1.000000
0.488000
nan
0.625000
nan
0.485000
0.404000
0.704000
0.928000
nan
nan
nan
0.729000
0.793000
0.866000
0.779000
nan
nan
nan
nan
0.852000
0.978000
nan
nan
0.561000
0.793000
0.763000
nan
0.779000
nan
0.294000
nan
0.238000
0.233000
nan
nan
0.233000
0.373000
1.000000
nan
nan
nan
nan
nan
nan
0.953000
0.328000
0.465000
0.732000
nan
0.847000
nan
0.664000
0.432000
nan
nan
nan
nan
1.000000
0.446000
0.339000
0.471000
0.233000
0.535000
0.628000
nan
nan
nan
0.908000
nan
0.698000
0.653000
nan
nan
nan
0.628000
0.454000
nan
0.409000
0.639000
0.491000
nan
0.429000
0.516000
nan
nan
0.572000
nan
nan
nan
nan
1.000000
0.664000
0.592000
nan
0.636000
nan
nan
nan
nan
0.233000
0.266000
0.366000
0.283000
0.478000
0.237000
nan
nan
0.131000
0.131000
0.132000
nan
0.225000
0.410000
nan
0.353000
nan
nan
nan
0.289000
nan
nan
0.298000
0.157000
nan
0.131000
nan
nan
nan
0.197000
0.326000
nan
nan
0.239000
nan
0.485000
nan
0.455000
0.550000
nan
nan
0.579000
0.659000
0.402000
0.463000
0.408000
nan
nan
0.524000
0.387000
0.554000
0.863000
0.661000
nan
0.488000
0.488000
nan
0.953000
nan
0.714000
nan
0.356000
nan
nan
0.498000
0.493000
0.475000
0.689000
0.562000
nan
nan
nan
0.590000
nan
1.000000
0.631000
0.521000
0.715000
0.746000
0.832000
nan
1.000000
1.000000
0.408000
nan
nan
nan
0.220000
nan
0.585000
nan
nan
nan
0.186000
0.224000
0.206000
nan
nan
0.186000
0.699000
0.435000
0.628000
0.654000
0.487000
0.720000
nan
nan
0.827000
0.704000
nan
0.249000
nan
nan
nan
nan
nan
0.320000
0.742000
1.000000
0.208000
nan
nan
nan
nan
0.279000
0.290000
0.658000
0.425000
nan
nan
0.186000
nan
0.848000
nan
nan
0.220000
0.242000
0.968000
0.902000
0.912000
nan
nan
0.360000
nan
0.610000
0.536000
nan
nan
0.246000
nan
0.814000
nan
0.660000
0.979000
1.000000
nan
1.000000
nan
0.413000
0.285000
nan
nan
nan
0.255000
nan
0.740000
nan
0.731000
0.857000
nan
0.997000
0.784000
0.730000
0.716000
0.854000
nan
nan
nan
nan
nan
nan
1.000000
1.000000
nan
0.228000
0.410000
nan
0.481000
nan
nan
0.720000
0.433000
nan
nan
0.841000
0.989000
nan
0.821000
nan
0.857000
nan
nan
nan
nan
nan
0.528000
0.418000
nan
1.000000
0.981000
nan
0.731000
nan
nan
0.178000
nan
nan
nan
0.217000
nan
0.800000
0.317000
0.258000
0.226000
nan
nan
0.405000
0.253000
nan
0.689000
0.940000
nan
0.193000
nan
nan
