Coverage: 121.311475
nan
nan
0.000000
nan
nan
1.000000
0.000000
nan
0.000000
nan
0.000000
1.000000
0.000000
0.000000
0.000000
0.282000
nan
nan
0.000000
nan
0.423000
nan
nan
nan
1.000000
0.141000
0.000000
nan
0.000000
nan
nan
nan
0.000000
nan
nan
nan
0.000000
0.000000
1.000000
0.000000
0.000000
0.500000
0.500000
nan
nan
0.000000
nan
nan
nan
1.000000
nan
nan
0.500000
0.250000
nan
0.000000
0.000000
nan
nan
0.000000
nan
nan
0.000000
0.500000
nan
nan
nan
0.000000
nan
nan
nan
nan
nan
1.000000
0.500000
0.000000
0.500000
0.500000
nan
nan
nan
nan
nan
