Coverage: 19717.353579
0.179000
0.235000
0.533000
0.626000
1.000000
0.759000
0.946000
1.000000
nan
0.928000
nan
nan
nan
nan
nan
nan
0.990000
0.804000
0.933000
nan
nan
nan
1.000000
nan
nan
nan
0.240000
nan
nan
0.502000
0.409000
0.568000
nan
nan
nan
nan
0.777000
nan
0.933000
nan
nan
0.901000
0.622000
0.666000
nan
0.493000
0.306000
0.321000
1.000000
nan
nan
nan
nan
nan
nan
0.809000
0.549000
0.643000
nan
0.456000
0.541000
0.757000
nan
0.667000
0.447000
nan
nan
1.000000
0.533000
nan
0.545000
nan
0.883000
1.000000
nan
nan
nan
nan
0.306000
nan
0.557000
nan
nan
0.984000
0.879000
nan
0.460000
0.321000
nan
nan
nan
nan
nan
nan
nan
nan
0.508000
nan
nan
0.423000
0.626000
nan
nan
0.306000
nan
nan
nan
nan
0.614000
nan
0.769000
nan
0.586000
nan
nan
nan
0.443000
0.472000
nan
0.508000
nan
nan
nan
0.793000
0.862000
nan
0.659000
0.724000
0.565000
nan
nan
0.370000
0.362000
0.334000
nan
nan
nan
0.415000
0.346000
nan
nan
0.504000
0.317000
nan
nan
nan
nan
nan
0.728000
nan
nan
nan
0.472000
0.513000
nan
nan
nan
nan
nan
0.940000
nan
0.569000
nan
nan
0.415000
0.675000
0.391000
0.260000
0.324000
1.000000
0.440000
0.458000
nan
0.358000
nan
0.440000
nan
0.267000
nan
nan
0.391000
0.458000
0.551000
0.446000
0.509000
nan
nan
nan
0.307000
nan
0.564000
0.500000
0.446000
0.498000
0.611000
0.544000
nan
0.622000
0.569000
nan
nan
nan
nan
0.469000
nan
0.971000
nan
nan
nan
0.320000
0.298000
0.362000
nan
nan
0.254000
0.722000
0.713000
nan
0.378000
0.254000
0.466000
nan
nan
nan
0.580000
nan
0.291000
nan
nan
nan
nan
nan
nan
0.471000
0.538000
0.353000
nan
nan
nan
nan
0.538000
0.493000
0.780000
0.422000
nan
nan
0.254000
1.000000
0.697000
nan
nan
0.360000
0.335000
1.000000
0.652000
0.706000
nan
nan
0.339000
nan
0.499000
0.669000
nan
nan
0.382000
nan
0.532000
nan
0.396000
0.723000
0.765000
nan
0.686000
nan
0.297000
0.231000
nan
nan
nan
0.283000
nan
0.627000
nan
nan
0.678000
nan
0.869000
0.615000
0.381000
0.377000
0.504000
nan
nan
nan
nan
nan
nan
0.499000
1.000000
nan
0.182000
nan
nan
0.421000
nan
nan
0.473000
0.262000
nan
nan
0.600000
0.801000
nan
0.775000
nan
0.587000
nan
nan
nan
nan
nan
0.383000
0.233000
nan
0.760000
0.433000
nan
0.257000
nan
nan
0.145000
nan
nan
nan
0.164000
nan
0.284000
0.250000
0.144000
0.273000
1.000000
nan
0.535000
0.362000
nan
0.379000
0.573000
nan
0.180000
1.000000
nan
nan
nan
0.326000
0.151000
0.405000
0.418000
0.383000
nan
0.243000
0.173000
