Coverage: 9830.075188
nan
0.155000
nan
nan
0.238000
nan
0.358000
nan
nan
0.304000
0.155000
nan
0.852000
0.364000
0.334000
nan
nan
0.417000
1.000000
nan
nan
0.864000
0.918000
0.948000
0.793000
nan
0.209000
0.185000
nan
1.000000
0.137000
0.110000
nan
nan
0.626000
0.423000
0.483000
nan
nan
nan
0.179000
nan
nan
0.590000
0.781000
0.524000
0.286000
0.620000
0.551000
nan
0.534000
nan
nan
0.741000
0.551000
0.643000
nan
nan
0.488000
nan
0.109000
0.126000
nan
0.103000
0.138000
nan
1.000000
nan
nan
nan
nan
nan
nan
0.373000
nan
nan
0.695000
0.460000
0.528000
0.419000
nan
0.253000
nan
0.373000
0.138000
0.126000
0.327000
0.316000
0.930000
0.230000
0.373000
0.592000
nan
nan
nan
nan
nan
0.368000
1.000000
nan
nan
nan
nan
nan
0.086000
nan
nan
nan
nan
nan
nan
0.155000
0.350000
0.155000
nan
0.247000
nan
nan
nan
nan
nan
nan
nan
0.138000
nan
nan
0.077000
0.833000
0.735000
nan
nan
0.661000
0.718000
nan
nan
nan
0.224000
0.077000
nan
0.138000
0.287000
0.247000
nan
nan
0.327000
0.132000
0.287000
0.218000
nan
1.000000
nan
nan
0.077000
0.407000
nan
0.400000
nan
0.151000
nan
0.414000
nan
0.193000
0.221000
nan
0.159000
0.151000
0.151000
0.387000
0.497000
0.808000
0.870000
0.400000
0.290000
nan
0.456000
0.221000
nan
nan
nan
0.483000
nan
0.469000
0.318000
1.000000
nan
nan
nan
0.400000
0.428000
nan
0.594000
0.518000
0.587000
0.732000
nan
0.518000
0.497000
0.711000
nan
nan
0.235000
0.297000
0.200000
0.373000
0.497000
0.904000
nan
nan
nan
nan
nan
nan
nan
nan
nan
nan
0.552000
nan
nan
nan
nan
0.946000
nan
nan
0.476000
0.656000
nan
0.870000
0.297000
0.753000
0.366000
nan
nan
nan
1.000000
nan
nan
1.000000
0.718000
nan
nan
0.973000
nan
nan
0.511000
nan
0.566000
0.068000
0.116000
nan
nan
0.104000
0.098000
0.083000
0.078000
0.086000
0.126000
nan
nan
nan
nan
nan
nan
nan
nan
nan
nan
0.180000
0.318000
nan
nan
0.101000
nan
nan
nan
nan
nan
nan
0.122000
nan
nan
nan
nan
0.268000
nan
0.169000
0.143000
nan
0.092000
nan
0.072000
0.160000
0.182000
0.263000
0.092000
nan
0.186000
0.102000
0.105000
0.227000
0.078000
0.064000
nan
nan
nan
nan
nan
0.155000
1.000000
nan
nan
0.060000
nan
0.060000
1.000000
0.127000
nan
0.420000
0.331000
nan
nan
nan
0.124000
nan
0.141000
nan
0.101000
nan
0.186000
nan
nan
nan
nan
0.124000
0.109000
nan
0.091000
0.182000
0.226000
nan
0.292000
0.246000
nan
nan
nan
nan
0.202000
nan
nan
0.060000
1.000000
0.072000
0.709000
0.308000
0.411000
0.499000
nan
0.328000
0.169000
nan
nan
nan
nan
nan
nan
0.308000
nan
nan
nan
nan
nan
nan
nan
nan
nan
0.347000
0.870000
1.000000
nan
nan
nan
0.997000
0.929000
nan
nan
0.587000
0.572000
nan
0.787000
nan
nan
0.391000
0.196000
0.557000
nan
nan
0.528000
nan
0.611000
nan
nan
1.000000
nan
0.640000
0.758000
nan
nan
0.293000
0.288000
0.163000
0.367000
0.332000
0.357000
nan
0.567000
0.455000
0.244000
1.000000
0.684000
nan
nan
nan
nan
nan
0.420000
nan
nan
0.332000
nan
nan
nan
nan
