Coverage: 30369.107143
nan
0.508000
0.363000
0.191000
0.191000
0.191000
0.612000
nan
nan
nan
0.278000
0.582000
0.967000
nan
nan
nan
nan
0.675000
0.734000
0.815000
0.819000
1.000000
nan
nan
nan
nan
nan
0.682000
0.652000
0.445000
nan
nan
0.834000
nan
0.582000
1.000000
nan
nan
nan
0.930000
nan
0.671000
0.589000
nan
nan
nan
nan
nan
nan
nan
nan
0.216000
nan
0.321000
0.999000
nan
nan
0.566000
0.279000
0.284000
0.235000
0.430000
nan
0.519000
nan
0.454000
nan
0.837000
0.871000
nan
0.375000
0.753000
0.501000
nan
nan
nan
nan
nan
0.584000
nan
nan
nan
nan
nan
0.824000
0.772000
0.793000
nan
0.774000
0.928000
0.592000
0.305000
0.662000
0.847000
nan
nan
nan
nan
0.242000
0.201000
nan
0.181000
0.181000
0.181000
0.514000
1.000000
nan
0.970000
nan
0.527000
nan
0.521000
nan
0.378000
nan
nan
0.459000
nan
nan
1.000000
0.873000
1.000000
0.678000
nan
0.892000
0.240000
0.430000
nan
0.349000
0.506000
nan
0.691000
0.842000
nan
nan
0.321000
0.315000
nan
1.000000
1.000000
nan
nan
1.000000
nan
nan
nan
nan
nan
nan
nan
nan
0.218000
0.209000
0.423000
nan
0.701000
nan
nan
0.502000
0.392000
0.660000
nan
0.625000
0.979000
0.461000
nan
0.486000
0.310000
nan
0.209000
nan
nan
0.515000
nan
0.543000
0.818000
0.240000
nan
nan
nan
nan
0.281000
nan
nan
nan
0.227000
0.565000
nan
nan
0.385000
0.742000
nan
nan
nan
nan
0.209000
0.783000
nan
0.679000
0.483000
nan
0.303000
0.518000
nan
nan
nan
nan
0.635000
0.701000
0.578000
0.616000
nan
0.449000
0.395000
nan
0.389000
nan
0.676000
0.493000
nan
0.395000
nan
0.363000
0.370000
0.458000
0.480000
nan
nan
nan
0.376000
0.521000
nan
0.458000
0.322000
0.420000
0.231000
nan
nan
nan
0.311000
0.215000
nan
0.217000
0.302000
nan
nan
nan
0.505000
nan
nan
nan
nan
nan
nan
nan
0.313000
0.479000
nan
0.393000
nan
nan
nan
nan
nan
0.370000
0.299000
nan
nan
0.727000
nan
0.356000
nan
nan
nan
nan
0.215000
0.362000
0.511000
0.571000
nan
0.533000
0.362000
0.622000
nan
nan
nan
nan
nan
0.215000
nan
nan
0.525000
nan
0.712000
1.000000
0.647000
0.810000
0.963000
0.311000
0.379000
nan
0.396000
0.436000
nan
0.390000
0.522000
nan
0.553000
1.000000
0.818000
1.000000
nan
0.747000
0.912000
nan
0.724000
nan
nan
0.635000
0.499000
0.481000
0.761000
0.621000
nan
0.499000
nan
nan
0.248000
nan
nan
nan
nan
0.681000
0.638000
0.733000
0.265000
nan
0.159000
0.159000
0.353000
0.159000
nan
nan
nan
nan
0.379000
0.498000
0.510000
0.605000
nan
nan
nan
nan
nan
0.421000
nan
nan
0.414000
0.506000
nan
0.513000
0.883000
nan
nan
0.523000
0.404000
nan
1.000000
nan
0.271000
0.395000
0.446000
nan
nan
0.586000
0.577000
0.656000
nan
nan
nan
nan
0.490000
1.000000
nan
0.913000
0.948000
1.000000
nan
0.478000
0.288000
0.281000
nan
nan
0.872000
0.917000
nan
0.527000
nan
nan
nan
nan
nan
0.454000
0.277000
nan
nan
nan
nan
0.751000
0.475000
nan
nan
nan
0.742000
nan
0.401000
nan
0.485000
0.223000
0.719000
nan
0.914000
nan
nan
nan
nan
0.905000
0.655000
nan
0.295000
0.768000
nan
0.762000
nan
nan
1.000000
0.975000
nan
0.467000
nan
nan
nan
nan
0.295000
0.264000
0.148000
0.180000
nan
nan
nan
nan
nan
nan
0.250000
nan
0.754000
0.739000
0.434000
0.337000
0.513000
