Coverage: 2775.000000
0.107000
0.214000
0.679000
nan
0.071000
0.571000
0.250000
0.607000
0.964000
nan
0.607000
nan
nan
nan
1.000000
nan
nan
0.571000
1.000000
nan
0.821000
0.464000
0.643000
0.607000
0.393000
nan
nan
0.821000
1.000000
nan
nan
0.714000
1.000000
0.929000
nan
0.128000
0.303000
0.575000
0.176000
0.128000
0.638000
0.495000
nan
nan
nan
nan
0.415000
0.335000
0.351000
0.495000
0.383000
0.527000
nan
nan
1.000000
0.591000
0.495000
nan
0.367000
nan
0.239000
0.479000
0.255000
0.144000
nan
nan
0.303000
0.303000
