Coverage: 5120.642202
nan
nan
0.897000
0.388000
nan
0.348000
nan
0.763000
0.723000
nan
nan
nan
nan
nan
1.000000
nan
nan
nan
0.361000
nan
0.321000
0.736000
nan
nan
0.616000
nan
nan
0.576000
0.750000
0.776000
0.629000
nan
nan
nan
0.803000
0.897000
0.817000
nan
0.690000
0.680000
0.989000
1.000000
0.721000
nan
nan
nan
nan
nan
nan
nan
nan
0.649000
0.587000
0.752000
1.000000
0.484000
0.865000
nan
nan
0.772000
nan
nan
0.803000
nan
0.215000
0.215000
0.227000
0.247000
0.215000
nan
0.515000
0.505000
0.721000
0.639000
0.896000
nan
0.587000
0.649000
0.865000
0.690000
0.484000
nan
nan
0.485000
0.794000
0.551000
0.943000
0.551000
nan
0.342000
nan
nan
0.551000
0.298000
0.628000
nan
0.684000
0.849000
1.000000
0.386000
0.728000
0.276000
nan
nan
0.287000
0.474000
nan
nan
nan
nan
nan
nan
0.871000
nan
0.871000
0.606000
0.893000
nan
