Coverage: 2451.612903
nan
0.284000
0.402000
nan
nan
nan
nan
0.780000
nan
nan
nan
nan
0.355000
0.236000
nan
0.591000
0.898000
0.922000
nan
0.544000
nan
nan
0.473000
nan
0.827000
1.000000
1.000000
nan
0.355000
0.118000
nan
nan
0.189000
0.142000
nan
nan
0.662000
0.473000
nan
0.567000
0.922000
nan
0.922000
0.827000
nan
0.804000
nan
0.567000
0.746000
nan
nan
0.695000
0.489000
0.901000
0.412000
0.103000
0.515000
nan
nan
0.541000
nan
nan
0.257000
0.154000
0.644000
1.000000
0.360000
0.283000
0.232000
0.618000
0.618000
nan
0.386000
nan
nan
0.592000
nan
nan
0.669000
0.541000
0.566000
nan
nan
0.669000
0.592000
0.206000
