Coverage: 22459.919028
nan
nan
nan
0.594000
0.836000
0.517000
nan
0.796000
nan
0.686000
0.693000
nan
nan
nan
nan
0.994000
0.741000
nan
0.587000
0.657000
0.642000
0.381000
0.510000
0.293000
0.337000
nan
nan
nan
0.326000
0.737000
0.752000
nan
nan
nan
1.000000
0.855000
nan
0.583000
0.686000
nan
nan
nan
0.546000
0.935000
nan
0.488000
nan
0.337000
0.587000
nan
nan
nan
nan
0.811000
nan
nan
0.510000
nan
0.537000
nan
nan
0.524000
1.000000
0.977000
nan
0.906000
0.797000
0.897000
0.801000
nan
1.000000
0.403000
0.579000
0.495000
nan
0.340000
nan
nan
nan
nan
nan
0.331000
0.478000
nan
0.558000
nan
nan
0.144000
0.155000
0.176000
0.144000
nan
nan
0.738000
0.717000
nan
0.268000
0.252000
nan
nan
nan
0.144000
nan
0.314000
nan
1.000000
nan
0.742000
nan
nan
0.642000
0.700000
nan
0.767000
0.545000
0.566000
0.465000
nan
nan
0.323000
0.751000
0.184000
0.184000
0.176000
nan
0.671000
nan
nan
0.440000
0.738000
0.482000
0.650000
0.830000
0.600000
nan
nan
0.348000
0.528000
nan
nan
nan
nan
nan
0.897000
0.386000
0.191000
nan
0.219000
nan
nan
0.293000
nan
0.219000
0.301000
nan
0.208000
0.308000
0.446000
0.132000
0.169000
0.219000
nan
nan
nan
nan
0.196000
nan
nan
0.415000
0.274000
nan
0.308000
0.267000
0.460000
0.255000
nan
nan
nan
nan
nan
0.146000
0.132000
0.132000
0.167000
nan
nan
nan
0.434000
0.322000
0.360000
0.341000
nan
0.363000
nan
nan
nan
nan
0.740000
0.472000
0.701000
0.515000
nan
nan
nan
0.422000
nan
nan
0.475000
0.520000
0.255000
0.289000
0.914000
nan
nan
nan
0.718000
0.995000
1.000000
nan
nan
nan
nan
0.496000
nan
1.000000
1.000000
0.887000
0.964000
0.940000
nan
0.284000
0.210000
0.146000
nan
nan
0.565000
nan
0.214000
0.413000
0.584000
nan
nan
nan
0.371000
nan
nan
0.516000
nan
nan
0.532000
0.548000
0.379000
0.276000
0.307000
0.555000
nan
nan
0.513000
nan
nan
0.510000
nan
nan
nan
nan
nan
nan
nan
0.402000
nan
nan
0.416000
nan
0.446000
0.564000
0.785000
0.954000
nan
1.000000
nan
0.574000
0.657000
nan
0.598000
nan
nan
nan
0.426000
0.766000
0.930000
nan
0.570000
0.597000
nan
nan
0.221000
nan
0.739000
nan
nan
nan
nan
nan
0.987000
0.724000
nan
0.285000
0.203000
nan
nan
nan
nan
nan
nan
nan
0.527000
0.369000
nan
0.701000
0.657000
nan
nan
0.445000
0.826000
1.000000
nan
nan
nan
nan
nan
0.894000
0.456000
nan
nan
0.203000
nan
nan
0.374000
0.916000
1.000000
nan
0.408000
nan
0.749000
nan
0.220000
nan
nan
nan
nan
nan
nan
nan
0.212000
0.503000
0.301000
nan
0.633000
1.000000
0.502000
0.570000
0.499000
0.473000
0.771000
0.992000
nan
nan
nan
nan
nan
0.167000
1.000000
0.922000
0.670000
0.737000
nan
nan
0.216000
0.253000
nan
0.241000
0.743000
0.749000
nan
nan
nan
nan
nan
nan
nan
nan
nan
nan
nan
