Coverage: 16971.506352
0.202000
nan
0.155000
0.153000
nan
nan
nan
nan
0.060000
nan
0.050000
0.036000
nan
0.097000
nan
0.009000
nan
0.033000
0.012000
nan
0.009000
nan
0.253000
nan
nan
nan
nan
0.044000
nan
nan
0.009000
nan
0.013000
nan
nan
0.083000
nan
0.050000
nan
0.079000
nan
nan
nan
nan
nan
0.184000
nan
nan
0.047000
nan
0.051000
nan
nan
0.026000
0.060000
0.069000
nan
nan
nan
0.127000
0.151000
nan
nan
nan
nan
0.114000
0.091000
nan
nan
0.055000
nan
0.094000
0.167000
nan
nan
0.086000
0.082000
nan
nan
0.136000
nan
0.122000
0.064000
nan
nan
0.053000
0.055000
nan
1.000000
0.111000
0.105000
nan
0.075000
0.085000
0.131000
nan
0.179000
0.127000
0.109000
0.411000
0.814000
nan
0.629000
0.567000
nan
0.436000
nan
nan
nan
nan
nan
0.129000
nan
nan
0.162000
nan
nan
0.812000
nan
0.469000
0.298000
0.129000
0.387000
0.429000
nan
nan
nan
0.104000
0.104000
nan
nan
nan
0.961000
1.000000
nan
nan
0.125000
nan
nan
0.104000
nan
nan
nan
nan
nan
nan
1.000000
nan
0.738000
nan
0.363000
0.400000
nan
nan
nan
0.249000
0.645000
0.665000
nan
nan
0.907000
nan
0.505000
0.467000
0.358000
0.369000
nan
0.347000
nan
nan
0.834000
nan
0.149000
0.173000
nan
nan
nan
nan
0.149000
nan
nan
nan
nan
nan
nan
nan
nan
0.165000
1.000000
nan
nan
0.452000
nan
nan
nan
nan
0.133000
0.309000
0.138000
nan
nan
0.912000
0.282000
nan
nan
nan
0.107000
0.205000
0.198000
0.222000
0.167000
nan
0.383000
0.608000
0.727000
nan
nan
nan
1.000000
nan
0.424000
nan
nan
nan
nan
nan
nan
0.210000
0.142000
0.169000
nan
0.804000
nan
nan
0.170000
nan
0.069000
0.179000
0.133000
0.134000
nan
0.735000
0.763000
0.858000
1.000000
0.734000
0.411000
nan
nan
0.128000
0.097000
nan
nan
nan
nan
0.067000
nan
nan
nan
nan
0.953000
0.257000
nan
0.092000
nan
nan
0.161000
nan
nan
nan
0.133000
nan
0.945000
nan
0.126000
0.069000
0.097000
nan
0.067000
0.198000
nan
0.473000
0.981000
0.624000
nan
0.070000
0.067000
nan
0.067000
nan
nan
0.069000
nan
nan
nan
nan
0.465000
nan
0.496000
nan
nan
nan
nan
nan
nan
nan
nan
nan
nan
nan
0.693000
0.749000
0.559000
nan
nan
0.739000
nan
nan
nan
nan
0.098000
0.105000
nan
nan
nan
nan
nan
1.000000
0.747000
0.695000
0.632000
nan
nan
nan
nan
0.165000
nan
0.334000
nan
nan
nan
nan
nan
nan
nan
0.495000
nan
nan
nan
nan
0.425000
0.556000
0.493000
0.501000
0.380000
nan
0.319000
0.308000
nan
0.675000
nan
nan
0.649000
nan
0.458000
nan
nan
0.111000
nan
0.158000
0.102000
nan
nan
nan
nan
0.328000
0.211000
0.143000
nan
nan
0.096000
0.106000
nan
nan
0.096000
0.148000
nan
0.096000
0.096000
nan
nan
0.152000
nan
nan
nan
0.786000
1.000000
nan
0.564000
nan
nan
nan
nan
nan
0.983000
nan
nan
0.818000
nan
1.000000
1.000000
nan
nan
nan
nan
nan
nan
nan
nan
0.106000
nan
nan
nan
nan
0.319000
nan
nan
0.163000
0.180000
nan
nan
nan
nan
nan
nan
0.195000
nan
nan
nan
0.601000
nan
0.625000
nan
nan
nan
0.352000
nan
0.243000
nan
0.304000
0.250000
nan
nan
nan
nan
nan
0.367000
0.215000
nan
0.111000
0.135000
0.342000
0.556000
0.979000
nan
nan
nan
0.200000
nan
0.214000
0.190000
nan
nan
0.735000
nan
nan
0.719000
0.813000
nan
0.895000
0.322000
nan
nan
nan
0.193000
nan
nan
0.929000
nan
0.234000
0.247000
0.144000
0.210000
0.159000
nan
nan
nan
0.356000
0.254000
0.868000
0.786000
nan
1.000000
0.437000
0.437000
0.173000
0.173000
0.234000
0.224000
nan
0.291000
0.220000
0.254000
0.824000
nan
nan
0.193000
nan
nan
nan
0.144000
0.817000
1.000000
1.000000
0.735000
0.803000
nan
0.678000
nan
nan
0.973000
0.969000
nan
0.244000
0.200000
0.214000
nan
0.144000
0.519000
nan
nan
nan
0.258000
0.413000
nan
nan
nan
nan
nan
nan
nan
nan
0.145000
0.998000
nan
nan
nan
nan
nan
nan
nan
1.000000
0.287000
nan
nan
nan
0.185000
nan
0.944000
nan
0.546000
nan
nan
nan
1.000000
0.654000
nan
nan
0.796000
0.681000
nan
nan
nan
nan
nan
0.543000
0.344000
nan
0.668000
0.563000
nan
nan
0.126000
nan
nan
0.126000
nan
nan
nan
0.126000
nan
nan
0.172000
nan
nan
nan
1.000000
nan
nan
0.786000
nan
nan
0.597000
0.344000
0.260000
nan
0.280000
nan
nan
nan
0.212000
nan
0.280000
0.179000
nan
nan
0.395000
nan
nan
nan
0.627000
0.634000
nan
0.418000
0.341000
0.256000
0.472000
0.418000
nan
0.647000
nan
0.307000
0.246000
nan
nan
nan
0.196000
nan
nan
0.196000
nan
0.307000
0.422000
nan
0.368000
nan
nan
0.472000
0.347000
0.368000
nan
0.219000
0.273000
0.502000
nan
nan
nan
nan
nan
0.252000
0.252000
0.290000
nan
nan
nan
nan
0.935000
nan
0.812000
0.887000
0.860000
0.671000
nan
nan
nan
nan
nan
nan
nan
1.000000
nan
nan
0.252000
0.369000
0.606000
0.522000
0.663000
0.619000
0.715000
nan
nan
0.860000
0.693000
nan
nan
nan
nan
nan
nan
nan
nan
nan
nan
nan
0.268000
0.421000
nan
nan
0.329000
0.255000
0.492000
0.303000
nan
0.320000
0.285000
0.483000
nan
nan
nan
0.676000
0.641000
nan
0.685000
nan
0.891000
1.000000
0.768000
nan
0.619000
0.724000
nan
0.650000
0.579000
1.000000
nan
0.505000
0.404000
0.325000
0.413000
0.347000
0.540000
0.571000
nan
nan
0.404000
0.452000
nan
0.492000
0.544000
0.404000
0.744000
nan
nan
0.529000
nan
nan
0.679000
nan
nan
nan
nan
nan
0.147000
0.141000
0.141000
0.141000
nan
nan
nan
nan
nan
nan
nan
nan
0.270000
0.300000
nan
nan
0.706000
nan
nan
nan
0.774000
nan
nan
nan
nan
nan
nan
0.669000
0.710000
nan
0.447000
nan
nan
nan
0.587000
0.573000
0.604000
0.672000
nan
nan
nan
0.293000
nan
0.529000
0.703000
0.614000
nan
nan
0.631000
0.594000
nan
nan
nan
0.921000
nan
0.553000
0.600000
0.652000
0.706000
nan
0.556000
0.734000
nan
0.662000
nan
0.519000
nan
nan
0.539000
0.440000
0.890000
nan
nan
nan
0.785000
0.658000
0.317000
0.426000
nan
nan
nan
0.481000
1.000000
nan
0.505000
nan
nan
0.703000
nan
nan
nan
nan
0.826000
1.000000
1.000000
0.788000
nan
0.706000
0.658000
nan
0.222000
nan
nan
nan
0.575000
nan
0.293000
0.321000
0.646000
nan
nan
nan
nan
0.361000
nan
0.468000
nan
0.147000
1.000000
nan
nan
nan
nan
0.254000
nan
0.884000
1.000000
nan
nan
nan
nan
0.547000
0.142000
nan
nan
0.202000
nan
0.702000
nan
0.341000
nan
0.289000
nan
nan
nan
0.583000
nan
nan
0.511000
0.329000
0.206000
0.142000
nan
0.270000
0.967000
0.710000
1.000000
0.480000
0.480000
0.472000
0.714000
0.698000
0.761000
0.805000
nan
nan
nan
nan
nan
0.472000
nan
nan
nan
nan
0.559000
nan
0.305000
0.460000
0.515000
nan
nan
0.706000
0.869000
nan
0.149000
nan
0.212000
nan
0.912000
nan
0.738000
0.671000
nan
nan
0.266000
nan
0.405000
nan
0.554000
0.756000
nan
0.736000
nan
0.499000
0.902000
nan
0.665000
0.725000
0.479000
0.675000
0.730000
nan
0.851000
nan
nan
0.438000
0.257000
nan
0.373000
0.353000
0.287000
nan
0.635000
0.640000
nan
nan
1.000000
nan
nan
nan
