Coverage: 4046.887967
0.431000
0.952000
nan
0.755000
0.503000
0.485000
0.413000
0.647000
0.647000
nan
1.000000
0.701000
0.413000
0.593000
0.845000
nan
0.485000
nan
nan
nan
nan
0.719000
1.000000
0.881000
0.323000
nan
0.144000
0.539000
0.467000
nan
nan
0.323000
0.970000
nan
0.108000
0.216000
0.252000
0.106000
0.151000
nan
0.640000
nan
0.106000
0.201000
nan
0.590000
nan
0.565000
0.452000
1.000000
nan
0.414000
0.590000
nan
nan
nan
0.113000
0.427000
nan
nan
nan
nan
0.201000
0.226000
0.188000
nan
0.402000
0.615000
nan
nan
nan
nan
0.615000
nan
0.352000
0.326000
nan
nan
nan
0.389000
nan
0.314000
nan
nan
nan
nan
0.665000
nan
nan
0.502000
0.339000
0.226000
0.402000
0.728000
0.816000
0.678000
nan
nan
0.326000
nan
nan
nan
0.276000
0.088000
nan
0.378000
nan
0.280000
0.707000
0.950000
nan
nan
nan
nan
0.451000
0.573000
0.378000
0.646000
0.573000
1.000000
nan
nan
nan
0.597000
0.378000
0.268000
0.990000
0.877000
nan
0.792000
nan
nan
nan
0.071000
0.626000
0.319000
nan
nan
0.520000
0.815000
nan
