Coverage: 59122.486289
nan
nan
0.081000
0.233000
0.215000
nan
nan
nan
0.475000
nan
nan
nan
0.792000
1.000000
1.000000
nan
nan
0.289000
0.208000
nan
0.762000
nan
nan
nan
0.079000
nan
0.270000
0.222000
0.551000
0.371000
nan
1.000000
nan
nan
0.088000
0.122000
nan
0.079000
0.101000
0.042000
0.138000
nan
0.236000
0.095000
nan
0.436000
0.148000
nan
0.071000
nan
0.049000
nan
0.229000
0.635000
nan
nan
0.365000
nan
nan
0.992000
0.405000
0.809000
0.802000
nan
nan
0.566000
nan
nan
0.335000
nan
1.000000
nan
nan
nan
0.216000
0.209000
0.154000
0.123000
0.123000
nan
nan
nan
nan
0.709000
nan
0.621000
nan
nan
nan
nan
0.201000
nan
nan
0.209000
0.126000
0.123000
nan
1.000000
nan
0.888000
nan
nan
nan
nan
nan
0.130000
nan
nan
nan
nan
0.749000
0.899000
0.593000
nan
0.159000
0.890000
0.134000
nan
nan
nan
nan
nan
nan
nan
nan
0.174000
nan
nan
nan
1.000000
nan
nan
nan
0.509000
0.529000
0.434000
0.383000
0.498000
0.212000
0.936000
nan
nan
nan
0.544000
nan
0.139000
0.183000
nan
0.333000
0.198000
nan
0.403000
nan
nan
nan
nan
nan
0.551000
nan
0.472000
0.555000
nan
nan
nan
0.804000
0.762000
nan
nan
0.791000
0.930000
0.696000
nan
0.266000
nan
nan
nan
nan
nan
0.309000
0.085000
nan
nan
0.102000
0.059000
0.042000
0.045000
0.060000
nan
0.432000
nan
nan
nan
nan
nan
nan
nan
0.042000
0.042000
nan
nan
nan
0.277000
0.189000
nan
nan
0.284000
nan
0.211000
nan
0.260000
0.141000
0.227000
nan
nan
0.271000
nan
nan
nan
0.171000
0.271000
nan
0.248000
0.194000
0.243000
0.215000
nan
nan
nan
nan
nan
nan
0.244000
1.000000
nan
nan
nan
nan
nan
nan
nan
nan
nan
nan
nan
nan
0.398000
nan
nan
nan
0.623000
nan
nan
0.666000
0.617000
nan
nan
0.625000
nan
nan
0.614000
nan
0.591000
0.495000
0.666000
nan
nan
0.618000
0.553000
0.463000
0.474000
0.531000
0.808000
nan
nan
nan
nan
nan
nan
0.272000
nan
nan
nan
0.834000
1.000000
nan
nan
0.378000
nan
nan
nan
nan
nan
nan
0.418000
nan
nan
nan
nan
1.000000
nan
0.921000
0.908000
nan
0.300000
nan
0.208000
0.439000
0.465000
0.885000
0.387000
nan
0.554000
0.429000
0.158000
0.495000
0.232000
0.136000
nan
nan
nan
nan
nan
0.310000
nan
nan
nan
0.133000
nan
0.133000
nan
0.133000
nan
1.000000
1.000000
nan
nan
nan
0.198000
nan
0.191000
nan
0.195000
nan
0.607000
nan
nan
nan
nan
0.302000
0.259000
nan
0.227000
0.595000
0.665000
nan
0.940000
0.649000
nan
nan
nan
nan
0.886000
nan
nan
0.270000
nan
0.379000
1.000000
0.290000
0.357000
0.366000
nan
0.363000
0.211000
nan
nan
nan
nan
nan
nan
0.533000
nan
nan
nan
nan
nan
nan
nan
nan
nan
0.717000
0.879000
nan
nan
nan
nan
0.707000
0.492000
nan
nan
0.436000
0.371000
nan
0.638000
nan
nan
0.288000
0.262000
0.467000
nan
0.978000
0.826000
nan
0.357000
nan
nan
nan
nan
0.790000
0.719000
nan
nan
0.448000
0.403000
0.234000
0.420000
0.588000
0.416000
nan
0.616000
0.652000
0.403000
1.000000
0.830000
nan
nan
nan
nan
nan
0.603000
nan
nan
0.248000
nan
nan
nan
nan
