Coverage: 1558.695652
nan
0.263000
0.300000
nan
0.413000
nan
nan
nan
nan
0.150000
0.563000
nan
0.563000
0.938000
0.938000
nan
0.263000
nan
nan
nan
0.375000
nan
nan
0.750000
nan
1.000000
1.000000
nan
nan
0.901000
0.563000
nan
0.150000
0.225000
nan
1.000000
0.188000
nan
0.150000
0.128000
nan
nan
0.357000
0.434000
0.587000
nan
nan
nan
nan
0.026000
0.018000
0.332000
0.561000
1.000000
nan
0.561000
0.638000
nan
0.944000
0.612000
nan
nan
nan
0.204000
0.077000
0.383000
0.459000
1.000000
0.587000
nan
nan
0.306000
nan
nan
0.128000
nan
0.561000
nan
nan
nan
0.179000
nan
0.816000
1.000000
