Coverage: 20158.293839
nan
nan
nan
nan
1.000000
nan
0.309000
0.549000
0.811000
nan
nan
nan
0.944000
nan
nan
0.678000
1.000000
0.678000
0.206000
0.588000
0.794000
nan
nan
0.931000
nan
nan
0.759000
nan
0.459000
nan
nan
1.000000
0.124000
nan
nan
nan
0.150000
nan
nan
0.682000
0.441000
0.332000
0.294000
nan
nan
nan
0.354000
nan
nan
0.599000
0.561000
0.468000
nan
0.338000
0.338000
nan
0.267000
0.365000
0.414000
nan
0.643000
0.926000
0.577000
0.267000
0.681000
0.920000
0.267000
0.403000
0.594000
0.517000
0.784000
1.000000
0.942000
0.855000
0.670000
nan
nan
nan
nan
nan
nan
nan
nan
nan
nan
0.833000
0.964000
0.828000
0.768000
nan
0.425000
nan
0.490000
0.501000
nan
0.653000
0.496000
0.604000
nan
0.555000
0.408000
0.713000
0.751000
0.643000
0.991000
nan
0.632000
nan
nan
nan
nan
nan
nan
nan
nan
1.000000
0.762000
0.566000
nan
0.697000
0.762000
nan
nan
nan
1.000000
nan
0.122000
0.133000
0.424000
nan
nan
nan
0.464000
0.822000
nan
nan
nan
0.122000
0.358000
0.404000
0.437000
nan
0.412000
0.228000
0.431000
0.804000
nan
nan
nan
nan
0.173000
nan
nan
0.236000
nan
0.394000
0.689000
0.458000
0.430000
0.577000
0.336000
0.241000
nan
0.129000
0.212000
nan
0.212000
0.194000
nan
0.309000
0.469000
0.654000
nan
nan
0.358000
nan
nan
0.437000
nan
nan
0.985000
0.464000
0.205000
1.000000
0.669000
nan
0.367000
1.000000
nan
0.144000
nan
nan
nan
nan
0.529000
0.523000
0.823000
0.367000
nan
0.167000
0.182000
0.253000
0.122000
nan
nan
1.000000
nan
0.568000
nan
0.852000
0.589000
nan
nan
nan
nan
nan
0.211000
nan
nan
0.472000
0.452000
nan
0.507000
0.364000
nan
nan
1.000000
0.240000
nan
nan
nan
0.371000
nan
0.567000
nan
1.000000
0.457000
0.574000
0.902000
nan
nan
nan
nan
0.373000
nan
nan
0.263000
0.329000
nan
nan
nan
0.496000
0.383000
1.000000
nan
0.531000
0.649000
nan
0.209000
nan
nan
nan
nan
nan
0.196000
0.395000
nan
nan
nan
nan
0.404000
0.449000
nan
nan
nan
0.656000
nan
0.308000
nan
0.614000
0.421000
0.632000
nan
0.693000
nan
nan
nan
nan
0.563000
0.539000
nan
0.635000
nan
nan
0.439000
nan
nan
0.538000
nan
nan
0.298000
nan
nan
nan
nan
0.174000
0.159000
0.171000
0.171000
nan
nan
nan
nan
nan
nan
0.316000
nan
0.379000
0.521000
0.244000
0.307000
0.530000
