Coverage: 42349.019608
nan
0.813000
nan
0.946000
nan
0.699000
0.789000
nan
0.564000
0.804000
0.715000
nan
0.490000
nan
nan
0.336000
nan
nan
0.518000
nan
nan
nan
nan
0.453000
nan
nan
0.217000
0.296000
nan
nan
1.000000
nan
nan
nan
0.875000
0.863000
0.240000
nan
0.308000
nan
1.000000
1.000000
1.000000
nan
nan
0.769000
nan
0.693000
0.743000
0.814000
nan
nan
nan
0.360000
0.994000
0.876000
nan
nan
nan
0.251000
nan
nan
nan
nan
nan
0.493000
0.296000
0.501000
0.394000
nan
nan
0.251000
0.352000
0.411000
nan
0.724000
0.397000
0.690000
0.695000
0.498000
0.974000
nan
nan
nan
nan
0.678000
0.698000
1.000000
nan
0.878000
nan
0.617000
0.695000
nan
0.693000
nan
0.617000
0.501000
0.479000
nan
0.439000
0.251000
0.343000
0.507000
nan
nan
nan
nan
0.625000
0.709000
nan
0.690000
0.504000
0.721000
0.597000
0.493000
0.507000
0.963000
nan
nan
0.442000
0.518000
0.822000
0.422000
0.095000
0.130000
0.205000
nan
nan
nan
0.335000
0.431000
0.632000
0.444000
0.390000
0.095000
0.095000
0.107000
nan
nan
nan
nan
0.280000
nan
nan
nan
nan
0.523000
nan
nan
nan
nan
nan
0.239000
0.538000
0.528000
nan
0.688000
nan
0.387000
nan
nan
nan
nan
0.670000
0.539000
nan
0.319000
0.133000
nan
nan
0.406000
0.967000
nan
nan
0.542000
nan
nan
nan
0.579000
0.323000
0.980000
0.761000
nan
nan
0.449000
0.799000
1.000000
0.764000
0.927000
0.687000
0.772000
0.888000
nan
nan
0.567000
1.000000
0.284000
0.459000
0.351000
0.641000
0.991000
nan
nan
nan
nan
nan
nan
nan
1.000000
0.689000
0.710000
0.680000
nan
0.906000
nan
nan
nan
nan
nan
nan
0.740000
nan
nan
0.351000
nan
nan
nan
0.606000
nan
nan
nan
0.495000
0.420000
0.558000
nan
nan
nan
nan
0.717000
0.719000
0.441000
0.571000
0.529000
nan
0.467000
0.479000
nan
0.505000
0.547000
0.422000
nan
nan
nan
nan
0.330000
0.220000
nan
0.304000
0.763000
nan
nan
nan
nan
nan
nan
nan
0.649000
nan
0.190000
0.148000
0.150000
nan
0.152000
nan
nan
0.874000
nan
0.221000
0.227000
nan
0.292000
0.319000
0.971000
0.863000
nan
1.000000
nan
0.148000
nan
nan
0.279000
0.162000
0.172000
0.207000
0.161000
nan
nan
nan
nan
nan
nan
nan
0.184000
0.148000
0.362000
0.371000
nan
nan
1.000000
nan
0.543000
0.530000
nan
0.575000
nan
0.488000
0.494000
nan
0.644000
1.000000
0.712000
0.775000
0.824000
0.501000
nan
0.748000
0.594000
nan
nan
nan
nan
0.777000
0.736000
nan
nan
nan
nan
0.410000
nan
0.596000
0.583000
nan
nan
0.702000
nan
1.000000
nan
0.641000
0.512000
nan
nan
nan
0.469000
0.430000
0.543000
0.530000
0.521000
1.000000
