Coverage: 2366.666667
nan
0.687000
0.556000
0.131000
1.000000
nan
0.753000
0.982000
1.000000
1.000000
0.491000
0.655000
0.556000
nan
0.295000
nan
0.360000
0.622000
nan
nan
0.622000
nan
0.229000
0.426000
nan
0.851000
0.622000
nan
nan
0.720000
0.982000
nan
nan
0.982000
nan
nan
0.537000
nan
0.332000
0.486000
nan
0.870000
nan
0.281000
nan
0.230000
nan
0.165000
nan
nan
0.563000
0.165000
0.409000
nan
nan
nan
nan
nan
0.256000
0.307000
0.486000
nan
nan
nan
nan
0.639000
nan
0.165000
nan
nan
nan
0.281000
0.665000
nan
nan
nan
0.460000
0.486000
nan
nan
nan
nan
0.767000
nan
0.384000
nan
nan
nan
0.588000
0.742000
nan
nan
nan
nan
nan
0.563000
0.460000
nan
nan
nan
nan
0.818000
1.000000
nan
nan
nan
0.767000
0.870000
nan
nan
0.460000
nan
nan
nan
nan
nan
nan
nan
nan
0.614000
nan
nan
0.230000
nan
0.409000
nan
0.179000
nan
nan
nan
0.512000
0.409000
0.537000
0.358000
