Coverage: 3511.055276
0.721000
nan
nan
nan
0.758000
0.370000
0.277000
nan
nan
nan
0.813000
nan
0.739000
nan
0.444000
0.555000
nan
nan
nan
0.795000
0.407000
0.739000
nan
1.000000
0.943000
nan
nan
1.000000
nan
0.647000
0.702000
0.556000
0.521000
1.000000
nan
nan
nan
1.000000
0.886000
0.521000
nan
nan
nan
nan
nan
nan
0.765000
0.382000
nan
nan
nan
0.487000
0.556000
0.834000
0.886000
0.968000
0.764000
0.917000
nan
0.815000
0.391000
0.424000
0.526000
nan
nan
nan
0.543000
nan
0.170000
nan
nan
0.157000
nan
0.140000
0.238000
0.900000
nan
nan
0.679000
0.917000
nan
nan
0.560000
nan
nan
nan
0.934000
nan
0.934000
nan
0.662000
0.492000
nan
0.238000
nan
nan
nan
0.713000
nan
