Coverage: 5107.692308
nan
1.000000
nan
nan
nan
0.726000
0.651000
nan
0.223000
nan
nan
0.707000
nan
1.000000
nan
nan
nan
0.484000
0.781000
nan
0.409000
0.409000
0.428000
nan
nan
nan
0.744000
0.763000
nan
0.540000
nan
nan
nan
0.633000
nan
nan
nan
0.930000
0.335000
0.409000
0.734000
nan
nan
nan
nan
nan
0.508000
nan
nan
nan
0.301000
0.659000
0.376000
0.546000
0.514000
0.571000
0.666000
0.666000
nan
nan
nan
1.000000
nan
nan
nan
nan
nan
nan
0.571000
nan
0.723000
0.704000
nan
nan
0.590000
0.571000
0.362000
nan
0.761000
0.723000
nan
nan
nan
0.266000
nan
nan
0.256000
0.971000
nan
0.552000
nan
nan
nan
nan
1.000000
