Coverage: 12822.222222
0.993000
0.883000
nan
0.444000
nan
nan
nan
0.193000
0.286000
nan
nan
nan
0.883000
1.000000
0.861000
0.778000
nan
0.373000
0.321000
nan
0.848000
0.637000
nan
nan
nan
0.773000
nan
nan
0.395000
nan
0.430000
0.413000
nan
1.000000
nan
nan
nan
nan
nan
nan
0.206000
nan
0.136000
0.141000
0.808000
0.707000
nan
nan
nan
nan
nan
nan
0.404000
0.307000
0.760000
nan
nan
0.734000
0.584000
0.633000
0.292000
0.165000
nan
nan
0.303000
nan
0.611000
0.507000
nan
nan
nan
0.804000
1.000000
nan
nan
nan
0.611000
nan
nan
nan
0.848000
0.639000
0.749000
1.000000
nan
nan
nan
0.474000
nan
0.661000
nan
nan
nan
0.617000
0.744000
nan
nan
nan
nan
0.936000
nan
nan
nan
0.887000
nan
0.589000
nan
0.353000
0.120000
0.132000
0.567000
0.887000
1.000000
nan
nan
nan
