Coverage: 829.565217
0.830000
nan
0.800000
0.444000
nan
0.800000
nan
0.089000
0.089000
0.504000
nan
0.030000
nan
nan
0.013000
0.059000
1.000000
nan
0.296000
0.207000
0.148000
0.237000
0.237000
nan
nan
0.059000
0.830000
nan
0.206000
nan
0.137000
0.825000
1.000000
0.962000
nan
1.000000
1.000000
nan
0.893000
nan
nan
0.275000
0.481000
nan
nan
nan
nan
0.275000
nan
nan
nan
0.206000
nan
0.206000
0.137000
nan
nan
0.069000
0.069000
0.000000
0.893000
nan
0.481000
0.412000
0.069000
nan
0.412000
0.069000
0.275000
nan
nan
nan
nan
0.137000
0.000000
nan
nan
0.550000
0.481000
nan
nan
nan
nan
0.069000
nan
0.000000
nan
nan
nan
nan
0.275000
0.603000
0.312000
nan
0.312000
nan
0.000000
0.000000
0.000000
nan
0.000000
nan
0.312000
0.312000
0.312000
0.000000
0.312000
0.000000
0.569000
nan
nan
0.312000
nan
0.312000
0.312000
0.000000
0.000000
0.556000
0.556000
nan
nan
nan
0.000000
0.000000
0.000000
0.000000
nan
nan
nan
nan
