Coverage: 5650.549451
1.000000
0.653000
nan
0.477000
0.565000
nan
0.590000
nan
nan
nan
nan
0.640000
0.678000
0.979000
0.603000
0.439000
0.527000
0.404000
nan
0.315000
0.337000
0.202000
nan
0.118000
nan
1.000000
nan
nan
nan
nan
nan
nan
nan
nan
0.708000
0.270000
0.157000
0.169000
nan
nan
0.169000
0.404000
0.393000
0.157000
0.472000
1.000000
0.483000
0.393000
0.461000
0.326000
nan
nan
0.449000
nan
0.247000
nan
nan
nan
nan
0.742000
0.635000
0.416000
nan
0.714000
nan
nan
nan
nan
nan
1.000000
0.545000
nan
0.734000
nan
nan
nan
nan
nan
nan
nan
0.357000
0.122000
