Coverage: 173099.195710
0.098000
nan
nan
nan
0.245000
nan
nan
nan
0.108000
0.292000
0.207000
0.438000
0.225000
nan
nan
nan
0.123000
0.102000
0.111000
0.999000
nan
nan
nan
nan
nan
nan
nan
nan
nan
0.241000
0.239000
0.304000
nan
nan
0.191000
0.257000
nan
nan
nan
nan
nan
nan
nan
0.177000
0.123000
1.000000
nan
nan
0.348000
1.000000
nan
1.000000
0.294000
0.630000
0.328000
0.262000
0.194000
0.136000
0.624000
nan
nan
1.000000
nan
0.813000
nan
0.136000
0.136000
nan
nan
0.494000
1.000000
0.153000
nan
nan
0.383000
nan
nan
nan
nan
0.303000
0.497000
0.471000
nan
nan
0.454000
0.326000
0.339000
0.327000
0.289000
0.409000
0.548000
nan
nan
0.283000
0.269000
0.179000
0.411000
0.546000
nan
nan
nan
0.468000
0.425000
nan
0.555000
nan
nan
0.908000
0.252000
nan
nan
0.648000
0.659000
nan
0.616000
nan
nan
nan
0.277000
0.680000
0.964000
0.878000
0.856000
0.684000
nan
0.389000
0.265000
0.578000
0.838000
1.000000
0.887000
nan
0.485000
0.431000
0.476000
0.652000
0.651000
1.000000
nan
nan
nan
nan
0.318000
0.206000
nan
nan
0.780000
nan
nan
0.152000
0.285000
0.106000
0.106000
0.219000
nan
0.782000
0.128000
nan
nan
0.150000
0.189000
0.287000
nan
nan
nan
nan
0.993000
nan
nan
nan
1.000000
nan
nan
0.110000
0.106000
nan
0.130000
nan
nan
nan
nan
0.617000
0.672000
nan
nan
0.362000
0.260000
nan
nan
nan
nan
0.193000
0.235000
0.338000
nan
nan
0.783000
nan
nan
nan
nan
nan
nan
nan
nan
0.478000
0.727000
1.000000
nan
nan
nan
nan
0.485000
nan
nan
0.972000
nan
0.841000
0.513000
nan
0.436000
0.656000
nan
nan
0.194000
nan
0.511000
nan
nan
nan
0.723000
0.951000
0.442000
0.352000
nan
nan
nan
nan
nan
0.227000
nan
nan
0.940000
0.688000
0.863000
0.677000
0.294000
nan
0.202000
nan
nan
0.212000
0.299000
nan
nan
nan
nan
nan
0.617000
nan
0.782000
nan
nan
nan
nan
nan
0.672000
nan
nan
nan
0.351000
nan
0.846000
