Coverage: 2266.216216
0.177000
nan
0.277000
nan
1.000000
0.504000
0.429000
0.605000
nan
nan
nan
nan
0.177000
0.631000
nan
1.000000
nan
0.378000
0.580000
0.252000
nan
nan
nan
nan
0.656000
nan
0.958000
0.580000
0.303000
0.353000
nan
0.353000
nan
1.000000
0.302000
0.231000
0.302000
nan
0.515000
0.782000
0.355000
nan
0.284000
0.302000
1.000000
nan
nan
0.515000
0.835000
0.231000
0.142000
nan
nan
0.044000
0.053000
0.266000
0.044000
nan
0.107000
0.551000
nan
0.089000
0.657000
nan
0.071000
nan
nan
nan
nan
nan
0.124000
nan
nan
0.817000
1.000000
nan
nan
nan
nan
0.089000
0.337000
nan
nan
nan
0.353000
nan
0.048000
0.491000
nan
0.255000
nan
nan
0.971000
nan
0.216000
0.118000
0.294000
nan
nan
0.805000
nan
nan
0.098000
nan
0.903000
1.000000
nan
nan
nan
0.805000
0.746000
0.844000
0.805000
nan
0.157000
nan
nan
0.549000
nan
nan
0.177000
0.569000
