Coverage: 33824.160000
nan
nan
0.498000
0.713000
0.399000
1.000000
nan
nan
0.713000
nan
0.708000
0.628000
0.962000
0.593000
0.807000
0.872000
nan
0.937000
0.344000
0.732000
nan
nan
0.847000
nan
1.000000
0.503000
0.319000
0.394000
nan
0.320000
0.324000
0.375000
nan
0.656000
nan
0.510000
nan
0.787000
nan
0.510000
0.637000
nan
nan
nan
nan
nan
0.736000
nan
0.390000
nan
nan
nan
0.725000
nan
0.809000
0.630000
nan
0.769000
0.393000
0.401000
0.320000
nan
0.539000
nan
nan
0.423000
nan
0.535000
0.484000
nan
0.889000
nan
0.728000
nan
nan
nan
nan
0.320000
nan
nan
nan
nan
nan
0.714000
0.495000
0.514000
nan
nan
0.754000
nan
0.867000
0.506000
0.914000
0.736000
nan
0.790000
1.000000
nan
nan
nan
nan
0.408000
0.652000
nan
nan
0.495000
nan
0.390000
nan
0.379000
0.860000
0.586000
nan
nan
nan
0.998000
0.983000
nan
1.000000
nan
1.000000
nan
0.444000
0.583000
0.710000
0.423000
nan
nan
nan
0.714000
0.368000
0.229000
0.345000
nan
0.409000
nan
0.626000
nan
0.421000
nan
0.720000
0.756000
0.521000
0.770000
nan
nan
nan
nan
0.523000
0.405000
nan
nan
nan
nan
0.793000
0.638000
0.469000
0.418000
nan
0.398000
nan
0.649000
nan
0.354000
0.414000
0.585000
nan
nan
0.654000
nan
nan
nan
0.040000
0.866000
nan
nan
0.041000
nan
nan
0.040000
nan
1.000000
1.000000
0.905000
0.809000
nan
nan
nan
0.105000
nan
0.155000
0.226000
nan
0.062000
0.040000
nan
0.578000
0.407000
nan
0.215000
nan
nan
nan
1.000000
nan
nan
0.932000
nan
nan
0.203000
0.213000
nan
nan
0.197000
nan
0.167000
0.974000
nan
0.784000
0.948000
0.750000
nan
0.416000
nan
nan
0.587000
nan
0.395000
nan
0.406000
0.341000
nan
0.631000
0.515000
0.602000
nan
0.390000
0.353000
nan
nan
nan
nan
0.207000
nan
0.255000
nan
0.207000
nan
0.207000
0.300000
0.300000
nan
0.620000
0.529000
nan
0.423000
0.701000
1.000000
0.385000
0.351000
0.532000
0.278000
0.432000
nan
0.553000
nan
0.632000
0.782000
nan
0.334000
nan
nan
0.443000
nan
0.409000
0.399000
nan
nan
0.376000
0.453000
0.385000
nan
0.422000
0.429000
nan
0.332000
0.248000
0.234000
0.281000
nan
nan
nan
nan
nan
nan
nan
nan
nan
nan
nan
nan
0.248000
nan
nan
nan
nan
0.810000
nan
nan
0.395000
1.000000
nan
nan
nan
nan
nan
nan
nan
nan
nan
nan
nan
nan
0.595000
nan
nan
nan
nan
0.566000
0.878000
nan
nan
1.000000
0.697000
0.847000
0.487000
nan
nan
nan
0.371000
0.536000
nan
0.422000
0.452000
0.548000
nan
nan
0.539000
nan
0.369000
0.311000
nan
0.629000
0.695000
0.597000
0.664000
0.797000
0.824000
nan
0.225000
nan
0.225000
0.983000
0.379000
0.293000
nan
0.291000
nan
0.457000
nan
nan
0.969000
0.676000
1.000000
0.859000
0.686000
0.732000
0.901000
0.771000
0.789000
0.484000
0.772000
0.903000
nan
nan
nan
0.225000
nan
0.230000
nan
nan
nan
nan
0.433000
nan
0.779000
1.000000
1.000000
nan
0.595000
nan
0.928000
nan
0.711000
0.475000
nan
nan
nan
nan
nan
0.959000
nan
0.634000
nan
0.771000
0.526000
nan
0.367000
0.361000
0.569000
0.637000
0.652000
0.838000
nan
0.588000
nan
nan
0.310000
nan
0.385000
0.457000
0.461000
nan
nan
nan
nan
0.657000
1.000000
nan
nan
nan
nan
nan
nan
0.314000
0.414000
nan
0.632000
nan
nan
0.614000
nan
nan
nan
0.376000
0.223000
nan
0.423000
0.686000
nan
nan
0.549000
nan
0.767000
0.959000
0.452000
nan
0.295000
nan
0.229000
0.297000
nan
0.288000
0.487000
0.952000
1.000000
nan
nan
0.964000
0.923000
nan
nan
0.920000
1.000000
nan
nan
nan
nan
nan
nan
0.199000
nan
0.708000
0.685000
nan
0.542000
nan
nan
0.705000
nan
0.364000
nan
nan
nan
0.583000
nan
nan
nan
nan
nan
nan
nan
nan
0.774000
0.944000
nan
nan
nan
nan
0.568000
0.411000
0.231000
0.839000
nan
0.791000
