Coverage: 5524.038462
1.000000
0.802000
nan
0.741000
nan
1.000000
nan
nan
nan
0.301000
0.431000
0.621000
0.711000
0.521000
0.180000
nan
nan
nan
0.351000
0.792000
0.782000
0.701000
0.200000
nan
nan
nan
nan
1.000000
0.912000
nan
0.411000
nan
0.361000
0.671000
0.501000
0.621000
0.762000
0.351000
0.621000
0.741000
nan
nan
0.636000
nan
0.787000
nan
0.744000
nan
nan
0.161000
0.173000
0.679000
0.884000
0.302000
0.636000
0.679000
nan
nan
0.873000
nan
0.765000
nan
nan
0.668000
1.000000
nan
nan
1.000000
0.291000
nan
nan
0.129000
0.302000
0.367000
0.270000
nan
nan
0.388000
nan
nan
nan
nan
0.550000
nan
0.776000
0.970000
nan
0.787000
0.733000
0.334000
0.367000
0.507000
0.809000
nan
0.927000
1.000000
0.561000
nan
nan
0.194000
0.474000
nan
0.377000
0.615000
0.647000
nan
nan
nan
