Coverage: 27008.744395
0.259000
0.468000
0.405000
nan
0.350000
0.312000
nan
nan
nan
nan
0.397000
nan
nan
1.000000
1.000000
nan
nan
0.241000
nan
0.180000
nan
0.332000
nan
0.454000
nan
0.530000
nan
0.553000
nan
0.699000
0.445000
0.626000
nan
nan
nan
nan
0.504000
nan
0.668000
0.573000
0.367000
0.641000
nan
0.726000
0.448000
0.403000
0.530000
0.546000
0.405000
0.359000
nan
0.397000
nan
nan
nan
0.198000
nan
nan
nan
0.957000
nan
nan
0.523000
0.549000
0.603000
nan
nan
0.927000
nan
0.362000
0.462000
0.614000
nan
0.404000
0.462000
nan
0.427000
nan
nan
0.671000
nan
0.256000
0.219000
0.324000
0.225000
nan
nan
nan
nan
0.219000
0.305000
0.324000
nan
0.591000
0.492000
nan
0.866000
0.889000
nan
0.595000
nan
nan
nan
nan
1.000000
nan
0.847000
0.816000
0.595000
nan
nan
0.549000
nan
nan
nan
nan
1.000000
nan
nan
nan
0.790000
0.778000
nan
0.427000
0.408000
0.954000
0.641000
0.557000
0.427000
nan
0.717000
0.710000
0.648000
0.219000
0.496000
0.473000
nan
nan
nan
1.000000
nan
nan
nan
nan
0.973000
nan
nan
0.576000
0.813000
nan
nan
nan
nan
0.904000
nan
0.793000
0.300000
0.349000
0.632000
nan
nan
0.521000
0.376000
0.401000
0.554000
nan
nan
nan
0.424000
0.411000
nan
0.298000
0.298000
0.723000
0.800000
0.438000
1.000000
0.924000
nan
0.628000
nan
nan
0.663000
0.936000
0.734000
nan
0.298000
nan
nan
0.517000
nan
nan
0.533000
0.732000
nan
nan
nan
0.570000
nan
0.651000
nan
nan
nan
nan
0.822000
nan
0.579000
nan
0.484000
0.826000
0.818000
0.682000
0.855000
nan
0.717000
nan
nan
nan
nan
0.740000
0.727000
nan
0.552000
nan
nan
nan
nan
0.399000
0.378000
nan
nan
0.760000
nan
nan
0.320000
nan
nan
0.678000
nan
nan
0.752000
nan
0.628000
nan
nan
nan
0.909000
0.988000
0.773000
1.000000
1.000000
nan
nan
0.717000
nan
nan
nan
0.512000
0.723000
nan
0.780000
0.933000
nan
0.373000
0.337000
nan
nan
0.512000
nan
0.912000
0.948000
nan
nan
nan
nan
nan
0.889000
1.000000
0.860000
0.691000
0.393000
0.230000
0.839000
nan
1.000000
1.000000
nan
0.714000
0.846000
nan
0.700000
nan
nan
nan
0.230000
0.332000
nan
nan
nan
nan
0.230000
0.253000
nan
nan
nan
0.523000
0.771000
0.726000
nan
0.517000
0.823000
nan
nan
nan
nan
0.986000
0.953000
nan
0.983000
0.708000
0.636000
0.655000
0.708000
nan
nan
0.550000
0.706000
0.645000
nan
nan
nan
0.439000
nan
0.746000
nan
0.491000
0.609000
0.395000
0.529000
0.481000
nan
nan
nan
nan
0.376000
0.584000
