Coverage: 13576.569038
nan
nan
nan
nan
nan
0.657000
nan
0.795000
0.736000
nan
nan
0.238000
0.177000
nan
nan
nan
0.434000
0.472000
nan
0.943000
0.403000
0.339000
0.615000
0.879000
1.000000
nan
nan
nan
0.392000
nan
0.546000
0.964000
0.901000
nan
0.588000
nan
nan
nan
nan
1.000000
0.710000
0.874000
nan
0.392000
0.530000
0.461000
nan
0.551000
nan
0.985000
nan
0.821000
nan
nan
nan
nan
0.223000
0.419000
0.397000
1.000000
0.201000
nan
nan
0.390000
0.433000
0.781000
0.645000
0.579000
0.433000
0.400000
0.706000
0.828000
0.579000
nan
nan
nan
0.195000
0.288000
nan
0.190000
0.190000
0.212000
0.280000
0.330000
nan
nan
0.411000
nan
nan
0.508000
0.381000
nan
0.364000
0.661000
0.288000
nan
nan
nan
0.301000
nan
0.898000
nan
nan
nan
nan
nan
0.258000
0.394000
0.572000
0.839000
nan
nan
0.466000
0.729000
nan
nan
nan
nan
0.474000
0.635000
1.000000
0.530000
0.305000
nan
nan
nan
0.305000
nan
0.521000
nan
nan
nan
nan
nan
nan
nan
nan
nan
nan
