Coverage: 146166.025641
nan
0.500000
0.831000
nan
0.414000
nan
nan
nan
nan
0.360000
nan
nan
1.000000
0.920000
nan
nan
nan
nan
nan
nan
nan
nan
nan
nan
nan
nan
nan
0.259000
0.146000
0.389000
nan
0.408000
nan
nan
0.364000
nan
nan
nan
nan
nan
1.000000
0.525000
nan
0.477000
0.253000
0.259000
0.272000
nan
0.307000
nan
nan
nan
0.506000
nan
0.424000
nan
nan
nan
0.667000
0.591000
nan
nan
nan
nan
nan
0.683000
nan
0.319000
0.503000
nan
0.139000
0.046000
0.171000
0.134000
0.234000
0.137000
nan
0.281000
nan
nan
nan
nan
nan
nan
0.248000
0.259000
nan
0.171000
0.193000
0.206000
nan
nan
nan
0.180000
0.146000
nan
nan
nan
nan
0.339000
nan
nan
nan
0.142000
nan
nan
nan
0.088000
nan
nan
0.200000
nan
nan
nan
0.049000
0.224000
nan
0.044000
0.037000
0.037000
nan
0.220000
0.391000
0.374000
nan
nan
0.181000
nan
nan
nan
nan
0.040000
nan
nan
0.071000
0.037000
nan
0.143000
0.061000
0.056000
nan
0.069000
0.089000
0.082000
nan
nan
0.119000
0.187000
0.885000
nan
nan
0.296000
nan
nan
0.313000
0.372000
0.213000
0.505000
nan
nan
nan
nan
nan
nan
0.462000
1.000000
0.189000
nan
0.946000
nan
nan
1.000000
nan
nan
nan
1.000000
0.034000
nan
0.020000
0.020000
nan
nan
nan
nan
0.026000
0.030000
nan
nan
nan
nan
0.030000
0.034000
nan
0.049000
0.040000
0.984000
0.053000
nan
1.000000
0.022000
0.031000
nan
nan
nan
nan
nan
0.039000
0.042000
nan
nan
nan
nan
0.082000
0.051000
nan
0.020000
nan
nan
0.032000
nan
nan
0.085000
0.046000
0.062000
0.079000
1.000000
0.107000
nan
nan
nan
0.119000
0.048000
0.081000
0.077000
nan
nan
nan
0.022000
0.058000
0.071000
nan
nan
0.032000
0.042000
0.042000
0.050000
nan
0.077000
nan
0.032000
0.033000
0.049000
0.049000
nan
0.113000
0.126000
0.095000
0.114000
nan
nan
0.125000
0.098000
nan
nan
nan
0.094000
nan
1.000000
0.037000
0.029000
0.198000
0.193000
0.021000
nan
nan
0.041000
0.021000
0.026000
0.021000
0.024000
0.032000
0.022000
0.030000
0.026000
nan
0.106000
nan
nan
nan
0.099000
nan
0.024000
nan
nan
nan
nan
0.021000
nan
nan
nan
nan
0.058000
0.068000
nan
0.246000
0.080000
0.121000
nan
nan
nan
nan
0.057000
0.113000
nan
0.118000
1.000000
nan
nan
nan
0.049000
nan
0.085000
0.090000
0.069000
nan
1.000000
nan
1.000000
nan
0.058000
nan
nan
0.113000
0.055000
nan
0.069000
0.046000
0.082000
0.087000
0.062000
0.091000
nan
0.030000
0.039000
0.044000
0.046000
0.070000
0.068000
nan
nan
0.039000
0.048000
nan
0.045000
1.000000
0.056000
0.031000
nan
nan
nan
0.096000
0.066000
0.063000
nan
nan
nan
nan
nan
