Coverage: 7161.734694
0.529000
nan
nan
0.886000
0.689000
nan
nan
nan
nan
nan
nan
nan
nan
0.504000
1.000000
0.763000
nan
nan
0.627000
nan
nan
nan
0.959000
nan
0.640000
nan
nan
nan
nan
nan
0.344000
0.369000
nan
0.923000
1.000000
0.578000
0.750000
nan
nan
0.517000
nan
0.775000
nan
nan
0.824000
nan
0.923000
0.541000
0.726000
0.615000
nan
nan
1.000000
nan
nan
0.886000
0.767000
0.655000
nan
nan
nan
nan
nan
0.779000
1.000000
nan
nan
nan
0.644000
nan
nan
1.000000
nan
0.542000
0.565000
0.689000
nan
nan
0.678000
nan
0.847000
0.463000
nan
0.599000
nan
0.474000
nan
nan
nan
0.418000
nan
0.858000
0.734000
nan
0.452000
0.531000
