Coverage: 14365.882353
0.761000
nan
nan
nan
0.503000
0.803000
1.000000
nan
0.563000
nan
nan
0.539000
0.294000
0.431000
nan
nan
nan
nan
nan
0.803000
nan
0.719000
0.455000
nan
nan
nan
nan
nan
nan
0.695000
0.689000
0.869000
nan
nan
nan
nan
nan
0.821000
nan
nan
0.252000
0.192000
nan
nan
0.773000
nan
0.659000
nan
0.916000
0.621000
0.502000
nan
nan
1.000000
nan
0.886000
0.642000
nan
0.809000
nan
nan
0.579000
nan
nan
0.475000
nan
0.586000
1.000000
0.970000
0.844000
nan
0.935000
nan
0.551000
nan
nan
0.670000
nan
0.544000
nan
0.768000
0.614000
nan
nan
nan
0.942000
0.879000
nan
nan
nan
0.823000
1.000000
0.977000
nan
nan
nan
nan
0.872000
0.263000
nan
nan
0.775000
nan
nan
nan
nan
0.384000
0.307000
nan
nan
0.628000
nan
nan
0.879000
nan
nan
nan
0.775000
0.677000
0.893000
0.684000
0.495000
nan
nan
0.263000
0.286000
0.263000
0.977000
0.586000
0.754000
0.482000
0.747000
0.670000
0.761000
0.789000
nan
nan
nan
0.642000
0.775000
0.830000
nan
0.635000
0.304000
nan
nan
0.298000
nan
0.250000
nan
0.295000
nan
nan
0.490000
0.430000
nan
0.283000
0.271000
0.223000
nan
0.208000
nan
nan
0.397000
nan
nan
0.331000
0.307000
nan
0.436000
0.325000
0.313000
0.343000
0.343000
nan
nan
0.337000
0.265000
nan
0.256000
nan
0.204000
0.436000
nan
nan
nan
0.433000
0.334000
nan
nan
0.373000
0.298000
nan
0.204000
nan
0.204000
nan
0.280000
0.394000
nan
0.301000
nan
0.352000
nan
0.325000
0.283000
0.217000
nan
0.280000
nan
1.000000
0.758000
nan
nan
nan
nan
nan
nan
nan
nan
0.749000
nan
nan
0.770000
nan
0.436000
nan
0.683000
0.656000
nan
0.620000
0.969000
nan
nan
1.000000
nan
nan
nan
1.000000
0.653000
0.857000
0.478000
0.352000
0.706000
1.000000
nan
0.467000
nan
0.551000
0.583000
nan
0.365000
0.761000
0.806000
nan
0.653000
0.892000
nan
0.326000
0.556000
0.680000
nan
nan
nan
0.365000
nan
0.457000
0.643000
0.451000
0.863000
1.000000
nan
0.701000
0.711000
0.619000
nan
nan
nan
nan
0.609000
nan
nan
nan
nan
0.866000
nan
0.939000
0.475000
0.535000
nan
nan
0.562000
nan
nan
nan
nan
0.711000
0.745000
0.433000
nan
0.326000
0.326000
nan
nan
nan
0.890000
0.994000
nan
nan
0.601000
nan
0.774000
0.869000
nan
nan
nan
nan
nan
0.598000
1.000000
nan
nan
nan
0.895000
0.997000
nan
0.774000
0.813000
nan
0.632000
0.819000
0.756000
nan
nan
0.567000
nan
0.620000
0.992000
nan
nan
nan
0.488000
0.542000
0.422000
nan
0.542000
0.473000
nan
0.880000
0.582000
nan
0.707000
nan
nan
0.514000
0.282000
0.336000
0.364000
nan
nan
nan
nan
1.000000
0.910000
nan
nan
0.964000
0.773000
nan
0.539000
0.366000
nan
nan
nan
nan
nan
nan
nan
1.000000
0.750000
nan
0.379000
0.293000
nan
nan
nan
0.368000
nan
0.302000
nan
0.429000
0.371000
nan
0.739000
0.437000
nan
nan
nan
0.263000
0.385000
0.944000
nan
nan
nan
0.131000
0.131000
nan
nan
0.648000
0.163000
