Coverage: 2657.560976
nan
nan
0.188000
0.422000
0.445000
0.680000
1.000000
0.164000
nan
nan
nan
nan
0.680000
0.234000
nan
nan
1.000000
0.586000
0.516000
0.539000
0.680000
nan
0.375000
0.774000
0.469000
nan
0.586000
0.539000
0.586000
0.727000
nan
0.680000
0.758000
nan
nan
0.230000
nan
0.299000
0.574000
nan
nan
0.551000
nan
0.321000
nan
nan
nan
nan
nan
nan
0.436000
nan
0.436000
0.597000
nan
0.253000
nan
0.804000
0.987000
nan
nan
0.184000
0.758000
nan
nan
0.620000
0.620000
nan
0.505000
nan
0.184000
nan
nan
0.666000
0.689000
nan
0.459000
nan
nan
nan
0.620000
nan
0.148000
nan
0.551000
0.597000
nan
0.367000
nan
0.827000
nan
0.941000
nan
0.459000
nan
nan
nan
nan
0.276000
0.712000
0.299000
nan
0.643000
nan
0.299000
