Coverage: 3589.603960
0.607000
0.810000
0.729000
nan
nan
nan
0.911000
nan
nan
0.405000
0.830000
nan
0.486000
nan
nan
0.688000
0.283000
nan
nan
nan
0.648000
0.648000
0.688000
0.688000
0.304000
0.283000
nan
0.223000
nan
0.891000
0.648000
nan
nan
0.891000
0.283000
0.324000
nan
0.385000
0.255000
nan
nan
nan
0.804000
nan
0.882000
nan
0.471000
nan
0.196000
0.353000
0.235000
nan
1.000000
0.980000
nan
nan
1.000000
0.510000
0.569000
nan
0.745000
1.000000
nan
nan
nan
0.882000
0.569000
0.412000
0.647000
0.804000
nan
nan
0.784000
nan
0.627000
0.686000
0.471000
0.529000
nan
nan
nan
nan
nan
0.588000
nan
0.569000
0.549000
nan
nan
nan
0.588000
nan
nan
0.471000
0.627000
nan
nan
nan
0.706000
nan
nan
0.255000
