Coverage: 303465.694683
0.456000
0.654000
0.791000
nan
0.112000
nan
nan
nan
nan
0.054000
nan
nan
nan
nan
nan
nan
0.863000
nan
nan
0.485000
nan
nan
0.100000
0.105000
0.101000
0.197000
nan
0.173000
0.100000
nan
nan
nan
nan
nan
nan
nan
nan
0.926000
1.000000
nan
nan
nan
nan
0.068000
0.070000
nan
nan
nan
0.112000
nan
0.082000
nan
nan
nan
0.169000
0.698000
nan
1.000000
1.000000
0.364000
0.166000
nan
nan
nan
nan
nan
0.276000
0.147000
0.168000
nan
nan
0.993000
nan
nan
1.000000
nan
nan
0.685000
0.895000
0.425000
0.055000
nan
nan
nan
nan
0.104000
nan
nan
nan
0.119000
nan
nan
0.130000
0.076000
0.079000
0.089000
1.000000
nan
0.763000
0.762000
nan
nan
nan
nan
nan
0.206000
nan
1.000000
nan
0.599000
0.363000
nan
0.311000
nan
0.136000
nan
0.064000
0.053000
0.088000
nan
nan
0.074000
0.043000
0.044000
nan
nan
nan
nan
0.351000
0.186000
nan
nan
nan
nan
0.042000
0.041000
nan
0.038000
0.113000
0.068000
0.120000
0.059000
nan
0.128000
nan
0.362000
0.236000
0.164000
nan
0.083000
nan
nan
0.044000
0.042000
0.044000
0.010000
nan
nan
nan
nan
0.010000
0.010000
0.010000
nan
nan
nan
0.018000
1.000000
0.851000
1.000000
0.778000
nan
nan
0.644000
nan
nan
0.304000
0.396000
nan
0.422000
0.684000
0.771000
0.691000
0.630000
0.711000
nan
nan
0.731000
nan
0.556000
0.456000
0.456000
0.583000
0.563000
0.422000
nan
nan
nan
nan
0.483000
nan
nan
nan
nan
nan
nan
nan
nan
nan
0.644000
nan
nan
0.315000
0.563000
nan
nan
0.704000
0.845000
nan
1.000000
0.818000
0.304000
0.304000
0.463000
0.630000
nan
nan
nan
0.483000
nan
0.349000
0.315000
nan
0.516000
0.657000
0.851000
0.805000
0.577000
0.610000
0.617000
nan
0.349000
nan
0.355000
0.583000
0.443000
nan
nan
0.878000
nan
0.375000
nan
nan
0.436000
nan
nan
0.489000
0.002000
0.002000
nan
0.003000
0.003000
nan
0.002000
0.002000
0.003000
0.002000
nan
nan
nan
0.003000
0.003000
nan
0.002000
0.002000
nan
nan
0.004000
nan
nan
nan
0.003000
nan
nan
nan
nan
0.020000
0.018000
0.014000
nan
nan
nan
nan
0.512000
nan
0.023000
0.020000
nan
nan
0.596000
nan
0.037000
0.019000
nan
0.032000
0.019000
0.016000
nan
nan
nan
0.018000
0.805000
nan
0.018000
0.009000
0.015000
0.022000
0.021000
0.023000
nan
0.011000
nan
0.009000
nan
nan
nan
nan
0.029000
0.025000
nan
0.023000
nan
nan
nan
nan
1.000000
nan
nan
1.000000
0.024000
0.028000
0.031000
1.000000
nan
nan
0.039000
0.057000
0.055000
nan
nan
nan
0.091000
nan
0.034000
nan
nan
nan
0.029000
0.028000
0.031000
0.028000
0.063000
1.000000
nan
nan
nan
nan
nan
nan
nan
nan
nan
0.086000
nan
nan
nan
0.066000
0.040000
0.040000
0.036000
0.057000
0.067000
nan
0.093000
nan
nan
nan
0.061000
0.069000
0.098000
nan
nan
nan
0.060000
0.063000
nan
0.078000
nan
nan
nan
nan
nan
nan
0.032000
0.025000
0.025000
nan
nan
nan
0.051000
0.046000
0.032000
0.050000
0.039000
nan
nan
nan
0.123000
0.082000
1.000000
nan
0.049000
0.025000
0.065000
0.089000
0.095000
nan
nan
1.000000
nan
nan
nan
0.148000
0.045000
0.086000
nan
0.095000
0.069000
0.075000
nan
0.134000
0.235000
0.103000
0.133000
nan
nan
0.099000
nan
nan
nan
nan
0.091000
0.156000
nan
nan
nan
0.158000
nan
nan
nan
nan
nan
0.127000
0.060000
nan
0.140000
0.141000
nan
nan
0.061000
nan
nan
0.077000
nan
nan
nan
nan
0.104000
nan
nan
0.114000
nan
nan
