Coverage: 50798.669202
0.714000
0.719000
nan
nan
0.209000
nan
nan
nan
nan
nan
0.683000
1.000000
0.611000
0.840000
nan
nan
nan
0.981000
0.801000
nan
1.000000
0.796000
nan
nan
0.582000
nan
nan
0.450000
nan
0.293000
nan
nan
nan
nan
nan
0.837000
0.561000
nan
0.491000
nan
0.342000
0.563000
nan
nan
nan
nan
0.883000
nan
0.734000
0.358000
nan
nan
0.214000
nan
nan
0.214000
1.000000
1.000000
0.827000
nan
nan
0.291000
nan
nan
0.232000
0.214000
nan
1.000000
nan
0.774000
nan
0.647000
0.971000
0.926000
nan
0.660000
0.593000
0.296000
0.638000
nan
0.501000
0.506000
0.511000
nan
nan
0.540000
0.585000
nan
nan
0.638000
nan
0.720000
nan
0.623000
nan
nan
0.309000
0.421000
0.458000
nan
nan
0.615000
0.757000
0.682000
nan
nan
0.730000
0.735000
nan
0.697000
0.760000
nan
0.680000
nan
0.598000
nan
0.281000
nan
0.379000
nan
nan
nan
nan
nan
0.757000
0.772000
0.366000
0.311000
0.301000
nan
nan
0.321000
0.281000
nan
nan
nan
0.530000
0.486000
0.374000
nan
nan
nan
0.563000
0.388000
nan
nan
nan
nan
0.514000
nan
nan
0.171000
0.337000
0.338000
nan
0.445000
0.418000
0.574000
nan
0.171000
0.281000
0.257000
nan
0.177000
nan
nan
nan
nan
nan
nan
0.172000
0.288000
0.177000
nan
0.341000
nan
nan
0.280000
0.257000
0.222000
nan
nan
nan
nan
0.182000
0.171000
nan
0.285000
0.377000
0.411000
0.202000
0.258000
nan
0.268000
0.600000
nan
0.174000
0.245000
0.214000
nan
nan
0.595000
nan
nan
nan
nan
nan
nan
nan
0.369000
nan
nan
nan
nan
nan
0.375000
nan
0.306000
nan
nan
nan
0.526000
0.711000
1.000000
0.315000
nan
nan
nan
nan
0.242000
nan
0.620000
0.632000
nan
nan
nan
1.000000
0.914000
0.735000
0.938000
nan
0.998000
0.614000
nan
0.738000
1.000000
0.276000
0.311000
0.419000
nan
nan
0.603000
0.477000
nan
nan
nan
nan
nan
0.432000
nan
nan
0.740000
nan
nan
nan
nan
0.680000
0.437000
0.315000
0.321000
0.583000
0.870000
nan
nan
0.529000
0.502000
nan
0.430000
0.601000
nan
nan
nan
0.263000
0.462000
0.808000
nan
0.187000
0.194000
0.187000
0.260000
0.885000
0.836000
1.000000
nan
nan
nan
nan
nan
nan
0.192000
1.000000
nan
0.284000
0.309000
nan
nan
0.870000
nan
0.312000
0.337000
nan
nan
nan
nan
nan
nan
0.465000
nan
nan
0.578000
0.772000
0.763000
0.689000
nan
nan
0.547000
0.412000
nan
nan
0.932000
0.853000
nan
0.980000
nan
0.370000
0.187000
0.459000
0.734000
nan
nan
0.287000
nan
1.000000
nan
nan
nan
0.802000
0.821000
nan
nan
nan
nan
0.497000
nan
nan
nan
0.878000
nan
nan
nan
0.591000
0.819000
0.732000
0.308000
0.525000
1.000000
nan
nan
nan
0.425000
0.896000
1.000000
0.560000
0.532000
nan
nan
nan
nan
0.753000
1.000000
nan
0.455000
0.663000
nan
nan
0.261000
nan
nan
0.369000
nan
nan
nan
nan
nan
0.373000
0.882000
0.843000
nan
nan
nan
nan
nan
nan
0.607000
0.618000
0.833000
nan
0.704000
0.681000
0.677000
0.451000
0.298000
0.378000
0.422000
0.442000
nan
0.356000
0.445000
0.649000
0.529000
nan
0.266000
0.306000
nan
0.244000
nan
