Coverage: 8337.096774
0.224000
nan
nan
nan
nan
nan
0.430000
nan
0.761000
0.430000
0.708000
nan
nan
0.985000
nan
nan
0.582000
0.439000
nan
1.000000
nan
nan
nan
nan
0.645000
0.824000
0.484000
0.824000
nan
0.511000
0.511000
nan
0.591000
1.000000
0.188000
nan
nan
0.519000
0.636000
0.528000
0.627000
0.860000
0.403000
nan
0.711000
0.748000
nan
0.966000
0.625000
nan
0.919000
0.578000
0.711000
nan
0.616000
0.692000
nan
0.834000
nan
nan
nan
nan
0.995000
0.351000
nan
0.720000
nan
0.947000
0.597000
nan
nan
0.881000
0.426000
0.843000
1.000000
nan
1.000000
0.407000
nan
nan
0.198000
0.568000
0.521000
0.294000
0.360000
nan
