Coverage: 47155.029586
nan
nan
nan
nan
nan
0.219000
0.240000
nan
0.285000
0.283000
0.308000
0.354000
nan
0.312000
0.275000
nan
0.249000
nan
0.148000
nan
nan
0.424000
nan
0.596000
nan
nan
nan
nan
nan
nan
nan
0.360000
0.234000
nan
0.332000
nan
0.125000
nan
nan
nan
0.414000
nan
0.532000
nan
0.705000
nan
0.562000
nan
nan
nan
nan
nan
nan
nan
nan
0.854000
0.747000
1.000000
0.801000
1.000000
nan
nan
nan
nan
0.901000
1.000000
nan
0.990000
0.908000
0.738000
nan
nan
0.427000
0.587000
0.609000
0.445000
0.387000
0.412000
0.446000
0.623000
nan
nan
0.381000
0.175000
nan
0.467000
0.362000
0.592000
nan
0.420000
0.269000
0.175000
0.203000
0.502000
0.471000
0.566000
nan
0.437000
nan
0.283000
nan
0.560000
0.358000
nan
0.789000
0.728000
0.997000
0.937000
nan
0.749000
0.942000
nan
nan
nan
nan
nan
0.296000
nan
nan
0.751000
0.187000
nan
0.914000
0.834000
0.957000
1.000000
0.647000
0.695000
nan
0.364000
0.273000
0.214000
0.181000
0.672000
0.828000
nan
nan
nan
0.344000
nan
nan
1.000000
0.595000
nan
0.265000
nan
0.175000
nan
nan
nan
nan
nan
nan
nan
1.000000
nan
0.956000
nan
0.880000
0.828000
1.000000
nan
0.466000
nan
0.332000
0.263000
nan
nan
nan
nan
nan
nan
nan
0.372000
0.825000
0.783000
0.735000
0.950000
nan
0.855000
nan
nan
0.982000
0.927000
1.000000
nan
0.904000
0.999000
nan
0.985000
nan
nan
nan
0.298000
nan
0.337000
nan
1.000000
nan
nan
nan
nan
0.345000
nan
0.232000
0.700000
nan
0.978000
0.837000
0.769000
0.626000
nan
0.263000
0.215000
nan
nan
nan
nan
0.499000
0.504000
0.850000
0.951000
nan
0.606000
nan
0.413000
nan
0.423000
0.221000
0.713000
nan
0.664000
0.706000
0.742000
nan
nan
nan
0.359000
