Coverage: 1033.333333
nan
0.222000
nan
0.266000
nan
nan
nan
0.310000
0.532000
0.222000
nan
0.177000
nan
nan
0.443000
0.222000
1.000000
nan
0.310000
0.443000
0.177000
0.355000
nan
nan
0.710000
nan
0.710000
1.000000
0.532000
nan
nan
0.355000
nan
0.084000
0.177000
0.488000
nan
0.621000
nan
0.754000
nan
nan
nan
nan
nan
nan
nan
nan
nan
nan
nan
0.355000
nan
0.576000
0.798000
nan
nan
nan
0.310000
nan
nan
0.887000
1.000000
1.000000
nan
nan
0.819000
1.000000
nan
nan
0.273000
0.137000
nan
0.068000
nan
0.205000
nan
0.887000
nan
0.683000
nan
nan
0.273000
0.273000
nan
0.137000
0.137000
0.436000
0.799000
nan
0.581000
nan
0.653000
0.508000
nan
0.436000
nan
0.508000
nan
nan
nan
nan
0.581000
0.436000
nan
nan
0.581000
0.145000
nan
nan
0.944000
nan
0.436000
0.799000
0.581000
nan
nan
nan
nan
nan
nan
0.436000
0.034000
nan
0.944000
0.034000
nan
nan
0.363000
nan
nan
0.363000
0.508000
nan
0.508000
nan
nan
0.508000
nan
nan
nan
0.508000
nan
nan
nan
nan
nan
0.508000
nan
nan
0.363000
0.073000
