Coverage: 3332.258065
nan
nan
nan
nan
0.964000
0.416000
nan
0.679000
0.811000
0.811000
0.657000
0.416000
nan
0.920000
nan
0.920000
0.854000
nan
nan
0.219000
0.263000
0.482000
0.329000
nan
0.329000
0.438000
0.789000
0.613000
0.657000
nan
nan
0.220000
nan
0.285000
0.409000
nan
0.712000
0.623000
1.000000
nan
0.220000
0.320000
nan
0.587000
0.980000
nan
nan
0.418000
0.817000
nan
0.744000
0.599000
0.563000
0.418000
0.418000
0.234000
0.527000
0.817000
nan
0.617000
0.472000
0.508000
0.290000
0.472000
0.672000
nan
nan
nan
nan
nan
0.290000
0.599000
0.399000
nan
0.980000
0.563000
nan
0.363000
nan
0.527000
0.835000
0.436000
nan
0.418000
0.345000
nan
