Coverage: 45470.481928
nan
nan
nan
nan
0.661000
nan
nan
0.515000
nan
nan
nan
0.552000
nan
nan
nan
0.658000
nan
nan
nan
nan
nan
0.216000
nan
0.336000
nan
0.324000
0.407000
nan
0.154000
nan
nan
0.484000
0.294000
0.410000
nan
0.710000
nan
nan
nan
nan
0.321000
0.572000
nan
0.803000
0.884000
1.000000
nan
nan
nan
nan
0.695000
nan
nan
0.629000
1.000000
0.874000
0.769000
0.342000
nan
0.184000
nan
nan
nan
nan
0.197000
nan
0.175000
0.310000
nan
nan
nan
0.838000
1.000000
nan
nan
0.426000
nan
nan
0.994000
1.000000
1.000000
nan
0.366000
nan
0.146000
0.086000
nan
nan
0.216000
0.564000
0.289000
0.961000
nan
nan
nan
nan
nan
0.125000
0.094000
nan
0.104000
0.861000
0.955000
0.697000
nan
0.599000
nan
nan
0.845000
0.478000
0.784000
0.878000
0.310000
0.381000
nan
nan
0.086000
0.086000
nan
nan
0.200000
0.312000
0.716000
nan
0.597000
nan
nan
nan
nan
nan
nan
0.851000
0.245000
0.366000
0.383000
0.622000
0.470000
nan
nan
nan
0.582000
nan
nan
nan
nan
0.576000
0.505000
nan
0.324000
0.356000
0.460000
0.470000
0.514000
0.722000
nan
nan
nan
nan
0.387000
nan
nan
0.270000
0.076000
nan
0.076000
0.336000
nan
nan
nan
nan
nan
nan
nan
0.083000
0.076000
0.084000
nan
nan
0.086000
nan
nan
nan
nan
nan
nan
0.287000
nan
0.239000
0.284000
nan
nan
0.297000
nan
nan
0.504000
nan
0.298000
nan
nan
nan
nan
nan
nan
nan
0.631000
nan
nan
nan
0.477000
0.280000
nan
nan
nan
0.403000
0.705000
0.833000
0.442000
0.520000
0.463000
nan
0.388000
nan
nan
nan
nan
nan
nan
nan
0.487000
0.393000
0.614000
0.553000
nan
nan
0.585000
0.790000
0.478000
nan
0.353000
0.213000
0.540000
nan
0.572000
0.731000
1.000000
0.544000
nan
nan
nan
nan
nan
nan
0.151000
0.373000
0.405000
nan
nan
nan
nan
nan
1.000000
nan
nan
0.986000
0.794000
0.377000
nan
0.418000
0.317000
1.000000
nan
nan
nan
0.356000
0.405000
0.278000
nan
nan
nan
nan
0.709000
nan
0.481000
nan
0.883000
0.775000
0.520000
0.677000
0.462000
nan
0.536000
nan
nan
nan
nan
0.604000
nan
0.706000
nan
0.671000
0.719000
0.764000
nan
nan
0.483000
nan
0.561000
0.594000
0.432000
nan
nan
nan
nan
0.771000
nan
1.000000
1.000000
nan
0.508000
0.692000
nan
nan
nan
nan
nan
0.257000
nan
nan
0.423000
nan
nan
1.000000
nan
nan
0.301000
nan
nan
nan
0.241000
nan
nan
0.421000
nan
0.985000
0.693000
0.588000
0.564000
nan
nan
nan
nan
nan
0.197000
nan
nan
0.389000
nan
nan
0.205000
0.874000
nan
0.865000
nan
nan
nan
nan
nan
0.458000
nan
0.710000
0.893000
nan
0.958000
1.000000
nan
0.714000
nan
nan
nan
0.231000
nan
0.324000
0.339000
0.215000
0.713000
nan
nan
nan
0.407000
0.344000
0.469000
nan
0.349000
0.497000
nan
nan
nan
0.376000
