Coverage: 965.482234
0.087000
0.260000
0.000000
0.693000
0.866000
0.000000
nan
nan
nan
nan
nan
nan
0.693000
nan
0.866000
0.606000
0.606000
nan
nan
nan
0.346000
1.000000
0.260000
nan
1.000000
nan
nan
nan
0.173000
0.952000
nan
0.693000
0.433000
0.779000
0.173000
0.779000
nan
0.952000
nan
0.606000
0.693000
0.260000
0.693000
0.952000
0.433000
0.260000
1.000000
nan
nan
0.606000
0.952000
nan
nan
0.600000
nan
0.800000
0.800000
nan
nan
nan
nan
0.073000
0.200000
0.500000
0.100000
nan
nan
nan
0.300000
1.000000
1.000000
0.100000
nan
nan
nan
nan
0.300000
0.600000
0.800000
nan
nan
0.200000
nan
nan
0.200000
nan
0.600000
0.400000
nan
0.300000
nan
0.300000
0.700000
nan
nan
0.300000
0.300000
