Coverage: 3423.333333
nan
0.450000
nan
0.200000
0.200000
0.250000
0.200000
nan
nan
0.600000
nan
0.700000
nan
0.450000
nan
0.750000
0.950000
0.800000
0.800000
nan
nan
nan
0.150000
nan
nan
0.700000
0.450000
1.000000
1.000000
nan
0.850000
nan
0.600000
nan
nan
0.650000
0.650000
nan
nan
1.000000
0.850000
0.377000
0.323000
0.916000
nan
nan
0.485000
nan
1.000000
nan
nan
0.809000
nan
nan
0.916000
0.593000
0.539000
0.162000
nan
nan
nan
1.000000
0.162000
0.377000
0.431000
0.323000
0.970000
0.270000
0.216000
nan
0.066000
0.485000
nan
1.000000
nan
nan
0.323000
nan
0.162000
0.108000
