Coverage: 2788.235294
0.664000
nan
0.442000
nan
nan
0.821000
0.221000
0.442000
0.190000
0.474000
0.411000
nan
nan
nan
0.474000
0.126000
nan
0.063000
0.284000
0.537000
nan
nan
nan
0.000000
0.284000
nan
0.158000
nan
0.032000
nan
nan
0.379000
0.439000
nan
0.939000
0.732000
0.634000
0.913000
0.784000
0.659000
nan
0.017000
0.120000
nan
0.034000
0.069000
0.034000
nan
nan
0.034000
nan
nan
nan
0.465000
nan
0.241000
0.534000
0.207000
0.654000
0.826000
nan
0.241000
0.207000
nan
nan
0.534000
0.465000
nan
nan
nan
0.379000
0.602000
nan
nan
0.637000
nan
0.585000
nan
nan
nan
nan
nan
0.861000
0.516000
nan
nan
0.585000
