Coverage: 62798.031496
nan
nan
nan
nan
0.675000
nan
nan
0.671000
0.332000
0.376000
nan
0.390000
0.390000
0.433000
0.746000
nan
nan
0.318000
nan
nan
nan
nan
nan
nan
0.279000
nan
nan
0.424000
0.444000
nan
nan
nan
0.305000
0.540000
nan
nan
nan
0.376000
0.440000
nan
nan
nan
0.304000
0.389000
0.478000
nan
nan
nan
0.405000
nan
nan
0.534000
0.265000
0.342000
nan
nan
0.666000
0.603000
nan
0.491000
nan
0.563000
nan
nan
nan
nan
0.567000
nan
0.732000
0.209000
0.184000
0.429000
0.260000
0.474000
0.451000
nan
0.364000
nan
nan
nan
nan
nan
0.352000
nan
nan
0.623000
nan
nan
nan
nan
0.611000
0.587000
nan
0.515000
0.377000
0.437000
0.659000
nan
nan
nan
0.476000
nan
0.472000
nan
nan
nan
0.490000
0.606000
0.583000
nan
0.479000
0.481000
nan
nan
nan
nan
1.000000
nan
nan
nan
nan
nan
nan
nan
nan
0.330000
nan
nan
nan
nan
0.119000
nan
nan
nan
0.851000
nan
nan
nan
nan
0.093000
nan
nan
0.141000
0.093000
0.607000
1.000000
nan
nan
nan
0.689000
nan
nan
0.142000
0.133000
nan
nan
0.093000
nan
nan
0.220000
0.362000
nan
1.000000
0.625000
0.244000
nan
nan
nan
nan
0.157000
nan
0.196000
0.138000
0.205000
0.265000
nan
0.380000
0.374000
0.518000
0.682000
nan
nan
0.717000
0.493000
0.408000
0.457000
0.318000
0.667000
nan
nan
0.708000
0.734000
0.591000
nan
0.275000
nan
nan
nan
nan
nan
nan
0.838000
0.714000
0.707000
0.717000
0.412000
1.000000
nan
0.870000
0.925000
nan
0.773000
0.466000
nan
nan
nan
0.915000
0.924000
nan
nan
nan
nan
0.265000
0.582000
1.000000
nan
nan
nan
0.633000
0.827000
nan
nan
nan
0.990000
nan
nan
nan
nan
nan
nan
nan
nan
0.561000
nan
nan
0.265000
0.561000
0.684000
0.609000
nan
0.628000
nan
0.807000
nan
nan
nan
0.750000
nan
1.000000
nan
0.813000
0.398000
0.521000
0.550000
nan
nan
0.395000
nan
nan
0.440000
nan
0.497000
0.594000
nan
1.000000
nan
nan
1.000000
nan
nan
0.246000
nan
nan
nan
nan
nan
nan
nan
nan
nan
nan
nan
0.751000
nan
nan
0.992000
0.692000
nan
nan
0.809000
0.735000
nan
nan
0.444000
0.489000
nan
0.706000
0.706000
0.714000
1.000000
0.762000
nan
0.622000
0.395000
0.589000
nan
nan
nan
0.495000
0.538000
nan
nan
nan
0.585000
0.639000
nan
0.732000
0.832000
0.542000
nan
nan
nan
nan
0.642000
nan
nan
0.297000
0.241000
nan
nan
nan
nan
0.834000
0.841000
0.883000
nan
0.432000
0.262000
nan
nan
nan
0.286000
0.306000
nan
nan
0.839000
0.705000
0.470000
nan
0.245000
0.241000
nan
0.885000
0.430000
0.702000
0.694000
0.949000
0.726000
0.651000
0.479000
0.315000
0.252000
0.777000
0.829000
nan
0.860000
0.859000
0.877000
nan
nan
nan
0.309000
0.427000
0.711000
nan
nan
nan
0.568000
nan
nan
0.381000
nan
0.300000
nan
nan
nan
nan
1.000000
nan
nan
0.610000
nan
0.289000
0.329000
0.330000
nan
nan
nan
