Coverage: 19151.460674
nan
nan
nan
0.484000
0.762000
nan
nan
0.677000
0.962000
0.711000
0.649000
0.785000
nan
0.922000
nan
0.529000
nan
0.774000
nan
nan
0.984000
0.563000
nan
0.876000
0.364000
0.933000
0.825000
nan
0.950000
nan
0.859000
1.000000
nan
0.489000
0.700000
0.575000
nan
0.603000
nan
0.302000
0.329000
0.385000
0.293000
0.529000
nan
0.650000
1.000000
0.289000
nan
nan
0.389000
0.120000
0.104000
0.104000
0.104000
0.658000
0.766000
nan
nan
0.245000
nan
0.193000
0.160000
nan
0.197000
0.164000
nan
0.104000
0.156000
0.136000
0.357000
0.393000
0.874000
0.778000
0.341000
0.806000
nan
nan
nan
nan
nan
nan
nan
nan
nan
0.774000
nan
nan
0.702000
0.529000
nan
nan
0.726000
0.838000
0.910000
0.806000
0.614000
0.517000
nan
nan
0.369000
0.541000
nan
nan
nan
0.798000
0.910000
nan
0.477000
0.541000
0.646000
nan
nan
nan
1.000000
nan
nan
nan
0.963000
0.726000
0.958000
1.000000
nan
0.213000
nan
nan
0.199000
nan
nan
nan
0.432000
nan
nan
0.255000
nan
nan
0.444000
nan
nan
nan
nan
nan
nan
0.224000
nan
0.366000
nan
nan
nan
0.358000
nan
nan
nan
0.307000
0.457000
0.690000
0.232000
nan
nan
nan
nan
nan
nan
0.406000
0.466000
nan
0.505000
0.254000
0.378000
nan
0.279000
0.562000
0.538000
nan
0.471000
nan
nan
0.199000
0.384000
nan
nan
nan
nan
nan
nan
nan
0.546000
0.279000
0.333000
0.426000
nan
nan
nan
0.463000
0.220000
0.336000
nan
0.307000
nan
nan
nan
nan
nan
0.251000
nan
nan
1.000000
0.929000
nan
0.838000
0.382000
0.333000
0.561000
nan
0.559000
0.608000
nan
nan
nan
0.866000
0.311000
0.509000
0.353000
0.534000
0.621000
1.000000
0.199000
0.443000
1.000000
nan
nan
nan
0.285000
0.436000
0.350000
0.838000
nan
nan
nan
0.640000
0.688000
nan
nan
nan
nan
0.886000
0.447000
0.642000
0.810000
nan
0.458000
0.903000
0.867000
nan
nan
0.401000
0.420000
1.000000
nan
nan
0.878000
0.607000
0.650000
nan
nan
0.534000
0.561000
nan
nan
nan
nan
0.791000
nan
nan
nan
nan
0.472000
nan
nan
nan
nan
0.382000
nan
nan
0.686000
0.610000
0.561000
nan
0.718000
0.946000
nan
0.897000
0.859000
nan
0.312000
nan
nan
nan
0.312000
0.333000
0.978000
0.575000
0.550000
1.000000
0.602000
0.347000
0.987000
nan
0.445000
nan
1.000000
nan
0.550000
0.561000
0.523000
0.412000
nan
0.272000
nan
0.325000
nan
0.664000
0.678000
0.445000
0.420000
nan
nan
0.369000
0.821000
0.900000
0.575000
0.802000
0.916000
nan
0.919000
nan
0.520000
0.228000
0.342000
0.575000
0.764000
nan
0.938000
nan
0.309000
