Coverage: 5307.883817
0.335000
nan
0.687000
nan
0.972000
nan
nan
nan
nan
0.168000
nan
0.168000
0.034000
0.034000
nan
1.000000
nan
1.000000
nan
nan
nan
0.101000
nan
0.067000
nan
nan
0.218000
0.503000
1.000000
nan
nan
nan
0.008000
nan
nan
nan
0.151000
0.268000
nan
0.637000
0.694000
0.607000
1.000000
0.694000
0.405000
0.520000
0.332000
nan
nan
0.159000
0.108000
0.108000
nan
0.347000
nan
nan
0.506000
0.910000
nan
nan
nan
nan
nan
0.824000
nan
0.867000
nan
0.434000
nan
nan
nan
nan
nan
0.390000
0.419000
0.361000
nan
0.636000
nan
0.491000
nan
0.790000
0.948000
0.747000
0.187000
0.574000
0.517000
nan
nan
0.574000
nan
nan
0.445000
0.244000
nan
0.603000
1.000000
0.747000
nan
nan
nan
nan
0.675000
0.445000
0.187000
0.111000
0.115000
nan
0.617000
nan
0.445000
0.474000
nan
nan
0.962000
0.488000
0.675000
nan
nan
0.560000
nan
nan
nan
nan
0.416000
0.316000
nan
0.115000
nan
1.000000
0.488000
nan
0.357000
nan
nan
nan
0.357000
nan
0.342000
0.328000
nan
