Coverage: 144925.409836
nan
nan
0.047000
nan
nan
nan
nan
0.059000
0.047000
nan
0.065000
nan
nan
nan
0.067000
nan
nan
nan
nan
0.087000
0.118000
nan
nan
nan
0.118000
nan
0.073000
nan
0.053000
nan
0.057000
nan
nan
nan
nan
nan
nan
nan
nan
nan
0.081000
nan
nan
nan
0.543000
nan
nan
nan
nan
nan
nan
nan
nan
nan
nan
nan
nan
0.087000
0.047000
nan
0.104000
nan
nan
nan
nan
nan
0.070000
0.112000
0.057000
nan
nan
nan
0.054000
0.062000
0.054000
nan
nan
nan
0.051000
0.057000
nan
nan
nan
0.053000
0.056000
0.097000
nan
0.055000
0.057000
nan
0.054000
0.051000
nan
nan
0.083000
nan
nan
0.053000
0.169000
nan
nan
nan
nan
nan
nan
nan
0.132000
nan
0.141000
nan
nan
0.157000
nan
nan
nan
nan
0.707000
0.818000
nan
nan
0.715000
nan
nan
0.136000
0.619000
nan
nan
nan
0.958000
1.000000
nan
nan
0.570000
nan
nan
nan
nan
nan
nan
0.151000
1.000000
nan
nan
nan
nan
nan
nan
1.000000
nan
nan
0.302000
nan
nan
nan
nan
0.397000
0.260000
nan
nan
0.616000
1.000000
nan
0.939000
0.511000
0.252000
0.016000
0.028000
0.043000
nan
0.190000
nan
1.000000
nan
nan
1.000000
nan
nan
nan
0.112000
0.288000
0.522000
0.377000
0.512000
0.576000
nan
0.451000
nan
0.448000
nan
nan
nan
nan
nan
nan
nan
nan
0.413000
0.377000
nan
0.208000
nan
0.070000
0.125000
0.063000
0.416000
nan
nan
0.869000
nan
0.052000
nan
nan
0.075000
0.580000
nan
0.927000
nan
0.324000
nan
0.184000
0.085000
0.057000
0.182000
nan
0.092000
nan
0.085000
0.059000
nan
0.051000
nan
nan
0.014000
nan
0.015000
0.017000
nan
nan
0.024000
nan
nan
0.020000
nan
nan
nan
0.022000
nan
0.014000
nan
nan
nan
nan
0.056000
nan
nan
nan
nan
nan
nan
nan
nan
nan
0.014000
0.940000
nan
nan
nan
nan
nan
nan
nan
nan
nan
1.000000
0.475000
0.202000
0.202000
0.226000
0.225000
0.239000
0.339000
nan
0.452000
0.464000
0.633000
nan
0.447000
1.000000
0.549000
nan
0.723000
nan
nan
0.407000
nan
0.695000
0.810000
0.871000
nan
0.786000
nan
nan
nan
0.728000
0.666000
nan
nan
0.725000
1.000000
0.704000
0.992000
nan
0.459000
0.243000
0.539000
0.692000
0.558000
0.669000
nan
nan
nan
0.711000
nan
0.916000
0.845000
nan
nan
0.647000
0.737000
nan
0.469000
0.431000
0.589000
0.492000
0.657000
nan
0.509000
0.678000
0.445000
0.662000
0.645000
nan
nan
nan
nan
nan
nan
nan
nan
nan
nan
0.650000
nan
0.403000
0.524000
nan
nan
nan
nan
0.631000
0.284000
0.687000
0.546000
nan
0.247000
nan
