Coverage: 77055.448718
nan
nan
0.364000
nan
nan
nan
nan
0.569000
0.404000
0.547000
0.503000
nan
nan
nan
nan
nan
0.434000
nan
nan
0.527000
0.547000
0.331000
nan
nan
nan
0.835000
nan
0.388000
nan
nan
nan
nan
0.536000
nan
nan
0.411000
nan
nan
0.705000
0.819000
0.823000
0.715000
0.489000
0.479000
0.320000
nan
nan
nan
nan
0.319000
nan
nan
0.756000
0.748000
nan
nan
nan
nan
0.319000
nan
0.549000
nan
0.499000
nan
nan
nan
nan
1.000000
nan
nan
nan
0.385000
0.401000
0.700000
nan
nan
nan
0.349000
nan
nan
0.501000
nan
0.424000
0.516000
0.522000
0.719000
nan
nan
nan
nan
nan
0.900000
nan
0.975000
1.000000
nan
nan
0.902000
nan
0.526000
0.678000
nan
nan
0.947000
nan
0.380000
0.327000
0.348000
1.000000
nan
nan
nan
nan
0.319000
0.335000
0.366000
nan
0.104000
nan
nan
0.186000
nan
0.231000
0.236000
0.209000
0.285000
0.166000
0.078000
0.078000
nan
nan
nan
nan
nan
nan
0.171000
nan
0.080000
0.194000
nan
nan
0.140000
nan
nan
0.100000
nan
0.273000
0.294000
nan
nan
nan
0.157000
0.084000
nan
0.083000
nan
nan
nan
nan
nan
nan
0.089000
0.099000
nan
nan
nan
0.078000
nan
nan
nan
nan
nan
nan
nan
nan
nan
nan
0.179000
nan
0.209000
0.242000
nan
nan
nan
nan
1.000000
nan
nan
0.906000
nan
nan
0.193000
0.329000
0.545000
0.635000
nan
1.000000
0.676000
0.801000
nan
nan
nan
nan
0.450000
nan
0.821000
0.601000
0.520000
0.836000
0.414000
nan
0.387000
0.464000
0.527000
nan
0.798000
nan
nan
0.466000
nan
0.310000
0.126000
nan
0.307000
nan
nan
0.129000
1.000000
nan
nan
nan
0.279000
0.246000
nan
0.464000
nan
nan
0.368000
nan
nan
nan
0.182000
nan
nan
0.802000
0.893000
1.000000
nan
nan
0.909000
nan
0.686000
0.651000
0.914000
0.513000
0.594000
nan
0.699000
nan
nan
nan
0.859000
nan
1.000000
0.099000
nan
nan
0.186000
nan
nan
1.000000
nan
0.527000
0.352000
nan
0.225000
0.179000
0.193000
0.202000
nan
0.089000
0.088000
0.069000
nan
0.085000
nan
0.095000
0.068000
0.085000
nan
nan
0.073000
0.065000
0.084000
0.087000
nan
0.153000
nan
0.123000
0.068000
0.065000
0.110000
nan
0.215000
nan
0.232000
nan
nan
nan
0.175000
0.186000
nan
nan
nan
0.065000
nan
nan
0.253000
0.148000
nan
nan
nan
nan
0.129000
0.516000
0.557000
0.464000
nan
nan
0.497000
nan
nan
nan
0.285000
0.467000
nan
nan
nan
nan
nan
nan
0.412000
0.425000
0.897000
nan
nan
nan
nan
0.960000
1.000000
nan
0.725000
0.810000
0.630000
0.712000
0.557000
0.682000
0.429000
0.772000
nan
nan
nan
0.771000
nan
nan
nan
0.344000
nan
0.599000
0.430000
nan
nan
1.000000
0.460000
nan
nan
nan
nan
0.444000
0.527000
0.498000
0.648000
0.475000
nan
nan
nan
nan
nan
0.524000
nan
0.497000
0.455000
nan
0.505000
0.320000
0.365000
0.311000
nan
0.304000
0.527000
nan
nan
nan
nan
nan
nan
nan
nan
0.838000
0.481000
0.810000
nan
0.408000
nan
nan
nan
nan
1.000000
nan
nan
nan
nan
nan
nan
nan
0.740000
0.559000
nan
0.402000
0.668000
0.945000
0.542000
nan
0.776000
0.578000
0.669000
nan
nan
nan
0.674000
0.533000
nan
nan
nan
nan
nan
nan
nan
nan
0.266000
0.266000
nan
nan
nan
nan
nan
0.301000
nan
nan
nan
nan
0.359000
0.331000
nan
nan
nan
0.266000
nan
