Coverage: 136821.739130
nan
nan
0.150000
nan
nan
nan
nan
0.304000
0.261000
0.304000
0.150000
0.174000
nan
0.435000
nan
nan
nan
nan
nan
0.826000
0.522000
0.174000
nan
0.435000
nan
nan
nan
nan
0.522000
0.783000
1.000000
0.522000
nan
nan
nan
nan
nan
nan
nan
0.348000
0.304000
0.522000
nan
nan
nan
0.304000
nan
nan
0.478000
nan
nan
0.609000
nan
nan
nan
nan
nan
0.435000
0.261000
0.348000
nan
nan
nan
nan
1.000000
0.739000
0.522000
0.913000
0.304000
nan
0.391000
nan
nan
nan
nan
nan
nan
nan
0.522000
0.348000
0.348000
0.609000
nan
nan
nan
0.217000
0.478000
0.696000
nan
nan
nan
nan
nan
0.391000
nan
1.000000
0.609000
0.870000
0.783000
nan
1.000000
nan
0.565000
0.783000
0.913000
nan
0.150000
0.217000
nan
0.826000
0.783000
0.002000
nan
0.002000
0.002000
nan
nan
0.003000
nan
nan
nan
0.002000
0.003000
0.002000
nan
nan
nan
nan
nan
nan
nan
nan
nan
0.020000
0.007000
nan
0.015000
0.014000
nan
nan
nan
0.021000
nan
nan
0.276000
nan
0.197000
0.331000
0.604000
nan
0.380000
nan
0.089000
nan
nan
nan
nan
nan
nan
nan
0.238000
nan
0.078000
nan
nan
nan
0.056000
0.095000
nan
nan
0.056000
nan
0.266000
1.000000
nan
0.562000
0.439000
nan
nan
nan
0.120000
nan
0.072000
0.041000
nan
nan
nan
0.537000
0.036000
0.118000
0.085000
0.090000
nan
0.146000
0.043000
nan
0.043000
nan
nan
0.973000
0.590000
0.847000
1.000000
nan
0.146000
nan
nan
nan
nan
0.070000
nan
nan
nan
nan
nan
nan
1.000000
nan
nan
0.627000
nan
nan
0.130000
0.136000
0.131000
0.255000
nan
0.152000
0.089000
nan
nan
nan
nan
nan
nan
nan
nan
0.814000
0.906000
nan
nan
nan
nan
0.059000
0.063000
nan
nan
nan
0.099000
nan
0.073000
nan
nan
nan
0.149000
0.613000
nan
1.000000
1.000000
0.320000
0.146000
nan
nan
nan
nan
nan
0.242000
0.129000
0.160000
nan
nan
0.945000
nan
nan
0.958000
nan
nan
0.651000
0.851000
0.404000
0.052000
nan
nan
nan
nan
0.099000
nan
nan
nan
0.113000
nan
nan
0.124000
0.072000
0.075000
0.084000
1.000000
nan
0.726000
0.725000
nan
nan
nan
nan
nan
0.196000
nan
0.973000
nan
0.570000
0.346000
nan
0.296000
nan
0.130000
nan
0.061000
0.051000
0.084000
nan
nan
0.071000
0.041000
0.041000
nan
nan
nan
nan
0.334000
0.177000
nan
nan
nan
nan
0.040000
0.040000
nan
0.040000
0.108000
0.462000
0.812000
0.395000
nan
0.865000
nan
1.000000
1.000000
1.000000
nan
0.564000
nan
nan
0.303000
0.283000
0.298000
0.064000
nan
nan
nan
nan
0.071000
0.057000
0.048000
nan
nan
nan
0.123000
0.070000
0.048000
0.062000
0.044000
nan
nan
0.037000
nan
nan
0.017000
0.022000
nan
0.024000
0.039000
0.045000
0.039000
0.035000
0.040000
nan
nan
0.041000
nan
0.337000
0.280000
0.280000
0.345000
0.353000
0.252000
nan
nan
nan
nan
0.280000
nan
nan
nan
nan
nan
nan
nan
nan
nan
0.366000
nan
nan
0.191000
0.337000
nan
nan
0.496000
0.527000
nan
0.531000
0.526000
0.128000
0.133000
0.272000
0.378000
nan
nan
nan
0.272000
nan
0.203000
0.356000
nan
0.542000
0.743000
0.921000
0.914000
0.643000
0.650000
0.627000
nan
0.364000
nan
0.410000
0.588000
0.410000
nan
nan
0.898000
nan
0.364000
nan
nan
0.472000
nan
nan
0.387000
0.534000
0.612000
nan
0.743000
0.604000
nan
0.449000
0.356000
0.573000
0.480000
nan
nan
nan
0.426000
0.465000
nan
0.310000
0.239000
nan
nan
0.666000
nan
nan
nan
0.239000
nan
