Coverage: 32500.367647
nan
nan
0.191000
nan
nan
nan
nan
0.359000
nan
0.376000
0.325000
nan
0.309000
nan
0.345000
0.425000
0.218000
0.144000
0.171000
0.243000
nan
nan
nan
nan
nan
nan
nan
nan
0.149000
nan
nan
0.199000
nan
nan
nan
nan
nan
0.144000
nan
nan
nan
0.421000
0.600000
nan
nan
0.475000
nan
0.484000
0.391000
nan
nan
0.235000
nan
0.348000
nan
nan
nan
nan
nan
0.298000
0.283000
nan
0.216000
0.182000
nan
0.320000
0.185000
0.220000
nan
0.294000
0.256000
0.456000
nan
nan
nan
nan
nan
0.194000
0.144000
0.368000
0.222000
nan
nan
nan
nan
nan
nan
0.218000
0.202000
0.279000
0.368000
0.389000
nan
0.217000
nan
0.385000
nan
0.425000
0.554000
nan
0.844000
nan
nan
1.000000
nan
nan
0.206000
nan
1.000000
0.827000
1.000000
0.806000
nan
nan
nan
nan
nan
0.584000
nan
0.583000
nan
0.641000
0.527000
0.499000
nan
0.477000
0.486000
0.754000
nan
nan
nan
0.639000
nan
nan
nan
0.478000
nan
1.000000
0.106000
nan
nan
0.167000
0.337000
nan
nan
nan
nan
0.142000
nan
0.074000
0.856000
0.638000
0.940000
1.000000
nan
0.084000
nan
0.074000
nan
nan
nan
nan
0.176000
nan
0.141000
nan
0.346000
0.520000
0.931000
nan
nan
nan
nan
0.701000
1.000000
nan
0.099000
nan
nan
0.202000
0.455000
nan
nan
0.637000
0.589000
0.461000
nan
0.547000
0.750000
nan
0.767000
nan
nan
0.598000
nan
0.077000
0.096000
0.074000
0.246000
nan
nan
nan
nan
nan
0.334000
nan
nan
0.336000
0.162000
0.192000
nan
0.200000
0.186000
0.767000
1.000000
nan
nan
0.554000
nan
nan
nan
nan
nan
nan
0.496000
nan
nan
0.744000
0.777000
nan
nan
nan
0.532000
0.947000
nan
nan
nan
0.654000
0.763000
nan
nan
nan
0.528000
0.680000
0.824000
nan
nan
nan
0.696000
nan
nan
0.926000
0.456000
0.595000
nan
nan
0.838000
0.763000
nan
0.628000
nan
0.717000
nan
nan
nan
nan
0.718000
nan
0.920000
0.264000
0.247000
0.541000
0.331000
0.599000
0.570000
nan
0.454000
nan
nan
nan
nan
nan
0.449000
nan
nan
0.788000
nan
nan
nan
nan
0.772000
0.744000
nan
0.651000
0.477000
0.555000
0.835000
nan
nan
nan
0.545000
nan
0.537000
nan
nan
nan
0.547000
0.692000
0.663000
nan
0.545000
0.541000
nan
nan
nan
nan
1.000000
nan
nan
nan
nan
nan
nan
nan
nan
0.378000
nan
nan
nan
nan
0.183000
nan
nan
nan
0.923000
nan
nan
nan
nan
0.170000
nan
nan
0.138000
0.094000
0.612000
1.000000
nan
nan
nan
0.676000
nan
nan
0.140000
0.127000
nan
nan
0.094000
nan
nan
0.212000
0.341000
nan
1.000000
0.591000
0.227000
nan
nan
nan
nan
0.148000
nan
0.173000
0.124000
0.182000
0.194000
nan
0.313000
0.304000
0.433000
0.542000
nan
nan
0.558000
0.361000
0.292000
0.279000
0.233000
0.431000
nan
nan
0.412000
0.464000
0.361000
nan
0.164000
nan
nan
nan
nan
nan
nan
0.474000
0.373000
0.311000
0.334000
0.197000
0.127000
nan
