Coverage: 38012.087912
nan
nan
0.079000
nan
nan
nan
nan
0.109000
nan
0.115000
nan
0.062000
nan
nan
nan
nan
0.138000
nan
nan
nan
0.069000
0.062000
0.131000
nan
nan
0.204000
nan
0.202000
nan
0.235000
0.182000
nan
0.178000
nan
nan
0.246000
nan
nan
0.138000
0.144000
0.138000
0.157000
nan
0.098000
nan
0.150000
nan
nan
0.120000
nan
0.165000
0.123000
nan
0.175000
0.151000
nan
0.166000
0.109000
0.088000
0.143000
nan
nan
nan
nan
0.158000
nan
nan
nan
nan
nan
nan
nan
0.168000
nan
nan
0.077000
0.062000
0.145000
nan
nan
0.085000
0.113000
1.000000
0.675000
nan
nan
0.588000
nan
nan
nan
0.437000
0.588000
nan
0.890000
0.790000
1.000000
0.668000
nan
0.317000
nan
nan
nan
nan
0.815000
nan
0.711000
1.000000
nan
nan
0.302000
0.684000
nan
0.461000
nan
nan
nan
0.123000
0.074000
0.057000
nan
nan
nan
nan
0.600000
nan
nan
nan
0.057000
0.057000
nan
0.339000
0.545000
nan
nan
0.887000
nan
0.638000
0.527000
0.483000
nan
0.653000
1.000000
0.832000
0.540000
0.647000
nan
nan
0.745000
nan
0.598000
0.785000
0.964000
0.682000
0.845000
1.000000
nan
0.825000
nan
1.000000
nan
0.080000
nan
nan
0.242000
nan
nan
0.606000
0.695000
nan
nan
nan
nan
nan
nan
0.561000
nan
0.211000
0.437000
nan
nan
0.582000
0.689000
nan
0.456000
nan
nan
0.186000
nan
0.498000
nan
nan
0.343000
nan
0.375000
nan
nan
nan
0.425000
0.477000
nan
0.117000
nan
nan
nan
0.293000
nan
nan
nan
0.128000
0.344000
0.244000
0.506000
0.383000
nan
nan
nan
0.213000
0.184000
0.199000
1.000000
nan
nan
nan
nan
nan
nan
nan
nan
nan
0.408000
0.392000
0.497000
nan
nan
0.301000
0.379000
nan
nan
nan
nan
nan
nan
nan
0.259000
0.156000
0.264000
nan
nan
0.452000
0.455000
nan
0.351000
0.354000
0.497000
0.259000
0.249000
0.161000
0.252000
0.323000
nan
nan
0.192000
nan
0.224000
nan
0.168000
0.186000
nan
nan
0.156000
0.263000
0.156000
nan
