Coverage: 63885.276074
nan
nan
0.038000
nan
nan
nan
nan
0.090000
0.063000
0.052000
nan
0.038000
nan
nan
nan
nan
0.102000
nan
nan
nan
nan
0.115000
0.079000
0.144000
0.092000
0.131000
nan
nan
0.089000
0.084000
0.083000
0.102000
0.077000
nan
0.062000
0.068000
0.077000
nan
nan
nan
nan
nan
nan
nan
nan
0.047000
nan
0.060000
nan
nan
nan
nan
0.047000
0.040000
0.089000
nan
nan
nan
0.123000
nan
nan
nan
nan
0.170000
nan
nan
nan
nan
nan
0.038000
0.090000
0.170000
nan
nan
0.044000
0.069000
nan
nan
nan
nan
nan
0.089000
nan
nan
0.271000
nan
0.130000
0.138000
0.139000
0.748000
0.089000
nan
0.491000
0.738000
nan
nan
0.927000
nan
nan
1.000000
0.683000
0.401000
0.197000
0.288000
0.392000
0.687000
1.000000
nan
nan
nan
nan
1.000000
nan
0.888000
0.834000
0.705000
0.488000
0.500000
0.386000
nan
nan
nan
0.341000
nan
0.485000
0.485000
0.302000
nan
nan
nan
0.117000
nan
nan
0.156000
0.111000
nan
nan
nan
nan
nan
0.558000
0.675000
nan
1.000000
0.856000
nan
0.693000
nan
nan
nan
1.000000
0.883000
0.756000
0.442000
nan
0.242000
nan
0.136000
0.914000
nan
0.942000
nan
nan
nan
nan
nan
0.155000
nan
0.532000
nan
nan
nan
nan
nan
1.000000
nan
nan
nan
0.120000
nan
nan
0.231000
nan
0.649000
nan
nan
nan
nan
nan
0.091000
nan
nan
0.783000
0.157000
0.616000
nan
0.587000
0.078000
0.625000
0.584000
0.073000
nan
nan
0.073000
0.106000
0.241000
nan
nan
0.176000
0.119000
0.096000
0.109000
0.170000
nan
0.073000
0.670000
1.000000
0.521000
0.490000
0.672000
0.778000
0.751000
nan
nan
0.277000
0.454000
nan
nan
0.536000
0.604000
0.666000
0.415000
0.514000
nan
0.433000
nan
nan
nan
nan
0.487000
0.271000
nan
0.931000
0.734000
nan
0.785000
0.688000
0.684000
nan
nan
0.534000
0.217000
0.686000
0.425000
0.791000
0.555000
nan
0.760000
nan
0.955000
0.598000
0.483000
nan
nan
0.323000
nan
nan
nan
nan
nan
nan
nan
0.953000
1.000000
nan
0.540000
0.538000
0.374000
0.388000
nan
nan
nan
0.392000
nan
nan
0.995000
0.762000
1.000000
nan
nan
0.992000
0.586000
nan
nan
nan
nan
nan
nan
nan
0.885000
nan
0.487000
0.219000
0.275000
0.217000
0.280000
nan
0.690000
nan
0.612000
nan
0.588000
nan
nan
0.580000
nan
nan
nan
0.441000
nan
0.443000
nan
nan
nan
0.200000
nan
