Coverage: 1157.142857
nan
0.000000
nan
0.097000
nan
0.000000
nan
nan
0.097000
0.195000
nan
0.195000
0.097000
0.195000
0.000000
0.730000
0.000000
nan
0.049000
0.292000
nan
0.973000
0.097000
0.487000
0.292000
0.292000
nan
1.000000
0.487000
0.000000
0.195000
0.292000
0.292000
0.097000
0.633000
nan
nan
nan
0.341000
nan
0.097000
0.146000
0.243000
nan
0.438000
nan
nan
0.925000
0.584000
nan
nan
nan
0.292000
nan
nan
nan
0.195000
0.146000
nan
nan
0.000000
nan
0.389000
nan
0.049000
nan
nan
0.535000
nan
nan
1.000000
0.487000
nan
nan
0.633000
0.633000
nan
nan
nan
0.389000
0.000000
0.195000
0.633000
0.876000
1.000000
0.476000
nan
0.524000
0.381000
0.714000
1.000000
nan
nan
0.476000
0.714000
0.714000
nan
0.481000
0.626000
0.770000
0.385000
nan
0.337000
0.530000
nan
nan
nan
nan
0.915000
0.818000
nan
0.227000
nan
nan
0.481000
0.915000
0.818000
nan
0.385000
0.578000
nan
0.674000
0.385000
nan
nan
1.000000
nan
0.818000
nan
nan
0.385000
nan
0.289000
nan
nan
0.674000
0.481000
0.578000
1.000000
nan
nan
nan
0.963000
0.530000
nan
0.227000
0.433000
0.626000
0.578000
0.674000
1.000000
0.722000
0.481000
0.241000
0.530000
nan
0.241000
0.626000
0.530000
nan
nan
nan
0.770000
nan
nan
0.722000
0.385000
0.243000
0.633000
0.876000
nan
0.389000
0.341000
nan
nan
0.779000
nan
nan
0.341000
nan
nan
0.217000
