Coverage: 36068.591224
nan
0.030000
nan
nan
nan
nan
0.096000
0.066000
0.030000
0.030000
0.037000
nan
0.037000
nan
0.030000
0.050000
nan
0.066000
0.136000
0.070000
0.073000
0.252000
0.193000
0.266000
0.329000
0.206000
nan
nan
nan
0.375000
0.336000
0.349000
0.199000
nan
0.272000
0.445000
0.542000
0.422000
nan
nan
0.355000
0.608000
0.708000
nan
0.495000
nan
0.502000
0.419000
0.276000
0.631000
nan
nan
0.385000
nan
nan
nan
nan
0.738000
1.000000
0.824000
nan
0.761000
nan
0.787000
nan
0.804000
0.844000
nan
nan
0.502000
nan
0.738000
nan
1.000000
0.718000
nan
nan
1.000000
0.854000
nan
0.611000
nan
0.498000
0.664000
nan
0.764000
nan
0.250000
0.226000
nan
nan
1.000000
0.728000
nan
nan
nan
nan
nan
0.226000
nan
nan
0.299000
nan
0.384000
nan
0.414000
0.654000
0.721000
0.733000
nan
nan
nan
nan
nan
0.771000
nan
0.367000
nan
nan
nan
nan
nan
nan
nan
0.531000
nan
0.579000
nan
nan
nan
nan
0.725000
0.553000
0.596000
0.862000
0.937000
0.708000
0.618000
0.642000
nan
0.940000
nan
nan
0.879000
0.601000
0.469000
nan
nan
0.574000
0.599000
0.637000
0.368000
0.599000
0.720000
nan
nan
1.000000
nan
0.564000
nan
nan
0.687000
0.942000
0.742000
nan
nan
nan
0.226000
0.275000
0.462000
0.575000
nan
nan
nan
nan
1.000000
0.623000
0.494000
nan
nan
0.733000
nan
nan
0.867000
0.562000
0.556000
0.525000
nan
0.458000
0.612000
0.736000
0.511000
nan
0.317000
nan
0.413000
0.465000
0.733000
nan
0.258000
nan
0.306000
nan
nan
0.258000
nan
nan
nan
nan
nan
nan
nan
0.542000
0.524000
nan
nan
nan
nan
0.821000
0.831000
0.566000
0.920000
0.511000
nan
1.000000
nan
0.785000
nan
nan
nan
1.000000
nan
0.448000
0.376000
nan
0.817000
nan
0.611000
0.931000
1.000000
0.928000
nan
0.959000
nan
0.734000
0.410000
0.455000
nan
nan
nan
nan
0.258000
0.534000
nan
0.416000
nan
0.527000
nan
0.959000
nan
nan
nan
nan
0.506000
0.272000
0.876000
0.746000
nan
nan
nan
nan
0.270000
nan
0.616000
0.685000
nan
nan
0.663000
0.618000
nan
0.630000
nan
nan
nan
0.469000
0.751000
nan
nan
0.318000
nan
0.864000
nan
0.989000
nan
nan
0.133000
nan
0.134000
0.240000
nan
0.208000
0.200000
0.160000
0.133000
0.211000
nan
nan
0.185000
0.983000
nan
nan
nan
0.987000
0.253000
0.294000
0.463000
0.439000
nan
0.409000
nan
0.558000
1.000000
0.732000
0.671000
nan
nan
0.312000
nan
0.666000
nan
nan
0.523000
nan
0.440000
nan
nan
nan
nan
0.498000
nan
0.451000
0.362000
nan
0.396000
0.347000
0.379000
0.501000
0.407000
0.350000
0.653000
nan
nan
nan
nan
0.642000
0.575000
nan
nan
nan
nan
1.000000
1.000000
nan
nan
nan
nan
nan
nan
nan
nan
nan
nan
nan
nan
nan
nan
nan
nan
0.387000
nan
nan
0.424000
nan
0.374000
nan
nan
nan
0.345000
0.238000
nan
0.444000
0.298000
nan
nan
0.625000
0.659000
0.379000
nan
0.694000
0.686000
0.599000
0.452000
0.343000
0.728000
0.838000
0.828000
nan
1.000000
nan
nan
nan
nan
0.701000
0.783000
0.813000
nan
0.690000
0.901000
nan
0.850000
0.993000
0.928000
0.740000
0.792000
0.464000
0.779000
0.945000
nan
0.791000
0.972000
nan
nan
nan
