Coverage: 1609.793814
nan
nan
0.142000
nan
0.426000
0.071000
0.071000
0.142000
0.567000
nan
nan
0.496000
0.142000
nan
nan
0.638000
nan
nan
0.071000
0.142000
0.496000
0.071000
0.709000
0.213000
0.142000
0.071000
0.426000
0.071000
nan
nan
nan
nan
0.709000
0.142000
0.213000
0.780000
0.638000
0.426000
nan
nan
0.355000
0.426000
0.284000
nan
0.426000
0.851000
0.709000
nan
0.355000
0.142000
nan
nan
0.496000
nan
nan
nan
1.000000
0.284000
1.000000
0.355000
nan
nan
0.922000
1.000000
0.213000
nan
0.426000
0.496000
nan
0.284000
nan
0.213000
nan
0.638000
nan
nan
nan
0.355000
0.355000
0.142000
nan
nan
nan
0.851000
nan
nan
nan
nan
nan
0.253000
0.421000
0.463000
0.253000
0.126000
0.211000
0.094000
nan
0.379000
0.071000
nan
0.094000
0.421000
0.295000
nan
0.211000
nan
0.463000
nan
0.421000
0.253000
0.463000
0.253000
0.547000
0.463000
0.632000
nan
nan
0.379000
nan
0.884000
0.505000
nan
nan
0.674000
0.632000
0.589000
0.168000
nan
nan
0.253000
nan
nan
nan
0.168000
nan
0.337000
1.000000
nan
nan
0.547000
nan
nan
0.674000
nan
1.000000
nan
nan
0.884000
0.337000
nan
nan
nan
nan
nan
0.632000
0.800000
nan
0.168000
0.337000
nan
nan
nan
0.632000
nan
0.716000
nan
nan
0.421000
nan
0.253000
nan
nan
0.421000
0.253000
0.421000
0.674000
1.000000
nan
nan
nan
nan
0.632000
nan
0.038000
nan
0.084000
nan
nan
0.084000
0.337000
nan
nan
0.038000
nan
