Coverage: 5293.721973
0.029000
0.029000
nan
0.045000
0.029000
0.090000
0.120000
nan
0.105000
0.090000
0.165000
0.165000
0.165000
0.075000
0.301000
0.165000
nan
0.180000
nan
0.271000
nan
0.361000
0.346000
nan
0.496000
0.361000
nan
0.406000
0.677000
nan
nan
nan
0.150000
0.586000
0.466000
0.391000
0.391000
0.767000
0.361000
nan
0.692000
0.782000
nan
0.301000
0.571000
0.331000
1.000000
nan
nan
nan
nan
nan
0.406000
nan
nan
nan
nan
nan
nan
nan
nan
0.842000
nan
0.872000
nan
nan
nan
nan
nan
0.797000
nan
nan
nan
nan
nan
nan
nan
nan
nan
nan
0.707000
nan
nan
0.316000
0.256000
0.887000
nan
nan
nan
0.812000
nan
0.406000
nan
1.000000
nan
nan
nan
nan
0.361000
0.511000
1.000000
0.790000
nan
nan
nan
nan
nan
nan
0.336000
nan
nan
nan
nan
0.402000
0.195000
nan
0.553000
nan
nan
nan
nan
nan
0.434000
0.499000
nan
nan
nan
nan
0.543000
nan
nan
nan
0.640000
nan
nan
nan
nan
0.836000
0.673000
0.358000
0.586000
0.402000
nan
0.922000
nan
0.662000
nan
nan
0.890000
nan
nan
1.000000
0.575000
nan
0.510000
0.684000
nan
0.608000
0.380000
0.564000
0.467000
0.477000
nan
0.467000
nan
0.651000
nan
0.423000
nan
0.640000
nan
1.000000
nan
nan
0.195000
0.195000
nan
nan
nan
0.781000
nan
0.922000
0.781000
nan
nan
nan
nan
0.434000
0.326000
nan
nan
nan
nan
nan
nan
0.402000
nan
nan
0.608000
0.369000
0.195000
0.575000
0.857000
nan
nan
nan
nan
nan
0.467000
nan
nan
nan
0.662000
nan
nan
nan
0.260000
nan
1.000000
nan
0.901000
0.336000
nan
