Coverage: 8249.263502
0.188000
0.188000
0.529000
0.411000
nan
0.274000
nan
nan
nan
0.353000
0.725000
0.744000
0.676000
nan
nan
0.411000
0.460000
nan
nan
0.578000
0.862000
0.715000
nan
nan
nan
nan
0.558000
0.646000
0.646000
nan
0.705000
nan
nan
0.744000
1.000000
1.000000
nan
0.558000
nan
0.500000
nan
nan
nan
0.421000
0.970000
0.872000
0.451000
0.754000
0.901000
nan
nan
nan
0.402000
nan
nan
0.872000
0.588000
0.558000
nan
0.519000
0.695000
nan
nan
1.000000
nan
0.803000
0.372000
0.323000
0.188000
nan
nan
0.833000
0.754000
nan
nan
0.500000
nan
nan
nan
0.735000
0.813000
nan
0.500000
0.813000
0.803000
nan
nan
0.646000
0.989000
0.433000
nan
0.577000
nan
nan
0.203000
0.389000
nan
nan
0.685000
0.203000
nan
nan
0.267000
0.527000
0.555000
nan
nan
0.231000
0.203000
0.231000
0.512000
nan
nan
nan
0.389000
nan
0.231000
nan
0.389000
nan
nan
nan
0.541000
0.548000
nan
0.462000
nan
nan
0.685000
nan
0.519000
0.505000
nan
nan
nan
nan
0.570000
0.750000
nan
nan
nan
nan
0.721000
0.894000
nan
nan
nan
0.288000
0.267000
0.599000
nan
0.829000
nan
nan
nan
0.743000
nan
0.851000
0.858000
0.685000
0.952000
0.627000
nan
0.635000
0.649000
0.570000
1.000000
nan
nan
nan
0.642000
nan
0.988000
0.714000
0.779000
nan
0.685000
nan
0.627000
1.000000
nan
nan
0.772000
1.000000
0.231000
0.920000
nan
0.430000
0.653000
0.742000
nan
nan
0.564000
0.438000
0.890000
0.934000
nan
nan
nan
nan
0.356000
0.230000
nan
nan
nan
nan
nan
1.000000
0.704000
0.823000
0.779000
nan
0.823000
1.000000
nan
nan
0.482000
0.181000
0.181000
nan
0.181000
nan
0.564000
0.593000
nan
nan
0.608000
nan
nan
nan
1.000000
nan
0.675000
nan
nan
nan
0.326000
nan
nan
nan
0.971000
0.564000
0.623000
0.519000
0.497000
nan
nan
0.564000
0.675000
nan
0.475000
nan
nan
0.578000
0.408000
0.712000
0.660000
nan
0.816000
nan
0.512000
0.512000
0.660000
nan
nan
0.630000
nan
nan
nan
0.489000
0.475000
0.675000
nan
0.675000
0.326000
nan
0.578000
0.556000
nan
0.707000
nan
0.565000
0.696000
0.641000
nan
nan
nan
nan
nan
0.598000
nan
0.359000
nan
nan
0.598000
0.413000
0.609000
0.717000
nan
nan
0.674000
0.331000
0.663000
0.446000
nan
nan
nan
0.359000
0.717000
0.685000
0.522000
0.446000
0.870000
nan
nan
0.696000
nan
0.489000
0.565000
0.500000
nan
nan
nan
nan
nan
1.000000
nan
1.000000
0.435000
nan
0.511000
0.663000
0.533000
nan
0.630000
0.989000
0.576000
nan
0.652000
0.957000
0.826000
0.511000
0.783000
nan
nan
0.359000
nan
nan
0.331000
0.380000
0.935000
0.500000
0.924000
1.000000
1.000000
0.620000
0.337000
0.331000
nan
nan
0.793000
0.669000
nan
0.740000
nan
nan
0.252000
0.762000
nan
nan
0.327000
nan
0.591000
0.470000
0.252000
nan
nan
nan
nan
0.252000
0.263000
nan
nan
nan
nan
0.448000
nan
0.548000
0.626000
0.626000
nan
nan
0.619000
0.705000
nan
0.626000
nan
nan
nan
0.584000
0.733000
0.947000
0.342000
0.569000
nan
0.897000
0.655000
nan
0.598000
0.612000
nan
nan
0.555000
0.363000
0.356000
0.790000
nan
nan
0.726000
0.954000
nan
nan
0.591000
nan
nan
0.719000
nan
0.406000
nan
0.335000
0.420000
1.000000
nan
0.861000
1.000000
nan
0.783000
1.000000
nan
nan
0.541000
0.577000
0.961000
0.655000
0.662000
nan
nan
nan
nan
0.306000
0.285000
0.904000
1.000000
0.563000
0.476000
nan
0.871000
0.315000
1.000000
0.657000
nan
0.503000
0.623000
0.375000
0.643000
0.529000
nan
nan
nan
0.724000
0.724000
0.945000
nan
0.851000
nan
nan
nan
0.311000
0.311000
nan
nan
nan
nan
0.516000
nan
0.750000
0.311000
nan
0.663000
0.590000
0.476000
0.824000
0.670000
nan
0.804000
nan
nan
0.523000
nan
nan
0.610000
0.476000
nan
nan
0.757000
0.730000
nan
nan
nan
0.536000
0.536000
nan
nan
0.777000
nan
nan
0.717000
nan
0.476000
nan
nan
nan
nan
0.905000
nan
0.643000
nan
0.482000
0.663000
0.543000
1.000000
0.556000
nan
nan
nan
nan
nan
0.536000
0.575000
nan
0.547000
0.558000
0.698000
0.569000
nan
nan
0.255000
nan
0.193000
nan
nan
nan
nan
nan
0.523000
1.000000
nan
0.357000
1.000000
0.286000
nan
0.380000
0.514000
0.956000
0.607000
0.353000
nan
0.433000
0.768000
1.000000
0.755000
nan
0.277000
nan
nan
0.389000
0.880000
0.634000
0.603000
0.491000
0.545000
nan
0.706000
0.549000
0.634000
0.643000
0.786000
nan
nan
nan
0.210000
0.268000
0.375000
nan
0.272000
0.299000
nan
nan
0.326000
0.322000
0.871000
0.799000
nan
0.755000
nan
0.272000
0.246000
0.313000
0.193000
0.250000
0.193000
