Coverage: 5060.406091
0.055000
0.055000
0.082000
nan
nan
0.055000
nan
0.148000
0.115000
0.082000
0.131000
0.131000
nan
0.148000
0.098000
0.164000
0.344000
nan
0.098000
nan
0.246000
0.410000
0.164000
nan
0.230000
0.115000
0.180000
nan
0.230000
0.426000
nan
0.525000
nan
0.311000
0.344000
nan
0.951000
0.475000
nan
0.525000
nan
nan
nan
0.344000
nan
nan
0.393000
0.738000
0.492000
1.000000
nan
nan
0.361000
nan
nan
nan
0.607000
0.721000
1.000000
0.918000
nan
0.967000
0.557000
nan
0.754000
nan
1.000000
nan
nan
0.967000
0.934000
1.000000
0.885000
nan
nan
0.607000
nan
0.770000
nan
0.820000
0.426000
nan
0.573000
0.650000
nan
0.427000
nan
nan
nan
nan
0.640000
nan
0.786000
0.611000
0.446000
nan
nan
nan
nan
0.650000
nan
0.640000
nan
nan
nan
nan
nan
0.738000
0.941000
nan
0.728000
0.563000
1.000000
nan
nan
0.679000
nan
0.922000
nan
0.689000
1.000000
nan
1.000000
nan
0.893000
nan
nan
0.342000
0.543000
0.466000
0.767000
nan
0.844000
nan
nan
nan
0.747000
nan
nan
nan
nan
0.446000
0.466000
0.408000
0.300000
0.825000
nan
nan
nan
0.349000
nan
0.941000
0.854000
0.738000
0.679000
0.844000
0.757000
nan
0.718000
0.728000
0.621000
nan
nan
0.602000
0.844000
0.631000
nan
0.505000
nan
0.573000
nan
0.446000
0.388000
0.543000
0.303000
0.631000
0.563000
nan
nan
0.257000
nan
nan
0.767000
0.369000
nan
0.524000
nan
nan
0.553000
0.524000
nan
0.369000
0.398000
nan
nan
nan
0.257000
