Coverage: 2040.000000
nan
nan
nan
0.333000
nan
nan
nan
nan
nan
0.208000
0.375000
0.250000
0.292000
0.292000
nan
0.121000
0.667000
nan
nan
nan
nan
0.417000
nan
0.250000
nan
0.292000
0.333000
nan
nan
nan
0.167000
1.000000
0.792000
nan
0.458000
nan
nan
nan
0.167000
0.792000
0.667000
nan
nan
nan
0.583000
nan
0.917000
0.625000
0.792000
nan
nan
nan
0.121000
nan
nan
nan
0.667000
nan
0.250000
nan
nan
nan
nan
nan
nan
0.375000
0.458000
nan
nan
nan
nan
nan
nan
0.292000
nan
nan
0.121000
nan
0.875000
0.375000
0.750000
0.875000
nan
0.480000
0.420000
0.300000
nan
0.300000
0.720000
nan
0.720000
nan
0.690000
0.630000
0.480000
nan
0.510000
0.420000
0.420000
0.330000
nan
0.300000
0.360000
nan
0.995000
0.312000
0.642000
nan
nan
0.110000
0.330000
nan
nan
nan
0.348000
0.513000
nan
0.257000
nan
nan
nan
0.403000
nan
0.220000
nan
nan
0.183000
0.073000
nan
nan
0.073000
0.165000
nan
nan
0.330000
nan
0.183000
nan
0.055000
0.367000
0.348000
nan
0.275000
nan
nan
nan
nan
nan
1.000000
1.000000
nan
1.000000
nan
nan
0.037000
0.037000
0.037000
0.073000
nan
nan
0.257000
nan
0.788000
nan
nan
nan
0.220000
nan
0.128000
0.385000
0.092000
0.147000
nan
nan
0.037000
