Coverage: 2010.000000
nan
nan
nan
nan
nan
0.278000
0.500000
nan
0.161000
0.722000
0.333000
nan
0.333000
nan
nan
0.250000
nan
nan
0.333000
nan
nan
nan
nan
nan
nan
nan
nan
0.222000
nan
0.639000
0.361000
0.611000
nan
0.278000
nan
nan
0.583000
nan
nan
0.722000
0.639000
nan
nan
0.639000
0.278000
nan
0.306000
0.333000
0.417000
nan
nan
nan
0.250000
1.000000
nan
nan
0.778000
nan
nan
1.000000
nan
nan
nan
nan
nan
0.972000
0.250000
nan
0.250000
0.361000
nan
nan
nan
nan
0.333000
nan
nan
0.333000
nan
nan
0.278000
0.472000
1.000000
nan
nan
0.806000
nan
nan
nan
0.161000
nan
nan
0.161000
0.278000
nan
0.639000
1.000000
0.806000
0.528000
0.389000
0.389000
nan
nan
nan
0.667000
0.611000
nan
0.500000
0.278000
0.389000
nan
0.389000
nan
nan
nan
0.405000
nan
0.607000
0.843000
nan
0.675000
0.337000
0.809000
0.371000
0.202000
0.540000
nan
0.405000
nan
0.607000
nan
nan
0.405000
0.438000
0.708000
nan
nan
0.472000
0.304000
0.742000
nan
nan
nan
nan
nan
nan
nan
0.337000
0.304000
nan
nan
nan
0.573000
0.607000
nan
0.135000
1.000000
0.944000
1.000000
nan
1.000000
0.540000
0.109000
0.573000
0.472000
0.641000
0.405000
nan
nan
nan
0.135000
nan
0.270000
0.540000
0.202000
nan
nan
0.135000
nan
0.573000
0.236000
nan
0.090000
0.135000
0.135000
nan
nan
nan
nan
nan
0.109000
nan
nan
nan
nan
0.911000
nan
nan
0.371000
0.270000
0.573000
0.877000
0.877000
0.236000
0.101000
0.064000
nan
nan
nan
0.064000
