Coverage: 8008.540925
nan
nan
0.180000
nan
nan
nan
nan
0.237000
0.442000
0.284000
0.450000
0.387000
0.450000
0.197000
0.252000
0.379000
0.237000
nan
nan
0.331000
0.180000
0.213000
0.180000
nan
nan
nan
0.363000
0.292000
nan
0.489000
0.347000
nan
nan
0.387000
0.300000
nan
0.252000
nan
nan
nan
nan
0.292000
0.410000
nan
0.434000
nan
0.276000
0.552000
1.000000
0.592000
nan
nan
0.410000
nan
nan
nan
nan
nan
nan
0.860000
0.813000
0.702000
nan
0.789000
nan
1.000000
0.702000
0.773000
nan
0.781000
0.742000
1.000000
nan
nan
nan
nan
nan
nan
0.663000
0.844000
nan
nan
0.963000
0.813000
nan
0.978000
nan
0.631000
nan
0.679000
0.623000
nan
nan
0.718000
0.852000
0.838000
1.000000
0.533000
0.666000
0.927000
0.800000
0.673000
0.717000
0.349000
nan
nan
0.641000
0.660000
nan
0.806000
nan
nan
0.736000
nan
0.724000
nan
nan
0.749000
nan
nan
nan
nan
0.997000
0.622000
nan
nan
0.863000
nan
nan
0.616000
1.000000
0.355000
nan
0.825000
0.508000
0.946000
nan
nan
0.851000
0.571000
nan
nan
nan
nan
0.692000
0.546000
nan
0.578000
nan
0.346000
0.346000
nan
nan
0.863000
0.501000
0.679000
0.552000
nan
nan
nan
nan
0.520000
0.590000
nan
nan
0.990000
nan
0.844000
nan
0.781000
0.552000
0.495000
0.762000
nan
nan
0.603000
0.857000
0.438000
0.635000
nan
nan
1.000000
0.438000
nan
nan
nan
0.346000
0.231000
0.231000
nan
nan
nan
0.362000
0.276000
nan
nan
nan
nan
nan
0.426000
nan
0.579000
nan
nan
nan
nan
0.303000
nan
0.303000
nan
nan
0.263000
0.285000
nan
nan
nan
nan
nan
nan
nan
nan
nan
0.317000
0.217000
0.149000
0.226000
0.281000
nan
nan
nan
1.000000
nan
nan
nan
nan
nan
nan
nan
nan
0.602000
nan
0.475000
nan
0.561000
nan
0.475000
nan
0.294000
nan
nan
0.290000
nan
0.217000
nan
nan
nan
nan
nan
nan
nan
0.240000
0.371000
nan
0.149000
0.321000
0.548000
1.000000
nan
0.435000
nan
nan
0.471000
nan
nan
nan
0.303000
nan
nan
nan
0.412000
nan
nan
0.149000
nan
0.254000
0.217000
nan
0.330000
0.462000
0.235000
0.240000
nan
0.181000
0.819000
1.000000
nan
0.715000
nan
0.643000
0.548000
0.955000
0.525000
nan
0.521000
nan
nan
nan
0.353000
0.542000
0.503000
0.604000
0.292000
0.374000
nan
nan
nan
nan
nan
0.791000
nan
nan
nan
nan
nan
0.393000
1.000000
nan
nan
0.451000
nan
nan
0.633000
0.887000
0.465000
nan
nan
nan
nan
nan
1.000000
nan
nan
nan
0.364000
nan
0.245000
nan
0.158000
nan
nan
nan
0.585000
0.892000
nan
0.887000
0.676000
0.854000
0.676000
nan
0.547000
nan
0.398000
nan
nan
nan
0.158000
0.158000
0.163000
0.475000
1.000000
nan
nan
0.772000
nan
nan
nan
nan
nan
nan
nan
nan
0.336000
0.441000
nan
0.561000
0.623000
0.436000
0.633000
0.700000
nan
0.331000
0.245000
nan
nan
0.436000
0.547000
nan
nan
0.523000
0.374000
0.638000
nan
0.686000
nan
nan
nan
nan
nan
nan
0.360000
nan
nan
0.436000
0.738000
nan
0.657000
nan
nan
0.393000
0.788000
0.357000
0.438000
nan
0.289000
nan
0.451000
nan
0.835000
0.592000
nan
0.720000
0.478000
nan
0.714000
0.714000
0.673000
nan
0.801000
nan
0.653000
0.552000
nan
0.687000
0.754000
nan
0.922000
nan
nan
nan
0.680000
0.727000
0.996000
nan
0.909000
nan
nan
0.579000
0.242000
0.990000
nan
nan
nan
nan
nan
nan
nan
nan
nan
nan
0.774000
nan
nan
0.384000
0.512000
nan
0.303000
0.212000
1.000000
nan
nan
0.283000
0.579000
0.532000
0.525000
0.909000
nan
0.431000
nan
nan
nan
0.471000
nan
nan
0.512000
nan
nan
0.215000
nan
0.212000
nan
0.902000
0.747000
0.613000
nan
nan
0.781000
nan
nan
1.000000
nan
nan
0.693000
nan
nan
nan
nan
nan
nan
0.212000
0.545000
1.000000
0.628000
0.793000
nan
nan
0.984000
nan
0.995000
1.000000
nan
1.000000
0.606000
0.537000
0.559000
0.915000
nan
nan
0.154000
0.138000
0.133000
0.064000
0.080000
0.056000
0.394000
0.324000
nan
0.463000
0.574000
0.447000
nan
0.809000
0.452000
nan
0.447000
nan
nan
0.404000
0.532000
0.372000
0.484000
0.223000
nan
nan
0.213000
nan
nan
nan
0.191000
nan
0.606000
0.926000
0.468000
nan
nan
nan
nan
0.080000
0.489000
0.654000
0.654000
nan
nan
nan
nan
1.000000
nan
nan
0.739000
nan
0.718000
0.899000
nan
nan
0.056000
0.059000
0.056000
nan
0.899000
0.282000
0.814000
nan
nan
0.867000
nan
nan
1.000000
nan
nan
nan
nan
nan
nan
nan
nan
nan
nan
0.907000
0.706000
1.000000
1.000000
nan
0.561000
nan
nan
0.568000
0.838000
nan
0.789000
0.589000
nan
0.637000
0.315000
0.319000
0.457000
nan
nan
nan
nan
0.755000
0.921000
nan
0.402000
0.409000
0.762000
nan
0.315000
nan
nan
nan
nan
nan
0.319000
nan
0.769000
nan
0.485000
nan
0.547000
nan
nan
0.602000
0.602000
0.665000
0.609000
0.755000
nan
nan
0.596000
nan
nan
nan
0.478000
nan
nan
nan
nan
nan
0.485000
nan
0.755000
0.409000
0.388000
0.402000
nan
nan
nan
0.644000
0.519000
0.478000
nan
nan
0.512000
0.734000
nan
0.485000
0.693000
0.810000
nan
nan
0.893000
nan
nan
nan
nan
nan
nan
1.000000
0.970000
0.464000
0.395000
0.315000
0.409000
0.102000
0.650000
0.823000
nan
nan
nan
0.346000
0.181000
nan
0.173000
nan
0.107000
0.102000
0.102000
nan
nan
nan
nan
nan
nan
nan
0.469000
0.527000
nan
0.535000
1.000000
nan
nan
1.000000
nan
nan
nan
nan
nan
nan
nan
1.000000
nan
0.535000
nan
nan
nan
0.165000
nan
nan
0.650000
0.765000
nan
nan
nan
nan
nan
0.535000
0.305000
0.643000
0.870000
nan
0.344000
0.725000
0.408000
0.906000
nan
0.562000
0.589000
0.390000
nan
0.462000
nan
0.661000
0.408000
0.571000
0.616000
0.977000
nan
nan
nan
nan
0.897000
0.743000
0.571000
nan
0.652000
0.806000
nan
nan
nan
nan
0.920000
0.752000
nan
0.779000
0.471000
nan
0.408000
nan
nan
0.936000
0.535000
0.390000
0.544000
nan
nan
nan
0.663000
0.762000
0.346000
0.396000
0.603000
0.534000
nan
0.267000
0.465000
nan
nan
0.376000
0.376000
0.198000
0.475000
0.435000
nan
0.307000
0.307000
0.136000
0.227000
0.168000
nan
nan
0.307000
nan
0.136000
0.136000
