Coverage: 14099.653580
0.081000
nan
nan
nan
0.717000
0.475000
0.817000
0.420000
nan
nan
0.081000
nan
0.665000
0.736000
nan
nan
nan
nan
nan
nan
0.400000
0.898000
0.627000
0.510000
nan
nan
nan
0.110000
0.081000
0.119000
nan
nan
0.691000
0.229000
nan
0.110000
0.333000
nan
nan
0.478000
nan
nan
0.756000
nan
nan
nan
0.575000
0.756000
nan
1.000000
nan
nan
0.297000
nan
nan
nan
nan
1.000000
0.701000
nan
0.627000
0.807000
nan
nan
nan
0.526000
0.865000
0.678000
nan
nan
0.268000
nan
0.559000
nan
0.136000
nan
0.229000
nan
nan
nan
nan
nan
nan
nan
0.223000
nan
nan
nan
0.953000
0.139000
nan
0.129000
nan
1.000000
0.701000
nan
0.891000
nan
nan
0.200000
nan
0.174000
nan
nan
nan
nan
nan
nan
0.995000
nan
0.291000
0.171000
nan
0.226000
nan
0.436000
1.000000
0.776000
nan
0.798000
nan
nan
0.773000
nan
nan
nan
nan
nan
0.330000
0.533000
nan
nan
0.236000
0.239000
nan
nan
1.000000
nan
0.747000
nan
nan
nan
0.435000
0.675000
0.885000
0.403000
0.613000
nan
0.497000
nan
nan
nan
nan
nan
0.261000
nan
0.247000
0.287000
0.323000
nan
1.000000
0.744000
nan
nan
0.217000
nan
0.217000
nan
nan
nan
nan
nan
0.297000
nan
0.243000
nan
0.229000
nan
nan
0.541000
0.399000
nan
0.914000
0.646000
0.414000
nan
0.388000
nan
nan
0.747000
0.395000
nan
0.435000
0.613000
0.279000
nan
0.290000
0.229000
nan
nan
0.522000
nan
0.261000
nan
0.319000
nan
0.697000
nan
0.424000
0.217000
0.272000
0.319000
nan
0.642000
0.903000
0.425000
0.304000
0.283000
0.504000
0.425000
nan
0.491000
nan
nan
0.241000
nan
0.716000
nan
nan
nan
nan
nan
0.587000
0.637000
nan
0.537000
0.458000
nan
0.341000
0.291000
0.279000
0.250000
0.221000
0.221000
0.408000
nan
0.400000
0.608000
0.300000
0.287000
1.000000
nan
nan
nan
nan
nan
nan
nan
0.816000
0.812000
0.612000
nan
0.445000
0.612000
nan
nan
0.508000
0.504000
0.375000
0.541000
nan
0.653000
0.470000
nan
nan
nan
0.745000
0.379000
nan
0.920000
nan
0.762000
0.816000
nan
nan
nan
nan
nan
nan
1.000000
1.000000
nan
nan
0.828000
0.608000
0.358000
0.966000
nan
0.770000
nan
0.316000
0.287000
0.221000
0.140000
0.143000
nan
nan
0.909000
nan
0.608000
0.377000
nan
nan
nan
nan
nan
nan
nan
nan
nan
nan
0.102000
nan
nan
0.839000
nan
nan
nan
nan
0.298000
nan
nan
nan
nan
nan
nan
0.986000
0.752000
0.164000
nan
0.111000
0.140000
0.167000
0.181000
nan
0.187000
0.228000
0.366000
nan
0.810000
nan
nan
0.211000
0.111000
nan
0.205000
nan
0.175000
nan
nan
0.553000
nan
0.573000
0.488000
nan
0.506000
nan
nan
nan
0.406000
0.626000
0.769000
nan
0.655000
nan
nan
0.752000
1.000000
0.564000
nan
nan
nan
nan
nan
0.567000
0.529000
nan
1.000000
nan
nan
nan
0.094000
nan
nan
0.740000
nan
nan
nan
nan
nan
nan
0.094000
nan
0.228000
0.094000
nan
0.658000
nan
0.699000
0.787000
0.807000
nan
nan
nan
0.216000
nan
0.290000
nan
nan
nan
0.371000
nan
nan
nan
1.000000
0.723000
nan
0.580000
nan
nan
nan
nan
nan
1.000000
0.842000
nan
0.442000
0.665000
nan
0.473000
nan
nan
0.702000
nan
0.198000
0.272000
nan
0.238000
0.174000
0.741000
0.564000
nan
0.433000
0.104000
nan
nan
0.326000
0.223000
nan
nan
nan
nan
nan
nan
nan
0.293000
0.128000
nan
nan
0.159000
nan
0.079000
0.235000
0.189000
nan
nan
0.863000
0.992000
nan
nan
nan
nan
nan
nan
0.217000
nan
0.078000
0.078000
nan
nan
nan
0.078000
0.714000
1.000000
nan
0.302000
nan
nan
nan
0.229000
nan
nan
0.418000
nan
0.119000
nan
nan
nan
0.140000
0.284000
nan
nan
nan
nan
0.720000
nan
0.699000
0.851000
nan
nan
nan
0.308000
0.381000
0.159000
0.494000
0.714000
nan
nan
nan
nan
1.000000
0.452000
0.241000
0.607000
0.425000
0.566000
0.743000
nan
0.418000
nan
0.546000
nan
0.446000
nan
nan
nan
nan
1.000000
0.511000
1.000000
0.228000
0.187000
nan
nan
nan
0.401000
nan
nan
nan
0.397000
0.656000
nan
nan
0.573000
0.677000
0.905000
nan
nan
nan
0.539000
nan
0.480000
0.183000
0.321000
0.404000
nan
0.249000
nan
0.145000
nan
nan
0.629000
nan
nan
nan
0.221000
0.532000
nan
0.339000
nan
0.197000
nan
nan
0.629000
0.722000
nan
nan
nan
nan
nan
nan
nan
0.791000
nan
nan
0.601000
nan
nan
0.318000
nan
0.249000
nan
nan
nan
0.750000
0.801000
0.352000
0.473000
0.345000
0.660000
0.504000
nan
0.304000
nan
nan
nan
nan
0.159000
nan
nan
nan
nan
0.138000
nan
1.000000
0.864000
0.132000
0.132000
0.132000
nan
0.600000
0.624000
nan
nan
0.676000
0.307000
0.524000
0.076000
0.090000
0.238000
0.255000
1.000000
nan
0.579000
nan
nan
0.114000
0.066000
0.093000
nan
0.279000
0.179000
0.049000
0.049000
0.049000
0.197000
nan
0.334000
nan
nan
nan
nan
nan
0.297000
0.462000
0.493000
nan
nan
nan
nan
nan
0.700000
nan
nan
nan
nan
0.479000
nan
nan
nan
nan
nan
nan
0.952000
nan
nan
nan
nan
nan
0.297000
0.076000
nan
0.417000
1.000000
nan
0.421000
0.693000
0.576000
nan
nan
nan
nan
0.307000
nan
0.576000
1.000000
nan
nan
nan
nan
0.962000
0.624000
nan
0.359000
0.117000
nan
0.173000
nan
0.410000
0.751000
0.888000
0.799000
nan
0.484000
0.088000
nan
nan
nan
0.194000
nan
nan
nan
nan
nan
nan
nan
nan
nan
nan
0.441000
nan
nan
nan
nan
0.332000
0.145000
0.145000
nan
nan
0.156000
0.171000
nan
nan
0.379000
nan
nan
nan
nan
0.488000
nan
nan
nan
nan
0.509000
nan
0.285000
nan
0.218000
0.633000
nan
0.566000
nan
0.685000
nan
0.337000
nan
0.120000
nan
0.311000
nan
nan
0.363000
0.498000
nan
0.467000
0.327000
1.000000
nan
nan
nan
nan
nan
nan
nan
nan
nan
nan
nan
nan
1.000000
nan
nan
0.810000
nan
0.649000
nan
nan
0.202000
0.612000
nan
nan
nan
nan
nan
nan
nan
0.280000
0.239000
nan
0.327000
nan
0.275000
0.529000
0.529000
nan
nan
0.202000
nan
nan
nan
nan
nan
nan
nan
nan
nan
0.291000
0.275000
0.467000
0.493000
nan
0.363000
nan
nan
nan
nan
nan
nan
nan
nan
nan
0.436000
nan
nan
nan
0.120000
