Coverage: 8854.335260
nan
0.118000
0.509000
nan
nan
nan
0.305000
nan
nan
0.138000
0.138000
0.603000
0.451000
0.118000
0.174000
nan
0.138000
nan
0.145000
0.118000
0.254000
0.349000
0.182000
0.189000
0.233000
nan
0.269000
0.378000
nan
nan
0.545000
nan
0.487000
nan
nan
0.240000
0.218000
0.451000
nan
nan
nan
0.887000
0.356000
0.574000
0.334000
0.691000
0.443000
0.712000
0.545000
nan
nan
nan
0.364000
nan
nan
nan
nan
0.647000
0.603000
nan
nan
0.407000
0.632000
nan
nan
nan
nan
nan
nan
0.480000
0.436000
nan
nan
0.996000
nan
0.574000
nan
nan
nan
nan
0.822000
1.000000
nan
nan
nan
nan
1.000000
nan
nan
nan
0.967000
1.000000
nan
nan
nan
nan
nan
nan
nan
0.683000
nan
0.458000
0.698000
0.349000
nan
nan
0.858000
0.502000
nan
0.393000
0.632000
0.553000
nan
0.596000
0.800000
0.654000
0.720000
nan
nan
0.792000
nan
0.771000
nan
nan
nan
0.822000
nan
nan
0.429000
nan
0.233000
0.494000
0.356000
nan
nan
0.509000
0.640000
0.342000
0.632000
nan
nan
0.734000
0.349000
0.393000
nan
nan
0.217000
nan
nan
0.647000
0.698000
0.487000
0.378000
nan
0.217000
nan
0.509000
nan
nan
0.836000
nan
0.603000
nan
nan
nan
0.683000
0.683000
nan
nan
0.429000
0.640000
0.269000
0.217000
