Coverage: 15467.692308
0.198000
0.198000
0.641000
0.415000
nan
nan
nan
0.289000
nan
nan
0.531000
nan
nan
0.387000
nan
0.277000
0.415000
0.398000
0.854000
nan
nan
0.352000
nan
nan
nan
0.767000
nan
0.623000
0.525000
0.444000
nan
0.508000
0.571000
1.000000
nan
0.450000
0.658000
nan
nan
nan
0.364000
nan
0.641000
nan
0.877000
nan
0.519000
0.554000
0.548000
nan
nan
nan
0.410000
nan
nan
nan
0.612000
nan
0.652000
0.629000
0.617000
nan
nan
nan
0.675000
nan
nan
nan
0.502000
0.323000
0.271000
0.242000
nan
nan
nan
nan
0.964000
0.594000
0.629000
0.542000
nan
nan
0.198000
nan
nan
nan
1.000000
nan
nan
nan
nan
nan
nan
nan
nan
nan
1.000000
0.462000
0.473000
0.525000
0.981000
nan
nan
0.632000
nan
nan
0.480000
nan
0.421000
nan
nan
0.548000
nan
nan
nan
0.489000
0.492000
nan
0.410000
0.380000
0.671000
0.492000
0.247000
0.306000
0.436000
nan
0.511000
0.533000
0.481000
0.806000
0.418000
nan
nan
0.996000
nan
1.000000
nan
nan
nan
0.317000
0.709000
0.522000
nan
0.597000
nan
0.414000
nan
0.440000
nan
0.571000
0.518000
0.735000
0.895000
0.354000
nan
0.746000
0.794000
nan
nan
0.836000
0.712000
nan
nan
nan
nan
0.701000
1.000000
nan
0.265000
0.247000
nan
nan
nan
0.615000
0.548000
0.597000
nan
nan
0.261000
nan
nan
0.257000
nan
0.492000
nan
nan
0.645000
nan
1.000000
nan
0.884000
nan
0.712000
nan
0.247000
