Coverage: 12290.797546
nan
nan
nan
nan
0.007000
nan
0.021000
nan
0.007000
0.007000
0.014000
nan
0.007000
0.007000
0.326000
0.035000
0.028000
0.007000
nan
0.028000
nan
nan
nan
0.014000
0.057000
0.177000
0.340000
nan
0.163000
0.298000
nan
0.248000
nan
0.333000
nan
0.163000
0.454000
nan
nan
0.482000
0.496000
0.340000
nan
0.213000
nan
nan
nan
nan
nan
0.446000
nan
nan
0.305000
nan
nan
nan
0.546000
0.829000
0.588000
nan
nan
0.602000
0.595000
nan
nan
0.574000
nan
nan
0.815000
0.914000
nan
nan
nan
0.737000
nan
nan
1.000000
nan
nan
0.617000
0.744000
0.645000
0.836000
nan
nan
nan
0.666000
0.758000
0.893000
nan
0.865000
1.000000
1.000000
0.680000
nan
0.836000
0.311000
nan
nan
nan
0.292000
nan
nan
0.995000
nan
nan
nan
1.000000
nan
0.985000
nan
nan
0.816000
nan
nan
0.778000
0.698000
0.684000
nan
nan
0.858000
nan
0.698000
0.603000
0.490000
nan
0.533000
0.750000
nan
0.504000
0.613000
0.632000
nan
nan
1.000000
0.282000
0.282000
0.391000
0.636000
0.995000
nan
nan
nan
nan
0.382000
0.282000
0.585000
0.467000
0.288000
0.901000
nan
nan
0.844000
nan
0.632000
nan
nan
0.354000
0.401000
0.627000
nan
nan
nan
0.603000
0.377000
0.561000
0.490000
nan
1.000000
0.858000
nan
0.443000
0.368000
0.349000
nan
0.750000
0.820000
nan
nan
nan
0.462000
nan
nan
0.344000
0.778000
0.740000
nan
0.668000
nan
nan
0.776000
0.571000
0.916000
0.619000
0.743000
0.808000
nan
0.894000
nan
nan
nan
0.285000
0.593000
0.339000
0.711000
0.652000
nan
0.792000
nan
0.889000
nan
0.652000
0.485000
nan
nan
0.485000
nan
nan
0.953000
0.512000
nan
nan
nan
nan
nan
0.372000
0.277000
1.000000
nan
0.991000
nan
0.312000
0.277000
0.803000
nan
nan
nan
0.630000
nan
nan
1.000000
nan
0.862000
0.851000
nan
0.307000
0.458000
0.765000
nan
nan
nan
0.277000
0.442000
0.501000
0.873000
nan
0.733000
0.835000
1.000000
nan
nan
0.883000
nan
nan
0.409000
0.485000
nan
0.528000
0.765000
0.830000
nan
0.625000
nan
0.452000
nan
0.722000
0.432000
nan
0.207000
0.528000
0.456000
0.666000
0.690000
nan
0.715000
nan
nan
nan
nan
0.770000
nan
nan
nan
nan
0.449000
0.677000
0.411000
nan
0.701000
1.000000
0.411000
0.508000
0.476000
0.625000
0.708000
nan
nan
nan
nan
0.690000
nan
0.539000
0.501000
nan
0.463000
0.656000
0.590000
nan
0.608000
nan
nan
nan
nan
1.000000
0.653000
nan
0.587000
0.476000
0.701000
nan
0.639000
0.684000
0.452000
0.518000
1.000000
0.480000
0.487000
0.504000
0.400000
nan
0.497000
nan
0.994000
nan
0.249000
0.207000
0.207000
nan
0.363000
0.207000
0.352000
0.390000
nan
nan
0.338000
0.280000
nan
nan
nan
nan
nan
nan
0.513000
nan
nan
0.980000
0.706000
nan
0.689000
0.517000
1.000000
nan
0.611000
0.882000
nan
nan
0.740000
nan
0.571000
nan
nan
nan
nan
0.672000
nan
nan
nan
0.811000
nan
nan
nan
0.730000
0.615000
0.571000
0.601000
nan
nan
nan
nan
nan
0.489000
0.581000
nan
0.441000
0.424000
0.700000
nan
0.689000
nan
0.452000
0.598000
nan
nan
0.424000
0.345000
0.363000
nan
nan
nan
nan
0.784000
nan
nan
nan
nan
nan
nan
0.852000
0.876000
nan
nan
nan
nan
0.625000
0.571000
0.414000
0.659000
0.475000
nan
0.564000
nan
nan
nan
nan
0.903000
0.435000
nan
0.397000
0.339000
nan
nan
0.499000
0.764000
nan
nan
0.961000
nan
nan
nan
0.737000
0.849000
nan
0.784000
nan
nan
0.339000
1.000000
1.000000
0.832000
0.751000
0.939000
0.662000
0.690000
1.000000
nan
0.478000
nan
0.330000
0.584000
0.379000
0.553000
0.498000
0.761000
nan
nan
nan
nan
nan
nan
