Coverage: 6588.311688
nan
0.066000
nan
nan
nan
0.066000
0.233000
nan
nan
0.066000
nan
0.066000
nan
nan
nan
0.158000
nan
nan
0.382000
0.482000
1.000000
nan
0.083000
0.083000
0.116000
nan
0.166000
nan
0.141000
0.075000
0.166000
nan
0.208000
0.191000
nan
0.606000
0.573000
nan
0.615000
0.698000
nan
0.714000
nan
nan
nan
1.000000
nan
0.349000
0.224000
nan
nan
nan
0.224000
nan
nan
nan
nan
nan
nan
0.556000
0.963000
nan
nan
nan
0.449000
0.341000
0.419000
nan
nan
1.000000
nan
0.874000
nan
0.665000
0.219000
nan
nan
nan
nan
0.464000
0.692000
nan
0.601000
0.410000
0.410000
nan
nan
nan
0.428000
0.401000
nan
0.583000
0.936000
0.647000
0.936000
0.565000
nan
0.382000
0.537000
nan
nan
0.654000
0.753000
nan
nan
nan
nan
0.802000
nan
0.911000
0.515000
nan
nan
nan
0.693000
0.575000
0.495000
nan
nan
0.475000
0.337000
nan
nan
nan
nan
0.376000
0.644000
nan
0.446000
0.456000
0.763000
nan
nan
0.525000
nan
0.872000
nan
0.436000
0.317000
0.495000
0.147000
0.168000
nan
0.475000
0.416000
0.287000
nan
nan
0.238000
0.684000
0.456000
0.584000
0.147000
0.147000
