Coverage: 4743.127962
0.083000
nan
nan
0.083000
nan
0.115000
0.083000
0.090000
nan
0.166000
0.141000
nan
nan
0.128000
nan
nan
0.307000
0.243000
0.256000
0.256000
0.230000
0.179000
0.243000
0.346000
0.192000
0.474000
0.333000
0.166000
0.384000
0.307000
nan
nan
0.896000
0.435000
nan
0.487000
nan
nan
nan
nan
0.551000
0.461000
0.487000
0.602000
nan
nan
0.666000
0.960000
0.346000
0.499000
nan
nan
0.448000
nan
nan
nan
0.282000
nan
nan
0.538000
0.230000
nan
nan
nan
1.000000
nan
1.000000
nan
0.691000
0.986000
nan
nan
0.807000
0.525000
0.627000
1.000000
0.230000
0.397000
0.307000
nan
nan
0.333000
nan
nan
0.896000
nan
1.000000
1.000000
0.582000
0.446000
nan
nan
nan
0.334000
0.359000
0.619000
0.607000
0.966000
nan
nan
nan
nan
nan
nan
nan
0.557000
nan
0.433000
0.246000
0.246000
nan
nan
nan
nan
0.458000
nan
nan
nan
nan
nan
nan
0.701000
0.674000
nan
0.701000
0.351000
0.418000
0.459000
nan
nan
nan
nan
0.566000
0.580000
nan
1.000000
nan
0.634000
0.539000
nan
0.337000
0.647000
0.674000
0.917000
0.283000
0.620000
0.432000
nan
0.337000
nan
nan
0.539000
nan
nan
0.917000
nan
0.512000
nan
nan
0.890000
nan
0.904000
nan
0.405000
0.337000
0.405000
0.262000
nan
nan
nan
0.351000
0.283000
0.539000
0.620000
nan
nan
nan
nan
nan
0.499000
0.418000
nan
0.674000
0.715000
0.438000
nan
1.000000
nan
nan
0.261000
nan
0.963000
nan
nan
nan
nan
nan
nan
0.321000
0.744000
0.934000
1.000000
0.452000
0.729000
nan
nan
nan
0.525000
0.686000
0.261000
0.261000
