Coverage: 1419.473684
0.000000
0.000000
0.311000
0.248000
nan
nan
nan
0.497000
nan
nan
0.186000
0.062000
nan
0.248000
0.248000
0.621000
0.497000
nan
0.248000
nan
nan
0.373000
nan
nan
nan
0.062000
0.621000
0.000000
0.311000
nan
nan
0.000000
0.124000
nan
nan
1.000000
0.000000
nan
nan
nan
0.621000
nan
nan
nan
0.497000
nan
nan
nan
0.373000
nan
nan
nan
0.186000
nan
nan
nan
nan
0.124000
0.621000
0.000000
0.435000
0.062000
nan
0.932000
0.186000
0.559000
0.248000
nan
nan
0.248000
0.186000
nan
nan
0.311000
nan
nan
nan
nan
nan
0.501000
nan
nan
nan
0.701000
nan
0.843000
nan
nan
nan
0.651000
0.351000
0.301000
nan
0.651000
0.301000
0.601000
0.200000
0.701000
nan
nan
0.301000
nan
nan
0.824000
0.114000
nan
0.343000
0.267000
0.533000
0.305000
nan
nan
0.190000
nan
nan
nan
nan
1.000000
nan
nan
nan
nan
nan
nan
nan
0.457000
0.495000
1.000000
nan
nan
nan
nan
nan
nan
0.495000
0.055000
nan
0.381000
0.076000
nan
0.495000
nan
0.229000
nan
0.076000
0.190000
nan
0.419000
0.076000
nan
nan
0.076000
nan
nan
0.610000
0.381000
nan
nan
nan
nan
0.305000
0.267000
nan
0.495000
0.305000
nan
nan
0.190000
1.000000
0.229000
nan
nan
nan
0.076000
nan
nan
nan
nan
0.381000
nan
nan
0.495000
0.114000
0.055000
nan
nan
nan
0.571000
nan
0.055000
