Coverage: 45681.627907
0.064000
0.064000
0.432000
nan
0.363000
0.331000
0.477000
nan
0.444000
nan
nan
nan
nan
0.296000
0.420000
nan
nan
0.264000
nan
0.467000
0.520000
nan
nan
0.238000
nan
0.466000
nan
nan
0.450000
nan
0.416000
0.506000
nan
nan
nan
0.334000
0.083000
nan
0.496000
0.373000
nan
0.348000
nan
0.524000
nan
0.563000
nan
0.695000
nan
nan
nan
nan
0.302000
nan
nan
nan
0.450000
0.691000
1.000000
0.702000
0.593000
nan
nan
0.890000
nan
1.000000
1.000000
nan
nan
nan
nan
nan
nan
nan
nan
0.900000
0.527000
nan
0.722000
nan
nan
nan
nan
nan
nan
nan
0.433000
nan
nan
nan
0.247000
nan
nan
nan
nan
0.265000
0.064000
nan
0.400000
nan
nan
nan
0.125000
0.129000
nan
0.066000
0.147000
0.091000
0.163000
0.220000
0.099000
nan
0.102000
nan
0.101000
nan
0.408000
nan
nan
0.581000
nan
0.205000
nan
nan
0.166000
nan
nan
nan
nan
nan
0.114000
0.132000
nan
0.206000
nan
nan
0.628000
0.589000
nan
nan
0.737000
nan
nan
nan
nan
1.000000
nan
nan
nan
nan
nan
nan
0.379000
nan
nan
nan
nan
nan
0.233000
nan
0.599000
nan
nan
0.718000
0.744000
nan
nan
nan
nan
1.000000
nan
nan
nan
nan
nan
nan
nan
1.000000
0.688000
nan
0.463000
nan
nan
nan
0.096000
nan
0.721000
nan
0.679000
nan
nan
nan
0.427000
0.526000
nan
0.618000
nan
nan
0.467000
0.570000
nan
nan
0.749000
0.715000
0.535000
0.484000
nan
nan
0.895000
nan
0.815000
0.248000
0.176000
0.214000
0.119000
0.096000
0.096000
0.152000
0.197000
0.464000
0.689000
nan
nan
nan
0.997000
0.804000
0.718000
0.544000
0.336000
0.279000
nan
0.281000
nan
nan
0.459000
0.949000
0.299000
0.250000
nan
nan
nan
nan
nan
nan
0.256000
nan
0.344000
nan
0.234000
nan
0.426000
nan
0.854000
nan
nan
nan
0.248000
nan
nan
0.368000
nan
nan
nan
nan
nan
nan
nan
nan
nan
0.298000
0.310000
nan
0.305000
nan
nan
1.000000
nan
nan
0.993000
0.397000
0.407000
nan
0.322000
nan
nan
nan
0.220000
nan
nan
0.216000
0.203000
nan
nan
nan
0.813000
1.000000
nan
0.623000
nan
nan
0.669000
nan
nan
0.762000
nan
nan
nan
0.203000
nan
0.203000
nan
nan
0.217000
0.337000
nan
nan
0.401000
0.392000
0.536000
1.000000
0.463000
nan
0.471000
0.486000
nan
0.686000
0.439000
nan
0.707000
0.828000
0.603000
nan
nan
nan
0.518000
nan
0.310000
0.483000
0.282000
nan
0.561000
nan
0.250000
nan
0.276000
nan
nan
nan
0.291000
0.189000
nan
0.178000
0.221000
nan
0.240000
0.209000
0.252000
0.410000
0.449000
nan
0.447000
0.525000
nan
nan
nan
nan
0.854000
nan
nan
nan
0.566000
nan
0.435000
nan
1.000000
0.186000
nan
0.129000
1.000000
nan
0.220000
nan
0.448000
0.348000
0.414000
nan
0.353000
0.359000
0.576000
1.000000
nan
0.577000
0.868000
nan
nan
0.649000
nan
0.893000
nan
nan
0.371000
0.260000
0.383000
nan
0.379000
nan
nan
0.458000
0.418000
nan
nan
nan
0.180000
nan
nan
0.296000
nan
nan
nan
nan
nan
0.393000
0.945000
nan
nan
0.959000
nan
nan
0.129000
0.129000
