Coverage: 487.323944
nan
0.000000
nan
nan
0.440000
0.879000
0.440000
nan
1.000000
0.000000
0.000000
nan
0.000000
nan
0.879000
0.440000
nan
nan
0.000000
0.000000
0.000000
nan
nan
nan
nan
nan
0.440000
nan
nan
0.000000
0.000000
0.440000
0.000000
nan
nan
nan
0.220000
nan
0.879000
nan
0.440000
0.879000
0.220000
0.000000
nan
nan
0.220000
nan
0.000000
nan
nan
nan
0.000000
nan
nan
nan
nan
nan
nan
nan
nan
nan
1.000000
nan
nan
nan
nan
1.000000
nan
nan
0.000000
nan
0.000000
0.440000
nan
nan
nan
nan
0.000000
0.000000
nan
0.000000
nan
nan
0.440000
nan
nan
nan
nan
nan
0.440000
nan
nan
nan
0.879000
nan
nan
nan
0.659000
0.440000
nan
nan
0.440000
nan
nan
0.440000
0.440000
nan
0.879000
0.000000
0.440000
0.000000
0.000000
0.000000
nan
0.000000
0.000000
0.360000
nan
nan
nan
0.000000
0.360000
0.901000
nan
0.000000
0.360000
0.360000
nan
nan
nan
0.000000
nan
nan
nan
nan
nan
0.000000
0.000000
0.541000
0.000000
1.000000
0.000000
nan
0.000000
0.541000
0.360000
nan
0.721000
nan
nan
0.000000
nan
0.360000
nan
0.000000
0.721000
0.000000
nan
0.360000
nan
0.360000
nan
0.000000
0.000000
0.360000
nan
nan
nan
nan
0.901000
nan
0.360000
nan
0.721000
1.000000
nan
nan
nan
nan
nan
0.901000
nan
0.000000
0.000000
0.721000
0.360000
1.000000
nan
0.541000
0.000000
nan
nan
0.000000
0.000000
0.000000
nan
nan
nan
0.000000
0.180000
0.000000
nan
nan
nan
0.000000
nan
nan
nan
nan
nan
0.000000
nan
