Coverage: 2184.126984
0.164000
nan
0.602000
0.274000
nan
0.465000
0.301000
0.602000
0.192000
nan
0.301000
nan
0.246000
nan
nan
nan
0.356000
0.192000
nan
0.164000
0.739000
0.274000
nan
nan
nan
nan
0.164000
nan
nan
nan
nan
0.575000
0.410000
0.793000
nan
nan
0.629000
1.000000
0.821000
0.547000
0.492000
nan
nan
nan
nan
nan
0.192000
nan
0.465000
nan
nan
nan
0.301000
nan
nan
0.821000
1.000000
0.711000
nan
0.657000
nan
0.547000
0.793000
nan
0.657000
nan
nan
nan
nan
nan
nan
nan
nan
nan
nan
nan
0.657000
0.985000
1.000000
0.766000
0.575000
0.821000
nan
nan
0.793000
nan
0.356000
0.465000
0.903000
0.657000
0.602000
nan
nan
nan
0.162000
nan
nan
nan
0.621000
0.918000
nan
0.891000
0.783000
0.826000
nan
0.826000
nan
0.479000
nan
nan
nan
0.346000
nan
0.399000
0.506000
0.666000
nan
nan
0.639000
nan
0.985000
1.000000
nan
0.426000
nan
0.107000
nan
nan
0.133000
nan
nan
0.107000
nan
nan
nan
0.506000
1.000000
0.240000
nan
0.666000
0.293000
nan
nan
1.000000
0.506000
0.453000
0.479000
0.453000
nan
0.426000
nan
0.240000
0.932000
nan
nan
0.107000
nan
nan
0.240000
0.293000
nan
nan
nan
nan
nan
0.213000
0.293000
0.533000
0.373000
nan
nan
nan
0.213000
0.320000
0.320000
0.426000
0.266000
0.107000
0.373000
nan
nan
nan
nan
0.320000
0.586000
0.373000
0.107000
nan
nan
