Coverage: 5927.419355
0.175000
nan
0.314000
nan
0.254000
0.193000
nan
nan
nan
0.399000
0.375000
nan
0.350000
nan
0.254000
0.447000
0.459000
nan
0.193000
nan
nan
0.350000
nan
nan
0.290000
0.218000
nan
nan
0.411000
0.665000
0.338000
0.532000
nan
0.290000
nan
nan
0.399000
0.175000
nan
0.665000
0.532000
0.906000
0.604000
1.000000
0.701000
0.532000
0.181000
0.278000
nan
0.175000
nan
nan
0.556000
0.483000
nan
nan
nan
0.314000
0.447000
nan
nan
nan
nan
0.749000
0.665000
0.749000
0.677000
nan
nan
nan
nan
nan
nan
0.761000
0.495000
nan
nan
nan
0.520000
nan
0.592000
1.000000
nan
0.447000
nan
0.798000
0.967000
0.798000
1.000000
nan
0.495000
nan
nan
0.744000
0.528000
nan
0.405000
0.518000
0.575000
nan
0.565000
nan
0.688000
0.772000
0.377000
nan
nan
nan
nan
0.311000
nan
nan
nan
nan
0.933000
1.000000
nan
nan
0.820000
0.528000
0.603000
nan
0.641000
0.575000
1.000000
nan
nan
nan
0.744000
nan
0.876000
nan
nan
0.584000
0.744000
nan
nan
0.782000
nan
nan
0.528000
nan
0.509000
nan
nan
0.433000
0.349000
nan
0.735000
nan
0.697000
nan
0.283000
nan
0.292000
0.339000
1.000000
0.838000
0.277000
0.575000
0.810000
0.358000
0.292000
nan
nan
0.277000
nan
0.443000
nan
nan
0.659000
0.301000
0.480000
0.782000
nan
nan
0.277000
nan
nan
0.452000
nan
0.339000
nan
0.876000
nan
nan
