Coverage: 7583.870968
0.070000
nan
nan
nan
nan
nan
nan
nan
nan
0.070000
nan
0.127000
0.104000
0.070000
0.104000
nan
0.081000
0.220000
nan
0.093000
nan
nan
0.290000
0.162000
0.104000
nan
0.070000
0.406000
0.116000
0.104000
nan
0.151000
0.267000
nan
nan
0.313000
0.255000
nan
0.301000
nan
nan
0.278000
0.463000
0.371000
0.545000
0.463000
0.278000
nan
nan
nan
nan
nan
0.243000
nan
nan
nan
0.301000
nan
0.730000
0.672000
nan
0.637000
nan
0.568000
0.336000
0.788000
0.487000
nan
0.603000
0.823000
nan
nan
0.915000
0.660000
0.510000
0.545000
nan
0.765000
0.800000
0.765000
nan
nan
nan
nan
nan
nan
0.151000
0.962000
nan
nan
nan
1.000000
1.000000
nan
1.000000
nan
0.377000
0.342000
0.370000
0.414000
0.408000
0.342000
nan
0.482000
0.525000
nan
0.383000
nan
0.463000
nan
0.803000
nan
nan
nan
nan
nan
0.513000
0.543000
0.438000
nan
nan
0.722000
nan
0.525000
nan
nan
0.821000
nan
nan
0.784000
nan
0.797000
0.716000
nan
0.414000
nan
nan
nan
0.611000
0.500000
0.352000
0.574000
0.500000
0.488000
nan
nan
0.457000
1.000000
nan
nan
0.414000
0.494000
nan
1.000000
0.469000
nan
0.611000
0.784000
0.735000
0.624000
1.000000
0.568000
0.969000
0.692000
0.902000
nan
nan
nan
0.605000
nan
nan
nan
0.877000
nan
nan
0.506000
0.611000
0.580000
0.342000
nan
0.753000
nan
0.673000
nan
0.519000
nan
nan
0.394000
nan
0.581000
0.602000
0.342000
nan
nan
nan
0.404000
nan
nan
nan
nan
0.622000
nan
0.384000
0.659000
nan
0.332000
0.321000
0.467000
nan
0.534000
0.752000
nan
nan
0.353000
nan
0.236000
nan
nan
nan
nan
nan
0.436000
nan
0.399000
1.000000
nan
nan
nan
nan
nan
0.830000
0.679000
0.285000
0.236000
nan
0.259000
0.493000
0.244000
nan
nan
0.648000
nan
0.482000
0.586000
nan
nan
0.239000
0.633000
nan
0.980000
nan
nan
0.804000
0.529000
nan
nan
nan
0.498000
0.762000
0.695000
0.581000
nan
0.524000
0.236000
0.705000
0.773000
nan
nan
0.876000
nan
1.000000
nan
0.866000
0.638000
0.617000
nan
nan
1.000000
0.306000
0.332000
nan
nan
nan
nan
nan
0.824000
0.890000
0.290000
0.824000
0.481000
nan
0.804000
nan
nan
nan
nan
0.969000
nan
nan
1.000000
1.000000
0.653000
nan
0.363000
0.943000
nan
nan
nan
nan
nan
0.989000
nan
0.580000
nan
nan
0.396000
nan
nan
0.481000
nan
nan
0.666000
nan
0.706000
nan
1.000000
0.903000
nan
0.640000
nan
nan
0.791000
nan
0.272000
0.719000
0.620000
nan
nan
nan
nan
nan
nan
nan
nan
0.772000
nan
0.732000
0.877000
nan
nan
nan
0.890000
0.725000
0.561000
0.633000
nan
nan
0.475000
0.732000
0.963000
0.607000
nan
nan
nan
nan
0.521000
nan
nan
nan
0.692000
nan
0.330000
0.349000
nan
0.356000
0.534000
0.586000
0.291000
0.306000
nan
nan
nan
nan
nan
0.676000
0.358000
0.643000
0.822000
nan
nan
nan
nan
0.962000
nan
0.310000
nan
0.417000
0.475000
0.465000
0.294000
0.523000
nan
nan
nan
0.775000
0.610000
nan
nan
0.862000
nan
0.862000
nan
0.349000
0.359000
nan
0.294000
0.630000
0.698000
nan
nan
nan
0.736000
0.572000
1.000000
1.000000
nan
0.630000
0.543000
nan
nan
nan
0.814000
0.921000
0.833000
0.543000
0.891000
nan
0.484000
nan
nan
0.746000
0.901000
0.688000
nan
0.717000
0.853000
nan
0.533000
0.669000
nan
nan
nan
0.562000
0.814000
nan
0.959000
0.523000
0.707000
nan
0.294000
0.543000
0.455000
nan
nan
nan
