Coverage: 2366.666667
0.157000
nan
nan
0.455000
nan
0.250000
nan
0.523000
0.455000
0.182000
0.432000
0.545000
0.227000
0.432000
0.477000
nan
0.409000
0.318000
nan
nan
0.157000
0.157000
nan
0.227000
0.614000
nan
0.659000
0.886000
0.227000
0.386000
1.000000
0.364000
nan
0.545000
0.750000
0.568000
nan
0.750000
0.386000
0.682000
0.773000
0.750000
0.318000
nan
nan
nan
0.341000
0.614000
nan
0.523000
nan
nan
0.591000
nan
nan
nan
1.000000
nan
0.409000
nan
0.318000
0.250000
0.318000
nan
nan
nan
nan
0.455000
0.795000
nan
nan
nan
0.614000
1.000000
nan
nan
nan
nan
0.568000
0.477000
nan
nan
0.477000
1.000000
0.886000
nan
0.705000
nan
nan
0.682000
nan
nan
nan
1.000000
nan
0.893000
0.752000
nan
0.447000
0.893000
0.682000
nan
nan
nan
nan
nan
0.517000
0.917000
nan
nan
0.726000
nan
nan
0.822000
nan
1.000000
nan
0.726000
1.000000
nan
0.750000
nan
0.653000
nan
nan
0.314000
0.822000
0.314000
0.701000
0.581000
nan
0.726000
0.919000
0.556000
0.484000
0.994000
0.556000
0.701000
nan
0.919000
0.677000
nan
nan
nan
0.314000
0.653000
nan
nan
nan
0.774000
0.750000
0.290000
0.556000
0.387000
nan
nan
nan
0.411000
0.629000
0.194000
0.339000
0.701000
nan
nan
0.167000
nan
nan
0.242000
0.167000
0.314000
nan
0.266000
0.194000
0.363000
0.249000
nan
0.498000
0.398000
0.597000
nan
0.373000
0.174000
0.199000
0.348000
nan
nan
0.199000
nan
0.147000
