Coverage: 30577.556110
0.173000
nan
nan
0.607000
0.551000
0.699000
0.839000
0.995000
nan
nan
0.845000
nan
nan
nan
0.666000
0.572000
nan
0.837000
nan
0.190000
0.253000
0.225000
0.173000
0.363000
0.782000
nan
nan
0.595000
0.470000
nan
0.653000
nan
nan
nan
nan
nan
0.816000
nan
0.772000
0.908000
nan
nan
nan
0.482000
nan
0.680000
1.000000
0.691000
0.833000
1.000000
nan
nan
1.000000
nan
nan
nan
0.490000
0.801000
0.398000
0.526000
0.301000
0.522000
0.609000
nan
nan
0.455000
0.478000
0.432000
0.553000
0.286000
nan
0.534000
0.330000
0.474000
0.501000
0.465000
nan
0.173000
0.175000
nan
nan
nan
nan
nan
nan
nan
nan
0.503000
0.657000
nan
0.568000
0.438000
nan
0.700000
0.572000
nan
0.476000
nan
0.634000
0.476000
0.493000
nan
0.385000
nan
nan
0.544000
nan
0.627000
0.782000
0.468000
0.517000
0.776000
0.485000
0.457000
nan
0.366000
nan
nan
0.262000
0.157000
0.149000
nan
0.583000
nan
0.189000
0.194000
0.187000
nan
nan
0.215000
nan
0.902000
0.413000
0.478000
nan
nan
nan
nan
nan
0.721000
0.632000
nan
0.164000
0.147000
nan
nan
nan
nan
nan
nan
0.279000
1.000000
0.782000
nan
0.359000
0.389000
0.193000
0.561000
0.621000
nan
nan
0.177000
0.049000
0.155000
nan
nan
nan
0.234000
1.000000
1.000000
nan
nan
nan
nan
0.049000
0.051000
0.049000
nan
0.172000
nan
0.445000
0.825000
0.496000
0.522000
nan
nan
0.757000
nan
nan
0.643000
nan
0.601000
nan
0.491000
0.592000
nan
0.389000
nan
nan
nan
nan
nan
0.417000
1.000000
0.533000
nan
0.200000
0.116000
0.170000
nan
nan
nan
0.750000
nan
0.338000
0.445000
0.655000
nan
0.666000
nan
nan
nan
0.101000
nan
0.101000
0.101000
0.256000
nan
nan
0.496000
0.913000
0.335000
nan
nan
0.238000
nan
nan
nan
0.641000
0.941000
0.517000
nan
nan
1.000000
0.601000
1.000000
nan
0.375000
0.398000
0.510000
0.519000
0.496000
nan
nan
0.114000
0.743000
nan
nan
0.622000
nan
0.783000
nan
0.766000
0.685000
nan
nan
0.871000
0.662000
nan
nan
0.664000
nan
nan
0.433000
0.481000
0.712000
nan
nan
0.392000
nan
0.377000
nan
0.613000
0.569000
nan
nan
nan
nan
0.624000
0.560000
nan
0.553000
0.555000
0.601000
0.741000
0.527000
0.468000
0.767000
nan
0.368000
0.343000
0.477000
0.702000
nan
0.543000
0.345000
nan
0.242000
0.322000
0.233000
nan
0.263000
0.190000
nan
0.191000
nan
nan
1.000000
0.644000
nan
0.951000
nan
nan
nan
0.190000
nan
0.550000
nan
nan
nan
nan
nan
0.387000
nan
0.767000
nan
nan
nan
1.000000
nan
0.497000
0.776000
nan
nan
nan
0.599000
0.997000
nan
nan
0.730000
nan
nan
nan
0.306000
nan
nan
nan
nan
0.297000
nan
nan
0.877000
nan
nan
nan
nan
nan
0.953000
1.000000
nan
0.341000
nan
0.946000
0.910000
nan
nan
0.230000
nan
nan
nan
nan
nan
0.743000
0.725000
nan
nan
nan
0.633000
0.735000
nan
nan
0.684000
0.873000
nan
nan
nan
0.769000
0.689000
nan
nan
0.176000
