Coverage: 2357.837838
nan
nan
nan
0.175000
0.125000
nan
0.400000
0.150000
nan
nan
0.325000
0.225000
0.325000
nan
0.500000
0.125000
nan
nan
0.125000
0.175000
nan
nan
0.400000
0.325000
0.675000
nan
nan
nan
0.200000
0.225000
0.400000
nan
nan
nan
0.175000
nan
nan
nan
nan
0.375000
nan
0.600000
0.850000
0.350000
0.125000
0.275000
0.225000
nan
nan
nan
nan
nan
0.175000
nan
nan
nan
nan
nan
0.350000
nan
0.475000
nan
nan
nan
nan
0.875000
nan
nan
nan
nan
1.000000
nan
0.650000
0.775000
nan
nan
1.000000
0.375000
0.725000
nan
nan
0.600000
nan
nan
0.853000
nan
nan
nan
nan
nan
0.948000
0.450000
nan
0.664000
nan
nan
nan
nan
0.829000
nan
nan
1.000000
0.782000
0.853000
0.616000
0.735000
0.687000
0.853000
nan
nan
nan
nan
nan
0.261000
nan
nan
0.403000
nan
nan
nan
0.336000
0.269000
0.187000
nan
nan
nan
nan
nan
0.963000
0.649000
0.784000
nan
0.717000
0.403000
nan
nan
0.806000
0.515000
nan
0.560000
nan
0.941000
0.806000
nan
nan
0.187000
0.224000
0.314000
nan
nan
0.314000
1.000000
0.717000
0.717000
0.627000
0.873000
0.582000
0.560000
nan
0.470000
0.739000
nan
0.426000
nan
0.358000
nan
0.470000
0.515000
nan
1.000000
nan
0.605000
nan
nan
nan
nan
nan
0.761000
0.515000
0.470000
nan
nan
nan
nan
0.187000
