Coverage: 10979.752066
0.027000
0.027000
0.107000
0.197000
nan
0.205000
0.090000
0.066000
nan
0.164000
0.189000
0.287000
nan
0.279000
nan
0.148000
0.238000
0.156000
0.107000
0.172000
nan
nan
nan
0.115000
nan
0.082000
0.123000
0.238000
nan
nan
nan
nan
nan
nan
0.312000
0.378000
0.337000
nan
0.197000
0.345000
nan
nan
nan
0.246000
0.435000
0.452000
nan
nan
nan
nan
nan
nan
0.337000
0.402000
nan
nan
0.172000
0.378000
0.411000
nan
nan
nan
0.731000
0.674000
0.977000
0.320000
nan
0.189000
nan
0.148000
1.000000
0.575000
0.460000
1.000000
nan
0.027000
nan
0.049000
nan
0.624000
0.674000
nan
nan
1.000000
0.961000
nan
0.747000
nan
0.415000
nan
0.530000
nan
0.391000
0.270000
nan
0.207000
0.236000
0.530000
0.588000
nan
nan
nan
nan
0.569000
0.670000
nan
nan
nan
0.506000
0.492000
nan
nan
nan
nan
0.386000
0.492000
nan
0.632000
0.902000
nan
0.771000
nan
nan
nan
nan
0.347000
0.424000
0.473000
nan
nan
nan
nan
0.656000
0.497000
0.733000
0.926000
nan
0.424000
nan
nan
0.878000
nan
nan
nan
0.309000
0.376000
0.685000
0.482000
0.588000
0.207000
0.651000
0.463000
nan
0.497000
nan
nan
nan
1.000000
0.882000
1.000000
nan
0.574000
0.588000
nan
nan
0.906000
0.207000
0.415000
nan
nan
0.757000
nan
nan
nan
nan
0.800000
nan
nan
nan
nan
0.497000
0.680000
nan
nan
nan
nan
1.000000
nan
nan
0.540000
nan
nan
nan
0.487000
0.616000
1.000000
0.537000
0.682000
nan
nan
nan
nan
nan
0.186000
0.186000
0.915000
nan
nan
0.412000
0.295000
0.499000
0.399000
0.503000
0.682000
nan
0.832000
nan
0.562000
nan
nan
nan
0.512000
0.250000
0.200000
nan
nan
nan
nan
0.870000
nan
0.483000
0.520000
0.433000
0.466000
0.736000
0.853000
0.591000
nan
nan
0.778000
0.857000
0.458000
nan
0.620000
0.308000
0.200000
0.732000
0.720000
nan
0.903000
nan
nan
nan
nan
0.349000
nan
0.670000
nan
0.574000
nan
nan
1.000000
0.429000
0.233000
0.641000
0.503000
0.828000
1.000000
nan
nan
0.186000
0.333000
0.212000
0.620000
nan
nan
nan
0.607000
0.473000
0.810000
0.985000
nan
nan
nan
1.000000
0.861000
nan
nan
nan
0.889000
nan
0.309000
1.000000
nan
nan
nan
nan
nan
0.568000
0.641000
0.338000
0.291000
1.000000
0.759000
nan
nan
0.596000
nan
nan
nan
nan
0.291000
0.291000
0.405000
0.568000
nan
0.354000
nan
0.596000
nan
0.743000
nan
0.585000
nan
0.608000
nan
0.799000
0.866000
nan
0.585000
0.518000
0.461000
nan
nan
nan
nan
0.692000
0.788000
0.478000
nan
nan
nan
0.338000
0.321000
0.641000
nan
nan
nan
0.444000
0.681000
0.810000
0.343000
0.467000
0.568000
0.377000
0.495000
nan
0.473000
nan
0.619000
0.478000
0.703000
nan
0.658000
0.422000
0.664000
0.557000
nan
nan
0.320000
nan
0.377000
nan
nan
nan
nan
0.335000
nan
nan
nan
0.217000
0.534000
0.263000
0.313000
0.309000
nan
0.477000
nan
0.324000
0.400000
nan
nan
0.549000
nan
0.217000
0.252000
0.217000
nan
0.446000
nan
0.389000
0.201000
0.201000
0.412000
0.343000
nan
nan
nan
0.698000
0.568000
nan
0.724000
0.621000
0.839000
0.201000
0.370000
0.469000
nan
nan
nan
nan
0.884000
nan
nan
0.869000
nan
nan
0.858000
nan
1.000000
nan
nan
1.000000
nan
0.339000
nan
nan
nan
0.686000
nan
nan
nan
nan
nan
nan
0.446000
nan
nan
nan
nan
nan
0.339000
nan
nan
nan
0.945000
1.000000
nan
0.229000
nan
nan
nan
nan
0.377000
0.618000
nan
0.629000
0.606000
nan
nan
nan
nan
nan
nan
nan
0.362000
nan
0.362000
nan
nan
nan
0.648000
0.576000
nan
