Coverage: 1258.426966
0.014000
0.014000
nan
0.091000
0.030000
nan
nan
0.060000
nan
0.181000
nan
0.030000
0.014000
nan
nan
nan
0.181000
0.121000
0.121000
nan
0.181000
0.181000
nan
0.060000
0.483000
0.423000
nan
0.453000
nan
nan
nan
nan
nan
0.181000
0.060000
nan
nan
nan
nan
nan
nan
nan
nan
0.967000
nan
nan
nan
nan
0.151000
nan
nan
nan
0.242000
nan
nan
nan
0.242000
0.242000
0.363000
0.967000
nan
0.665000
nan
nan
nan
0.393000
nan
nan
0.544000
nan
0.332000
0.302000
nan
0.785000
0.967000
0.091000
0.453000
0.423000
nan
0.604000
nan
nan
1.000000
0.332000
nan
0.695000
nan
nan
nan
0.695000
nan
nan
0.272000
nan
nan
nan
1.000000
nan
nan
nan
nan
0.181000
nan
nan
0.665000
0.725000
1.000000
nan
nan
0.937000
nan
nan
0.242000
0.091000
0.479000
0.213000
0.479000
0.293000
0.559000
nan
0.719000
nan
0.746000
0.346000
0.213000
0.373000
0.186000
nan
nan
nan
0.293000
0.399000
0.506000
1.000000
0.453000
0.293000
0.133000
0.107000
0.186000
0.559000
0.479000
0.692000
nan
0.985000
0.373000
1.000000
0.346000
0.346000
nan
nan
nan
nan
0.213000
nan
nan
0.092000
nan
0.266000
1.000000
nan
0.613000
0.639000
0.666000
nan
0.186000
nan
0.133000
0.160000
nan
0.092000
0.092000
0.133000
0.213000
0.479000
nan
nan
0.573000
0.573000
0.732000
nan
0.159000
0.350000
0.573000
nan
nan
0.700000
0.963000
1.000000
nan
nan
nan
nan
nan
0.815000
0.333000
nan
0.852000
0.741000
0.852000
0.778000
nan
nan
nan
nan
0.593000
nan
0.889000
0.741000
nan
nan
nan
0.296000
1.000000
nan
1.000000
1.000000
nan
0.889000
0.815000
nan
0.556000
0.519000
nan
nan
0.963000
1.000000
0.593000
0.407000
nan
nan
nan
nan
0.667000
0.259000
nan
nan
0.926000
0.815000
0.778000
nan
0.296000
0.519000
0.667000
nan
nan
0.556000
0.815000
0.165000
nan
nan
nan
nan
0.519000
0.407000
0.519000
0.704000
nan
0.519000
0.259000
nan
0.593000
nan
0.165000
nan
nan
0.165000
nan
