Coverage: 14940.099010
nan
nan
0.055000
nan
nan
nan
nan
0.116000
0.061000
nan
0.037000
nan
nan
0.037000
0.048000
0.055000
0.037000
nan
0.089000
nan
0.116000
0.150000
0.164000
nan
nan
nan
nan
0.212000
nan
nan
0.130000
0.212000
nan
0.109000
0.164000
0.184000
nan
0.164000
0.116000
0.355000
0.321000
0.430000
nan
0.512000
0.382000
0.382000
0.205000
0.505000
0.369000
nan
nan
nan
0.198000
nan
nan
nan
nan
0.423000
nan
nan
0.485000
0.546000
nan
nan
nan
0.717000
0.744000
nan
0.731000
0.785000
nan
nan
0.826000
0.758000
nan
0.929000
nan
0.895000
nan
nan
0.656000
0.225000
0.471000
nan
nan
nan
nan
0.498000
nan
0.662000
1.000000
nan
nan
1.000000
1.000000
nan
0.642000
0.186000
nan
0.144000
nan
0.123000
nan
0.204000
0.238000
nan
nan
nan
nan
nan
0.757000
nan
0.770000
0.594000
nan
0.264000
0.254000
0.117000
nan
0.117000
0.183000
0.249000
nan
0.393000
nan
nan
nan
0.534000
nan
nan
0.652000
0.414000
nan
nan
0.885000
nan
0.301000
nan
nan
nan
nan
nan
0.573000
nan
nan
0.814000
nan
nan
nan
0.605000
nan
0.238000
0.398000
0.264000
0.398000
nan
nan
0.469000
0.463000
0.351000
0.241000
1.000000
1.000000
0.678000
1.000000
nan
0.217000
nan
nan
nan
0.209000
nan
nan
nan
0.314000
0.217000
0.207000
0.285000
nan
nan
nan
0.157000
nan
0.144000
nan
nan
nan
nan
nan
0.754000
0.490000
nan
0.780000
nan
0.233000
nan
nan
0.117000
0.838000
0.770000
1.000000
nan
0.711000
0.892000
1.000000
nan
0.446000
nan
0.368000
0.226000
nan
nan
nan
nan
nan
nan
0.465000
0.462000
1.000000
nan
nan
nan
nan
0.226000
0.439000
nan
0.817000
0.998000
nan
nan
0.995000
0.617000
nan
0.591000
nan
nan
0.307000
nan
0.782000
nan
nan
nan
0.598000
0.730000
nan
0.284000
0.598000
0.959000
nan
0.704000
nan
nan
nan
nan
nan
0.527000
nan
0.759000
nan
0.543000
0.581000
nan
0.362000
nan
nan
0.439000
nan
nan
nan
nan
nan
0.895000
nan
0.355000
0.523000
0.468000
nan
0.594000
0.552000
0.678000
0.717000
nan
nan
0.414000
0.720000
0.423000
0.585000
0.646000
nan
0.659000
nan
nan
0.497000
0.229000
0.226000
0.307000
nan
nan
nan
nan
nan
nan
0.449000
0.331000
nan
0.230000
1.000000
nan
nan
nan
nan
nan
nan
nan
nan
0.230000
nan
nan
nan
nan
0.257000
0.445000
nan
nan
nan
nan
0.695000
0.388000
0.230000
0.740000
nan
nan
0.772000
0.731000
nan
0.503000
nan
0.257000
nan
nan
nan
0.866000
nan
0.891000
nan
0.547000
nan
0.825000
nan
0.825000
0.711000
nan
nan
nan
0.789000
nan
0.507000
0.474000
0.355000
0.678000
nan
nan
0.760000
0.760000
nan
0.601000
nan
nan
0.776000
nan
nan
0.552000
nan
nan
0.449000
0.719000
0.580000
nan
0.752000
0.605000
nan
0.834000
nan
0.413000
0.539000
0.486000
0.421000
0.682000
nan
nan
nan
0.927000
0.862000
nan
nan
nan
0.797000
nan
0.968000
0.597000
0.989000
1.000000
nan
nan
nan
1.000000
0.486000
nan
0.265000
nan
1.000000
nan
0.469000
nan
nan
0.809000
nan
nan
0.216000
0.288000
nan
nan
0.249000
nan
0.220000
0.623000
0.941000
nan
0.127000
0.184000
nan
0.360000
0.823000
0.413000
nan
1.000000
0.878000
nan
0.724000
0.977000
0.174000
0.127000
0.174000
nan
nan
nan
0.151000
0.256000
nan
nan
nan
nan
nan
0.127000
nan
0.410000
nan
0.187000
nan
0.161000
nan
0.973000
nan
nan
nan
nan
nan
0.590000
0.649000
0.921000
nan
nan
nan
nan
0.708000
nan
0.347000
0.397000
0.324000
0.478000
0.639000
0.505000
nan
0.210000
0.229000
0.285000
nan
nan
nan
0.138000
nan
0.354000
nan
0.134000
nan
nan
nan
0.836000
nan
1.000000
0.691000
nan
0.501000
nan
0.839000
0.294000
nan
0.260000
nan
0.279000
0.354000
nan
nan
nan
nan
nan
0.449000
0.386000
nan
nan
0.291000
nan
nan
0.473000
0.619000
0.364000
nan
0.243000
0.284000
0.417000
nan
0.502000
nan
0.456000
0.441000
nan
0.456000
0.449000
0.437000
nan
0.357000
0.570000
0.534000
0.446000
nan
nan
0.405000
0.344000
nan
nan
nan
0.694000
0.403000
1.000000
0.352000
nan
nan
nan
0.196000
nan
0.546000
0.599000
nan
nan
nan
1.000000
0.767000
nan
nan
0.400000
0.240000
nan
0.277000
0.980000
0.653000
0.970000
1.000000
nan
0.536000
nan
0.961000
0.592000
nan
nan
nan
0.485000
0.196000
nan
0.286000
nan
nan
0.196000
nan
nan
nan
0.968000
nan
nan
0.289000
nan
nan
nan
nan
nan
0.599000
nan
