Coverage: 35535.680751
0.068000
0.068000
nan
0.076000
0.068000
0.100000
nan
0.197000
0.146000
0.149000
nan
0.231000
0.200000
0.249000
0.373000
0.343000
0.307000
0.437000
0.264000
0.495000
nan
0.407000
0.346000
nan
nan
0.531000
0.622000
0.307000
0.477000
0.422000
nan
nan
nan
nan
nan
0.650000
nan
nan
0.546000
nan
nan
0.835000
0.759000
0.680000
0.637000
nan
nan
nan
0.452000
0.613000
nan
nan
0.516000
nan
nan
nan
nan
nan
1.000000
nan
nan
0.935000
0.707000
0.886000
0.804000
1.000000
0.835000
1.000000
nan
0.222000
nan
0.121000
nan
0.416000
nan
0.792000
nan
0.231000
nan
nan
0.325000
0.200000
nan
nan
0.134000
0.911000
0.786000
0.932000
1.000000
nan
nan
nan
nan
0.222000
0.222000
nan
nan
nan
0.368000
0.427000
nan
0.541000
nan
nan
nan
0.232000
nan
0.222000
nan
0.305000
0.981000
0.928000
nan
0.759000
0.696000
nan
0.564000
nan
nan
0.509000
0.271000
0.350000
0.810000
nan
0.820000
nan
0.812000
0.775000
nan
nan
nan
nan
nan
0.796000
0.590000
nan
nan
0.507000
0.796000
0.737000
0.619000
0.971000
nan
nan
nan
nan
0.576000
nan
nan
nan
0.289000
nan
0.895000
0.775000
nan
0.930000
nan
0.826000
0.786000
nan
nan
nan
nan
nan
0.366000
nan
0.299000
nan
nan
nan
0.959000
nan
nan
0.291000
nan
0.254000
0.527000
0.397000
0.973000
0.718000
nan
nan
0.861000
nan
0.926000
nan
nan
1.000000
1.000000
0.453000
0.470000
nan
nan
nan
0.150000
0.116000
nan
nan
nan
nan
nan
nan
nan
0.195000
0.181000
0.387000
0.405000
1.000000
nan
nan
nan
0.198000
nan
0.813000
nan
nan
nan
nan
0.382000
nan
0.158000
0.116000
nan
nan
nan
0.503000
nan
0.190000
nan
nan
0.120000
nan
nan
nan
nan
0.275000
nan
0.146000
0.147000
nan
0.159000
nan
0.930000
nan
nan
nan
0.139000
0.116000
0.324000
nan
nan
0.972000
nan
0.206000
nan
nan
nan
nan
nan
nan
0.222000
nan
nan
0.172000
0.278000
0.702000
1.000000
nan
nan
nan
0.641000
nan
nan
nan
nan
0.752000
0.747000
0.433000
0.691000
0.638000
nan
0.554000
nan
nan
nan
nan
nan
0.582000
0.743000
nan
nan
0.379000
nan
nan
nan
nan
0.344000
0.251000
0.327000
1.000000
nan
nan
nan
nan
0.245000
nan
0.601000
0.685000
nan
0.595000
nan
0.561000
nan
nan
0.173000
0.270000
nan
nan
nan
nan
1.000000
nan
0.173000
0.241000
nan
nan
0.496000
nan
0.417000
0.360000
nan
nan
nan
0.634000
0.530000
nan
0.382000
0.272000
nan
nan
0.556000
0.202000
0.266000
0.354000
nan
nan
0.230000
0.179000
nan
nan
0.346000
nan
nan
nan
0.224000
nan
0.682000
nan
1.000000
0.577000
nan
0.806000
0.173000
nan
nan
nan
0.481000
nan
nan
0.233000
0.206000
nan
nan
1.000000
nan
nan
nan
nan
nan
0.184000
0.268000
0.347000
0.285000
0.264000
0.259000
nan
0.467000
nan
0.795000
0.606000
nan
0.474000
0.623000
0.763000
0.364000
nan
0.308000
0.260000
0.371000
0.596000
0.539000
nan
nan
nan
0.205000
0.182000
0.417000
0.245000
nan
0.584000
nan
0.634000
nan
nan
0.620000
nan
nan
1.000000
nan
0.521000
0.672000
0.842000
0.699000
0.544000
0.479000
nan
0.498000
nan
nan
nan
1.000000
0.750000
nan
0.394000
0.369000
nan
0.381000
0.488000
0.352000
0.232000
0.251000
nan
nan
0.756000
0.519000
nan
0.570000
nan
nan
nan
0.530000
nan
0.513000
0.706000
nan
nan
nan
0.657000
0.469000
nan
nan
nan
0.232000
0.299000
nan
nan
nan
nan
0.400000
nan
nan
nan
nan
0.406000
nan
nan
0.758000
0.676000
0.982000
nan
0.251000
nan
nan
0.232000
0.316000
0.287000
nan
0.513000
nan
nan
nan
0.678000
1.000000
nan
nan
0.850000
nan
0.442000
0.302000
0.304000
0.570000
nan
nan
nan
nan
0.337000
nan
nan
0.297000
0.822000
0.640000
nan
0.225000
0.324000
0.679000
nan
0.227000
nan
nan
0.384000
0.406000
nan
0.646000
nan
nan
0.426000
0.505000
nan
nan
nan
nan
0.617000
0.790000
nan
0.428000
0.426000
0.418000
0.536000
nan
nan
0.525000
nan
0.558000
nan
0.177000
0.210000
0.444000
nan
nan
nan
nan
nan
nan
nan
nan
0.213000
0.168000
nan
0.542000
nan
0.572000
0.525000
0.452000
0.323000
nan
nan
0.122000
0.122000
0.157000
0.252000
nan
0.143000
0.154000
0.160000
nan
0.444000
nan
nan
0.376000
0.638000
nan
nan
nan
0.812000
0.741000
0.554000
0.617000
0.494000
nan
nan
nan
nan
0.912000
0.905000
1.000000
nan
nan
nan
0.623000
nan
nan
nan
0.928000
nan
nan
0.889000
nan
nan
0.800000
nan
nan
0.797000
nan
0.959000
nan
nan
0.709000
0.643000
0.828000
nan
0.836000
0.731000
nan
0.639000
nan
0.817000
nan
1.000000
0.969000
1.000000
nan
nan
0.417000
nan
0.480000
0.294000
0.608000
nan
0.084000
