Coverage: 2813.157895
nan
nan
nan
nan
0.402000
nan
nan
0.420000
nan
0.385000
0.472000
nan
nan
nan
nan
nan
0.839000
0.297000
0.874000
nan
0.664000
0.787000
nan
nan
nan
0.769000
nan
nan
nan
nan
0.315000
0.183000
0.350000
0.367000
1.000000
nan
0.559000
0.752000
nan
nan
nan
nan
nan
0.367000
nan
nan
0.822000
nan
0.420000
nan
nan
nan
0.183000
nan
nan
nan
nan
0.839000
0.524000
nan
0.629000
0.857000
nan
nan
0.804000
nan
nan
nan
1.000000
0.822000
0.717000
nan
0.839000
nan
nan
0.839000
1.000000
nan
nan
0.350000
0.350000
0.787000
nan
nan
nan
nan
0.420000
nan
0.192000
0.559000
0.857000
0.402000
nan
0.612000
0.332000
0.183000
0.367000
0.297000
nan
0.542000
0.245000
0.507000
nan
nan
nan
nan
0.420000
nan
0.962000
nan
nan
0.740000
0.444000
1.000000
nan
1.000000
0.592000
0.321000
nan
nan
nan
nan
nan
nan
0.370000
0.321000
0.691000
0.740000
0.888000
0.617000
nan
nan
0.617000
0.469000
0.993000
nan
nan
0.356000
0.839000
nan
0.559000
0.407000
0.381000
nan
nan
nan
nan
nan
nan
nan
nan
0.534000
0.661000
0.285000
0.305000
0.305000
nan
nan
nan
nan
nan
1.000000
nan
nan
nan
nan
nan
nan
nan
nan
0.534000
0.534000
0.712000
0.686000
nan
0.915000
0.993000
nan
nan
nan
0.356000
0.356000
0.432000
0.381000
0.272000
0.356000
0.508000
nan
0.233000
0.737000
0.458000
nan
nan
nan
0.508000
0.788000
0.508000
nan
0.407000
0.432000
0.356000
0.407000
nan
nan
nan
0.305000
0.576000
0.471000
0.262000
nan
0.838000
0.128000
0.366000
0.524000
nan
0.314000
0.419000
nan
nan
nan
nan
0.157000
0.236000
0.128000
0.262000
0.128000
nan
nan
