Coverage: 13775.349650
0.141000
0.141000
0.264000
0.151000
0.195000
0.208000
0.141000
0.214000
nan
0.214000
0.239000
0.233000
1.000000
0.340000
nan
nan
nan
0.289000
nan
0.296000
0.340000
0.453000
0.516000
nan
nan
nan
nan
nan
0.522000
0.755000
nan
nan
nan
0.547000
0.893000
nan
0.780000
0.667000
nan
0.484000
0.698000
nan
0.862000
0.535000
0.308000
nan
0.553000
0.321000
0.434000
nan
nan
nan
0.365000
nan
nan
nan
nan
0.635000
0.862000
nan
nan
0.465000
0.792000
0.774000
nan
1.000000
nan
nan
nan
nan
nan
nan
nan
nan
0.340000
nan
nan
nan
nan
nan
0.717000
0.824000
nan
nan
0.698000
0.264000
0.447000
0.396000
0.528000
nan
nan
0.925000
nan
nan
1.000000
nan
nan
1.000000
0.579000
0.682000
nan
nan
0.519000
nan
nan
0.509000
nan
nan
0.612000
0.852000
0.672000
nan
nan
0.626000
nan
nan
nan
nan
nan
0.273000
0.196000
0.323000
nan
nan
nan
0.439000
0.705000
nan
nan
nan
nan
nan
nan
nan
0.542000
0.383000
0.709000
0.579000
nan
nan
0.489000
nan
nan
nan
nan
0.835000
0.735000
0.852000
0.828000
nan
nan
0.556000
nan
0.599000
0.655000
0.948000
nan
0.802000
nan
nan
nan
0.293000
nan
0.649000
nan
nan
nan
0.962000
nan
0.825000
nan
0.652000
0.652000
nan
0.466000
nan
nan
1.000000
0.168000
0.168000
0.168000
0.183000
nan
nan
0.183000
nan
0.246000
0.216000
0.306000
nan
1.000000
nan
nan
0.423000
0.433000
nan
1.000000
0.918000
0.366000
0.226000
0.623000
nan
0.609000
nan
0.481000
0.931000
nan
0.886000
nan
0.606000
nan
0.557000
nan
nan
nan
nan
1.000000
1.000000
nan
0.471000
0.418000
0.474000
0.418000
nan
0.855000
nan
nan
0.512000
0.772000
1.000000
nan
0.852000
0.561000
0.651000
nan
nan
nan
0.429000
0.443000
0.703000
0.533000
nan
0.533000
nan
0.474000
nan
nan
nan
nan
0.418000
0.433000
nan
nan
0.620000
0.464000
0.637000
nan
nan
0.589000
0.429000
0.651000
0.564000
0.651000
0.765000
nan
nan
0.734000
nan
0.810000
0.651000
0.682000
nan
0.454000
0.599000
nan
nan
0.675000
0.696000
0.918000
nan
0.599000
0.779000
0.828000
0.772000
nan
nan
0.637000
nan
0.209000
0.114000
0.416000
nan
nan
0.720000
0.497000
nan
nan
nan
nan
nan
0.464000
0.772000
0.644000
nan
0.205000
0.455000
0.513000
nan
0.520000
0.480000
nan
nan
nan
nan
0.671000
0.143000
nan
nan
0.145000
1.000000
nan
nan
nan
nan
0.114000
nan
0.114000
0.122000
nan
nan
nan
nan
1.000000
0.899000
nan
0.467000
0.276000
0.129000
nan
nan
nan
nan
nan
0.540000
nan
1.000000
0.409000
0.179000
0.244000
0.306000
0.720000
0.377000
nan
nan
nan
0.326000
0.239000
0.320000
0.690000
nan
nan
0.352000
0.338000
nan
nan
nan
nan
nan
0.138000
nan
0.545000
0.251000
nan
0.140000
nan
nan
nan
nan
nan
0.441000
0.393000
0.623000
nan
0.593000
nan
nan
nan
0.375000
0.632000
0.823000
nan
nan
1.000000
nan
1.000000
nan
1.000000
0.830000
nan
0.688000
nan
nan
0.202000
0.693000
nan
nan
0.167000
0.189000
nan
0.082000
0.147000
0.207000
0.087000
nan
0.222000
0.207000
nan
0.204000
0.249000
0.282000
nan
0.466000
0.626000
nan
nan
nan
nan
0.197000
0.332000
nan
0.788000
nan
nan
nan
0.723000
nan
0.568000
0.758000
0.685000
nan
0.169000
0.082000
0.082000
0.137000
0.247000
nan
0.641000
0.349000
0.307000
nan
nan
nan
0.167000
nan
nan
0.369000
0.309000
0.381000
nan
0.491000
0.484000
nan
0.454000
nan
nan
0.469000
nan
0.461000
0.404000
nan
0.461000
0.444000
0.409000
nan
0.364000
0.988000
nan
nan
nan
0.970000
nan
nan
0.882000
0.828000
nan
0.467000
0.639000
0.509000
0.740000
nan
nan
0.947000
0.657000
nan
nan
nan
nan
0.355000
0.314000
1.000000
1.000000
nan
nan
nan
nan
0.414000
nan
0.444000
nan
nan
nan
0.775000
1.000000
nan
0.272000
0.237000
nan
nan
0.349000
0.893000
0.385000
nan
0.379000
0.633000
0.858000
0.609000
0.203000
0.219000
0.196000
0.196000
0.467000
nan
nan
nan
0.349000
nan
0.320000
0.361000
0.456000
0.609000
0.408000
0.586000
0.846000
nan
0.864000
1.000000
0.935000
nan
nan
nan
nan
nan
nan
nan
0.479000
0.556000
nan
0.207000
0.266000
0.467000
0.296000
0.331000
0.521000
nan
nan
nan
nan
nan
nan
0.781000
nan
0.188000
