Coverage: 21387.471526
nan
0.130000
0.330000
0.460000
nan
0.239000
nan
nan
nan
0.263000
0.257000
0.544000
0.554000
nan
nan
0.272000
0.439000
nan
nan
0.499000
0.590000
0.771000
0.602000
nan
nan
nan
0.554000
0.523000
0.584000
nan
0.487000
0.587000
nan
0.907000
nan
0.802000
nan
0.820000
nan
0.578000
nan
nan
nan
0.696000
0.838000
0.777000
0.460000
0.605000
0.529000
nan
nan
nan
0.442000
nan
nan
0.753000
0.632000
nan
nan
nan
0.729000
nan
0.629000
nan
0.753000
nan
0.980000
0.877000
nan
nan
nan
0.865000
nan
1.000000
1.000000
1.000000
nan
nan
nan
0.439000
nan
nan
nan
0.363000
0.272000
0.269000
nan
0.130000
0.133000
0.130000
nan
nan
nan
nan
0.145000
0.157000
0.343000
nan
0.478000
0.387000
0.907000
nan
nan
0.372000
0.382000
0.427000
nan
nan
nan
nan
0.621000
nan
nan
0.593000
nan
0.689000
nan
0.867000
nan
0.656000
nan
0.410000
nan
nan
0.450000
nan
nan
1.000000
nan
nan
0.872000
0.947000
nan
nan
nan
nan
nan
nan
1.000000
nan
1.000000
0.870000
nan
0.676000
nan
0.633000
nan
nan
0.930000
0.528000
0.809000
0.714000
0.922000
nan
nan
0.709000
nan
0.437000
0.681000
nan
nan
nan
0.472000
nan
0.430000
0.343000
nan
0.565000
nan
nan
nan
0.621000
0.503000
nan
nan
0.588000
nan
nan
0.513000
nan
0.343000
0.354000
nan
nan
nan
nan
nan
0.548000
nan
nan
nan
nan
nan
0.455000
0.714000
nan
0.372000
0.513000
nan
0.636000
0.470000
nan
0.548000
nan
0.623000
0.548000
nan
nan
nan
nan
0.439000
0.411000
0.521000
nan
nan
0.486000
0.454000
0.259000
0.534000
0.519000
nan
nan
nan
0.641000
0.641000
0.578000
0.486000
nan
0.324000
nan
nan
nan
nan
0.499000
nan
nan
nan
0.721000
0.611000
nan
nan
0.601000
0.631000
0.785000
nan
0.541000
0.808000
0.962000
0.454000
0.681000
0.536000
0.573000
0.235000
nan
nan
0.235000
nan
nan
nan
nan
0.235000
0.299000
nan
0.738000
0.803000
nan
nan
0.601000
nan
nan
nan
0.698000
nan
0.758000
0.825000
0.843000
nan
nan
nan
0.628000
nan
0.815000
0.838000
1.000000
0.436000
nan
nan
nan
nan
nan
0.985000
nan
0.908000
1.000000
nan
nan
0.688000
nan
nan
0.633000
0.858000
nan
nan
0.661000
1.000000
nan
nan
nan
nan
0.843000
0.755000
nan
0.792000
nan
0.496000
nan
nan
nan
nan
1.000000
nan
nan
nan
nan
nan
nan
0.131000
0.131000
0.131000
0.135000
nan
nan
nan
0.341000
nan
nan
nan
nan
nan
0.524000
nan
nan
nan
0.671000
0.705000
1.000000
nan
nan
0.626000
nan
nan
0.956000
nan
0.516000
0.324000
nan
0.448000
0.527000
0.832000
nan
nan
0.432000
0.579000
nan
0.370000
0.361000
0.408000
0.464000
nan
nan
nan
nan
nan
0.447000
nan
0.394000
0.370000
nan
0.269000
0.940000
nan
nan
nan
nan
nan
nan
nan
0.717000
nan
0.872000
0.720000
0.752000
0.852000
0.746000
0.964000
0.996000
0.899000
1.000000
0.720000
nan
0.664000
nan
nan
0.840000
0.884000
0.905000
0.955000
0.532000
0.649000
0.944000
0.510000
0.798000
0.785000
0.572000
0.859000
nan
nan
nan
nan
0.431000
0.523000
nan
0.581000
0.685000
nan
nan
0.489000
0.556000
0.828000
0.828000
nan
0.733000
nan
0.477000
0.443000
0.449000
0.341000
0.355000
0.341000
