Coverage: 652.380952
nan
nan
nan
nan
nan
nan
nan
nan
nan
nan
nan
nan
nan
nan
nan
nan
nan
nan
nan
nan
nan
nan
nan
nan
nan
nan
0.163000
nan
nan
0.163000
nan
nan
0.000000
nan
nan
0.163000
nan
nan
nan
nan
0.000000
0.325000
nan
nan
0.000000
0.163000
nan
nan
0.163000
nan
nan
nan
0.000000
nan
nan
nan
nan
nan
nan
nan
nan
nan
0.000000
nan
nan
0.000000
nan
0.163000
0.325000
0.163000
nan
0.000000
nan
0.163000
nan
0.325000
0.325000
0.325000
0.813000
0.488000
0.163000
0.000000
0.163000
nan
nan
0.126000
nan
nan
nan
nan
nan
0.337000
0.449000
nan
0.337000
0.562000
0.748000
nan
0.225000
0.717000
nan
nan
nan
0.449000
0.225000
nan
0.674000
nan
nan
nan
nan
0.674000
0.449000
0.435000
0.435000
nan
nan
0.621000
0.435000
nan
nan
0.435000
0.435000
nan
nan
nan
0.248000
nan
nan
0.559000
nan
nan
nan
nan
1.000000
0.090000
0.870000
0.683000
nan
0.559000
nan
nan
nan
0.497000
0.497000
nan
0.248000
0.745000
nan
0.248000
0.497000
nan
1.000000
0.311000
nan
nan
nan
0.435000
0.807000
nan
0.435000
nan
nan
nan
0.248000
0.248000
0.373000
nan
nan
0.621000
nan
0.559000
0.745000
1.000000
0.932000
nan
0.870000
0.373000
nan
nan
nan
nan
0.186000
nan
0.090000
nan
0.124000
nan
nan
