Coverage: 12324.873096
0.029000
0.029000
0.029000
nan
0.116000
nan
nan
0.065000
nan
nan
nan
0.051000
0.029000
0.029000
nan
nan
0.123000
nan
0.087000
0.043000
nan
0.101000
nan
nan
nan
0.109000
0.072000
0.166000
nan
nan
nan
0.246000
nan
0.260000
0.282000
0.297000
nan
nan
0.275000
nan
0.289000
nan
nan
0.362000
nan
0.340000
0.449000
0.333000
nan
nan
nan
nan
0.456000
nan
nan
nan
nan
nan
nan
0.796000
nan
0.528000
nan
nan
0.478000
0.543000
1.000000
0.687000
0.297000
0.593000
0.608000
nan
0.933000
0.818000
nan
0.897000
0.818000
1.000000
nan
0.622000
0.304000
nan
nan
0.507000
0.333000
0.456000
0.391000
0.984000
nan
nan
0.572000
1.000000
nan
0.941000
0.440000
0.481000
0.535000
nan
0.526000
nan
0.553000
nan
nan
0.454000
nan
0.652000
0.885000
nan
0.881000
nan
0.553000
0.499000
0.692000
0.413000
0.292000
nan
0.683000
nan
nan
nan
0.250000
0.899000
0.571000
nan
1.000000
0.971000
0.831000
nan
0.894000
nan
0.265000
0.250000
nan
0.809000
nan
0.791000
0.643000
nan
0.351000
nan
nan
nan
0.742000
0.607000
0.526000
0.683000
nan
nan
nan
nan
nan
nan
0.782000
0.746000
0.863000
nan
nan
0.975000
1.000000
nan
nan
0.872000
0.854000
nan
0.250000
0.427000
nan
nan
nan
nan
nan
0.562000
nan
0.827000
nan
nan
nan
0.431000
nan
0.584000
nan
nan
0.580000
1.000000
0.885000
nan
0.674000
0.840000
0.602000
nan
nan
nan
1.000000
nan
1.000000
0.598000
nan
0.703000
0.998000
nan
0.867000
0.825000
0.551000
nan
0.421000
nan
nan
nan
0.421000
0.648000
nan
0.686000
0.471000
0.972000
nan
nan
0.741000
nan
0.909000
nan
0.421000
nan
nan
0.476000
nan
nan
0.631000
nan
nan
0.808000
nan
0.636000
0.598000
0.690000
nan
0.547000
0.766000
0.669000
0.703000
nan
0.526000
0.530000
nan
0.665000
0.808000
1.000000
nan
nan
0.779000
0.505000
0.703000
0.665000
nan
0.606000
0.577000
0.732000
nan
nan
nan
0.846000
0.547000
0.564000
0.547000
nan
0.615000
nan
0.442000
0.741000
nan
0.695000
0.551000
0.943000
nan
0.454000
nan
nan
nan
0.169000
0.310000
0.296000
nan
nan
0.187000
0.303000
nan
0.965000
nan
nan
nan
nan
nan
nan
nan
0.169000
nan
nan
0.201000
0.180000
nan
nan
nan
nan
0.807000
0.902000
nan
0.856000
nan
nan
nan
0.444000
0.419000
nan
nan
nan
nan
0.391000
0.412000
nan
nan
nan
1.000000
nan
nan
0.814000
nan
nan
nan
nan
nan
nan
nan
0.321000
0.373000
nan
nan
1.000000
nan
0.831000
nan
0.817000
nan
0.169000
0.169000
nan
0.528000
nan
0.652000
nan
nan
nan
nan
nan
0.553000
0.483000
0.525000
0.211000
0.461000
0.761000
nan
nan
nan
0.863000
0.775000
nan
nan
0.571000
nan
0.764000
0.377000
nan
0.328000
1.000000
nan
nan
nan
nan
nan
nan
nan
0.831000
nan
nan
nan
nan
0.366000
0.282000
0.461000
0.553000
0.373000
0.511000
nan
0.542000
0.215000
nan
nan
0.634000
0.474000
0.404000
0.532000
0.714000
nan
0.554000
0.685000
1.000000
nan
0.277000
0.539000
0.652000
nan
nan
0.831000
nan
nan
nan
1.000000
nan
nan
nan
nan
nan
nan
nan
nan
nan
nan
nan
nan
0.452000
nan
0.656000
nan
nan
nan
nan
0.714000
0.711000
nan
0.714000
nan
nan
nan
0.721000
nan
0.911000
nan
0.740000
nan
nan
0.317000
nan
nan
0.343000
0.158000
nan
nan
nan
nan
0.645000
nan
nan
nan
nan
nan
0.332000
nan
nan
nan
0.670000
0.805000
nan
nan
0.820000
nan
0.922000
1.000000
nan
nan
nan
0.572000
nan
0.517000
0.623000
nan
0.711000
0.543000
0.736000
0.561000
nan
0.583000
0.641000
nan
0.350000
0.357000
0.408000
nan
nan
nan
0.793000
0.819000
nan
0.556000
0.189000
0.189000
0.201000
0.289000
nan
nan
nan
nan
nan
0.399000
0.286000
nan
0.972000
nan
nan
0.665000
nan
nan
nan
0.650000
0.798000
nan
nan
nan
nan
nan
nan
0.634000
nan
0.788000
0.731000
nan
0.604000
nan
nan
0.573000
0.829000
nan
1.000000
nan
nan
0.931000
0.430000
nan
nan
nan
nan
nan
nan
0.726000
0.634000
0.824000
nan
0.271000
nan
nan
0.639000
0.706000
nan
0.650000
0.655000
1.000000
nan
0.870000
0.864000
nan
0.655000
1.000000
0.783000
0.419000
0.808000
0.716000
0.624000
nan
0.384000
0.379000
0.542000
0.609000
nan
nan
0.358000
0.522000
0.491000
0.465000
0.506000
nan
nan
nan
nan
0.221000
