Coverage: 1911.557789
nan
nan
nan
nan
nan
nan
nan
0.272000
nan
nan
0.574000
nan
nan
0.393000
0.725000
0.967000
nan
nan
nan
0.785000
nan
0.363000
0.091000
0.423000
nan
0.091000
nan
nan
nan
nan
0.665000
0.242000
0.091000
0.181000
nan
0.393000
0.363000
0.967000
nan
0.211000
0.363000
nan
nan
nan
nan
nan
nan
0.816000
0.665000
0.695000
nan
nan
0.211000
nan
nan
nan
nan
nan
0.514000
0.604000
1.000000
0.393000
nan
nan
nan
0.302000
0.483000
nan
0.091000
nan
nan
1.000000
nan
1.000000
0.967000
nan
nan
nan
nan
0.514000
nan
0.151000
0.121000
0.091000
nan
0.708000
nan
nan
nan
0.908000
nan
nan
nan
nan
0.743000
nan
nan
nan
nan
0.602000
0.968000
nan
nan
0.495000
0.708000
nan
nan
nan
nan
nan
nan
0.814000
nan
nan
nan
0.460000
nan
nan
nan
0.743000
nan
nan
0.354000
nan
0.425000
nan
nan
0.354000
0.649000
nan
0.446000
0.365000
0.649000
0.243000
0.446000
0.221000
nan
1.000000
0.811000
nan
0.325000
nan
0.446000
nan
nan
0.730000
0.933000
0.325000
nan
nan
0.221000
nan
0.243000
nan
nan
0.730000
0.690000
0.771000
nan
nan
0.325000
nan
0.487000
nan
0.649000
0.568000
nan
nan
0.406000
nan
nan
nan
0.243000
nan
nan
nan
0.609000
0.933000
nan
0.609000
0.730000
nan
nan
0.487000
nan
nan
nan
nan
0.730000
nan
nan
0.892000
0.852000
0.730000
nan
0.892000
0.933000
0.221000
nan
