Coverage: 3019.760479
nan
nan
nan
nan
0.276000
nan
0.551000
nan
nan
nan
nan
0.597000
nan
nan
nan
0.528000
nan
nan
0.344000
0.171000
nan
nan
0.551000
nan
nan
0.896000
nan
nan
nan
0.171000
0.987000
0.666000
0.505000
0.827000
0.505000
nan
nan
1.000000
0.804000
0.712000
1.000000
0.528000
0.253000
0.964000
0.873000
0.941000
nan
nan
nan
nan
nan
nan
0.390000
nan
nan
nan
0.413000
nan
0.413000
nan
nan
nan
0.941000
0.850000
nan
0.184000
0.390000
nan
nan
nan
nan
1.000000
0.436000
0.321000
0.230000
nan
nan
0.171000
0.941000
0.465000
0.416000
nan
nan
nan
0.367000
0.416000
0.660000
0.440000
0.905000
0.440000
nan
nan
0.611000
nan
0.856000
nan
0.342000
0.636000
0.562000
nan
0.611000
0.700000
nan
0.519000
1.000000
1.000000
0.389000
nan
0.441000
nan
nan
nan
1.000000
0.856000
nan
0.311000
nan
0.226000
0.467000
nan
0.778000
0.882000
0.363000
0.519000
0.986000
nan
nan
nan
0.467000
nan
nan
nan
0.226000
0.571000
0.311000
nan
nan
0.363000
nan
nan
nan
0.649000
0.649000
0.986000
nan
0.908000
0.467000
nan
0.700000
0.493000
0.441000
0.493000
nan
nan
0.519000
0.752000
nan
nan
nan
nan
nan
0.674000
0.519000
nan
0.519000
nan
0.226000
