Coverage: 26261.425061
0.003000
nan
0.006000
nan
nan
nan
nan
0.030000
0.024000
0.003000
0.024000
0.003000
0.018000
0.018000
0.024000
nan
nan
0.060000
nan
0.054000
nan
nan
0.042000
0.095000
nan
0.227000
0.203000
0.215000
0.227000
0.227000
0.358000
0.364000
0.310000
0.400000
nan
0.245000
0.453000
0.537000
0.334000
0.352000
nan
0.543000
0.394000
0.233000
nan
nan
nan
0.513000
nan
0.961000
nan
nan
0.453000
nan
nan
nan
nan
nan
0.716000
0.758000
nan
0.716000
0.304000
0.465000
0.788000
nan
0.847000
nan
nan
nan
0.734000
0.788000
1.000000
0.591000
nan
nan
nan
nan
nan
1.000000
1.000000
0.794000
nan
0.692000
0.513000
nan
0.207000
nan
0.446000
nan
0.718000
nan
nan
nan
nan
0.300000
0.173000
0.384000
nan
nan
nan
0.331000
nan
nan
nan
nan
nan
nan
nan
nan
nan
1.000000
0.449000
nan
nan
nan
nan
nan
0.142000
nan
nan
0.347000
0.341000
nan
0.858000
0.966000
nan
nan
nan
0.508000
0.830000
0.786000
nan
0.944000
nan
0.461000
0.328000
0.635000
nan
nan
nan
0.752000
0.858000
1.000000
nan
nan
0.142000
0.303000
nan
0.372000
0.248000
0.164000
0.170000
0.142000
nan
0.588000
0.752000
0.923000
nan
0.331000
0.297000
0.427000
0.508000
nan
nan
0.613000
0.427000
0.681000
1.000000
nan
0.755000
0.567000
nan
nan
0.514000
0.910000
nan
nan
nan
0.520000
0.161000
nan
0.765000
0.551000
0.829000
0.713000
0.915000
nan
nan
0.729000
0.726000
nan
nan
0.645000
1.000000
nan
0.944000
nan
0.758000
nan
0.755000
nan
nan
0.629000
nan
nan
nan
nan
0.800000
nan
0.613000
0.302000
nan
0.848000
nan
nan
nan
nan
nan
nan
0.909000
0.649000
0.873000
nan
nan
nan
0.196000
0.986000
nan
nan
1.000000
nan
0.369000
nan
nan
nan
nan
nan
nan
0.401000
0.446000
0.617000
1.000000
nan
nan
nan
nan
nan
nan
nan
nan
0.308000
nan
0.308000
nan
nan
nan
0.267000
0.170000
0.145000
0.238000
nan
0.934000
0.498000
0.784000
0.373000
nan
0.340000
nan
0.337000
0.353000
nan
0.617000
nan
nan
nan
0.546000
0.812000
nan
0.549000
0.462000
nan
nan
0.732000
0.279000
0.254000
0.139000
0.139000
0.139000
0.074000
0.143000
0.170000
0.146000
0.176000
0.307000
nan
nan
nan
nan
nan
nan
0.273000
nan
0.221000
0.271000
nan
0.230000
0.256000
0.310000
0.250000
0.238000
0.327000
0.349000
nan
nan
0.255000
0.521000
nan
nan
nan
nan
nan
0.117000
nan
0.085000
nan
0.085000
nan
nan
0.450000
0.244000
nan
0.143000
nan
0.092000
nan
0.160000
nan
0.349000
nan
nan
nan
0.429000
0.470000
nan
0.390000
nan
nan
nan
0.361000
0.278000
0.420000
nan
nan
nan
0.705000
nan
0.295000
0.211000
nan
nan
nan
nan
nan
nan
1.000000
0.693000
0.727000
nan
0.538000
nan
0.978000
nan
nan
nan
0.919000
0.757000
0.706000
0.819000
nan
nan
1.000000
0.285000
0.543000
0.464000
0.717000
nan
nan
nan
nan
nan
nan
nan
nan
nan
nan
nan
nan
nan
0.604000
nan
1.000000
nan
0.927000
0.893000
nan
nan
