Coverage: 3196.276596
nan
nan
0.153000
0.382000
nan
0.076000
0.420000
nan
0.267000
nan
nan
0.191000
0.305000
0.344000
0.267000
0.115000
0.267000
nan
nan
0.055000
nan
0.420000
0.420000
nan
0.382000
nan
nan
nan
0.055000
0.115000
0.055000
nan
1.000000
0.382000
0.267000
0.458000
nan
0.153000
nan
nan
nan
nan
nan
nan
nan
0.382000
0.191000
0.382000
nan
nan
nan
nan
0.191000
nan
nan
nan
nan
nan
nan
0.534000
0.458000
nan
1.000000
nan
0.573000
0.916000
nan
nan
nan
0.611000
nan
0.611000
nan
nan
nan
nan
nan
0.878000
nan
nan
nan
0.573000
0.649000
0.611000
0.573000
nan
nan
nan
nan
0.267000
nan
0.496000
0.153000
1.000000
nan
nan
nan
nan
nan
nan
nan
nan
nan
nan
0.309000
nan
0.540000
nan
nan
0.733000
0.926000
0.926000
0.849000
0.424000
nan
nan
nan
nan
0.312000
0.351000
nan
1.000000
0.663000
nan
0.780000
nan
nan
nan
0.273000
0.273000
nan
1.000000
0.507000
nan
nan
0.858000
0.741000
nan
0.351000
nan
0.234000
0.234000
0.273000
0.078000
nan
nan
0.429000
0.312000
nan
0.585000
0.312000
0.351000
0.507000
0.663000
0.429000
nan
0.663000
0.273000
0.546000
0.273000
0.156000
nan
0.156000
nan
nan
0.468000
nan
0.390000
nan
0.390000
0.234000
0.195000
nan
0.312000
nan
0.035000
nan
0.035000
nan
0.156000
0.312000
0.078000
nan
0.035000
nan
nan
nan
nan
