Coverage: 7369.194313
nan
nan
0.286000
nan
0.261000
0.256000
nan
nan
0.353000
nan
0.463000
0.555000
nan
0.278000
nan
nan
nan
0.303000
nan
nan
0.429000
nan
nan
0.337000
0.294000
nan
nan
nan
1.000000
nan
nan
nan
nan
nan
nan
nan
0.429000
0.724000
0.782000
nan
0.648000
nan
nan
0.547000
nan
nan
0.850000
0.555000
0.387000
0.682000
nan
nan
0.370000
nan
nan
nan
0.471000
0.698000
0.379000
0.522000
nan
nan
0.429000
0.631000
nan
0.446000
0.749000
nan
0.774000
0.850000
0.623000
nan
0.256000
nan
0.480000
nan
nan
0.782000
1.000000
0.833000
0.530000
nan
0.513000
1.000000
0.555000
0.480000
0.968000
0.320000
0.429000
0.673000
nan
nan
0.648000
nan
nan
nan
0.256000
nan
0.724000
nan
0.769000
nan
nan
0.353000
nan
0.558000
nan
0.645000
nan
nan
nan
0.422000
nan
nan
0.781000
1.000000
1.000000
nan
0.980000
nan
0.484000
0.657000
0.372000
nan
0.620000
0.682000
0.527000
nan
0.398000
0.977000
nan
0.887000
0.912000
nan
0.617000
0.552000
nan
1.000000
0.848000
0.938000
0.488000
0.732000
nan
0.488000
nan
0.758000
nan
0.642000
0.501000
nan
0.668000
nan
0.732000
nan
nan
0.363000
0.720000
0.681000
0.642000
0.424000
nan
nan
0.424000
nan
0.373000
0.681000
0.758000
nan
nan
0.784000
0.411000
0.887000
nan
0.797000
0.617000
nan
nan
0.938000
0.344000
0.912000
0.745000
nan
nan
nan
0.931000
nan
nan
nan
0.851000
0.505000
0.771000
1.000000
0.851000
0.399000
0.386000
nan
nan
0.336000
0.439000
nan
0.705000
nan
nan
0.798000
nan
nan
0.665000
nan
nan
nan
0.336000
