Coverage: 2559.701493
nan
nan
nan
0.189000
0.216000
0.189000
0.216000
0.350000
nan
nan
0.216000
0.243000
0.404000
0.377000
nan
nan
0.108000
nan
nan
nan
0.108000
nan
nan
0.216000
nan
0.350000
nan
0.647000
0.458000
nan
0.755000
nan
0.108000
nan
nan
0.431000
nan
0.350000
0.296000
0.674000
0.216000
0.189000
nan
nan
0.243000
0.512000
0.728000
0.431000
0.296000
0.728000
nan
nan
0.620000
nan
nan
nan
nan
nan
0.647000
0.970000
nan
nan
1.000000
0.647000
0.162000
0.243000
0.539000
nan
0.296000
nan
0.323000
nan
0.108000
0.350000
0.350000
nan
nan
nan
nan
nan
nan
nan
nan
0.803000
0.753000
1.000000
nan
nan
nan
nan
0.452000
0.965000
nan
nan
0.703000
nan
nan
0.628000
nan
0.628000
0.395000
nan
0.767000
0.651000
0.558000
0.651000
nan
0.395000
0.558000
1.000000
0.698000
0.698000
nan
nan
nan
nan
0.674000
0.279000
nan
0.372000
1.000000
1.000000
0.512000
nan
nan
nan
nan
0.163000
nan
0.209000
0.814000
0.163000
0.256000
0.256000
0.395000
nan
1.000000
nan
nan
nan
nan
nan
nan
nan
nan
nan
0.791000
0.698000
nan
0.256000
nan
nan
0.837000
nan
nan
nan
nan
nan
nan
nan
nan
nan
nan
nan
nan
nan
0.651000
nan
nan
0.535000
0.163000
nan
0.558000
nan
0.465000
nan
0.349000
0.256000
0.163000
nan
nan
nan
0.233000
0.581000
nan
nan
nan
nan
0.674000
nan
0.721000
nan
nan
nan
nan
0.581000
nan
nan
0.349000
nan
nan
