Coverage: 11689.072848
0.154000
0.154000
0.403000
nan
0.374000
0.540000
nan
0.421000
0.220000
nan
nan
nan
0.231000
0.528000
nan
nan
nan
0.451000
0.498000
0.297000
nan
nan
nan
nan
0.492000
nan
0.599000
0.854000
0.753000
nan
nan
nan
0.492000
0.587000
nan
0.635000
0.629000
nan
nan
nan
nan
0.546000
nan
0.516000
0.481000
nan
0.736000
nan
0.777000
0.831000
nan
nan
0.332000
nan
nan
nan
nan
0.487000
0.220000
0.332000
0.398000
nan
nan
nan
nan
nan
0.724000
nan
nan
nan
nan
1.000000
0.570000
0.997000
1.000000
1.000000
0.558000
nan
nan
0.285000
0.469000
0.368000
nan
nan
nan
nan
nan
nan
nan
0.154000
0.403000
0.884000
nan
nan
nan
0.338000
nan
0.706000
0.421000
nan
0.593000
0.231000
0.599000
nan
nan
0.511000
0.299000
0.394000
nan
nan
nan
0.550000
0.658000
0.766000
0.645000
nan
0.437000
nan
nan
nan
0.585000
0.268000
nan
nan
nan
nan
nan
0.433000
nan
nan
nan
nan
nan
0.701000
0.710000
0.619000
0.667000
0.701000
0.494000
nan
0.511000
0.585000
nan
nan
0.658000
0.546000
0.338000
0.675000
1.000000
nan
0.472000
nan
nan
nan
nan
nan
0.658000
0.606000
0.814000
0.593000
nan
0.649000
0.948000
nan
0.257000
nan
0.671000
1.000000
0.260000
0.257000
0.416000
0.312000
nan
0.740000
0.979000
nan
nan
nan
nan
nan
1.000000
0.468000
nan
0.257000
0.463000
nan
nan
0.667000
nan
0.953000
0.849000
nan
0.671000
nan
0.359000
0.446000
0.176000
nan
0.988000
nan
0.487000
nan
nan
nan
nan
nan
nan
0.913000
nan
nan
nan
nan
0.434000
0.348000
0.389000
nan
0.846000
0.700000
nan
0.782000
0.498000
nan
nan
nan
nan
0.700000
nan
0.621000
nan
nan
nan
nan
0.408000
0.176000
0.543000
nan
0.479000
1.000000
0.816000
nan
nan
nan
nan
0.213000
0.213000
0.595000
nan
0.464000
0.176000
0.213000
0.225000
nan
0.217000
0.427000
0.501000
1.000000
0.842000
nan
0.726000
nan
nan
0.820000
0.632000
0.700000
nan
nan
0.850000
1.000000
0.734000
0.992000
0.756000
0.936000
0.737000
nan
0.262000
0.778000
0.921000
nan
nan
0.894000
0.924000
nan
nan
nan
nan
nan
nan
0.730000
0.692000
0.741000
nan
nan
nan
nan
nan
0.871000
0.885000
nan
0.587000
nan
nan
nan
0.274000
nan
nan
nan
0.402000
nan
nan
nan
nan
0.639000
0.824000
nan
0.592000
nan
nan
1.000000
0.900000
nan
nan
nan
0.777000
nan
0.459000
0.473000
0.279000
nan
nan
nan
0.658000
0.985000
0.786000
nan
0.885000
nan
nan
1.000000
0.696000
nan
nan
nan
0.852000
1.000000
nan
0.753000
0.857000
0.274000
0.274000
0.772000
0.848000
nan
nan
nan
0.687000
nan
nan
nan
nan
nan
nan
0.687000
0.857000
0.696000
0.455000
0.739000
nan
0.762000
0.876000
nan
0.990000
0.923000
0.658000
0.966000
nan
nan
0.540000
0.464000
0.862000
nan
0.904000
0.829000
nan
0.549000
nan
0.507000
0.696000
nan
0.795000
0.990000
0.942000
nan
0.604000
0.372000
0.382000
nan
0.483000
nan
nan
nan
nan
nan
0.503000
0.240000
0.493000
0.725000
nan
0.822000
1.000000
nan
0.880000
0.517000
nan
nan
nan
0.730000
nan
0.706000
0.662000
0.478000
0.240000
0.353000
nan
0.522000
nan
0.353000
0.749000
0.454000
nan
nan
nan
nan
0.706000
nan
nan
nan
0.701000
nan
1.000000
1.000000
0.541000
0.469000
0.358000
0.435000
0.652000
nan
0.706000
0.609000
0.952000
nan
0.304000
nan
nan
0.575000
0.285000
0.280000
nan
0.507000
nan
0.333000
nan
nan
nan
nan
nan
0.329000
0.353000
0.406000
nan
0.822000
nan
nan
0.240000
0.290000
0.329000
0.329000
0.478000
0.794000
0.466000
nan
0.727000
nan
nan
0.366000
nan
0.866000
1.000000
1.000000
nan
nan
nan
0.938000
nan
0.905000
0.900000
0.253000
nan
0.744000
nan
nan
0.827000
nan
nan
nan
nan
0.599000
0.498000
nan
0.560000
0.678000
0.837000
0.565000
0.356000
0.481000
0.741000
nan
nan
0.605000
nan
nan
0.401000
nan
0.345000
0.605000
0.871000
nan
0.718000
0.611000
0.673000
0.712000
nan
0.927000
nan
0.526000
nan
nan
nan
0.288000
nan
0.257000
nan
1.000000
nan
nan
nan
nan
nan
nan
0.769000
0.916000
0.997000
nan
0.989000
nan
nan
nan
0.554000
nan
nan
nan
0.633000
nan
0.526000
0.780000
0.543000
0.967000
nan
nan
0.809000
nan
nan
nan
nan
0.257000
0.628000
0.645000
nan
0.685000
0.593000
nan
nan
0.725000
0.973000
0.691000
nan
nan
nan
nan
0.437000
nan
nan
0.639000
0.345000
0.645000
0.696000
0.489000
0.869000
nan
nan
nan
nan
nan
nan
0.262000
