Coverage: 3532.994924
nan
0.085000
nan
0.104000
0.085000
0.226000
nan
nan
nan
nan
0.085000
nan
nan
0.122000
0.122000
nan
0.139000
0.365000
nan
0.278000
0.434000
nan
nan
0.330000
0.434000
nan
0.261000
0.573000
0.209000
nan
nan
0.278000
0.313000
nan
0.191000
0.174000
nan
nan
nan
nan
0.417000
nan
0.434000
0.365000
nan
0.608000
nan
nan
0.452000
nan
nan
nan
0.400000
nan
nan
nan
nan
0.556000
0.747000
nan
0.556000
nan
nan
nan
nan
nan
0.295000
nan
nan
nan
nan
0.626000
0.678000
nan
nan
0.956000
nan
nan
0.348000
nan
nan
nan
nan
0.990000
0.573000
0.469000
nan
0.156000
0.417000
nan
nan
1.000000
nan
0.730000
nan
1.000000
nan
0.469000
0.834000
0.139000
0.382000
0.191000
0.504000
1.000000
nan
0.678000
nan
nan
1.000000
0.781000
nan
0.551000
0.214000
0.735000
0.781000
nan
0.597000
nan
0.992000
0.919000
1.000000
nan
nan
nan
1.000000
nan
nan
nan
nan
nan
0.597000
0.184000
0.291000
nan
0.750000
0.597000
0.291000
0.781000
nan
0.337000
0.490000
0.230000
nan
0.475000
0.766000
0.322000
nan
nan
nan
nan
0.444000
nan
nan
nan
0.796000
nan
0.429000
0.811000
0.980000
0.612000
nan
0.597000
nan
0.413000
0.597000
0.291000
0.199000
0.582000
nan
nan
0.628000
nan
0.245000
0.521000
nan
nan
0.245000
nan
0.145000
0.145000
nan
nan
0.383000
nan
nan
0.551000
0.582000
nan
0.505000
0.444000
nan
0.153000
nan
0.306000
0.145000
0.155000
nan
