Coverage: 2192.207792
0.000000
0.000000
0.070000
nan
nan
nan
nan
0.140000
nan
nan
nan
0.070000
0.070000
nan
0.209000
nan
0.000000
0.000000
nan
0.105000
0.070000
0.000000
0.419000
0.279000
0.349000
0.070000
0.314000
nan
0.384000
nan
nan
0.140000
nan
0.070000
0.209000
0.349000
0.244000
0.244000
nan
0.524000
nan
nan
0.070000
nan
nan
nan
0.140000
0.070000
0.593000
nan
nan
nan
0.698000
nan
nan
0.349000
nan
0.419000
0.524000
0.279000
nan
nan
0.454000
nan
nan
0.733000
nan
0.768000
0.279000
nan
0.105000
nan
nan
0.175000
nan
0.209000
1.000000
0.733000
nan
nan
nan
0.489000
nan
0.524000
nan
nan
0.314000
nan
0.524000
nan
0.942000
nan
nan
nan
nan
nan
nan
nan
nan
1.000000
1.000000
0.504000
0.552000
0.456000
nan
0.144000
nan
0.384000
0.144000
0.216000
0.144000
nan
0.624000
0.336000
1.000000
0.552000
0.456000
0.144000
nan
0.456000
nan
0.624000
nan
0.624000
nan
nan
nan
nan
nan
0.840000
nan
nan
nan
0.816000
nan
nan
nan
0.480000
0.185000
0.216000
0.672000
0.528000
nan
0.576000
nan
nan
nan
0.264000
0.384000
0.504000
nan
nan
0.672000
nan
nan
nan
nan
0.408000
0.552000
nan
0.744000
1.000000
0.720000
nan
0.768000
nan
0.888000
nan
0.624000
nan
nan
nan
nan
nan
nan
0.384000
nan
0.960000
nan
0.816000
nan
0.792000
nan
nan
nan
nan
0.744000
0.936000
nan
nan
nan
nan
nan
1.000000
0.792000
0.197000
0.432000
nan
0.264000
nan
nan
0.672000
nan
0.528000
0.840000
1.000000
0.768000
nan
nan
nan
0.720000
nan
0.312000
0.456000
nan
nan
nan
nan
0.552000
nan
0.648000
0.216000
0.696000
0.888000
0.203000
0.552000
nan
nan
nan
0.408000
nan
