Coverage: 1713.805970
0.037000
0.037000
0.083000
0.083000
nan
nan
nan
nan
nan
0.372000
nan
0.496000
0.372000
0.455000
nan
0.455000
0.620000
nan
0.372000
0.455000
0.455000
0.331000
nan
nan
0.083000
0.037000
nan
0.207000
nan
0.248000
0.620000
nan
0.083000
nan
nan
nan
0.207000
0.455000
0.248000
0.868000
nan
0.620000
nan
0.702000
nan
0.289000
0.785000
0.413000
0.248000
0.455000
nan
nan
0.909000
nan
nan
nan
nan
1.000000
0.579000
nan
0.702000
nan
0.661000
nan
0.909000
nan
nan
0.579000
nan
nan
0.165000
0.165000
nan
nan
0.661000
nan
nan
0.289000
0.083000
0.496000
0.331000
nan
0.579000
0.165000
nan
0.537000
nan
1.000000
1.000000
0.978000
1.000000
nan
nan
0.855000
nan
nan
nan
0.692000
nan
nan
0.367000
0.530000
nan
0.774000
nan
0.222000
0.244000
0.692000
0.570000
nan
nan
nan
nan
0.244000
0.733000
0.815000
nan
0.611000
nan
0.896000
nan
0.244000
nan
0.530000
nan
0.448000
nan
0.692000
nan
nan
0.570000
nan
nan
nan
nan
nan
0.530000
0.222000
0.244000
nan
nan
nan
0.530000
nan
nan
0.937000
nan
nan
nan
nan
nan
0.326000
0.692000
nan
nan
1.000000
nan
nan
nan
nan
nan
0.530000
0.448000
0.740000
0.329000
0.370000
nan
nan
0.576000
0.411000
nan
nan
nan
0.370000
0.617000
nan
0.863000
0.534000
0.493000
0.781000
0.411000
0.194000
nan
nan
nan
1.000000
nan
nan
0.576000
nan
nan
nan
0.411000
nan
nan
nan
0.617000
nan
nan
nan
0.946000
nan
0.658000
0.498000
nan
nan
nan
nan
nan
nan
0.373000
0.249000
0.373000
nan
0.664000
0.622000
0.747000
nan
nan
0.705000
0.622000
nan
nan
0.166000
0.581000
nan
0.249000
nan
0.830000
0.415000
0.622000
nan
nan
nan
0.249000
nan
0.830000
0.083000
nan
nan
0.788000
nan
nan
nan
nan
nan
nan
nan
nan
1.000000
0.539000
0.456000
0.249000
0.124000
0.083000
0.166000
0.083000
nan
0.332000
0.539000
1.000000
nan
nan
0.083000
nan
nan
nan
nan
