Coverage: 174.705882
0.000000
0.000000
0.000000
nan
0.000000
0.000000
0.000000
0.784000
0.000000
nan
0.000000
0.000000
0.000000
nan
0.000000
0.784000
0.000000
0.000000
0.000000
nan
0.000000
nan
0.000000
nan
0.000000
nan
0.000000
0.000000
0.000000
nan
nan
0.000000
0.000000
nan
nan
0.000000
0.000000
0.000000
0.000000
0.000000
nan
nan
1.000000
nan
0.000000
0.000000
nan
1.000000
0.000000
nan
nan
nan
nan
0.000000
0.784000
nan
nan
1.000000
nan
nan
nan
nan
nan
nan
nan
0.000000
0.392000
0.000000
nan
nan
0.000000
nan
0.000000
0.000000
nan
0.000000
0.000000
0.000000
0.000000
nan
0.000000
0.892000
0.000000
nan
0.000000
1.000000
0.000000
nan
nan
0.000000
0.000000
nan
0.500000
0.000000
0.500000
0.000000
0.000000
nan
nan
nan
nan
0.500000
0.000000
0.000000
0.000000
0.500000
nan
nan
nan
nan
0.000000
nan
nan
nan
nan
0.000000
nan
0.000000
0.000000
nan
0.000000
nan
nan
0.000000
0.000000
0.000000
0.000000
0.000000
nan
nan
0.000000
1.000000
nan
0.000000
nan
1.000000
0.000000
nan
0.000000
nan
nan
0.000000
0.000000
nan
nan
nan
nan
nan
nan
nan
0.000000
0.000000
0.000000
0.000000
0.000000
nan
0.000000
nan
0.000000
0.000000
0.000000
0.000000
0.000000
0.000000
nan
nan
nan
nan
0.000000
nan
