Coverage: 590.374332
nan
0.000000
0.379000
nan
nan
nan
0.190000
0.474000
0.095000
0.095000
0.190000
0.284000
0.474000
0.758000
nan
0.190000
0.758000
0.379000
0.758000
0.569000
nan
nan
nan
nan
0.664000
0.000000
nan
nan
0.190000
0.569000
0.758000
nan
0.758000
nan
nan
0.284000
nan
nan
0.190000
nan
0.284000
nan
nan
0.569000
0.664000
0.190000
0.664000
1.000000
0.948000
nan
nan
nan
0.474000
nan
nan
nan
0.853000
nan
0.569000
0.190000
1.000000
0.190000
0.758000
nan
0.758000
0.000000
1.000000
0.379000
0.664000
nan
nan
0.440000
0.549000
nan
0.440000
nan
nan
nan
0.549000
nan
nan
0.000000
0.440000
0.769000
nan
nan
nan
0.440000
0.250000
nan
nan
nan
nan
nan
0.250000
nan
nan
0.125000
0.125000
nan
0.000000
0.250000
0.875000
nan
0.500000
nan
0.625000
nan
nan
nan
nan
1.000000
nan
0.625000
0.750000
0.000000
0.125000
0.000000
nan
0.875000
nan
nan
nan
nan
nan
0.625000
0.625000
nan
nan
nan
nan
nan
nan
0.875000
nan
0.125000
nan
0.500000
0.500000
0.250000
nan
0.375000
0.000000
0.250000
nan
nan
nan
0.000000
nan
nan
nan
nan
1.000000
0.875000
0.500000
nan
nan
0.000000
nan
0.250000
0.500000
0.875000
nan
1.000000
nan
nan
0.500000
nan
nan
0.500000
nan
nan
0.500000
nan
0.250000
nan
nan
nan
0.500000
nan
nan
nan
nan
1.000000
0.750000
nan
nan
