Coverage: 4142.944785
0.067000
0.067000
0.246000
0.164000
nan
0.164000
0.218000
nan
0.846000
nan
0.491000
0.355000
0.464000
nan
0.900000
nan
0.327000
0.409000
0.437000
0.327000
0.846000
nan
nan
0.082000
0.355000
0.067000
0.709000
nan
nan
nan
nan
0.382000
nan
nan
nan
nan
0.846000
nan
nan
0.873000
nan
1.000000
0.518000
nan
nan
nan
0.628000
nan
0.655000
nan
nan
nan
0.955000
nan
nan
0.791000
0.546000
0.437000
0.300000
0.628000
nan
nan
nan
0.273000
0.191000
0.382000
0.955000
0.686000
0.265000
0.609000
0.947000
0.609000
0.660000
0.736000
0.457000
nan
nan
nan
nan
nan
nan
nan
nan
nan
1.000000
0.635000
0.457000
0.482000
0.736000
0.282000
0.376000
nan
nan
0.611000
0.658000
nan
0.635000
0.423000
nan
0.423000
0.588000
0.517000
nan
0.470000
nan
nan
0.823000
nan
nan
nan
nan
0.729000
nan
nan
0.256000
nan
nan
nan
0.588000
nan
0.846000
0.306000
nan
0.893000
0.541000
0.470000
nan
0.517000
nan
nan
nan
nan
nan
nan
0.353000
0.987000
nan
nan
0.400000
nan
0.870000
1.000000
nan
0.423000
nan
0.517000
0.353000
0.256000
0.729000
nan
nan
0.658000
1.000000
0.658000
0.400000
0.306000
nan
0.541000
nan
0.658000
nan
nan
nan
