Coverage: 291809.532062
nan
0.089000
0.089000
0.144000
0.096000
0.089000
0.199000
nan
nan
0.089000
0.171000
0.096000
nan
0.226000
0.130000
0.103000
0.384000
0.336000
0.398000
nan
0.350000
nan
0.267000
nan
0.460000
nan
0.398000
0.240000
0.665000
0.370000
nan
0.384000
nan
nan
nan
0.309000
nan
0.569000
0.782000
nan
0.617000
0.576000
0.597000
nan
0.432000
nan
0.604000
nan
0.590000
nan
nan
nan
0.254000
nan
nan
nan
nan
nan
nan
nan
0.604000
nan
nan
0.652000
nan
0.604000
0.748000
nan
1.000000
0.940000
nan
0.693000
0.919000
0.638000
nan
0.898000
nan
1.000000
nan
1.000000
0.391000
0.830000
0.604000
0.679000
0.597000
nan
nan
0.300000
nan
nan
nan
0.474000
0.466000
nan
nan
nan
0.296000
0.207000
nan
nan
0.185000
0.185000
0.278000
0.348000
nan
0.270000
0.185000
0.426000
0.311000
0.359000
0.296000
nan
nan
nan
nan
0.463000
0.355000
0.422000
0.252000
nan
0.637000
0.304000
0.448000
0.337000
nan
nan
0.215000
0.255000
0.226000
nan
0.404000
nan
0.566000
0.363000
0.744000
0.348000
0.363000
nan
nan
0.400000
0.400000
nan
0.689000
nan
0.526000
0.463000
nan
0.470000
0.481000
nan
nan
nan
nan
0.481000
0.637000
1.000000
nan
nan
1.000000
nan
nan
nan
nan
0.763000
0.422000
0.996000
0.596000
1.000000
0.755000
0.581000
nan
nan
nan
nan
nan
0.015000
nan
nan
0.017000
nan
nan
0.017000
nan
nan
0.020000
nan
nan
0.032000
0.037000
nan
nan
nan
0.141000
0.274000
0.329000
nan
0.306000
0.389000
nan
0.982000
1.000000
0.420000
0.495000
0.389000
0.251000
0.462000
0.163000
0.108000
0.096000
0.065000
0.047000
0.030000
0.019000
0.012000
0.010000
0.008000
0.008000
0.011000
0.008000
0.014000
0.012000
0.023000
0.021000
0.038000
0.055000
0.080000
0.153000
0.240000
0.307000
0.396000
0.508000
0.896000
nan
0.842000
0.922000
0.647000
1.000000
0.577000
nan
1.000000
nan
nan
nan
nan
nan
1.000000
1.000000
nan
1.000000
nan
nan
0.906000
0.392000
0.350000
nan
0.189000
0.316000
0.200000
nan
nan
0.141000
0.113000
nan
0.073000
nan
nan
nan
0.039000
nan
0.105000
0.066000
nan
0.054000
nan
nan
nan
0.118000
nan
0.039000
0.039000
0.055000
nan
0.050000
0.086000
0.118000
0.086000
nan
0.077000
nan
nan
nan
nan
nan
0.093000
0.079000
nan
0.039000
nan
nan
nan
nan
nan
nan
0.093000
nan
nan
nan
0.103000
nan
nan
0.101000
0.109000
0.126000
nan
0.049000
0.110000
0.140000
nan
nan
0.079000
0.062000
nan
nan
0.045000
nan
nan
nan
0.101000
nan
0.122000
0.133000
nan
0.048000
0.087000
0.138000
0.125000
nan
0.114000
nan
nan
nan
0.123000
0.083000
0.071000
0.367000
0.448000
0.305000
nan
nan
nan
0.512000
nan
nan
0.322000
0.498000
nan
0.224000
0.386000
nan
0.689000
nan
nan
0.649000
nan
0.826000
nan
0.851000
nan
0.971000
0.652000
nan
1.000000
0.717000
0.621000
0.812000
nan
nan
0.689000
nan
nan
0.652000
0.554000
nan
nan
nan
0.882000
0.977000
0.269000
nan
nan
nan
nan
1.000000
nan
0.652000
nan
nan
nan
0.781000
nan
nan
nan
nan
nan
nan
0.798000
0.563000
0.400000
nan
nan
0.224000
0.386000
nan
0.341000
0.224000
nan
0.498000
0.470000
nan
nan
nan
nan
nan
0.689000
nan
nan
nan
nan
nan
nan
nan
0.224000
0.669000
0.705000
0.495000
0.462000
nan
0.694000
nan
0.560000
nan
nan
nan
0.845000
1.000000
nan
nan
nan
nan
nan
nan
0.607000
nan
nan
0.551000
0.252000
0.322000
0.357000
nan
nan
0.521000
nan
nan
nan
nan
0.141000
nan
0.146000
0.521000
nan
nan
nan
nan
nan
0.622000
0.171000
0.106000
0.117000
0.352000
0.317000
0.373000
0.269000
nan
nan
nan
nan
nan
nan
0.183000
nan
nan
nan
nan
0.388000
0.283000
nan
0.263000
0.123000
0.171000
0.091000
0.091000
0.588000
nan
nan
nan
nan
nan
nan
nan
0.704000
nan
nan
0.381000
nan
nan
nan
nan
nan
nan
nan
nan
0.379000
0.554000
0.536000
nan
0.319000
nan
0.390000
0.198000
nan
nan
nan
nan
0.248000
0.348000
nan
0.373000
nan
nan
0.943000
0.394000
0.544000
nan
0.888000
0.804000
nan
0.423000
0.319000
0.379000
nan
nan
0.129000
0.098000
1.000000
nan
1.000000
0.721000
0.865000
nan
nan
0.125000
nan
nan
0.540000
nan
nan
nan
0.231000
1.000000
0.363000
nan
nan
0.609000
nan
0.430000
0.202000
0.074000
