Coverage: 74822.258592
0.110000
0.110000
nan
nan
0.214000
0.110000
nan
nan
0.130000
0.158000
0.214000
nan
0.373000
nan
nan
0.312000
0.603000
0.616000
nan
0.496000
0.530000
nan
0.369000
0.255000
nan
0.432000
nan
0.423000
0.185000
0.424000
nan
0.333000
0.518000
0.715000
0.732000
nan
0.491000
nan
nan
nan
0.603000
0.661000
0.891000
nan
nan
0.372000
nan
0.588000
0.718000
nan
nan
nan
0.478000
nan
nan
nan
0.983000
nan
nan
nan
0.950000
0.509000
0.891000
nan
nan
nan
nan
nan
0.461000
0.580000
nan
0.940000
nan
nan
nan
0.175000
0.205000
nan
nan
0.403000
0.302000
1.000000
nan
0.332000
0.190000
0.489000
0.515000
1.000000
1.000000
nan
0.909000
0.559000
nan
nan
nan
nan
0.084000
1.000000
nan
nan
nan
nan
nan
nan
nan
nan
nan
0.861000
nan
nan
nan
nan
nan
nan
nan
nan
0.096000
0.973000
0.858000
1.000000
0.266000
0.285000
0.386000
nan
0.182000
nan
nan
nan
0.166000
nan
nan
nan
nan
nan
nan
0.193000
nan
0.100000
nan
0.091000
0.138000
nan
nan
nan
nan
0.264000
1.000000
0.250000
nan
nan
0.154000
nan
0.220000
0.267000
nan
nan
nan
0.189000
0.177000
0.222000
nan
0.758000
0.917000
nan
0.126000
nan
0.280000
0.617000
nan
nan
nan
nan
0.216000
0.377000
nan
0.516000
0.876000
0.709000
0.679000
0.633000
nan
0.836000
nan
nan
nan
0.121000
nan
nan
nan
nan
nan
nan
nan
nan
nan
nan
nan
0.503000
nan
nan
nan
0.084000
nan
0.236000
0.743000
0.902000
nan
nan
nan
nan
nan
0.454000
nan
nan
0.912000
0.109000
0.084000
0.502000
nan
0.113000
nan
0.101000
0.771000
1.000000
nan
nan
nan
nan
nan
0.182000
nan
0.123000
0.283000
nan
nan
1.000000
nan
nan
0.269000
nan
nan
nan
nan
0.298000
nan
nan
nan
0.779000
0.730000
nan
1.000000
nan
0.227000
nan
0.247000
nan
0.183000
nan
nan
0.276000
0.700000
0.684000
nan
nan
nan
0.248000
0.146000
nan
0.415000
nan
nan
0.827000
0.480000
0.814000
nan
0.101000
nan
0.101000
0.153000
0.161000
0.460000
0.143000
nan
nan
0.137000
nan
0.190000
0.193000
0.407000
0.108000
0.122000
0.134000
nan
0.166000
0.121000
0.313000
nan
nan
nan
nan
nan
0.117000
0.383000
nan
0.171000
nan
0.101000
0.509000
nan
nan
nan
nan
nan
0.202000
0.527000
nan
0.715000
0.917000
nan
nan
0.057000
nan
0.075000
0.072000
nan
nan
nan
0.800000
nan
nan
1.000000
nan
0.089000
0.057000
0.057000
0.075000
nan
nan
0.119000
nan
0.084000
nan
nan
0.194000
0.443000
nan
0.883000
0.317000
0.178000
0.414000
nan
nan
0.155000
0.204000
nan
0.213000
0.299000
nan
nan
nan
0.059000
nan
0.123000
0.094000
nan
0.090000
0.144000
nan
nan
nan
nan
0.114000
0.084000
nan
nan
0.058000
nan
0.164000
nan
0.247000
0.123000
0.669000
1.000000
nan
nan
nan
0.891000
0.979000
0.154000
nan
nan
nan
0.064000
0.365000
nan
nan
nan
0.854000
nan
0.765000
nan
nan
0.384000
nan
nan
nan
0.211000
0.099000
0.205000
nan
0.982000
0.156000
0.089000
nan
0.302000
1.000000
nan
nan
0.213000
nan
0.736000
nan
0.142000
nan
nan
nan
0.235000
nan
1.000000
0.296000
0.286000
0.242000
nan
nan
nan
nan
nan
nan
nan
0.193000
nan
0.671000
nan
1.000000
nan
0.237000
nan
0.166000
0.179000
0.234000
nan
nan
0.913000
nan
nan
0.209000
0.198000
0.176000
0.195000
0.196000
nan
0.147000
nan
nan
nan
0.192000
0.161000
0.142000
1.000000
0.756000
nan
nan
nan
nan
0.142000
nan
nan
nan
nan
nan
nan
nan
nan
0.214000
nan
0.709000
nan
0.676000
0.396000
0.605000
0.511000
nan
nan
nan
0.529000
0.455000
0.475000
nan
nan
nan
nan
0.844000
0.326000
0.420000
0.395000
0.542000
0.243000
nan
nan
nan
nan
nan
nan
0.448000
0.460000
nan
0.410000
0.365000
0.411000
nan
0.505000
nan
nan
nan
0.315000
0.246000
0.149000
0.311000
0.282000
nan
nan
nan
nan
0.156000
nan
nan
nan
0.423000
0.338000
nan
nan
0.191000
0.149000
0.188000
0.152000
nan
0.990000
nan
nan
nan
nan
nan
nan
nan
nan
nan
nan
0.332000
0.379000
0.869000
nan
0.226000
0.149000
nan
nan
nan
0.553000
0.830000
0.902000
nan
nan
nan
0.974000
nan
nan
0.403000
nan
0.278000
nan
nan
nan
0.684000
1.000000
nan
0.918000
0.754000
0.754000
0.771000
nan
0.990000
0.722000
1.000000
nan
1.000000
0.754000
0.402000
0.292000
0.281000
0.286000
nan
nan
nan
nan
nan
nan
0.793000
nan
0.516000
nan
nan
nan
