Coverage: 2235.000000
0.069000
nan
0.476000
nan
0.143000
nan
nan
nan
nan
nan
nan
0.429000
0.286000
nan
0.381000
0.069000
0.143000
0.524000
0.095000
nan
0.286000
nan
nan
nan
0.381000
0.095000
1.000000
nan
nan
0.069000
0.429000
0.429000
nan
0.714000
nan
0.714000
1.000000
nan
0.952000
0.524000
0.286000
nan
0.524000
nan
0.524000
nan
0.476000
0.333000
nan
0.810000
nan
nan
0.190000
nan
nan
nan
0.333000
nan
nan
0.524000
1.000000
nan
nan
nan
nan
0.667000
nan
0.524000
0.333000
0.333000
0.143000
nan
nan
0.810000
0.857000
1.000000
0.762000
0.619000
0.558000
0.518000
nan
0.598000
nan
nan
nan
0.717000
nan
0.757000
nan
0.717000
nan
0.319000
nan
0.717000
nan
0.449000
nan
nan
nan
nan
1.000000
0.865000
0.833000
0.417000
nan
0.545000
nan
0.353000
0.385000
nan
nan
nan
0.865000
nan
nan
0.705000
0.833000
0.609000
0.897000
nan
nan
nan
0.321000
nan
nan
0.125000
nan
0.481000
0.385000
nan
nan
0.545000
0.449000
0.897000
0.737000
0.705000
nan
nan
nan
nan
0.737000
nan
nan
0.801000
nan
nan
0.481000
0.192000
nan
0.641000
nan
nan
nan
1.000000
nan
nan
0.353000
nan
nan
nan
nan
0.929000
0.192000
nan
0.192000
0.256000
nan
0.801000
0.288000
0.160000
0.125000
0.125000
nan
nan
nan
1.000000
0.545000
0.833000
0.353000
nan
