Coverage: 15881.410256
0.000000
nan
nan
0.013000
nan
nan
nan
0.000000
0.000000
nan
nan
nan
nan
nan
nan
0.020000
nan
0.000000
nan
0.000000
nan
nan
0.040000
0.007000
0.060000
nan
0.027000
nan
0.040000
0.074000
0.027000
0.034000
nan
0.040000
0.081000
0.067000
0.094000
0.087000
nan
0.081000
nan
nan
0.423000
nan
nan
0.343000
0.537000
nan
nan
0.632000
nan
nan
0.356000
nan
nan
nan
nan
0.450000
0.746000
0.598000
nan
0.605000
0.443000
0.564000
0.752000
0.860000
0.705000
0.403000
0.887000
nan
nan
nan
nan
nan
0.974000
0.497000
1.000000
nan
nan
0.867000
nan
1.000000
nan
0.531000
0.598000
nan
nan
nan
0.638000
0.692000
nan
0.914000
0.820000
1.000000
nan
0.947000
nan
nan
0.672000
nan
0.440000
nan
0.491000
nan
nan
nan
nan
0.522000
0.607000
nan
nan
nan
nan
nan
0.751000
nan
0.751000
0.655000
0.727000
nan
nan
0.914000
0.812000
nan
0.774000
nan
nan
nan
0.638000
0.604000
0.928000
0.908000
nan
0.788000
nan
0.549000
nan
nan
0.972000
nan
nan
0.908000
0.590000
0.737000
0.918000
0.925000
0.778000
nan
nan
nan
0.362000
0.580000
0.969000
0.747000
nan
nan
nan
0.386000
0.300000
0.246000
nan
nan
nan
nan
nan
nan
nan
0.233000
nan
nan
1.000000
0.723000
0.812000
nan
nan
0.334000
0.233000
0.233000
0.321000
0.474000
0.341000
nan
nan
nan
0.549000
1.000000
nan
0.996000
0.850000
1.000000
nan
0.819000
nan
0.962000
0.788000
nan
nan
nan
nan
nan
0.757000
0.299000
0.669000
0.747000
nan
0.742000
0.806000
nan
nan
0.833000
nan
nan
nan
0.282000
0.260000
0.241000
0.299000
0.241000
nan
0.644000
0.815000
0.722000
nan
0.563000
0.681000
0.950000
nan
0.465000
0.624000
0.468000
0.727000
0.747000
nan
0.541000
0.622000
nan
nan
0.588000
0.852000
nan
nan
0.727000
nan
0.588000
0.460000
0.328000
0.749000
nan
0.465000
nan
nan
1.000000
nan
nan
0.255000
0.441000
0.399000
nan
nan
nan
0.326000
0.241000
nan
nan
0.901000
nan
nan
1.000000
nan
nan
nan
0.429000
0.458000
nan
0.744000
0.306000
nan
0.257000
nan
nan
nan
nan
0.355000
1.000000
0.475000
nan
0.605000
nan
0.489000
0.410000
0.718000
0.947000
nan
nan
nan
0.741000
0.803000
0.882000
0.789000
nan
nan
nan
nan
0.857000
0.992000
nan
nan
0.565000
0.808000
0.772000
nan
0.789000
nan
0.305000
nan
0.240000
0.234000
nan
nan
0.234000
0.376000
1.000000
nan
nan
nan
nan
nan
nan
0.961000
0.331000
0.472000
0.735000
nan
0.854000
nan
0.673000
0.435000
nan
nan
nan
nan
1.000000
0.444000
0.351000
0.475000
0.234000
0.557000
0.639000
nan
nan
nan
0.910000
nan
0.701000
0.653000
nan
nan
nan
0.647000
0.455000
nan
0.413000
0.653000
0.492000
nan
0.447000
0.543000
nan
nan
0.582000
nan
nan
nan
nan
1.000000
0.676000
0.602000
nan
0.619000
nan
nan
nan
nan
0.243000
0.671000
0.934000
0.729000
1.000000
0.613000
nan
nan
0.291000
0.324000
0.318000
nan
0.564000
1.000000
nan
0.895000
nan
nan
nan
0.759000
nan
nan
0.742000
0.392000
nan
0.291000
nan
nan
nan
0.425000
0.629000
nan
nan
0.470000
nan
0.947000
nan
0.596000
0.833000
nan
nan
0.687000
0.814000
0.512000
0.541000
0.548000
nan
nan
0.558000
0.493000
0.532000
0.700000
0.583000
nan
0.538000
0.421000
nan
0.791000
nan
0.583000
nan
0.298000
nan
nan
0.606000
0.551000
0.554000
0.720000
0.674000
nan
nan
nan
0.652000
nan
1.000000
0.558000
0.470000
0.434000
0.476000
0.509000
nan
0.674000
0.545000
0.279000
nan
