Coverage: 9840.855107
0.107000
0.107000
0.124000
0.187000
nan
nan
0.107000
0.124000
0.176000
0.155000
0.176000
nan
0.218000
nan
0.394000
nan
0.580000
nan
nan
nan
nan
0.508000
0.404000
0.632000
0.290000
0.487000
0.373000
nan
0.611000
nan
0.435000
0.259000
0.466000
0.352000
0.342000
0.591000
0.870000
0.352000
0.425000
nan
nan
nan
0.166000
nan
0.508000
0.228000
0.352000
0.528000
0.352000
0.777000
nan
nan
0.560000
1.000000
nan
nan
nan
0.632000
0.560000
nan
nan
nan
nan
0.477000
nan
nan
nan
0.124000
0.187000
nan
0.446000
nan
nan
nan
0.850000
1.000000
0.943000
0.777000
0.632000
nan
nan
0.404000
nan
1.000000
nan
0.208000
0.208000
0.208000
0.542000
nan
nan
0.509000
0.356000
0.548000
nan
0.471000
0.268000
0.471000
0.389000
nan
0.602000
0.427000
0.509000
0.498000
nan
0.427000
nan
nan
nan
0.389000
0.635000
0.553000
0.674000
0.739000
nan
nan
nan
nan
nan
nan
0.411000
nan
0.515000
nan
nan
1.000000
0.356000
nan
0.652000
0.586000
0.515000
nan
nan
nan
0.542000
1.000000
nan
nan
nan
0.789000
0.685000
0.630000
0.668000
nan
nan
0.581000
0.383000
0.257000
nan
0.246000
nan
nan
nan
1.000000
0.964000
0.926000
0.263000
nan
0.214000
nan
0.843000
0.559000
0.586000
nan
0.706000
nan
nan
nan
nan
0.378000
nan
nan
0.394000
0.389000
0.260000
nan
0.228000
nan
0.534000
nan
0.605000
0.701000
nan
nan
nan
0.142000
0.153000
0.249000
nan
nan
nan
nan
nan
0.242000
nan
nan
nan
0.552000
nan
nan
0.616000
1.000000
nan
0.359000
nan
0.961000
nan
nan
0.359000
nan
nan
nan
0.402000
nan
nan
nan
nan
0.391000
0.427000
0.235000
0.577000
0.231000
nan
nan
0.067000
0.121000
0.103000
0.331000
0.246000
0.210000
nan
nan
0.103000
nan
0.100000
nan
0.067000
nan
nan
nan
0.815000
0.690000
0.961000
0.281000
nan
0.125000
nan
nan
0.139000
1.000000
0.786000
nan
nan
1.000000
nan
0.071000
nan
nan
nan
0.082000
nan
0.505000
nan
0.214000
nan
0.067000
nan
0.167000
nan
0.103000
nan
nan
0.420000
0.559000
nan
nan
nan
0.256000
nan
nan
nan
nan
nan
0.327000
0.397000
nan
0.630000
nan
0.120000
0.780000
nan
nan
0.812000
nan
nan
0.698000
0.862000
0.876000
nan
0.744000
1.000000
1.000000
nan
nan
nan
nan
nan
nan
0.128000
0.120000
nan
0.233000
nan
nan
0.160000
0.625000
1.000000
0.757000
0.917000
0.858000
nan
0.187000
0.120000
0.274000
0.242000
nan
nan
0.274000
nan
nan
0.561000
nan
nan
nan
0.716000
0.671000
nan
0.505000
nan
0.271000
0.915000
nan
nan
nan
nan
nan
nan
0.422000
nan
nan
0.692000
0.890000
nan
0.949000
0.401000
0.385000
0.474000
nan
0.422000
0.302000
0.354000
0.286000
0.370000
nan
nan
nan
0.364000
0.318000
0.385000
0.692000
nan
0.661000
0.557000
nan
nan
0.307000
0.433000
0.602000
nan
0.567000
0.193000
0.596000
nan
0.971000
0.357000
0.614000
0.439000
0.404000
0.532000
nan
nan
nan
0.678000
nan
0.544000
1.000000
0.386000
0.251000
0.363000
0.263000
0.135000
nan
nan
0.064000
0.228000
0.251000
0.257000
nan
nan
nan
nan
0.216000
0.099000
nan
nan
nan
nan
0.042000
0.042000
nan
0.042000
