Coverage: 6903.435115
nan
nan
nan
nan
nan
nan
nan
nan
nan
0.000000
0.000000
nan
nan
0.000000
0.011000
0.000000
nan
0.023000
nan
0.011000
0.011000
0.023000
0.000000
0.068000
nan
nan
nan
nan
nan
0.114000
0.102000
0.079000
nan
nan
nan
0.193000
nan
0.114000
0.352000
0.375000
0.250000
0.329000
nan
0.250000
0.182000
nan
0.204000
0.114000
nan
nan
nan
nan
0.250000
nan
nan
nan
nan
0.284000
0.170000
0.375000
nan
nan
0.454000
0.409000
0.409000
nan
nan
0.443000
0.704000
nan
nan
nan
nan
0.420000
0.670000
0.352000
0.329000
0.533000
0.511000
nan
nan
0.590000
nan
nan
nan
0.454000
nan
0.897000
nan
1.000000
0.988000
1.000000
0.556000
0.874000
nan
0.829000
nan
nan
nan
0.783000
nan
nan
1.000000
0.488000
nan
0.589000
0.422000
0.583000
0.416000
nan
nan
0.482000
0.422000
0.369000
0.523000
0.458000
1.000000
nan
nan
nan
nan
nan
nan
0.904000
0.458000
0.642000
0.892000
0.297000
nan
nan
nan
nan
0.285000
nan
0.297000
nan
0.274000
nan
nan
nan
nan
nan
nan
nan
0.184000
0.232000
nan
nan
nan
nan
0.148000
0.148000
0.148000
nan
0.232000
nan
nan
nan
0.952000
0.559000
0.957000
0.916000
0.208000
nan
nan
nan
0.238000
nan
nan
nan
nan
nan
nan
nan
nan
nan
nan
0.244000
0.547000
nan
nan
nan
nan
nan
nan
0.358000
nan
0.541000
0.410000
nan
0.469000
0.854000
0.937000
nan
0.554000
nan
nan
nan
0.821000
0.808000
nan
0.723000
nan
nan
0.658000
nan
0.515000
nan
nan
nan
0.801000
nan
nan
0.482000
0.834000
1.000000
1.000000
0.404000
0.524000
0.680000
0.461000
0.949000
0.588000
0.935000
nan
nan
0.510000
0.850000
nan
nan
nan
0.347000
0.158000
0.517000
0.694000
0.312000
0.411000
nan
0.631000
0.375000
nan
0.461000
0.461000
0.694000
0.602000
nan
0.340000
nan
nan
0.609000
0.581000
0.489000
0.638000
nan
nan
0.786000
0.475000
nan
0.177000
0.298000
0.158000
0.158000
