Coverage: 1781.347150
nan
0.019000
nan
0.563000
nan
nan
nan
nan
nan
0.693000
0.346000
nan
nan
nan
0.019000
0.130000
0.866000
0.519000
1.000000
0.019000
0.952000
nan
nan
nan
nan
nan
nan
0.433000
0.909000
0.563000
nan
nan
0.519000
0.476000
nan
0.433000
nan
nan
nan
nan
0.866000
0.952000
0.606000
0.736000
0.693000
0.563000
0.303000
0.087000
nan
nan
nan
nan
0.476000
nan
nan
nan
0.476000
nan
0.433000
nan
0.303000
0.087000
nan
0.606000
0.433000
0.390000
0.823000
0.303000
nan
0.260000
nan
0.866000
0.519000
0.303000
nan
0.952000
1.000000
nan
0.043000
0.693000
nan
nan
nan
nan
nan
nan
0.390000
0.346000
nan
0.952000
nan
nan
nan
nan
nan
nan
0.476000
0.043000
1.000000
nan
nan
0.693000
nan
0.202000
nan
nan
nan
nan
0.506000
0.371000
nan
0.472000
nan
nan
0.472000
0.270000
nan
1.000000
0.675000
0.540000
nan
nan
nan
nan
0.742000
nan
nan
0.573000
0.641000
nan
nan
nan
0.506000
nan
0.472000
nan
0.843000
0.438000
0.776000
0.843000
nan
0.944000
nan
0.573000
0.169000
nan
0.337000
nan
0.405000
nan
0.371000
0.236000
0.573000
nan
nan
1.000000
0.405000
0.708000
0.472000
nan
nan
nan
nan
nan
nan
0.506000
nan
nan
0.438000
nan
0.150000
nan
0.304000
0.607000
0.202000
0.573000
0.337000
nan
nan
1.000000
0.708000
0.236000
0.236000
0.150000
nan
0.236000
nan
0.150000
0.405000
0.371000
0.438000
0.236000
nan
