Coverage: 11389.587852
nan
0.023000
0.186000
0.047000
nan
nan
nan
0.078000
0.047000
nan
nan
nan
0.124000
0.078000
0.093000
0.186000
0.124000
0.264000
nan
0.031000
0.186000
0.023000
nan
0.217000
nan
0.023000
0.140000
0.093000
nan
0.109000
0.217000
0.124000
0.171000
0.264000
nan
0.311000
0.450000
nan
0.248000
0.652000
0.559000
0.248000
0.807000
0.761000
nan
nan
0.839000
0.311000
0.264000
1.000000
nan
nan
0.435000
nan
nan
nan
nan
0.621000
nan
0.745000
0.916000
nan
0.652000
nan
0.280000
nan
0.932000
0.839000
nan
1.000000
0.761000
nan
nan
nan
nan
1.000000
nan
0.730000
0.699000
0.730000
nan
nan
0.559000
nan
0.153000
0.200000
0.169000
0.231000
nan
nan
nan
nan
0.322000
0.251000
nan
nan
0.318000
0.298000
0.373000
nan
0.169000
0.235000
nan
nan
0.447000
nan
0.329000
0.416000
0.337000
nan
0.294000
0.341000
nan
nan
0.455000
0.482000
nan
nan
nan
nan
0.136000
0.136000
nan
nan
0.981000
0.635000
0.584000
nan
0.136000
0.153000
0.275000
0.271000
nan
nan
nan
nan
nan
0.345000
0.302000
0.204000
0.173000
0.282000
0.341000
0.894000
0.722000
0.388000
0.177000
0.392000
0.828000
nan
nan
nan
0.326000
1.000000
0.777000
nan
0.902000
nan
nan
nan
nan
1.000000
0.934000
1.000000
nan
0.400000
0.235000
0.396000
0.454000
nan
nan
0.420000
nan
nan
nan
nan
nan
nan
nan
nan
0.417000
0.427000
nan
nan
nan
0.732000
nan
nan
nan
nan
0.155000
nan
nan
nan
0.669000
nan
nan
0.199000
0.454000
0.447000
nan
nan
nan
nan
0.980000
0.470000
0.692000
1.000000
0.516000
0.500000
0.457000
nan
0.973000
nan
0.159000
nan
nan
nan
nan
0.215000
0.566000
0.420000
nan
0.924000
nan
nan
nan
nan
0.795000
nan
0.589000
nan
nan
0.851000
0.765000
nan
0.877000
0.308000
0.225000
nan
0.457000
0.155000
0.377000
0.334000
nan
0.659000
nan
0.493000
0.271000
nan
0.155000
0.202000
0.417000
0.507000
1.000000
0.589000
0.725000
1.000000
nan
0.715000
nan
nan
nan
nan
nan
nan
0.745000
0.599000
0.702000
nan
nan
nan
0.761000
nan
nan
nan
0.293000
nan
nan
0.462000
0.376000
0.527000
nan
nan
nan
nan
0.715000
nan
0.854000
nan
nan
0.829000
0.568000
0.604000
nan
0.457000
0.293000
0.327000
1.000000
nan
nan
nan
nan
nan
nan
0.813000
0.568000
0.637000
nan
0.457000
0.547000
0.764000
nan
0.678000
0.453000
nan
nan
1.000000
0.547000
nan
0.551000
nan
0.899000
1.000000
nan
nan
nan
nan
0.306000
nan
0.580000
nan
nan
0.984000
0.878000
nan
0.457000
0.319000
nan
nan
nan
nan
nan
nan
nan
nan
0.506000
nan
nan
0.445000
0.625000
nan
nan
0.293000
nan
nan
nan
nan
0.604000
nan
0.776000
nan
0.608000
nan
nan
nan
0.460000
0.477000
nan
0.486000
nan
nan
nan
0.861000
0.857000
nan
0.663000
0.739000
0.583000
nan
nan
0.393000
0.363000
0.350000
nan
nan
nan
0.445000
0.362000
nan
nan
0.515000
0.348000
nan
nan
nan
nan
nan
0.750000
nan
nan
nan
0.480000
0.502000
nan
nan
nan
nan
nan
0.842000
nan
0.602000
nan
nan
0.414000
1.000000
0.637000
0.440000
0.580000
1.000000
0.667000
0.715000
nan
0.545000
nan
0.706000
nan
0.401000
nan
nan
0.458000
0.724000
0.811000
0.602000
0.584000
nan
nan
nan
0.371000
nan
0.737000
0.571000
0.549000
0.645000
0.698000
0.637000
nan
0.632000
0.676000
nan
nan
nan
nan
0.449000
nan
1.000000
nan
nan
nan
0.348000
0.348000
