Coverage: 2754.729730
0.049000
nan
nan
0.202000
nan
0.235000
0.049000
nan
0.168000
0.168000
0.370000
0.202000
nan
nan
nan
0.471000
nan
0.101000
0.134000
0.049000
nan
0.336000
0.336000
0.269000
nan
nan
0.706000
0.437000
nan
0.269000
nan
nan
nan
nan
nan
0.134000
0.168000
0.605000
nan
nan
nan
nan
0.403000
nan
0.739000
nan
nan
0.202000
nan
nan
nan
nan
0.303000
nan
nan
nan
0.370000
nan
nan
0.336000
nan
0.269000
nan
1.000000
nan
nan
0.605000
0.807000
nan
nan
1.000000
0.336000
0.840000
0.504000
0.672000
nan
0.403000
nan
nan
nan
nan
nan
1.000000
nan
nan
0.739000
nan
0.269000
0.269000
0.403000
0.471000
nan
nan
nan
0.101000
nan
0.134000
0.471000
nan
0.067000
0.370000
nan
0.403000
nan
nan
nan
0.908000
0.253000
0.619000
nan
nan
nan
0.141000
nan
0.141000
nan
nan
0.422000
nan
0.309000
0.309000
0.309000
0.197000
0.619000
0.281000
0.141000
0.563000
0.534000
nan
0.591000
nan
0.759000
0.141000
nan
0.985000
0.281000
nan
0.394000
0.394000
0.422000
0.703000
0.422000
0.338000
0.478000
0.394000
0.338000
1.000000
0.309000
0.816000
nan
0.816000
nan
nan
0.422000
0.450000
nan
nan
nan
nan
nan
0.366000
nan
0.281000
0.366000
nan
0.309000
0.422000
nan
1.000000
nan
0.422000
nan
0.141000
0.281000
0.506000
1.000000
nan
0.450000
0.956000
nan
nan
nan
nan
nan
nan
0.703000
nan
0.281000
nan
nan
nan
0.422000
nan
0.921000
0.711000
1.000000
0.842000
1.000000
nan
0.763000
nan
0.184000
0.132000
nan
nan
nan
nan
1.000000
nan
nan
nan
0.211000
nan
nan
0.947000
nan
nan
nan
1.000000
0.526000
nan
nan
nan
0.447000
nan
nan
0.658000
nan
0.474000
0.526000
nan
nan
nan
0.868000
0.316000
0.158000
0.132000
nan
0.842000
0.605000
0.103000
nan
nan
0.947000
nan
nan
nan
0.368000
nan
0.816000
nan
0.447000
0.395000
nan
0.526000
nan
nan
0.103000
0.132000
nan
0.605000
nan
0.474000
0.184000
nan
nan
0.553000
nan
nan
nan
nan
0.342000
nan
0.684000
nan
0.211000
0.103000
0.184000
nan
0.316000
0.711000
nan
nan
nan
0.368000
nan
nan
0.342000
nan
nan
nan
0.553000
0.132000
0.316000
nan
0.211000
nan
nan
0.316000
nan
0.140000
0.084000
nan
0.309000
0.787000
nan
nan
1.000000
0.197000
0.281000
0.197000
0.225000
0.506000
nan
nan
0.590000
nan
1.000000
0.646000
0.281000
0.000000
0.000000
0.084000
0.028000
0.140000
0.000000
0.056000
0.000000
0.028000
0.084000
0.000000
0.365000
0.421000
0.393000
0.815000
nan
0.225000
0.197000
0.337000
0.478000
nan
0.478000
nan
nan
0.618000
nan
0.084000
0.309000
nan
0.169000
nan
1.000000
nan
0.506000
nan
nan
0.253000
0.169000
0.253000
0.197000
0.084000
nan
nan
nan
0.000000
nan
nan
0.084000
0.730000
nan
0.112000
nan
nan
0.506000
nan
nan
nan
nan
0.186000
nan
0.106000
nan
nan
nan
0.345000
nan
0.505000
0.292000
nan
nan
0.664000
nan
nan
nan
nan
0.053000
0.372000
nan
0.053000
nan
nan
nan
0.345000
nan
nan
nan
nan
nan
0.292000
nan
0.239000
nan
nan
nan
nan
nan
0.452000
0.531000
nan
nan
0.425000
nan
0.611000
0.664000
0.239000
0.053000
nan
0.372000
0.372000
1.000000
nan
0.106000
0.212000
nan
0.133000
0.159000
0.266000
nan
nan
nan
nan
nan
nan
nan
nan
nan
nan
nan
nan
nan
0.106000
nan
nan
0.053000
0.478000
nan
0.398000
nan
nan
nan
nan
0.531000
0.478000
nan
nan
nan
0.823000
0.558000
nan
1.000000
nan
nan
nan
nan
nan
nan
nan
nan
0.345000
0.292000
0.797000
nan
0.345000
0.425000
nan
0.452000
nan
nan
nan
0.531000
nan
0.133000
0.212000
0.956000
nan
nan
nan
0.398000
0.956000
nan
nan
0.664000
nan
1.000000
0.667000
0.483000
nan
nan
nan
0.585000
nan
0.411000
nan
0.503000
nan
0.282000
nan
0.441000
nan
nan
nan
0.801000
0.698000
nan
0.544000
nan
nan
nan
0.400000
nan
nan
0.554000
nan
0.524000
0.729000
1.000000
nan
0.483000
0.513000
nan
0.575000
nan
0.780000
0.554000
nan
nan
0.370000
0.282000
0.657000
0.842000
0.513000
nan
nan
nan
0.524000
0.503000
0.903000
0.616000
nan
nan
nan
0.688000
1.000000
0.524000
nan
nan
nan
nan
nan
nan
nan
nan
0.349000
nan
nan
nan
nan
nan
0.893000
nan
0.955000
nan
nan
nan
0.811000
nan
0.873000
0.534000
nan
nan
nan
0.585000
nan
1.000000
nan
0.349000
0.770000
0.862000
nan
nan
nan
0.282000
nan
0.883000
0.287000
nan
0.595000
nan
nan
0.400000
nan
nan
0.739000
nan
0.606000
0.717000
nan
0.759000
0.749000
0.432000
0.390000
0.432000
0.506000
nan
0.622000
nan
nan
0.443000
nan
0.633000
nan
nan
0.717000
1.000000
0.865000
0.749000
0.907000
nan
0.274000
0.475000
nan
nan
0.707000
nan
nan
nan
nan
nan
nan
nan
nan
nan
nan
nan
nan
0.591000
0.485000
1.000000
nan
nan
nan
0.755000
0.780000
nan
0.717000
0.680000
0.705000
0.629000
0.768000
0.705000
0.629000
1.000000
0.692000
nan
nan
0.768000
nan
nan
nan
nan
0.805000
nan
nan
0.880000
0.541000
0.705000
nan
0.755000
0.642000
nan
0.566000
nan
0.667000
0.403000
0.378000
nan
0.516000
0.629000
0.755000
nan
0.317000
0.317000
0.428000
0.244000
0.614000
nan
nan
nan
0.731000
0.380000
0.716000
nan
0.409000
nan
nan
0.556000
0.424000
nan
0.643000
0.629000
nan
0.468000
0.424000
nan
0.278000
0.512000
nan
0.195000
nan
0.234000
nan
nan
nan
nan
0.556000
0.673000
0.643000
nan
0.195000
0.195000
