Coverage: 29218.910741
0.084000
nan
0.124000
0.117000
nan
0.128000
0.181000
0.166000
0.164000
0.145000
0.190000
0.268000
nan
0.513000
0.084000
0.084000
0.228000
0.147000
0.226000
0.320000
nan
nan
nan
0.138000
nan
0.339000
0.426000
nan
nan
nan
0.330000
nan
nan
nan
0.298000
0.349000
0.266000
nan
0.217000
nan
nan
nan
nan
0.407000
0.373000
0.337000
nan
nan
nan
nan
nan
nan
0.332000
1.000000
nan
nan
0.761000
nan
0.516000
0.859000
nan
nan
nan
nan
1.000000
0.933000
nan
nan
nan
nan
nan
nan
nan
nan
0.260000
0.243000
0.217000
nan
0.281000
0.239000
0.441000
1.000000
0.386000
0.341000
0.592000
0.358000
0.428000
0.490000
0.801000
0.509000
nan
nan
nan
0.530000
0.512000
0.431000
0.296000
nan
nan
nan
nan
nan
nan
0.817000
nan
nan
1.000000
nan
1.000000
0.754000
0.675000
nan
0.328000
0.280000
0.485000
0.494000
nan
nan
nan
0.933000
nan
nan
0.826000
nan
0.476000
0.866000
nan
nan
nan
nan
0.438000
nan
nan
nan
nan
nan
nan
0.675000
nan
0.698000
0.882000
nan
nan
nan
nan
0.689000
nan
nan
nan
nan
nan
0.363000
0.442000
nan
nan
0.303000
nan
1.000000
nan
nan
0.590000
nan
nan
nan
nan
0.812000
nan
0.170000
nan
nan
0.170000
0.265000
nan
0.617000
nan
nan
nan
nan
0.933000
nan
nan
0.280000
nan
nan
nan
0.236000
nan
nan
0.218000
0.238000
0.188000
0.170000
0.379000
nan
0.530000
nan
nan
nan
nan
0.595000
nan
0.473000
nan
nan
nan
nan
0.601000
nan
0.565000
nan
0.399000
nan
nan
nan
nan
0.233000
0.263000
0.350000
0.332000
0.618000
0.807000
0.528000
0.539000
nan
nan
nan
0.460000
0.777000
0.788000
nan
nan
nan
nan
1.000000
1.000000
nan
nan
0.471000
nan
0.434000
nan
0.294000
nan
nan
0.830000
nan
nan
0.811000
0.622000
nan
0.630000
nan
0.649000
0.773000
0.762000
nan
0.720000
nan
nan
nan
nan
0.867000
0.992000
0.471000
0.649000
0.400000
0.705000
0.747000
nan
0.373000
nan
nan
0.403000
0.280000
nan
nan
0.336000
nan
nan
nan
0.724000
nan
nan
0.709000
nan
0.683000
nan
0.939000
0.679000
0.675000
0.554000
nan
0.471000
0.596000
1.000000
nan
0.351000
nan
nan
0.336000
nan
nan
0.280000
0.343000
nan
0.641000
nan
nan
0.573000
0.694000
nan
nan
nan
0.370000
nan
0.280000
nan
0.260000
nan
0.501000
0.648000
nan
0.472000
nan
nan
0.164000
0.557000
nan
nan
nan
nan
0.413000
0.464000
nan
nan
nan
nan
nan
0.727000
nan
0.650000
0.481000
0.535000
0.546000
0.489000
0.617000
nan
nan
nan
nan
nan
0.441000
0.402000
nan
nan
nan
0.430000
0.430000
0.583000
0.713000
nan
0.520000
0.243000
0.506000
0.591000
0.713000
0.735000
nan
0.416000
0.529000
nan
0.379000
0.840000
0.687000
nan
1.000000
nan
0.489000
0.158000
0.181000
0.158000
0.158000
0.492000
0.826000
0.820000
nan
0.925000
1.000000
nan
0.682000
nan
nan
nan
nan
nan
0.981000
0.854000
1.000000
nan
nan
nan
0.204000
0.229000
nan
0.170000
nan
0.730000
nan
0.303000
nan
0.214000
nan
nan
nan
nan
0.390000
nan
1.000000
0.919000
nan
0.538000
0.765000
0.473000
0.529000
nan
0.531000
nan
nan
0.170000
0.321000
0.442000
0.279000
nan
nan
nan
0.419000
0.560000
nan
0.424000
0.763000
nan
nan
0.535000
nan
0.866000
0.575000
0.580000
0.919000
nan
nan
nan
0.170000
0.564000
nan
nan
nan
nan
0.828000
nan
nan
nan
0.986000
0.807000
nan
nan
nan
1.000000
nan
nan
nan
0.653000
nan
nan
nan
0.386000
0.484000
0.694000
nan
nan
0.192000
0.170000
0.295000
nan
1.000000
nan
nan
0.798000
0.607000
0.337000
0.711000
0.827000
nan
nan
0.770000
nan
nan
nan
nan
nan
0.183000
0.187000
nan
0.315000
nan
nan
0.656000
nan
0.344000
0.281000
nan
nan
nan
nan
nan
0.271000
nan
0.150000
nan
0.162000
0.147000
0.147000
nan
0.657000
nan
nan
0.475000
nan
nan
nan
0.201000
0.222000
nan
0.247000
0.339000
0.259000
0.269000
0.147000
0.553000
0.497000
nan
nan
nan
0.992000
nan
0.222000
0.170000
nan
nan
0.144000
nan
0.455000
0.329000
0.347000
0.233000
0.252000
0.627000
nan
nan
nan
0.455000
0.570000
nan
0.303000
0.351000
nan
nan
nan
nan
nan
0.313000
0.405000
0.484000
0.257000
nan
nan
nan
0.511000
0.411000
nan
0.326000
0.457000
0.447000
nan
0.636000
nan
nan
nan
0.787000
nan
nan
nan
nan
0.580000
0.552000
nan
nan
0.430000
1.000000
nan
nan
nan
nan
nan
nan
nan
0.568000
0.731000
0.727000
0.415000
0.457000
nan
0.133000
nan
nan
nan
0.605000
nan
nan
nan
nan
nan
0.323000
0.686000
nan
nan
nan
nan
nan
0.519000
nan
nan
nan
0.459000
0.509000
nan
0.397000
0.140000
nan
nan
nan
1.000000
0.999000
nan
0.862000
1.000000
nan
nan
nan
nan
nan
nan
nan
0.639000
nan
0.653000
nan
nan
nan
0.756000
0.409000
0.116000
