Coverage: 2282.022472
0.066000
nan
nan
nan
nan
nan
nan
0.266000
0.066000
0.133000
nan
nan
nan
nan
nan
nan
0.299000
0.066000
0.266000
nan
nan
0.133000
nan
0.166000
nan
nan
nan
0.233000
0.399000
nan
0.365000
0.199000
nan
nan
0.365000
0.299000
nan
0.066000
0.365000
0.199000
nan
0.066000
0.233000
nan
nan
nan
0.465000
nan
0.365000
0.332000
nan
nan
0.631000
nan
nan
nan
nan
nan
nan
nan
nan
0.897000
0.731000
nan
0.332000
nan
nan
nan
nan
0.664000
nan
0.100000
nan
0.532000
0.264000
nan
0.103000
nan
0.136000
nan
nan
nan
0.802000
nan
0.633000
0.527000
0.685000
0.237000
0.580000
0.554000
nan
0.211000
nan
nan
nan
nan
nan
nan
nan
0.764000
nan
0.343000
0.448000
nan
0.422000
1.000000
0.948000
0.764000
nan
0.316000
0.580000
0.292000
nan
nan
nan
nan
0.546000
nan
nan
0.838000
nan
0.585000
nan
0.604000
0.663000
nan
0.721000
nan
1.000000
0.409000
0.916000
nan
0.624000
0.292000
nan
0.936000
nan
nan
0.526000
0.214000
nan
0.604000
nan
nan
nan
nan
nan
0.624000
nan
nan
1.000000
nan
nan
nan
nan
0.370000
nan
nan
nan
0.604000
0.106000
0.682000
0.624000
0.351000
0.429000
nan
nan
nan
nan
0.546000
0.331000
nan
nan
0.175000
0.117000
nan
0.429000
nan
