Coverage: 18141.600000
0.171000
nan
0.457000
nan
0.366000
nan
nan
0.291000
0.466000
nan
0.424000
0.466000
0.686000
nan
0.669000
0.445000
0.428000
0.507000
0.229000
0.187000
0.553000
nan
nan
nan
nan
0.869000
0.761000
nan
0.919000
nan
0.661000
nan
nan
nan
0.707000
nan
0.844000
0.840000
nan
0.719000
0.378000
0.503000
0.815000
0.611000
0.836000
nan
nan
0.931000
0.499000
1.000000
nan
nan
0.707000
nan
nan
nan
nan
0.952000
0.890000
nan
nan
nan
nan
nan
1.000000
0.840000
0.636000
nan
nan
0.216000
nan
0.171000
0.461000
nan
nan
0.249000
0.283000
0.507000
nan
0.382000
nan
1.000000
nan
0.403000
nan
0.274000
0.212000
nan
nan
0.171000
0.283000
nan
0.272000
nan
0.176000
nan
0.105000
nan
nan
1.000000
0.877000
nan
nan
nan
nan
nan
nan
nan
nan
0.257000
nan
nan
nan
nan
nan
nan
0.150000
nan
0.340000
0.105000
nan
0.111000
0.122000
nan
nan
nan
nan
nan
0.107000
nan
nan
0.956000
0.350000
nan
nan
0.731000
1.000000
nan
0.612000
nan
0.803000
nan
nan
nan
0.636000
0.549000
0.644000
nan
0.366000
0.751000
nan
nan
nan
0.921000
nan
nan
nan
0.152000
0.144000
nan
nan
nan
nan
nan
0.144000
0.105000
nan
nan
1.000000
0.374000
0.298000
nan
0.290000
0.501000
nan
nan
nan
0.551000
0.755000
0.496000
0.448000
0.625000
nan
0.605000
0.614000
nan
0.209000
nan
nan
0.403000
nan
nan
nan
nan
0.501000
nan
0.679000
0.163000
nan
0.435000
0.296000
nan
0.207000
0.422000
nan
0.433000
nan
nan
nan
0.335000
nan
0.891000
nan
1.000000
nan
0.683000
nan
0.889000
0.237000
nan
0.726000
nan
0.531000
nan
0.446000
0.502000
nan
nan
nan
nan
nan
nan
nan
nan
nan
nan
nan
0.644000
nan
0.191000
nan
0.216000
nan
nan
0.219000
0.229000
nan
nan
nan
nan
nan
0.412000
nan
0.605000
nan
0.443000
nan
nan
1.000000
nan
nan
0.641000
nan
nan
0.471000
1.000000
nan
nan
nan
nan
nan
nan
nan
0.538000
0.662000
0.397000
0.551000
0.652000
nan
0.613000
nan
nan
nan
0.433000
0.389000
nan
nan
0.564000
nan
nan
nan
nan
nan
nan
nan
nan
0.639000
nan
0.644000
0.768000
nan
0.404000
0.428000
nan
0.276000
0.170000
nan
nan
0.170000
0.170000
nan
nan
0.713000
nan
0.577000
0.170000
nan
0.206000
0.291000
0.345000
0.381000
nan
0.634000
nan
nan
0.711000
0.979000
nan
0.582000
0.742000
0.500000
0.768000
0.988000
nan
0.261000
0.211000
0.412000
0.494000
0.563000
nan
nan
nan
0.104000
nan
0.104000
0.390000
0.689000
0.440000
0.393000
nan
0.277000
0.104000
0.123000
0.227000
0.129000
0.208000
0.242000
nan
0.321000
0.529000
nan
nan
0.900000
1.000000
nan
nan
nan
nan
nan
nan
0.142000
nan
nan
nan
0.878000
nan
nan
0.337000
0.249000
nan
0.324000
0.173000
0.107000
0.516000
0.352000
nan
0.610000
0.853000
nan
1.000000
nan
nan
nan
nan
nan
nan
nan
nan
nan
nan
nan
nan
nan
0.258000
nan
0.176000
1.000000
0.698000
nan
0.563000
nan
0.683000
nan
0.771000
0.912000
0.695000
nan
nan
nan
0.164000
nan
nan
0.245000
0.320000
nan
1.000000
0.452000
0.659000
0.714000
0.908000
0.785000
0.742000
0.720000
nan
0.372000
0.619000
0.339000
nan
nan
nan
nan
nan
0.708000
nan
nan
nan
nan
0.606000
1.000000
nan
1.000000
0.739000
nan
nan
0.711000
0.951000
nan
nan
nan
nan
nan
0.289000
nan
0.255000
0.329000
0.345000
nan
nan
0.369000
0.465000
nan
0.779000
nan
nan
nan
nan
nan
nan
nan
0.400000
0.280000
0.535000
nan
0.292000
0.495000
nan
nan
0.422000
0.683000
nan
nan
nan
nan
nan
0.671000
nan
0.259000
nan
nan
0.514000
0.954000
0.180000
nan
nan
0.144000
0.167000
0.200000
0.144000
nan
nan
0.210000
0.203000
nan
nan
0.890000
nan
0.210000
nan
0.823000
nan
0.647000
nan
nan
nan
0.733000
nan
nan
nan
0.547000
0.614000
0.463000
0.650000
0.416000
nan
nan
0.470000
0.416000
nan
nan
nan
0.542000
0.309000
nan
0.302000
0.269000
0.348000
nan
nan
0.732000
nan
nan
nan
nan
nan
nan
nan
0.973000
nan
1.000000
nan
nan
nan
nan
nan
nan
nan
nan
nan
nan
nan
nan
nan
nan
0.470000
nan
0.488000
nan
0.442000
nan
nan
nan
nan
nan
nan
nan
0.434000
0.775000
0.312000
nan
nan
0.312000
0.226000
nan
nan
nan
nan
1.000000
0.998000
0.664000
nan
0.898000
0.646000
nan
0.617000
nan
nan
0.610000
nan
nan
nan
0.269000
0.158000
nan
0.180000
0.219000
nan
nan
0.456000
nan
0.862000
nan
nan
nan
nan
0.130000
