Coverage: 3113.253012
nan
0.045000
nan
0.222000
nan
0.259000
nan
0.045000
0.129000
0.045000
nan
nan
0.055000
0.351000
nan
0.111000
nan
nan
0.610000
0.425000
0.518000
nan
nan
nan
nan
nan
0.536000
0.481000
0.425000
0.425000
nan
nan
0.148000
0.351000
nan
nan
0.536000
nan
nan
0.388000
0.462000
0.684000
0.499000
0.555000
nan
nan
0.591000
nan
0.555000
0.499000
nan
nan
0.665000
0.610000
nan
nan
nan
nan
0.518000
0.222000
nan
nan
nan
0.425000
0.924000
0.980000
nan
1.000000
nan
nan
nan
nan
nan
nan
0.702000
nan
nan
0.296000
nan
0.555000
nan
nan
0.407000
nan
nan
nan
nan
nan
1.000000
nan
nan
nan
nan
nan
nan
nan
0.850000
0.555000
0.906000
0.277000
0.203000
0.555000
0.444000
1.000000
0.573000
0.813000
0.371000
nan
nan
0.477000
1.000000
0.707000
0.619000
nan
nan
0.672000
0.389000
nan
0.990000
nan
nan
nan
0.760000
0.371000
0.477000
nan
nan
0.371000
0.124000
nan
nan
nan
nan
nan
nan
0.584000
nan
1.000000
0.743000
nan
nan
0.495000
0.442000
nan
0.513000
0.371000
nan
nan
0.424000
0.283000
nan
0.831000
0.513000
0.831000
0.114000
0.230000
nan
nan
0.318000
nan
0.333000
nan
0.646000
0.470000
0.607000
0.568000
nan
nan
0.548000
nan
0.111000
0.093000
nan
nan
1.000000
nan
0.969000
nan
nan
0.274000
0.568000
nan
nan
nan
nan
nan
nan
nan
0.627000
0.862000
nan
0.607000
0.529000
0.901000
nan
nan
0.783000
0.568000
nan
0.783000
0.529000
0.627000
nan
0.451000
nan
nan
nan
0.365000
0.451000
0.408000
nan
nan
0.387000
0.150000
nan
0.666000
0.580000
0.644000
0.473000
nan
0.580000
nan
0.365000
nan
nan
0.494000
0.322000
0.537000
nan
0.258000
0.301000
0.473000
nan
nan
nan
0.623000
nan
0.580000
1.000000
0.279000
0.473000
nan
nan
0.537000
nan
0.430000
0.072000
0.193000
0.072000
