Coverage: 5211.917098
nan
0.020000
0.069000
0.097000
0.069000
nan
0.041000
0.020000
0.062000
0.076000
nan
nan
nan
nan
0.055000
0.097000
0.090000
0.069000
0.111000
0.020000
nan
nan
nan
0.097000
0.028000
0.111000
0.284000
0.069000
0.069000
0.249000
nan
0.131000
nan
nan
nan
nan
0.194000
0.090000
nan
nan
nan
nan
0.173000
nan
0.270000
nan
nan
0.159000
0.104000
nan
nan
nan
0.076000
nan
nan
nan
nan
0.083000
0.277000
0.263000
nan
nan
nan
nan
nan
0.353000
nan
nan
0.228000
0.450000
0.284000
0.145000
nan
0.470000
nan
nan
nan
nan
nan
0.332000
1.000000
nan
0.208000
1.000000
nan
nan
nan
nan
0.319000
nan
nan
1.000000
nan
nan
nan
nan
nan
nan
nan
nan
nan
nan
nan
nan
nan
nan
nan
nan
nan
nan
nan
nan
nan
0.254000
0.267000
0.482000
0.195000
nan
0.683000
0.338000
0.299000
nan
0.348000
0.195000
0.293000
nan
0.220000
nan
nan
0.470000
0.415000
nan
0.384000
0.470000
nan
0.305000
nan
0.586000
nan
nan
nan
0.232000
nan
nan
0.903000
nan
0.457000
0.427000
0.226000
0.256000
0.403000
0.628000
0.604000
0.451000
nan
0.756000
0.842000
nan
0.378000
0.659000
nan
nan
nan
nan
nan
nan
0.201000
0.268000
0.421000
0.360000
nan
0.598000
nan
nan
0.159000
nan
0.335000
nan
nan
0.567000
nan
nan
0.500000
0.470000
nan
0.159000
nan
nan
nan
0.470000
nan
0.159000
nan
