Coverage: 13919.778189
nan
nan
nan
0.035000
0.019000
0.040000
nan
nan
0.019000
0.044000
0.019000
nan
nan
nan
0.066000
0.053000
nan
nan
0.044000
nan
0.053000
nan
nan
0.084000
0.137000
nan
0.765000
0.195000
0.035000
0.027000
0.066000
0.128000
0.279000
0.190000
0.394000
0.186000
0.270000
nan
0.305000
0.385000
nan
nan
0.310000
0.407000
nan
0.265000
0.177000
nan
nan
nan
nan
nan
0.234000
nan
nan
nan
nan
nan
0.429000
0.681000
nan
0.707000
nan
nan
0.668000
nan
nan
0.681000
0.593000
nan
0.840000
nan
0.862000
1.000000
0.853000
0.734000
1.000000
1.000000
0.495000
0.871000
nan
nan
nan
nan
0.968000
nan
nan
nan
0.946000
nan
0.615000
nan
0.557000
0.394000
0.791000
nan
nan
0.919000
nan
nan
nan
0.573000
nan
nan
nan
0.871000
nan
0.874000
nan
nan
nan
nan
0.570000
0.864000
nan
nan
0.385000
nan
nan
0.407000
0.394000
1.000000
0.951000
0.704000
nan
nan
nan
0.442000
0.512000
nan
0.579000
1.000000
nan
0.752000
nan
0.855000
0.733000
nan
nan
0.602000
nan
0.739000
0.653000
0.880000
nan
0.739000
0.864000
1.000000
nan
nan
nan
nan
nan
0.800000
0.589000
0.784000
0.573000
nan
0.592000
nan
0.385000
0.385000
nan
nan
0.522000
0.554000
nan
0.823000
nan
nan
0.391000
nan
nan
nan
0.451000
0.877000
0.797000
0.461000
nan
0.439000
0.480000
0.656000
nan
nan
nan
0.643000
0.586000
0.682000
nan
0.528000
0.669000
0.952000
nan
0.807000
0.519000
0.611000
0.615000
nan
0.593000
0.648000
nan
0.715000
nan
nan
nan
0.907000
nan
nan
0.693000
0.467000
0.541000
0.511000
nan
nan
0.756000
0.785000
nan
nan
nan
0.570000
0.696000
nan
nan
nan
nan
nan
1.000000
nan
0.563000
nan
0.626000
nan
nan
nan
0.456000
1.000000
0.596000
nan
0.404000
nan
nan
nan
nan
0.693000
0.730000
nan
0.707000
0.541000
nan
nan
nan
0.578000
0.456000
nan
0.893000
0.467000
0.807000
nan
nan
0.644000
0.778000
nan
nan
0.833000
0.489000
0.759000
0.496000
0.733000
0.404000
nan
nan
0.926000
0.926000
nan
nan
0.863000
nan
0.519000
1.000000
nan
nan
nan
nan
1.000000
nan
nan
nan
nan
0.396000
0.396000
0.396000
nan
nan
nan
nan
0.833000
0.801000
nan
0.782000
0.919000
nan
0.705000
0.878000
0.686000
nan
0.367000
nan
nan
nan
nan
nan
1.000000
nan
0.600000
0.302000
0.584000
0.539000
nan
0.571000
nan
0.670000
nan
nan
nan
0.498000
nan
nan
0.444000
nan
0.536000
nan
0.552000
0.970000
nan
nan
0.897000
nan
nan
0.865000
0.574000
nan
0.728000
0.574000
nan
0.373000
0.546000
nan
nan
0.843000
nan
0.495000
nan
0.329000
nan
nan
nan
nan
nan
nan
0.402000
0.421000
nan
nan
nan
0.332000
nan
0.302000
1.000000
nan
nan
nan
nan
0.629000
0.402000
0.587000
0.421000
0.667000
nan
nan
0.871000
1.000000
0.750000
nan
0.386000
0.302000
0.361000
0.393000
0.581000
0.507000
nan
0.677000
nan
0.598000
0.868000
0.730000
0.623000
0.683000
nan
0.484000
0.530000
nan
nan
0.502000
0.609000
0.406000
nan
nan
nan
nan
0.751000
0.619000
nan
nan
0.534000
0.441000
0.463000
0.601000
nan
nan
0.573000
1.000000
nan
nan
nan
nan
nan
nan
nan
nan
nan
1.000000
0.633000
nan
0.619000
nan
0.730000
0.520000
0.730000
nan
nan
0.623000
0.747000
nan
0.609000
0.516000
0.733000
0.619000
0.722000
nan
0.633000
0.688000
0.868000
0.988000
nan
0.664000
nan
0.691000
0.570000
nan
nan
0.256000
nan
0.246000
0.449000
0.335000
nan
nan
nan
nan
0.246000
nan
nan
nan
nan
0.432000
nan
0.335000
nan
0.574000
0.971000
nan
nan
nan
nan
nan
0.612000
0.577000
0.622000
0.362000
0.644000
nan
nan
nan
0.426000
0.426000
0.470000
nan
nan
0.755000
0.406000
0.386000
0.805000
0.644000
0.825000
nan
0.520000
0.252000
0.238000
0.496000
nan
0.899000
0.969000
0.815000
nan
0.711000
0.678000
0.369000
nan
1.000000
1.000000
nan
nan
nan
0.681000
1.000000
nan
nan
nan
nan
0.714000
0.808000
nan
0.563000
0.302000
0.206000
nan
nan
nan
0.594000
nan
nan
