Coverage: 2149.484536
nan
0.104000
0.357000
0.179000
nan
nan
nan
nan
nan
0.214000
nan
nan
0.750000
0.429000
0.571000
0.250000
0.500000
nan
0.179000
0.250000
nan
0.571000
nan
nan
1.000000
0.643000
0.321000
0.357000
nan
nan
0.143000
nan
nan
nan
nan
0.500000
0.536000
0.607000
nan
0.643000
nan
nan
nan
0.464000
nan
0.429000
0.929000
0.104000
0.750000
0.607000
nan
nan
0.393000
nan
nan
nan
nan
nan
nan
0.464000
nan
0.714000
0.893000
nan
nan
nan
nan
nan
nan
nan
nan
0.429000
nan
nan
nan
nan
0.536000
0.104000
0.214000
0.286000
0.143000
nan
nan
nan
0.143000
0.214000
1.000000
0.893000
1.000000
0.536000
nan
nan
nan
1.000000
nan
0.214000
0.179000
0.393000
nan
nan
0.698000
0.830000
nan
nan
nan
nan
nan
nan
0.764000
0.645000
nan
0.584000
0.369000
nan
nan
nan
0.922000
0.737000
nan
0.860000
1.000000
0.737000
nan
0.983000
nan
nan
0.829000
1.000000
nan
0.645000
0.614000
0.829000
0.584000
0.614000
0.645000
nan
nan
0.829000
0.922000
nan
0.952000
0.492000
1.000000
nan
0.891000
0.553000
0.461000
0.891000
nan
0.860000
0.215000
nan
0.737000
nan
0.338000
0.492000
nan
0.952000
nan
nan
nan
nan
nan
nan
0.151000
nan
0.707000
nan
nan
nan
nan
nan
nan
nan
0.492000
0.492000
0.307000
0.184000
0.151000
0.151000
0.553000
0.492000
0.307000
0.307000
0.307000
0.430000
0.707000
nan
nan
nan
nan
nan
nan
nan
