Coverage: 2764.179104
nan
nan
0.156000
0.117000
nan
nan
0.000000
nan
nan
0.156000
nan
0.000000
nan
0.000000
nan
0.156000
0.000000
0.078000
nan
0.039000
0.000000
0.000000
0.000000
nan
nan
0.000000
nan
0.234000
0.156000
0.234000
nan
0.078000
0.156000
0.000000
nan
0.039000
0.078000
nan
nan
nan
nan
0.312000
0.156000
0.117000
0.507000
nan
0.273000
0.156000
nan
0.000000
nan
nan
0.195000
nan
nan
nan
0.702000
0.273000
0.390000
nan
0.234000
nan
nan
nan
0.078000
nan
0.234000
nan
nan
0.000000
0.078000
nan
nan
1.000000
nan
nan
nan
nan
0.390000
nan
0.000000
0.273000
nan
0.702000
nan
nan
0.819000
0.936000
nan
nan
nan
0.507000
nan
nan
1.000000
1.000000
0.419000
nan
nan
nan
0.558000
0.270000
0.506000
nan
0.304000
0.590000
0.098000
nan
nan
nan
nan
nan
0.337000
nan
0.927000
0.590000
0.371000
0.253000
0.098000
0.185000
0.135000
nan
nan
nan
nan
nan
nan
nan
nan
nan
nan
nan
1.000000
nan
1.000000
nan
0.540000
nan
nan
nan
nan
0.641000
nan
nan
nan
0.675000
nan
0.944000
nan
0.287000
nan
0.354000
nan
nan
nan
0.607000
nan
0.219000
nan
nan
0.253000
nan
nan
nan
nan
0.809000
0.725000
0.438000
nan
0.253000
nan
0.556000
0.287000
0.708000
0.472000
nan
0.388000
0.202000
0.236000
nan
0.455000
nan
0.641000
0.607000
0.826000
0.725000
nan
0.641000
0.270000
0.098000
nan
nan
0.388000
0.809000
1.000000
nan
nan
0.793000
0.202000
nan
nan
