Coverage: 1714.556962
0.086000
0.086000
0.271000
0.086000
0.679000
0.814000
nan
nan
0.362000
0.498000
0.362000
0.136000
nan
nan
0.543000
0.271000
nan
nan
nan
nan
0.905000
0.498000
nan
nan
0.317000
nan
nan
0.588000
0.543000
0.588000
0.181000
nan
nan
0.181000
0.181000
0.407000
0.905000
0.317000
0.860000
0.271000
1.000000
0.724000
nan
nan
1.000000
0.633000
nan
0.362000
0.679000
0.588000
nan
nan
0.407000
nan
nan
nan
0.576000
nan
nan
nan
0.535000
nan
nan
0.370000
0.453000
0.173000
0.699000
0.576000
nan
0.535000
0.864000
nan
nan
0.944000
nan
0.576000
nan
nan
nan
0.247000
nan
nan
nan
0.411000
0.864000
nan
nan
0.782000
0.741000
nan
1.000000
0.778000
1.000000
nan
1.000000
nan
0.963000
0.519000
0.741000
0.407000
0.333000
nan
nan
0.778000
0.926000
nan
0.778000
nan
nan
nan
nan
0.741000
0.556000
0.889000
nan
nan
0.481000
nan
0.370000
nan
nan
0.556000
0.370000
nan
nan
0.778000
nan
nan
0.556000
nan
nan
0.333000
nan
0.407000
0.185000
0.222000
0.667000
nan
nan
nan
nan
0.667000
1.000000
nan
nan
0.165000
nan
nan
nan
0.185000
0.185000
nan
0.630000
nan
0.593000
nan
nan
0.165000
