Coverage: 12038.028169
0.124000
nan
0.147000
0.205000
0.128000
0.124000
0.243000
0.124000
1.000000
0.185000
0.281000
0.185000
nan
0.230000
nan
nan
nan
0.230000
1.000000
0.364000
0.384000
0.332000
0.358000
nan
nan
nan
nan
nan
0.377000
0.652000
nan
nan
nan
0.352000
0.556000
nan
0.556000
0.422000
nan
0.512000
0.505000
nan
0.582000
0.332000
0.550000
nan
0.448000
0.390000
0.454000
nan
nan
nan
0.422000
nan
nan
nan
nan
0.793000
0.710000
0.550000
nan
nan
0.416000
0.550000
0.665000
0.652000
0.825000
nan
nan
0.972000
nan
0.416000
0.735000
0.921000
nan
nan
1.000000
0.914000
nan
0.659000
nan
0.352000
0.543000
0.239000
nan
nan
0.272000
nan
nan
0.257000
0.219000
nan
0.239000
nan
0.219000
nan
nan
0.523000
nan
nan
0.280000
nan
nan
0.260000
nan
nan
0.587000
0.549000
0.593000
0.774000
nan
0.330000
0.219000
0.526000
0.394000
0.640000
0.517000
nan
0.651000
nan
0.695000
0.686000
0.762000
nan
0.768000
nan
0.514000
nan
nan
0.675000
nan
0.713000
nan
nan
0.619000
nan
0.605000
0.669000
0.496000
0.841000
nan
nan
nan
0.339000
0.412000
nan
nan
nan
nan
nan
0.821000
0.444000
nan
0.873000
nan
nan
0.935000
nan
1.000000
nan
nan
nan
1.000000
nan
0.619000
0.675000
0.502000
0.412000
0.461000
nan
0.695000
0.815000
1.000000
nan
nan
nan
0.891000
0.955000
0.570000
0.540000
0.437000
nan
nan
nan
nan
nan
nan
nan
nan
1.000000
0.611000
nan
1.000000
0.596000
0.513000
0.186000
nan
0.188000
nan
0.143000
0.988000
0.844000
nan
0.817000
0.678000
0.319000
nan
nan
0.759000
nan
nan
0.254000
nan
nan
1.000000
nan
0.214000
nan
0.633000
0.503000
0.231000
nan
0.163000
nan
nan
nan
nan
nan
nan
0.603000
0.704000
0.676000
nan
0.608000
0.616000
0.503000
nan
0.623000
0.181000
nan
0.118000
0.117000
0.117000
0.117000
nan
0.151000
nan
nan
0.972000
nan
nan
0.636000
nan
0.171000
0.425000
0.716000
nan
nan
0.241000
nan
0.387000
0.374000
nan
0.495000
0.475000
0.379000
0.374000
0.606000
1.000000
nan
0.249000
nan
0.304000
nan
nan
nan
1.000000
0.893000
nan
0.824000
0.785000
nan
0.847000
nan
0.755000
0.624000
nan
1.000000
0.685000
0.947000
0.693000
nan
nan
nan
nan
0.797000
0.878000
0.431000
0.339000
0.277000
nan
nan
0.466000
nan
0.566000
0.870000
nan
nan
0.943000
0.866000
nan
0.712000
nan
0.616000
nan
0.662000
nan
0.624000
0.593000
nan
0.477000
0.393000
nan
0.249000
nan
0.504000
0.932000
0.643000
nan
0.366000
nan
nan
nan
nan
nan
nan
0.316000
0.828000
nan
0.258000
0.249000
0.389000
0.681000
nan
nan
nan
0.447000
nan
nan
nan
nan
0.674000
0.539000
0.423000
nan
nan
nan
nan
nan
0.527000
nan
0.674000
nan
0.681000
0.678000
0.974000
nan
0.777000
0.580000
nan
nan
0.899000
1.000000
nan
1.000000
nan
nan
nan
0.916000
0.644000
0.800000
0.853000
0.783000
nan
nan
nan
0.644000
nan
nan
0.626000
0.841000
nan
0.870000
0.667000
0.783000
0.667000
nan
0.348000
nan
nan
nan
nan
nan
0.731000
0.638000
0.638000
0.742000
nan
nan
0.435000
nan
0.133000
0.145000
0.145000
nan
nan
0.921000
nan
0.712000
1.000000
0.867000
0.699000
0.401000
0.145000
nan
nan
nan
0.162000
nan
nan
0.861000
0.453000
0.654000
0.776000
0.835000
0.356000
nan
nan
nan
nan
0.828000
0.498000
0.828000
0.654000
nan
0.686000
nan
0.958000
0.718000
0.692000
0.679000
0.414000
0.457000
0.735000
0.371000
0.750000
nan
nan
nan
0.414000
nan
0.414000
0.450000
0.643000
0.707000
0.450000
0.543000
0.600000
nan
0.728000
0.943000
0.878000
nan
nan
nan
nan
nan
nan
nan
0.657000
0.757000
nan
0.357000
0.243000
0.179000
0.428000
0.500000
0.357000
nan
nan
nan
nan
nan
nan
0.214000
nan
nan
