Coverage: 1683.606557
0.028000
0.028000
0.812000
nan
0.500000
0.938000
nan
nan
0.500000
nan
nan
0.312000
0.875000
nan
nan
nan
nan
nan
0.625000
nan
nan
0.562000
0.125000
0.125000
0.375000
nan
0.875000
1.000000
nan
0.438000
nan
0.500000
nan
nan
1.000000
0.938000
nan
0.375000
0.938000
nan
1.000000
nan
nan
nan
0.500000
0.375000
0.500000
0.688000
0.812000
0.562000
nan
nan
0.688000
nan
nan
nan
nan
nan
nan
0.812000
nan
nan
0.750000
0.438000
nan
0.750000
0.562000
0.188000
0.375000
nan
0.375000
1.000000
0.562000
nan
nan
0.875000
0.500000
nan
nan
0.062000
nan
0.188000
nan
1.000000
0.706000
nan
nan
0.326000
nan
0.024000
0.054000
0.435000
0.489000
nan
0.277000
0.600000
0.370000
nan
0.092000
nan
nan
nan
nan
nan
1.000000
nan
nan
nan
nan
nan
nan
1.000000
nan
nan
0.647000
0.831000
0.785000
0.600000
0.231000
0.185000
nan
nan
0.554000
nan
0.462000
nan
0.878000
nan
1.000000
0.647000
nan
0.600000
nan
nan
nan
nan
0.021000
0.185000
nan
0.554000
nan
0.231000
0.370000
nan
nan
nan
0.323000
0.647000
0.462000
0.185000
0.554000
0.370000
0.370000
nan
0.185000
0.600000
nan
nan
nan
0.924000
0.231000
nan
nan
nan
0.277000
0.462000
nan
nan
0.231000
0.508000
nan
nan
nan
0.416000
0.508000
0.092000
nan
nan
nan
0.046000
0.092000
nan
0.021000
