Coverage: 15862.804878
0.025000
0.025000
0.025000
nan
nan
nan
nan
nan
nan
nan
nan
nan
nan
nan
nan
0.025000
0.105000
0.043000
0.185000
0.043000
0.074000
0.037000
0.074000
nan
0.204000
nan
nan
0.068000
nan
0.260000
nan
0.173000
0.198000
0.155000
0.303000
0.358000
0.470000
nan
nan
nan
nan
0.742000
0.637000
nan
nan
nan
0.649000
0.371000
0.488000
0.822000
nan
nan
0.698000
nan
nan
nan
0.544000
nan
0.766000
nan
nan
nan
0.464000
0.352000
0.569000
1.000000
nan
nan
1.000000
nan
nan
0.383000
0.451000
0.389000
nan
nan
0.556000
nan
0.340000
nan
0.587000
0.705000
nan
0.612000
nan
nan
nan
0.946000
nan
nan
0.538000
0.451000
0.457000
0.365000
0.383000
nan
0.538000
nan
nan
1.000000
nan
0.978000
nan
nan
0.168000
nan
0.321000
0.394000
nan
nan
nan
nan
0.709000
nan
nan
0.724000
0.627000
nan
nan
nan
0.614000
nan
0.465000
0.544000
0.694000
nan
0.792000
0.624000
nan
0.526000
nan
0.599000
0.648000
0.535000
0.569000
nan
nan
nan
nan
0.767000
1.000000
0.510000
0.489000
0.297000
nan
nan
0.798000
nan
nan
1.000000
nan
nan
nan
nan
0.321000
0.333000
nan
0.498000
1.000000
nan
0.553000
nan
nan
0.168000
0.168000
0.306000
0.926000
0.773000
nan
0.825000
nan
0.749000
0.844000
0.758000
nan
nan
0.171000
nan
nan
nan
0.712000
nan
0.385000
nan
nan
0.281000
0.281000
nan
0.171000
0.410000
0.804000
0.468000
nan
nan
nan
nan
0.758000
0.948000
0.549000
0.678000
nan
0.265000
nan
nan
0.142000
0.244000
0.256000
0.573000
nan
0.647000
0.694000
0.281000
0.863000
nan
nan
0.277000
0.290000
0.395000
nan
nan
0.250000
nan
0.311000
0.351000
nan
0.583000
0.774000
0.737000
nan
0.324000
0.425000
nan
nan
0.885000
0.469000
0.142000
nan
nan
0.145000
nan
1.000000
0.919000
0.835000
nan
0.401000
0.552000
nan
nan
0.438000
0.706000
nan
nan
1.000000
1.000000
0.188000
0.265000
nan
0.142000
0.342000
nan
nan
nan
nan
0.142000
0.200000
0.509000
0.333000
nan
0.401000
nan
0.629000
0.447000
0.435000
nan
0.364000
nan
nan
nan
0.854000
nan
0.367000
nan
nan
nan
nan
nan
nan
0.617000
nan
0.260000
nan
nan
1.000000
nan
nan
nan
nan
0.179000
nan
nan
nan
0.254000
nan
nan
0.892000
0.990000
0.669000
nan
1.000000
0.376000
nan
nan
nan
nan
0.205000
nan
0.299000
nan
nan
nan
nan
nan
0.302000
nan
nan
0.333000
nan
nan
nan
0.425000
nan
0.428000
0.886000
0.800000
nan
nan
nan
nan
0.180000
nan
0.179000
0.254000
0.179000
0.526000
nan
nan
nan
0.837000
0.593000
0.742000
0.724000
0.529000
nan
0.651000
nan
nan
nan
nan
0.620000
0.538000
0.593000
0.464000
0.709000
0.474000
0.733000
0.562000
nan
nan
nan
nan
nan
nan
1.000000
0.813000
nan
0.504000
0.782000
0.800000
0.449000
nan
0.633000
0.473000
0.553000
nan
nan
nan
nan
nan
0.786000
nan
0.524000
nan
0.294000
0.252000
0.110000
0.117000
0.078000
0.113000
nan
nan
0.078000
nan
nan
nan
nan
0.797000
nan
nan
nan
0.587000
0.243000
0.183000
0.093000
nan
nan
nan
nan
nan
nan
nan
nan
nan
nan
nan
0.960000
0.620000
0.797000
0.737000
nan
1.000000
nan
nan
nan
nan
nan
0.857000
0.717000
nan
nan
nan
0.967000
nan
0.864000
1.000000
nan
0.777000
0.417000
0.367000
0.377000
0.433000
nan
nan
0.710000
1.000000
nan
nan
nan
nan
nan
0.504000
0.694000
nan
nan
nan
nan
0.754000
nan
nan
0.377000
0.427000
nan
nan
nan
nan
0.650000
0.447000
nan
nan
0.557000
nan
0.824000
nan
0.830000
0.804000
nan
0.824000
nan
0.320000
nan
0.280000
0.080000
0.078000
