Coverage: 18575.903614
0.181000
0.181000
nan
0.315000
0.303000
nan
0.315000
1.000000
nan
nan
nan
0.248000
0.760000
0.610000
nan
nan
nan
nan
0.181000
nan
nan
0.386000
nan
0.807000
nan
0.901000
nan
nan
nan
nan
0.653000
0.976000
0.929000
nan
nan
0.925000
nan
0.547000
nan
0.764000
0.579000
0.831000
0.701000
0.429000
0.838000
0.890000
nan
0.897000
0.598000
nan
nan
nan
1.000000
nan
nan
nan
nan
nan
0.874000
0.563000
0.669000
0.472000
nan
0.685000
0.492000
0.551000
0.752000
0.764000
0.606000
0.504000
0.642000
1.000000
0.685000
nan
nan
nan
nan
0.500000
0.413000
0.543000
0.594000
0.815000
0.732000
nan
nan
0.339000
nan
nan
0.228000
nan
nan
0.208000
0.296000
0.463000
nan
nan
nan
nan
0.850000
0.272000
nan
nan
0.127000
0.096000
nan
0.691000
nan
0.693000
0.953000
0.465000
nan
nan
0.125000
0.064000
0.076000
0.267000
nan
nan
0.588000
nan
nan
nan
nan
0.311000
0.294000
nan
nan
nan
0.064000
0.064000
0.419000
nan
1.000000
0.399000
0.558000
0.652000
0.720000
nan
1.000000
0.189000
nan
nan
0.064000
0.066000
nan
nan
0.688000
nan
nan
0.443000
0.380000
nan
nan
1.000000
0.245000
nan
nan
0.541000
0.529000
nan
0.742000
nan
nan
nan
0.923000
0.652000
0.563000
0.617000
0.402000
nan
nan
nan
nan
0.740000
0.568000
0.536000
0.554000
0.434000
0.402000
nan
nan
0.708000
nan
nan
0.541000
nan
0.763000
nan
nan
0.284000
nan
nan
0.608000
0.978000
0.729000
nan
0.397000
nan
nan
0.284000
0.554000
0.427000
nan
nan
nan
nan
0.420000
0.706000
0.944000
nan
0.699000
nan
nan
nan
0.470000
0.444000
nan
nan
0.702000
nan
0.890000
nan
nan
nan
nan
nan
0.743000
nan
0.954000
nan
nan
1.000000
nan
nan
nan
nan
nan
nan
nan
nan
0.390000
0.497000
nan
0.776000
0.746000
0.739000
0.927000
0.743000
1.000000
0.531000
0.349000
nan
nan
nan
0.386000
0.662000
0.850000
nan
nan
nan
0.548000
nan
0.554000
0.585000
0.978000
nan
0.474000
nan
nan
nan
nan
nan
nan
nan
1.000000
0.813000
nan
nan
nan
0.454000
0.857000
0.669000
0.964000
0.548000
nan
0.323000
0.284000
nan
nan
0.363000
0.346000
0.291000
nan
nan
nan
0.775000
0.477000
nan
nan
nan
1.000000
0.937000
nan
0.961000
0.888000
0.629000
nan
0.374000
0.240000
0.255000
0.768000
nan
0.609000
1.000000
nan
nan
0.967000
0.937000
nan
0.818000
0.841000
nan
1.000000
nan
0.878000
0.653000
0.901000
nan
nan
0.278000
0.474000
nan
0.556000
0.851000
0.672000
0.812000
nan
nan
nan
0.560000
nan
0.815000
0.444000
0.706000
nan
0.808000
0.240000
0.240000
nan
0.258000
0.242000
nan
0.291000
0.553000
0.798000
nan
nan
nan
0.291000
0.275000
0.441000
0.742000
0.643000
nan
0.626000
0.616000
nan
0.470000
nan
nan
nan
nan
0.788000
0.384000
nan
nan
nan
nan
nan
nan
1.000000
0.581000
0.385000
0.510000
nan
nan
0.503000
nan
nan
nan
0.510000
0.804000
0.871000
nan
nan
nan
0.370000
0.451000
nan
0.478000
0.471000
0.736000
0.502000
0.417000
0.912000
nan
nan
nan
nan
0.326000
nan
nan
0.142000
0.132000
nan
0.127000
0.685000
nan
nan
nan
nan
nan
nan
0.193000
0.127000
0.127000
nan
nan
0.149000
nan
nan
0.258000
nan
nan
nan
0.709000
nan
0.651000
0.668000
nan
nan
0.627000
0.827000
nan
0.848000
nan
0.671000
nan
nan
nan
nan
nan
nan
nan
0.597000
nan
nan
nan
0.966000
nan
nan
nan
nan
0.488000
0.773000
1.000000
0.560000
0.651000
0.614000
nan
0.549000
nan
nan
nan
nan
nan
nan
0.329000
0.498000
0.237000
0.539000
0.431000
nan
nan
0.726000
1.000000
0.756000
nan
0.143000
0.143000
0.415000
nan
0.555000
0.538000
1.000000
0.381000
nan
nan
