Coverage: 936.627907
0.000000
nan
0.000000
0.087000
nan
0.000000
nan
nan
0.000000
0.000000
0.000000
0.000000
0.087000
0.000000
0.000000
nan
nan
nan
0.000000
0.000000
nan
nan
0.000000
0.260000
nan
0.000000
0.173000
0.519000
0.173000
nan
0.000000
0.519000
0.000000
0.000000
0.173000
nan
0.260000
0.087000
0.346000
nan
nan
nan
0.606000
nan
0.519000
0.173000
0.087000
0.693000
0.519000
nan
nan
nan
0.433000
0.346000
nan
nan
0.346000
nan
nan
0.693000
0.173000
0.842000
0.790000
nan
nan
nan
nan
nan
0.899000
nan
nan
nan
0.870000
0.287000
0.574000
0.502000
nan
0.718000
0.287000
nan
0.359000
nan
0.359000
0.100000
nan
nan
0.855000
nan
0.513000
nan
nan
nan
nan
0.342000
nan
nan
0.342000
0.627000
0.684000
nan
0.969000
nan
0.399000
nan
1.000000
nan
nan
nan
nan
nan
nan
0.741000
nan
0.285000
nan
nan
nan
nan
nan
0.969000
0.456000
nan
0.342000
0.171000
0.570000
nan
0.570000
nan
nan
0.114000
0.399000
0.456000
nan
nan
nan
1.000000
1.000000
0.798000
0.798000
nan
0.912000
0.855000
0.399000
0.855000
nan
0.513000
0.399000
0.456000
nan
nan
0.570000
0.798000
nan
nan
0.114000
0.114000
nan
nan
nan
nan
0.627000
nan
0.114000
nan
nan
0.342000
nan
nan
nan
nan
nan
nan
