Coverage: 11744.939271
0.030000
0.030000
nan
0.030000
0.030000
0.040000
0.046000
0.051000
nan
nan
nan
0.076000
nan
nan
0.233000
nan
0.172000
0.106000
0.126000
0.091000
0.218000
nan
0.197000
0.233000
nan
0.263000
0.132000
0.177000
0.445000
0.324000
0.374000
nan
nan
0.379000
nan
0.385000
nan
0.288000
0.526000
0.319000
nan
0.546000
0.673000
nan
0.612000
0.602000
0.455000
nan
nan
nan
nan
nan
0.602000
nan
nan
nan
0.324000
0.612000
nan
0.228000
0.273000
0.263000
0.238000
nan
nan
nan
0.890000
nan
nan
nan
1.000000
0.749000
0.597000
0.521000
0.405000
0.673000
0.374000
1.000000
nan
nan
nan
nan
0.992000
nan
nan
nan
nan
1.000000
nan
nan
0.683000
0.383000
nan
nan
nan
0.272000
nan
0.876000
0.963000
0.817000
nan
nan
nan
0.328000
0.529000
nan
0.624000
1.000000
0.403000
0.501000
0.375000
0.272000
0.312000
nan
nan
nan
nan
0.912000
0.857000
0.829000
nan
nan
0.472000
nan
nan
nan
nan
nan
1.000000
nan
nan
0.918000
0.940000
nan
nan
nan
nan
nan
nan
nan
nan
0.773000
0.433000
0.692000
0.697000
nan
nan
nan
0.382000
nan
1.000000
nan
nan
nan
nan
0.408000
nan
0.282000
0.319000
nan
0.535000
0.399000
0.599000
0.438000
nan
0.569000
0.387000
0.756000
nan
nan
nan
nan
nan
nan
nan
nan
nan
nan
0.824000
nan
0.607000
0.739000
nan
nan
0.612000
nan
nan
nan
nan
nan
nan
0.913000
nan
nan
0.816000
0.327000
nan
nan
nan
0.535000
nan
0.391000
nan
nan
nan
0.561000
nan
nan
0.637000
nan
nan
0.353000
0.255000
0.327000
0.391000
0.596000
0.878000
0.832000
nan
0.719000
0.719000
0.587000
nan
nan
nan
nan
nan
0.519000
nan
nan
nan
nan
nan
0.323000
nan
0.455000
nan
0.314000
nan
nan
nan
0.291000
0.208000
0.208000
nan
0.223000
0.208000
