Coverage: 4347.305389
0.132000
nan
0.529000
0.646000
0.329000
nan
nan
0.132000
0.132000
nan
0.541000
0.588000
nan
nan
nan
nan
0.165000
nan
0.400000
0.482000
nan
0.364000
nan
0.423000
0.787000
0.341000
nan
0.670000
0.670000
nan
1.000000
0.705000
0.787000
nan
0.623000
nan
1.000000
0.987000
nan
nan
0.458000
0.529000
nan
0.270000
nan
nan
nan
0.505000
0.729000
0.541000
nan
nan
0.329000
nan
nan
nan
0.435000
0.740000
0.552000
0.411000
nan
0.458000
0.905000
1.000000
0.576000
nan
0.411000
0.376000
0.282000
0.400000
0.576000
0.623000
nan
0.482000
nan
0.670000
0.494000
0.270000
0.423000
0.200000
0.869000
0.906000
0.887000
0.943000
0.795000
nan
nan
0.518000
0.536000
1.000000
0.906000
0.484000
nan
0.542000
0.852000
1.000000
nan
0.736000
0.833000
nan
nan
0.736000
0.871000
nan
0.639000
0.581000
0.852000
0.716000
1.000000
0.678000
0.503000
0.333000
0.465000
nan
0.523000
0.620000
nan
nan
nan
nan
0.852000
0.639000
0.465000
0.426000
0.562000
0.852000
0.794000
0.990000
nan
0.503000
0.484000
0.349000
0.387000
0.484000
0.445000
nan
nan
0.581000
nan
0.600000
nan
0.600000
0.523000
0.639000
0.293000
nan
0.293000
nan
nan
0.484000
0.252000
0.506000
nan
0.252000
nan
nan
0.304000
nan
0.324000
0.252000
nan
nan
nan
0.405000
0.283000
0.304000
nan
