Coverage: 4148.130841
nan
0.271000
0.271000
0.349000
nan
0.482000
0.328000
0.349000
0.461000
0.513000
0.338000
0.328000
0.431000
nan
0.400000
0.271000
nan
nan
nan
0.871000
nan
0.410000
0.502000
nan
0.666000
0.728000
0.892000
0.533000
nan
0.564000
0.882000
nan
nan
nan
0.400000
0.451000
nan
nan
0.400000
nan
nan
0.472000
0.554000
0.882000
0.871000
nan
nan
0.492000
0.420000
0.861000
nan
nan
0.820000
nan
nan
nan
nan
0.513000
0.318000
0.656000
0.718000
0.820000
nan
nan
nan
nan
nan
nan
0.830000
nan
nan
nan
nan
nan
1.000000
nan
nan
nan
nan
0.994000
nan
nan
1.000000
nan
nan
nan
0.595000
1.000000
0.277000
nan
nan
0.892000
nan
nan
nan
0.574000
nan
0.830000
0.718000
nan
nan
nan
nan
0.656000
1.000000
nan
0.909000
0.651000
1.000000
nan
0.627000
nan
0.946000
0.479000
0.639000
0.700000
1.000000
0.516000
0.627000
0.479000
0.774000
0.565000
nan
0.627000
0.369000
nan
0.332000
0.283000
0.455000
0.799000
nan
0.875000
0.652000
nan
nan
nan
nan
0.249000
nan
0.838000
0.317000
nan
0.599000
0.705000
nan
nan
nan
nan
0.493000
nan
0.264000
0.564000
nan
nan
nan
nan
0.352000
0.458000
0.441000
0.249000
0.582000
0.599000
0.582000
nan
0.423000
nan
0.423000
0.758000
nan
nan
0.249000
nan
nan
0.652000
0.352000
nan
0.405000
0.317000
0.264000
0.634000
nan
0.388000
0.423000
1.000000
0.941000
nan
0.344000
0.436000
0.207000
0.390000
0.620000
nan
0.436000
0.207000
0.276000
0.253000
0.827000
0.666000
0.413000
0.344000
nan
0.230000
0.207000
0.321000
0.551000
nan
nan
0.321000
0.207000
nan
nan
nan
nan
nan
