Coverage: 1133.513514
nan
nan
nan
0.250000
nan
0.000000
nan
nan
0.000000
0.250000
0.000000
0.000000
nan
nan
0.125000
nan
0.000000
0.375000
nan
0.000000
0.250000
0.375000
nan
0.250000
0.500000
nan
0.125000
nan
nan
nan
nan
0.250000
0.000000
0.375000
0.250000
0.250000
0.000000
0.125000
0.375000
0.625000
nan
nan
nan
0.125000
0.125000
0.250000
0.000000
0.750000
nan
nan
nan
nan
1.000000
nan
nan
nan
nan
1.000000
nan
nan
0.500000
nan
0.125000
1.000000
nan
nan
nan
nan
nan
nan
0.000000
0.750000
0.000000
nan
nan
nan
1.000000
nan
nan
nan
0.375000
0.125000
0.125000
0.750000
0.125000
nan
0.250000
nan
0.500000
0.625000
nan
0.208000
0.417000
0.625000
0.208000
0.333000
0.333000
nan
nan
0.333000
nan
nan
nan
0.333000
0.917000
0.250000
nan
nan
nan
0.417000
0.167000
0.500000
0.250000
nan
0.583000
0.833000
0.500000
nan
nan
nan
0.333000
0.333000
nan
0.833000
nan
nan
nan
nan
0.500000
0.667000
0.667000
nan
1.000000
0.833000
nan
0.583000
0.167000
1.000000
0.583000
0.667000
nan
0.250000
0.667000
0.667000
nan
nan
nan
nan
0.667000
nan
nan
nan
nan
nan
nan
nan
0.500000
nan
0.167000
0.833000
nan
0.667000
0.917000
nan
nan
1.000000
nan
0.333000
0.667000
0.500000
0.750000
nan
nan
nan
nan
nan
0.167000
0.167000
0.417000
1.000000
0.333000
nan
nan
nan
nan
