Coverage: 2466.964286
0.113000
0.113000
nan
nan
0.830000
0.623000
nan
0.389000
nan
nan
0.389000
0.804000
0.649000
nan
0.467000
nan
nan
0.441000
nan
0.856000
0.519000
0.571000
nan
0.415000
0.649000
nan
nan
nan
0.778000
nan
nan
0.986000
0.649000
0.623000
0.467000
nan
0.311000
0.467000
0.700000
1.000000
nan
nan
0.674000
0.337000
nan
nan
0.882000
nan
0.337000
0.882000
nan
nan
0.233000
nan
nan
nan
nan
nan
0.363000
nan
0.389000
nan
0.700000
0.467000
0.674000
0.571000
nan
0.467000
0.804000
0.882000
0.623000
0.182000
0.467000
1.000000
nan
nan
nan
0.156000
0.285000
0.113000
nan
1.000000
0.934000
0.752000
nan
nan
nan
nan
0.493000
0.356000
0.738000
nan
0.611000
0.738000
1.000000
0.328000
nan
nan
0.611000
0.636000
nan
nan
0.814000
0.483000
nan
0.328000
0.407000
nan
nan
0.458000
0.712000
nan
1.000000
0.407000
nan
0.458000
0.407000
nan
0.611000
0.458000
1.000000
nan
nan
0.916000
0.560000
0.916000
nan
0.458000
nan
nan
nan
nan
nan
0.652000
nan
0.737000
0.822000
nan
nan
nan
0.822000
0.907000
0.425000
0.624000
0.397000
nan
0.794000
nan
0.765000
nan
nan
nan
0.595000
nan
0.249000
nan
0.539000
0.539000
nan
0.539000
0.595000
0.794000
nan
0.539000
0.709000
nan
nan
0.794000
nan
nan
nan
0.933000
0.624000
nan
nan
0.510000
0.454000
0.907000
0.281000
0.375000
0.406000
nan
nan
nan
nan
nan
0.531000
0.562000
0.531000
nan
nan
0.562000
0.750000
nan
0.969000
nan
nan
0.469000
1.000000
0.875000
0.656000
nan
0.344000
nan
nan
0.750000
nan
nan
nan
0.375000
0.188000
0.170000
0.375000
nan
0.719000
0.406000
0.844000
0.938000
nan
nan
0.875000
nan
0.170000
nan
