Coverage: 3474.434389
0.045000
0.045000
0.091000
nan
0.045000
nan
nan
0.181000
0.272000
nan
nan
nan
0.295000
0.317000
0.317000
0.113000
nan
nan
0.204000
nan
0.045000
nan
nan
nan
0.091000
nan
nan
0.385000
nan
0.431000
0.522000
0.431000
nan
0.045000
0.771000
0.295000
nan
0.522000
nan
nan
nan
nan
0.181000
0.385000
nan
1.000000
0.340000
0.363000
0.340000
0.340000
nan
nan
0.385000
nan
nan
nan
nan
nan
0.385000
0.658000
nan
nan
nan
0.317000
nan
0.635000
1.000000
nan
nan
nan
0.590000
nan
nan
nan
nan
0.794000
1.000000
nan
0.748000
0.703000
0.431000
0.544000
nan
nan
nan
nan
nan
nan
0.930000
0.363000
0.499000
0.680000
nan
nan
0.544000
nan
0.431000
0.408000
nan
nan
nan
0.975000
nan
nan
0.862000
nan
nan
nan
0.173000
0.293000
nan
nan
nan
nan
0.386000
0.465000
nan
nan
0.439000
0.638000
0.465000
nan
0.319000
nan
0.399000
0.146000
0.439000
nan
0.332000
0.479000
1.000000
0.851000
nan
0.146000
0.160000
nan
nan
nan
nan
nan
1.000000
nan
nan
0.213000
0.199000
0.186000
0.126000
0.186000
nan
nan
nan
0.652000
0.971000
nan
nan
0.612000
nan
nan
0.126000
0.133000
nan
nan
0.505000
0.878000
0.492000
0.465000
0.625000
0.931000
nan
0.346000
nan
nan
nan
0.213000
nan
nan
0.492000
0.332000
0.559000
nan
nan
nan
nan
0.638000
nan
nan
0.386000
0.253000
0.665000
0.479000
nan
nan
nan
nan
nan
0.771000
1.000000
0.652000
nan
nan
nan
nan
nan
nan
nan
nan
nan
nan
nan
nan
0.519000
0.319000
nan
nan
0.126000
0.462000
nan
nan
nan
0.547000
nan
1.000000
1.000000
nan
nan
nan
nan
nan
1.000000
nan
0.530000
nan
0.803000
0.803000
nan
nan
nan
0.291000
nan
0.906000
nan
nan
0.786000
0.701000
0.838000
nan
nan
nan
0.479000
nan
0.735000
0.872000
nan
0.650000
nan
0.735000
0.615000
0.684000
nan
nan
0.803000
nan
0.462000
0.752000
0.410000
nan
0.684000
0.393000
0.564000
0.564000
0.359000
0.205000
0.205000
nan
nan
0.667000
nan
nan
nan
nan
0.196000
nan
0.393000
0.325000
0.222000
nan
nan
0.308000
0.196000
0.564000
nan
nan
0.462000
nan
0.462000
nan
0.598000
0.530000
nan
nan
nan
0.479000
0.889000
0.838000
nan
nan
nan
nan
0.256000
nan
nan
0.196000
0.462000
0.291000
0.495000
0.424000
nan
nan
nan
nan
0.866000
0.513000
0.690000
0.902000
nan
0.513000
0.707000
0.495000
nan
nan
0.159000
0.460000
nan
nan
0.937000
nan
nan
nan
nan
nan
0.177000
nan
0.389000
nan
0.690000
nan
0.336000
0.743000
nan
nan
0.866000
nan
nan
0.460000
0.566000
0.637000
nan
nan
nan
0.407000
nan
nan
nan
0.955000
0.990000
nan
nan
nan
nan
0.725000
0.318000
nan
0.690000
0.531000
nan
nan
nan
nan
1.000000
nan
nan
0.177000
0.760000
nan
nan
nan
nan
nan
nan
nan
0.884000
nan
0.531000
0.248000
nan
0.301000
0.248000
nan
0.495000
nan
0.707000
1.000000
nan
nan
0.584000
nan
0.531000
nan
0.601000
nan
0.743000
nan
nan
nan
0.637000
nan
1.000000
nan
0.283000
nan
0.301000
0.336000
0.248000
0.154000
nan
nan
nan
nan
0.132000
nan
nan
0.495000
nan
nan
0.637000
nan
nan
0.283000
nan
nan
0.132000
nan
