Coverage: 13467.857143
0.082000
0.082000
0.194000
nan
0.082000
0.106000
0.119000
0.181000
nan
0.163000
0.188000
nan
0.194000
nan
0.269000
0.194000
0.263000
nan
0.400000
0.231000
nan
0.144000
0.181000
0.388000
0.125000
0.344000
0.338000
nan
nan
nan
0.438000
0.231000
0.219000
0.487000
0.662000
nan
0.562000
nan
0.569000
0.525000
nan
nan
nan
nan
0.550000
0.481000
0.919000
nan
nan
0.887000
nan
nan
0.231000
0.662000
nan
nan
0.731000
0.325000
0.406000
nan
nan
0.537000
nan
0.725000
nan
1.000000
1.000000
nan
1.000000
nan
nan
0.700000
nan
nan
nan
0.469000
nan
0.269000
nan
0.600000
0.919000
1.000000
0.931000
nan
nan
0.469000
0.523000
nan
0.459000
0.304000
0.304000
nan
0.414000
0.523000
nan
0.487000
nan
nan
1.000000
0.318000
nan
nan
0.314000
nan
nan
0.346000
0.459000
nan
0.414000
nan
nan
nan
nan
0.614000
0.946000
0.582000
nan
0.737000
0.805000
1.000000
0.819000
nan
nan
nan
0.368000
nan
0.459000
0.373000
nan
0.318000
nan
0.532000
0.669000
1.000000
nan
0.473000
0.523000
0.346000
0.550000
0.600000
nan
0.450000
0.304000
0.359000
0.537000
nan
nan
0.541000
nan
0.969000
0.796000
nan
0.637000
0.860000
nan
nan
nan
0.559000
0.982000
nan
nan
nan
nan
nan
0.332000
0.746000
0.600000
nan
0.596000
nan
nan
0.691000
nan
nan
nan
nan
nan
0.564000
0.778000
0.374000
0.747000
0.529000
nan
0.864000
nan
nan
nan
nan
nan
nan
nan
0.529000
0.153000
0.160000
0.257000
0.533000
0.595000
0.210000
nan
nan
nan
nan
nan
nan
nan
0.899000
nan
0.673000
0.662000
nan
0.432000
0.720000
nan
0.798000
nan
nan
nan
nan
nan
nan
1.000000
nan
nan
0.903000
0.584000
nan
0.728000
0.529000
0.658000
nan
0.654000
0.498000
0.759000
0.817000
nan
nan
0.938000
0.903000
0.915000
nan
0.856000
0.401000
0.623000
0.650000
nan
nan
1.000000
0.592000
0.930000
0.607000
nan
0.560000
0.405000
0.206000
0.153000
0.153000
0.658000
nan
nan
nan
0.311000
0.638000
1.000000
nan
nan
nan
nan
0.720000
0.802000
0.598000
0.598000
0.865000
nan
nan
nan
nan
nan
0.487000
0.471000
0.325000
nan
nan
0.601000
nan
0.431000
0.799000
nan
nan
nan
0.669000
nan
0.482000
0.421000
nan
nan
nan
nan
nan
nan
nan
nan
0.220000
nan
0.320000
1.000000
nan
nan
0.574000
0.283000
0.288000
0.238000
0.434000
nan
0.529000
nan
0.468000
nan
0.855000
0.892000
nan
0.384000
0.765000
0.508000
nan
nan
nan
nan
nan
0.595000
nan
nan
nan
nan
nan
0.833000
0.781000
0.802000
nan
0.786000
0.942000
0.603000
0.302000
0.664000
0.863000
nan
nan
nan
nan
0.249000
0.204000
nan
0.183000
0.183000
0.183000
0.516000
1.000000
nan
0.987000
nan
0.527000
nan
0.524000
nan
0.394000
nan
nan
0.466000
nan
nan
1.000000
0.956000
1.000000
0.753000
nan
0.997000
0.264000
0.472000
nan
0.385000
0.568000
nan
0.765000
0.942000
nan
nan
0.359000
0.351000
nan
0.927000
1.000000
nan
nan
1.000000
nan
nan
nan
nan
nan
nan
nan
nan
0.197000
0.192000
0.385000
nan
0.637000
nan
nan
0.467000
0.359000
0.606000
nan
0.571000
0.890000
0.423000
nan
0.446000
0.284000
nan
0.192000
nan
nan
0.464000
nan
0.498000
0.756000
0.220000
nan
nan
nan
nan
0.261000
nan
nan
nan
0.209000
0.522000
nan
nan
0.354000
0.678000
nan
nan
nan
nan
0.192000
0.724000
nan
0.617000
0.443000
nan
0.281000
0.475000
nan
nan
nan
nan
0.582000
0.632000
0.536000
0.553000
nan
0.406000
0.386000
nan
0.399000
nan
0.757000
0.553000
nan
0.448000
nan
0.400000
0.426000
0.528000
0.557000
nan
nan
nan
0.433000
0.590000
nan
0.520000
0.368000
0.470000
0.546000
nan
nan
nan
0.735000
0.488000
nan
0.510000
0.702000
nan
nan
nan
1.000000
nan
nan
nan
nan
nan
nan
nan
0.702000
0.866000
nan
0.801000
nan
nan
nan
nan
nan
0.539000
0.510000
nan
nan
0.761000
nan
0.397000
nan
nan
nan
nan
0.242000
0.371000
0.510000
0.637000
nan
0.480000
0.349000
0.520000
nan
nan
nan
nan
nan
0.242000
nan
nan
0.586000
nan
0.779000
1.000000
0.772000
0.910000
1.000000
0.306000
0.379000
nan
0.451000
0.513000
nan
0.353000
0.426000
nan
0.386000
0.280000
0.242000
