Coverage: 1461.016949
nan
0.057000
nan
nan
0.057000
0.285000
0.114000
nan
0.171000
0.114000
0.456000
0.228000
0.456000
0.114000
nan
0.171000
nan
0.228000
0.456000
0.684000
nan
nan
nan
0.342000
0.912000
0.627000
0.399000
0.171000
0.228000
nan
nan
0.399000
nan
nan
0.456000
0.513000
nan
nan
0.057000
0.342000
nan
nan
nan
0.684000
nan
0.342000
0.114000
nan
0.456000
nan
nan
nan
0.057000
nan
nan
nan
0.228000
0.456000
nan
0.285000
nan
nan
nan
1.000000
nan
0.741000
1.000000
0.570000
nan
nan
nan
nan
0.228000
nan
nan
nan
nan
0.399000
nan
nan
0.570000
nan
nan
0.114000
0.456000
0.285000
0.057000
0.342000
0.339000
nan
nan
0.727000
nan
1.000000
0.679000
0.824000
nan
nan
0.640000
0.440000
nan
0.560000
0.800000
1.000000
0.600000
nan
0.760000
0.360000
nan
nan
0.560000
0.760000
nan
0.800000
0.600000
nan
nan
nan
nan
nan
nan
nan
nan
0.280000
nan
0.480000
nan
nan
0.760000
0.760000
0.960000
nan
0.800000
0.840000
nan
0.240000
0.280000
0.080000
nan
nan
0.400000
0.160000
0.760000
0.520000
1.000000
0.480000
0.600000
1.000000
nan
0.600000
nan
nan
0.160000
nan
nan
nan
0.200000
0.400000
0.520000
nan
nan
0.640000
nan
0.240000
0.280000
0.036000
0.880000
nan
0.160000
0.036000
nan
nan
nan
0.400000
nan
0.160000
0.036000
