Coverage: 22850.980392
0.087000
0.087000
0.225000
0.125000
0.128000
0.284000
nan
nan
nan
nan
nan
nan
nan
nan
nan
0.429000
1.000000
nan
0.128000
nan
0.136000
0.134000
0.100000
0.087000
0.111000
1.000000
0.457000
0.585000
nan
nan
nan
0.535000
nan
nan
nan
nan
0.253000
nan
0.350000
nan
0.957000
0.520000
0.525000
0.566000
nan
nan
nan
0.625000
0.520000
0.771000
nan
nan
0.360000
nan
nan
nan
0.443000
0.599000
0.998000
0.390000
0.363000
nan
0.798000
nan
1.000000
0.421000
0.384000
0.420000
nan
0.879000
0.585000
nan
0.506000
nan
nan
0.390000
nan
nan
nan
nan
0.201000
nan
0.204000
nan
0.179000
nan
0.401000
nan
nan
0.414000
nan
0.196000
0.170000
nan
0.233000
nan
nan
nan
0.124000
nan
0.138000
nan
0.373000
0.283000
0.675000
0.787000
nan
0.720000
0.571000
nan
0.273000
nan
nan
nan
0.245000
0.117000
0.117000
0.442000
nan
0.594000
nan
nan
nan
0.604000
0.773000
nan
0.713000
0.697000
nan
0.385000
nan
nan
nan
nan
nan
0.911000
nan
nan
nan
0.190000
1.000000
nan
0.756000
nan
nan
0.281000
0.138000
0.174000
0.663000
0.861000
0.739000
nan
nan
nan
0.647000
0.785000
nan
nan
nan
0.307000
0.423000
nan
1.000000
nan
nan
0.304000
0.295000
nan
nan
nan
nan
nan
0.723000
0.364000
0.402000
0.185000
0.245000
nan
0.183000
0.117000
nan
nan
nan
nan
nan
nan
0.825000
nan
0.932000
0.823000
nan
0.625000
nan
nan
nan
1.000000
nan
0.414000
0.616000
nan
nan
nan
0.293000
1.000000
0.146000
nan
nan
0.175000
nan
nan
0.413000
nan
nan
nan
0.661000
nan
nan
nan
nan
0.404000
0.447000
nan
nan
0.347000
nan
1.000000
0.833000
nan
0.694000
0.335000
0.293000
0.284000
nan
0.146000
0.878000
1.000000
nan
0.821000
0.932000
nan
0.923000
0.754000
nan
0.848000
nan
0.987000
0.920000
0.558000
nan
0.465000
0.146000
nan
0.247000
nan
0.269000
0.202000
nan
nan
nan
nan
nan
0.190000
0.444000
0.519000
0.567000
nan
0.772000
nan
nan
0.917000
nan
nan
0.628000
0.718000
0.525000
nan
0.148000
0.172000
nan
0.966000
nan
nan
0.456000
0.380000
0.501000
0.881000
0.733000
nan
nan
0.703000
0.453000
0.598000
0.670000
0.969000
nan
nan
1.000000
0.623000
0.228000
0.534000
0.296000
0.278000
0.534000
nan
nan
0.463000
0.324000
0.897000
1.000000
nan
nan
nan
0.220000
nan
0.220000
nan
0.345000
0.873000
nan
nan
0.220000
nan
nan
nan
0.231000
0.224000
nan
nan
nan
0.274000
nan
nan
nan
nan
0.239000
nan
0.260000
nan
nan
nan
0.267000
0.474000
nan
1.000000
0.402000
0.556000
0.595000
0.548000
0.605000
nan
nan
0.780000
nan
0.637000
nan
0.477000
nan
nan
0.659000
0.584000
0.641000
0.367000
0.629000
0.479000
nan
nan
0.270000
0.267000
0.334000
nan
0.494000
nan
0.575000
nan
nan
0.545000
0.461000
nan
0.572000
0.512000
0.423000
0.438000
nan
0.561000
0.630000
nan
nan
nan
0.650000
nan
0.522000
nan
nan
nan
0.317000
0.384000
nan
0.394000
nan
0.869000
nan
nan
nan
nan
nan
nan
nan
0.719000
nan
nan
nan
0.413000
0.347000
0.965000
1.000000
0.677000
0.918000
1.000000
nan
0.445000
0.500000
0.665000
0.519000
0.911000
nan
0.677000
0.930000
nan
nan
nan
nan
nan
0.694000
0.903000
0.741000
nan
nan
0.490000
nan
0.726000
nan
0.509000
0.448000
0.238000
0.706000
nan
0.477000
nan
nan
nan
nan
nan
nan
nan
0.645000
0.618000
1.000000
nan
nan
