Coverage: 1432.142857
0.034000
nan
1.000000
nan
1.000000
nan
nan
nan
nan
0.546000
nan
nan
nan
nan
0.171000
0.307000
nan
0.068000
0.410000
0.683000
nan
nan
nan
0.683000
nan
0.717000
nan
0.034000
0.341000
0.375000
0.546000
0.375000
0.887000
nan
nan
nan
nan
0.239000
0.102000
nan
nan
0.751000
nan
nan
nan
nan
0.546000
0.785000
0.648000
nan
nan
nan
nan
0.239000
nan
nan
0.683000
nan
nan
nan
nan
0.580000
0.853000
nan
0.102000
0.375000
nan
nan
nan
0.205000
nan
nan
0.410000
0.444000
1.000000
nan
nan
nan
nan
nan
nan
0.273000
0.239000
0.068000
nan
0.205000
0.307000
nan
0.683000
0.751000
0.819000
0.546000
nan
0.341000
0.410000
0.341000
nan
nan
nan
nan
nan
nan
0.034000
0.034000
0.102000
0.034000
0.068000
0.026000
0.819000
nan
nan
nan
nan
0.026000
nan
0.292000
nan
nan
nan
1.000000
nan
nan
nan
nan
nan
nan
nan
nan
nan
0.585000
nan
nan
nan
nan
nan
0.702000
nan
nan
nan
0.819000
nan
0.234000
1.000000
nan
0.175000
0.292000
0.585000
nan
0.175000
0.409000
0.175000
nan
nan
0.292000
nan
nan
nan
nan
0.702000
0.526000
nan
0.026000
0.340000
1.000000
0.340000
0.624000
0.567000
0.397000
0.057000
nan
0.057000
0.284000
0.340000
0.340000
0.340000
0.284000
0.340000
nan
0.170000
nan
nan
nan
nan
0.907000
0.907000
0.284000
nan
nan
0.113000
nan
0.284000
nan
nan
0.510000
nan
nan
0.567000
0.624000
0.567000
0.397000
0.397000
nan
nan
nan
0.284000
nan
0.227000
nan
nan
0.510000
0.397000
nan
0.330000
nan
0.275000
nan
nan
0.604000
0.495000
nan
nan
nan
0.025000
0.330000
nan
nan
0.824000
nan
nan
nan
nan
nan
nan
0.495000
0.549000
nan
1.000000
nan
nan
nan
0.165000
0.220000
nan
0.220000
0.495000
0.440000
0.549000
0.275000
1.000000
nan
nan
0.025000
