Coverage: 16059.686888
nan
0.000000
0.000000
nan
nan
0.000000
nan
0.010000
0.005000
0.000000
nan
0.005000
0.000000
nan
nan
0.005000
0.000000
nan
0.021000
0.010000
0.036000
nan
0.046000
nan
0.021000
0.041000
nan
0.046000
nan
0.077000
nan
0.052000
0.088000
0.232000
0.320000
0.052000
0.103000
0.175000
nan
nan
0.304000
nan
0.361000
0.644000
0.407000
0.268000
0.381000
0.366000
nan
nan
nan
nan
0.397000
0.840000
nan
nan
nan
0.789000
0.510000
nan
0.943000
nan
nan
nan
nan
nan
nan
nan
0.716000
0.871000
1.000000
1.000000
nan
nan
0.294000
nan
0.902000
0.397000
0.490000
0.330000
nan
1.000000
0.814000
0.294000
0.402000
nan
0.988000
nan
nan
nan
nan
nan
nan
nan
0.142000
nan
nan
0.302000
0.233000
0.330000
1.000000
nan
nan
nan
nan
0.142000
0.698000
0.674000
0.700000
0.912000
nan
0.284000
0.193000
0.286000
nan
nan
0.681000
0.651000
nan
1.000000
0.923000
nan
nan
nan
nan
nan
0.291000
nan
nan
0.365000
0.530000
0.763000
0.842000
nan
nan
nan
1.000000
0.591000
0.486000
0.540000
0.495000
nan
0.670000
0.568000
nan
0.674000
nan
0.228000
0.454000
0.312000
0.470000
nan
nan
0.772000
0.702000
nan
0.416000
nan
nan
nan
nan
nan
0.549000
0.726000
nan
0.616000
nan
nan
0.679000
0.521000
0.619000
nan
0.526000
nan
nan
nan
0.465000
0.142000
0.142000
0.230000
0.554000
nan
nan
0.995000
nan
1.000000
0.715000
nan
0.840000
nan
nan
1.000000
1.000000
nan
0.675000
0.591000
nan
0.311000
0.279000
0.400000
nan
0.386000
0.893000
0.964000
0.906000
nan
nan
0.279000
0.279000
nan
nan
nan
0.315000
nan
0.675000
nan
0.657000
0.555000
nan
nan
0.635000
0.657000
nan
nan
0.449000
0.555000
0.364000
0.622000
0.684000
nan
nan
0.542000
0.395000
0.493000
0.844000
nan
0.702000
0.369000
0.546000
0.506000
nan
0.689000
0.462000
0.733000
0.782000
nan
0.800000
nan
nan
nan
nan
0.942000
nan
0.395000
0.409000
nan
nan
0.857000
nan
nan
0.586000
nan
nan
nan
nan
nan
0.955000
nan
0.582000
nan
nan
nan
0.644000
0.800000
0.327000
nan
nan
nan
0.426000
0.892000
0.479000
0.173000
0.423000
0.447000
0.559000
0.580000
nan
nan
0.604000
0.546000
nan
0.844000
0.548000
0.756000
nan
0.173000
0.094000
nan
0.101000
nan
0.096000
0.128000
nan
nan
nan
0.391000
0.886000
0.996000
0.889000
nan
nan
0.863000
0.900000
nan
0.490000
nan
nan
0.269000
nan
nan
0.094000
nan
0.094000
nan
nan
nan
0.980000
0.397000
nan
0.264000
nan
nan
0.125000
0.644000
0.224000
1.000000
0.966000
1.000000
0.953000
nan
nan
nan
nan
nan
0.559000
0.311000
nan
0.487000
nan
1.000000
nan
0.785000
0.791000
0.974000
nan
nan
nan
0.136000
0.144000
nan
0.532000
0.152000
0.209000
0.161000
0.204000
0.507000
nan
nan
0.318000
nan
0.161000
nan
nan
0.393000
nan
nan
0.221000
nan
nan
nan
nan
0.678000
0.278000
nan
nan
0.713000
0.795000
0.902000
nan
1.000000
0.778000
1.000000
nan
0.380000
0.253000
0.417000
0.385000
0.408000
0.390000
0.606000
nan
nan
0.753000
nan
nan
0.800000
0.591000
nan
0.457000
nan
0.491000
nan
0.474000
0.736000
nan
nan
0.622000
0.789000
nan
0.517000
0.393000
0.476000
0.522000
nan
nan
0.496000
0.376000
0.400000
nan
nan
0.298000
0.164000
0.160000
0.174000
1.000000
nan
nan
nan
nan
nan
nan
nan
nan
nan
nan
nan
nan
0.512000
0.355000
0.565000
0.655000
nan
nan
0.800000
nan
0.948000
0.609000
nan
nan
0.946000
nan
nan
0.239000
nan
0.476000
0.574000
0.864000
nan
nan
nan
0.244000
0.381000
1.000000
nan
nan
nan
nan
0.207000
nan
0.317000
nan
1.000000
nan
0.353000
nan
0.720000
nan
nan
nan
0.360000
nan
nan
nan
nan
0.611000
0.426000
0.529000
nan
nan
nan
0.394000
0.397000
nan
nan
0.164000
nan
0.262000
0.527000
0.433000
0.226000
0.159000
