Coverage: 17315.680473
nan
0.123000
0.123000
0.123000
0.177000
0.158000
0.168000
0.149000
nan
0.224000
0.224000
nan
0.149000
nan
0.289000
nan
0.214000
0.326000
nan
0.345000
0.345000
0.308000
nan
nan
0.363000
nan
0.513000
0.205000
nan
0.541000
0.559000
0.522000
0.308000
0.419000
0.466000
nan
nan
nan
0.336000
nan
nan
nan
0.550000
0.820000
0.913000
nan
0.643000
0.578000
nan
nan
nan
nan
0.336000
nan
nan
nan
nan
nan
0.336000
0.531000
0.345000
nan
nan
0.969000
0.736000
0.951000
nan
0.615000
0.699000
nan
nan
0.829000
1.000000
1.000000
nan
nan
nan
1.000000
nan
0.298000
nan
0.308000
0.503000
0.568000
0.317000
0.485000
nan
0.596000
0.485000
0.199000
0.194000
0.256000
nan
nan
0.243000
0.238000
0.221000
nan
nan
0.494000
0.516000
0.260000
0.194000
0.238000
0.238000
nan
0.538000
0.357000
nan
0.543000
0.194000
0.953000
0.613000
0.379000
0.393000
0.490000
0.560000
0.657000
nan
0.662000
0.847000
0.525000
nan
0.768000
0.953000
0.922000
0.860000
1.000000
0.375000
0.485000
nan
nan
0.419000
nan
nan
0.944000
nan
0.768000
nan
nan
0.869000
1.000000
nan
0.221000
nan
0.794000
0.706000
0.993000
nan
0.993000
nan
1.000000
nan
0.715000
nan
nan
0.679000
0.922000
0.984000
0.753000
0.916000
0.403000
nan
0.495000
nan
nan
nan
nan
0.973000
nan
0.578000
nan
0.292000
0.270000
nan
nan
0.578000
0.798000
0.976000
0.773000
0.767000
0.921000
nan
0.790000
nan
nan
nan
nan
0.295000
0.555000
nan
nan
0.401000
0.270000
nan
0.641000
0.652000
nan
nan
nan
nan
1.000000
nan
nan
0.567000
nan
nan
nan
nan
nan
nan
nan
0.604000
nan
nan
nan
0.813000
nan
nan
nan
nan
nan
0.270000
nan
0.335000
nan
nan
1.000000
nan
0.710000
0.629000
nan
0.474000
0.942000
nan
nan
nan
0.545000
nan
nan
0.288000
0.427000
nan
0.860000
nan
nan
nan
nan
nan
0.304000
nan
nan
nan
nan
nan
0.433000
0.471000
nan
0.559000
0.545000
0.594000
0.679000
nan
0.589000
0.515000
nan
0.477000
nan
0.282000
nan
nan
0.800000
nan
1.000000
nan
nan
nan
nan
nan
nan
nan
0.660000
0.406000
nan
0.581000
nan
0.225000
nan
nan
nan
0.440000
nan
0.589000
nan
0.877000
nan
0.626000
nan
nan
nan
nan
nan
nan
nan
nan
0.914000
0.809000
1.000000
0.838000
1.000000
nan
nan
nan
nan
0.772000
0.827000
nan
0.819000
0.780000
0.571000
nan
nan
0.304000
0.437000
0.453000
0.296000
0.419000
0.568000
0.626000
0.903000
nan
nan
0.427000
0.225000
nan
0.545000
0.228000
0.225000
