Coverage: 14816.800000
0.000000
nan
nan
0.000000
0.073000
0.000000
nan
0.007000
nan
0.000000
nan
0.007000
0.022000
nan
0.007000
nan
0.029000
nan
nan
0.029000
nan
0.036000
0.087000
0.036000
0.247000
0.102000
nan
0.131000
0.065000
nan
0.087000
nan
0.102000
nan
0.211000
0.349000
nan
0.465000
0.335000
0.516000
0.385000
1.000000
0.676000
0.102000
0.058000
0.342000
0.364000
0.582000
0.225000
nan
nan
nan
0.487000
nan
nan
0.553000
0.829000
nan
0.495000
nan
1.000000
0.858000
nan
0.851000
nan
0.924000
nan
nan
0.575000
0.945000
nan
nan
nan
nan
0.960000
nan
nan
0.640000
0.495000
nan
0.691000
1.000000
0.378000
nan
nan
nan
nan
0.391000
nan
nan
0.293000
nan
0.263000
nan
nan
nan
nan
0.227000
nan
nan
nan
0.660000
nan
nan
nan
nan
1.000000
nan
0.356000
nan
nan
0.284000
nan
nan
nan
nan
nan
0.607000
nan
0.547000
nan
nan
nan
nan
0.645000
0.660000
nan
nan
0.397000
0.759000
0.592000
nan
0.863000
nan
0.666000
0.651000
0.768000
nan
nan
nan
0.448000
nan
nan
nan
nan
nan
nan
nan
nan
0.741000
nan
0.669000
0.577000
0.424000
0.173000
0.173000
0.323000
0.212000
nan
0.607000
0.777000
0.648000
nan
0.624000
nan
0.502000
nan
0.296000
0.394000
nan
nan
nan
nan
0.379000
nan
nan
0.965000
nan
0.711000
0.723000
nan
nan
0.825000
nan
0.902000
1.000000
nan
0.251000
0.173000
1.000000
nan
nan
0.977000
nan
0.941000
nan
0.642000
nan
nan
nan
nan
0.866000
nan
0.923000
nan
0.363000
0.353000
nan
nan
nan
nan
nan
nan
nan
nan
nan
0.485000
1.000000
0.945000
nan
0.297000
nan
0.394000
0.877000
0.363000
nan
nan
nan
0.666000
nan
nan
nan
1.000000
0.295000
1.000000
0.239000
0.323000
0.414000
0.427000
0.541000
0.684000
0.851000
nan
0.239000
0.361000
0.457000
nan
0.414000
nan
nan
0.513000
0.427000
nan
0.363000
0.313000
0.404000
nan
0.582000
nan
0.679000
0.829000
nan
0.508000
0.786000
nan
nan
nan
0.760000
nan
0.898000
0.829000
nan
nan
0.633000
0.844000
0.823000
nan
nan
nan
nan
nan
nan
0.949000
nan
nan
nan
nan
0.416000
0.546000
nan
0.277000
0.419000
0.511000
0.270000
0.341000
0.274000
nan
0.370000
nan
nan
nan
0.741000
0.430000
0.686000
nan
0.945000
nan
nan
1.000000
nan
nan
nan
nan
nan
nan
nan
nan
nan
nan
nan
nan
nan
0.408000
0.408000
nan
nan
nan
0.369000
nan
0.780000
0.780000
nan
0.469000
nan
0.395000
0.495000
0.660000
0.628000
0.877000
0.715000
nan
0.845000
0.984000
nan
nan
nan
0.505000
nan
nan
nan
0.249000
nan
0.330000
0.340000
0.476000
0.453000
nan
nan
nan
0.537000
0.787000
0.495000
nan
0.965000
0.327000
nan
nan
nan
nan
nan
0.249000
0.249000
nan
nan
nan
