Coverage: 272628.793774
nan
0.002000
nan
nan
0.002000
nan
nan
nan
nan
nan
nan
0.002000
nan
nan
0.002000
nan
nan
nan
nan
nan
nan
0.002000
nan
0.002000
0.003000
nan
nan
0.010000
0.009000
0.008000
0.002000
nan
0.008000
nan
nan
nan
nan
nan
0.037000
nan
0.054000
0.050000
nan
nan
0.055000
0.077000
nan
nan
0.152000
0.505000
nan
nan
0.186000
nan
nan
nan
0.463000
0.408000
nan
0.478000
nan
0.706000
0.119000
0.115000
0.127000
0.132000
0.555000
0.699000
0.700000
0.802000
0.475000
nan
nan
nan
nan
0.469000
0.286000
0.192000
0.525000
1.000000
1.000000
0.256000
0.285000
0.436000
0.254000
0.384000
0.612000
0.392000
0.216000
1.000000
nan
nan
0.198000
nan
nan
nan
nan
0.264000
0.053000
0.040000
0.071000
0.040000
nan
0.485000
nan
0.055000
nan
0.100000
0.052000
nan
0.040000
nan
0.199000
0.214000
0.820000
1.000000
nan
nan
0.743000
nan
nan
0.093000
nan
nan
nan
0.190000
0.044000
nan
0.139000
nan
0.165000
nan
nan
nan
nan
nan
0.060000
0.138000
nan
nan
nan
0.109000
nan
nan
1.000000
nan
0.874000
0.674000
nan
nan
0.501000
nan
nan
nan
nan
nan
nan
0.716000
0.302000
0.258000
0.617000
0.689000
nan
nan
nan
0.856000
0.832000
nan
nan
0.790000
0.567000
0.726000
1.000000
0.504000
0.743000
nan
nan
nan
0.280000
0.347000
nan
0.227000
0.300000
nan
0.248000
nan
nan
nan
nan
nan
0.445000
0.394000
nan
0.600000
0.483000
0.810000
0.656000
0.632000
1.000000
nan
nan
0.462000
nan
0.983000
0.547000
0.881000
nan
nan
0.166000
nan
nan
0.150000
nan
0.177000
0.346000
nan
nan
nan
0.580000
nan
1.000000
nan
0.272000
nan
nan
0.662000
0.472000
nan
0.766000
nan
nan
0.081000
0.106000
0.271000
nan
0.094000
nan
nan
nan
nan
0.145000
0.313000
nan
0.089000
nan
nan
0.136000
0.310000
0.450000
0.388000
0.392000
nan
0.099000
nan
0.047000
0.047000
0.047000
