Coverage: 2943.076923
0.017000
nan
0.017000
0.296000
nan
0.037000
0.222000
nan
0.222000
0.148000
0.111000
0.148000
0.017000
nan
nan
0.296000
0.222000
0.370000
0.519000
nan
nan
0.296000
nan
nan
0.667000
nan
nan
nan
0.556000
0.667000
0.296000
0.296000
0.556000
nan
1.000000
0.481000
0.259000
0.630000
0.593000
nan
0.889000
nan
0.519000
0.593000
0.333000
nan
0.593000
nan
0.222000
0.889000
nan
nan
0.296000
nan
nan
nan
0.333000
nan
nan
0.222000
nan
nan
nan
0.519000
nan
0.074000
nan
0.741000
nan
nan
0.963000
0.815000
nan
nan
nan
0.741000
0.741000
nan
nan
0.481000
1.000000
1.000000
nan
nan
nan
0.667000
0.741000
0.444000
1.000000
0.401000
nan
0.646000
0.349000
0.576000
nan
0.419000
0.576000
0.349000
0.272000
0.238000
0.063000
0.662000
nan
nan
0.662000
nan
0.374000
0.323000
nan
0.425000
0.696000
0.730000
1.000000
0.764000
nan
0.645000
nan
nan
0.072000
0.136000
0.272000
nan
nan
0.560000
nan
1.000000
0.662000
0.995000
nan
nan
nan
0.063000
nan
nan
nan
0.374000
nan
0.289000
nan
nan
nan
nan
0.340000
0.560000
nan
nan
nan
0.221000
0.917000
0.611000
0.900000
0.781000
nan
0.357000
0.628000
nan
nan
0.560000
nan
nan
0.832000
nan
nan
0.459000
nan
nan
nan
nan
0.085000
nan
0.459000
0.696000
0.289000
nan
nan
0.204000
nan
0.815000
0.866000
nan
0.391000
0.231000
nan
0.512000
0.446000
nan
nan
nan
nan
0.545000
1.000000
nan
0.248000
nan
0.048000
