Coverage: 22497.718631
nan
0.024000
0.024000
nan
0.057000
0.024000
nan
0.064000
nan
0.036000
0.057000
nan
0.085000
nan
0.043000
0.050000
nan
0.078000
nan
0.036000
0.114000
0.036000
0.043000
nan
nan
0.157000
0.178000
0.335000
0.199000
0.249000
0.313000
nan
nan
0.349000
0.477000
nan
0.370000
0.370000
0.548000
nan
0.406000
0.477000
0.527000
0.805000
nan
0.342000
0.548000
0.328000
0.299000
0.883000
nan
nan
0.399000
nan
nan
nan
0.670000
0.876000
nan
1.000000
nan
0.969000
0.933000
nan
nan
nan
0.776000
nan
nan
nan
nan
1.000000
nan
nan
0.406000
nan
nan
nan
nan
nan
nan
0.712000
0.776000
nan
nan
0.897000
0.655000
nan
nan
nan
0.719000
1.000000
0.650000
nan
nan
nan
0.428000
nan
0.875000
nan
0.409000
nan
nan
nan
nan
0.890000
nan
0.860000
nan
nan
nan
nan
nan
0.774000
nan
0.526000
nan
0.511000
0.407000
0.702000
0.766000
nan
nan
nan
0.864000
0.807000
nan
nan
0.988000
0.852000
0.807000
0.785000
nan
0.484000
nan
0.766000
nan
nan
nan
nan
0.407000
0.496000
0.526000
nan
nan
nan
0.789000
0.454000
0.725000
0.729000
nan
0.864000
0.732000
nan
nan
0.965000
1.000000
nan
1.000000
0.650000
nan
0.740000
0.747000
0.695000
0.616000
0.717000
0.973000
nan
0.837000
0.871000
nan
nan
0.556000
0.916000
0.950000
nan
nan
0.567000
0.492000
0.683000
0.744000
0.407000
nan
nan
nan
nan
1.000000
0.470000
nan
nan
nan
nan
nan
nan
nan
0.274000
0.230000
nan
nan
0.492000
0.759000
0.706000
nan
0.311000
0.282000
nan
0.217000
0.217000
nan
1.000000
0.693000
nan
0.861000
0.779000
nan
nan
0.786000
0.589000
nan
0.814000
0.865000
nan
0.724000
nan
nan
0.936000
nan
nan
0.761000
0.976000
0.574000
0.620000
nan
0.457000
0.607000
0.911000
nan
nan
nan
0.825000
nan
nan
0.569000
nan
1.000000
nan
0.953000
0.905000
nan
nan
0.719000
0.704000
nan
nan
0.217000
nan
nan
nan
nan
nan
0.638000
0.998000
0.574000
0.792000
nan
nan
nan
0.916000
0.777000
nan
1.000000
0.750000
nan
nan
0.545000
nan
nan
0.426000
nan
0.276000
nan
nan
nan
nan
nan
0.786000
0.523000
nan
0.455000
nan
0.324000
0.582000
nan
nan
nan
nan
0.914000
nan
0.761000
0.372000
nan
nan
0.218000
nan
nan
0.218000
1.000000
1.000000
0.826000
nan
nan
0.292000
nan
nan
0.237000
0.218000
nan
1.000000
nan
0.786000
nan
0.646000
0.968000
0.926000
nan
0.661000
0.597000
0.302000
0.641000
nan
0.502000
0.509000
0.514000
nan
nan
0.534000
0.584000
nan
nan
0.639000
nan
0.721000
nan
0.614000
nan
nan
0.309000
0.419000
0.462000
nan
nan
0.614000
0.756000
0.681000
nan
nan
0.734000
0.739000
nan
0.701000
0.766000
nan
0.679000
nan
0.602000
nan
0.282000
nan
0.382000
nan
nan
nan
nan
nan
0.751000
0.779000
0.367000
0.312000
0.302000
nan
nan
0.322000
0.282000
nan
nan
nan
0.485000
0.438000
0.343000
nan
nan
nan
0.510000
0.573000
nan
nan
nan
nan
0.749000
nan
nan
0.250000
0.494000
0.492000
nan
0.652000
0.614000
0.840000
nan
0.250000
0.415000
0.379000
nan
0.257000
nan
nan
nan
nan
nan
nan
0.264000
0.418000
0.262000
nan
0.434000
nan
nan
0.360000
0.334000
0.282000
nan
nan
nan
nan
0.234000
0.225000
nan
0.364000
0.476000
0.530000
0.264000
0.328000
nan
0.334000
0.764000
nan
0.226000
0.318000
0.274000
nan
nan
0.786000
nan
nan
nan
nan
nan
nan
nan
0.450000
nan
nan
nan
nan
nan
0.460000
nan
0.278000
nan
nan
nan
0.664000
0.706000
1.000000
0.382000
nan
nan
nan
nan
0.264000
nan
0.668000
0.704000
nan
nan
nan
0.742000
0.922000
0.768000
0.945000
nan
0.914000
0.554000
nan
0.670000
0.882000
0.589000
0.591000
0.799000
nan
nan
0.523000
0.816000
nan
nan
nan
nan
nan
0.609000
nan
nan
1.000000
nan
nan
nan
nan
0.704000
0.722000
0.502000
0.532000
0.868000
1.000000
nan
nan
0.316000
0.199000
