Coverage: 1332.786885
0.000000
0.000000
0.117000
0.000000
0.117000
0.000000
0.000000
0.117000
0.000000
nan
0.234000
0.000000
0.117000
nan
0.000000
nan
0.117000
0.117000
0.351000
nan
nan
nan
0.292000
0.468000
0.351000
0.175000
0.000000
nan
0.234000
0.409000
0.292000
nan
0.234000
0.117000
0.351000
nan
nan
nan
0.117000
0.234000
nan
0.351000
nan
1.000000
0.351000
0.175000
0.234000
0.468000
0.175000
0.409000
nan
nan
0.058000
nan
nan
nan
0.409000
0.234000
0.409000
nan
nan
0.643000
0.936000
nan
0.409000
nan
0.351000
nan
1.000000
0.409000
nan
nan
1.000000
nan
nan
nan
nan
nan
nan
nan
0.760000
0.585000
0.843000
0.443000
0.843000
nan
nan
0.754000
0.665000
0.710000
nan
0.153000
1.000000
0.665000
0.817000
nan
nan
nan
0.817000
0.499000
nan
0.318000
0.907000
0.544000
nan
nan
nan
nan
0.907000
0.499000
nan
nan
nan
0.408000
0.817000
nan
0.862000
0.907000
0.227000
nan
nan
nan
nan
0.454000
nan
0.454000
0.454000
0.227000
0.635000
nan
nan
0.681000
nan
nan
1.000000
nan
0.635000
nan
nan
nan
0.590000
1.000000
0.988000
nan
0.953000
0.590000
0.771000
0.681000
nan
0.272000
0.454000
0.318000
nan
0.726000
0.635000
0.181000
nan
0.318000
nan
0.146000
0.726000
nan
0.408000
nan
nan
0.272000
0.408000
nan
nan
0.110000
nan
nan
nan
0.371000
0.093000
0.232000
0.418000
0.928000
0.928000
nan
0.186000
0.067000
0.067000
