Coverage: 11594.871795
nan
nan
nan
nan
nan
0.040000
0.040000
0.040000
nan
nan
nan
0.040000
0.110000
nan
0.040000
0.211000
0.110000
nan
0.160000
nan
nan
nan
0.130000
0.100000
0.381000
nan
0.190000
0.100000
0.301000
0.341000
0.231000
0.140000
0.271000
0.321000
nan
nan
nan
nan
0.732000
0.612000
0.291000
0.411000
0.401000
nan
nan
0.371000
0.351000
0.411000
0.722000
nan
nan
nan
0.662000
nan
nan
nan
nan
0.762000
1.000000
nan
nan
0.712000
nan
0.702000
0.501000
nan
0.862000
1.000000
0.972000
nan
1.000000
0.581000
nan
0.501000
0.551000
nan
0.531000
nan
nan
nan
nan
0.471000
nan
0.471000
0.441000
0.551000
nan
0.652000
0.461000
nan
0.722000
nan
nan
0.796000
nan
nan
0.487000
nan
nan
0.689000
nan
0.455000
0.657000
nan
0.695000
nan
0.670000
nan
1.000000
0.468000
0.227000
0.727000
0.619000
0.758000
0.512000
nan
0.335000
0.224000
0.310000
nan
0.581000
0.878000
0.859000
0.670000
nan
0.828000
0.859000
0.790000
nan
0.392000
0.480000
0.468000
nan
0.360000
0.720000
0.543000
nan
nan
nan
0.758000
0.411000
0.626000
0.815000
nan
nan
1.000000
nan
nan
nan
0.632000
1.000000
0.562000
0.948000
nan
0.224000
nan
0.224000
0.449000
0.310000
0.506000
0.588000
nan
nan
nan
0.556000
nan
nan
0.581000
0.455000
0.404000
0.550000
0.549000
0.305000
nan
nan
0.238000
nan
0.251000
0.482000
0.612000
nan
nan
nan
0.825000
nan
0.568000
0.466000
0.276000
0.454000
0.574000
0.654000
nan
0.606000
nan
nan
0.555000
0.755000
0.381000
nan
nan
0.336000
nan
nan
0.320000
0.647000
1.000000
nan
0.228000
nan
nan
0.228000
nan
nan
0.930000
nan
nan
nan
nan
0.428000
1.000000
0.593000
nan
nan
0.374000
0.333000
0.362000
nan
0.727000
nan
nan
nan
0.698000
nan
0.409000
nan
0.225000
0.419000
0.923000
0.993000
nan
nan
nan
0.768000
0.546000
0.822000
0.625000
nan
nan
nan
0.225000
nan
0.511000
0.866000
nan
0.428000
nan
nan
nan
nan
0.378000
nan
nan
1.000000
0.933000
nan
nan
nan
nan
nan
nan
nan
nan
nan
nan
nan
nan
nan
0.263000
0.225000
0.387000
nan
0.416000
nan
nan
0.362000
nan
nan
nan
nan
nan
1.000000
0.516000
nan
0.479000
0.255000
0.261000
0.271000
nan
0.309000
nan
nan
nan
0.507000
nan
0.419000
nan
nan
nan
0.677000
0.579000
nan
nan
nan
nan
nan
0.680000
nan
0.324000
0.494000
nan
0.384000
0.126000
0.472000
0.375000
0.655000
0.378000
nan
0.781000
nan
nan
nan
nan
nan
nan
0.690000
0.702000
nan
0.469000
0.535000
0.573000
nan
nan
nan
0.497000
0.406000
nan
nan
nan
nan
0.945000
nan
nan
nan
0.397000
nan
nan
nan
0.242000
nan
nan
0.545000
nan
nan
nan
0.142000
0.582000
nan
0.119000
0.093000
0.093000
nan
0.573000
0.985000
0.962000
nan
nan
0.481000
nan
nan
nan
nan
0.104000
nan
nan
0.190000
0.095000
nan
0.383000
0.175000
0.142000
nan
0.167000
0.214000
0.192000
nan
nan
0.281000
0.465000
1.000000
nan
nan
0.696000
nan
nan
0.705000
0.760000
0.479000
0.850000
nan
nan
nan
nan
nan
nan
1.000000
0.694000
0.393000
nan
0.454000
nan
nan
0.691000
nan
nan
nan
0.936000
0.705000
nan
0.448000
0.331000
nan
nan
nan
nan
0.588000
0.404000
nan
nan
nan
nan
0.858000
1.000000
nan
0.393000
0.237000
0.114000
0.446000
nan
0.348000
0.298000
0.708000
nan
nan
nan
nan
nan
0.287000
0.273000
nan
nan
nan
nan
0.376000
0.265000
nan
0.083000
nan
nan
