Coverage: 3060.493827
0.060000
0.060000
0.135000
0.105000
0.090000
nan
0.060000
nan
0.060000
0.090000
nan
0.180000
nan
0.090000
nan
0.361000
0.105000
0.150000
0.090000
nan
nan
nan
nan
nan
0.165000
0.255000
nan
nan
0.060000
0.301000
nan
0.135000
nan
0.075000
0.225000
0.240000
nan
nan
nan
0.180000
nan
0.391000
nan
nan
0.361000
nan
nan
0.240000
0.090000
0.135000
nan
nan
0.210000
nan
nan
nan
nan
0.541000
0.361000
nan
nan
0.496000
nan
nan
0.180000
0.270000
nan
0.105000
0.285000
nan
0.466000
nan
0.180000
nan
nan
1.000000
nan
1.000000
nan
nan
nan
nan
nan
nan
nan
nan
nan
nan
nan
nan
nan
1.000000
0.511000
0.571000
0.255000
0.977000
nan
nan
0.676000
nan
nan
0.992000
nan
nan
nan
nan
0.661000
0.616000
nan
0.391000
0.558000
0.558000
nan
0.215000
0.215000
nan
0.215000
nan
nan
nan
0.472000
0.286000
0.200000
0.186000
0.458000
nan
nan
nan
nan
0.157000
nan
nan
nan
nan
nan
0.687000
nan
0.200000
0.229000
nan
0.372000
nan
nan
0.157000
0.515000
0.601000
0.114000
0.215000
nan
0.215000
0.587000
0.931000
0.773000
1.000000
1.000000
0.945000
nan
nan
0.644000
nan
0.258000
nan
nan
nan
nan
0.114000
nan
0.186000
nan
nan
nan
0.601000
0.616000
0.458000
0.673000
0.587000
nan
0.286000
nan
nan
nan
nan
0.387000
nan
0.573000
nan
0.501000
nan
nan
nan
0.472000
0.859000
nan
0.573000
nan
nan
nan
nan
0.673000
nan
nan
0.458000
nan
0.587000
0.472000
nan
nan
nan
0.830000
nan
nan
nan
nan
1.000000
0.587000
0.472000
nan
nan
0.301000
nan
nan
nan
nan
0.157000
nan
nan
0.070000
nan
nan
nan
0.630000
nan
0.086000
0.157000
nan
0.200000
nan
0.229000
0.115000
nan
0.186000
nan
nan
