Coverage: 1459.024390
0.078000
nan
0.078000
0.196000
nan
0.274000
nan
0.157000
0.196000
nan
0.196000
0.196000
nan
0.235000
0.078000
0.352000
0.117000
0.470000
nan
0.117000
0.431000
0.352000
0.509000
0.431000
nan
nan
nan
0.313000
nan
0.470000
0.352000
nan
nan
0.078000
0.196000
0.626000
nan
nan
0.587000
nan
nan
0.744000
0.587000
nan
nan
nan
0.744000
0.783000
0.783000
nan
nan
nan
0.470000
nan
nan
nan
nan
nan
0.783000
nan
0.431000
nan
nan
nan
nan
0.744000
nan
0.665000
nan
nan
0.470000
0.626000
nan
nan
nan
nan
nan
0.548000
1.000000
0.783000
0.900000
0.978000
nan
0.626000
nan
nan
nan
1.000000
nan
nan
0.861000
nan
nan
1.000000
0.978000
0.978000
0.861000
0.861000
nan
0.594000
nan
0.425000
nan
0.425000
nan
nan
0.764000
nan
nan
nan
0.552000
0.977000
nan
0.600000
0.600000
0.600000
nan
nan
0.943000
0.943000
nan
0.557000
0.515000
nan
nan
nan
nan
1.000000
0.472000
0.729000
0.600000
0.900000
nan
0.472000
nan
0.172000
0.214000
nan
0.386000
0.138000
0.815000
0.686000
0.772000
nan
nan
0.257000
nan
nan
nan
nan
nan
0.300000
nan
0.515000
nan
0.300000
nan
0.343000
0.257000
0.686000
nan
0.214000
nan
nan
0.943000
0.257000
1.000000
0.772000
1.000000
0.515000
nan
nan
0.138000
0.172000
nan
nan
0.386000
0.643000
0.472000
0.429000
nan
nan
nan
nan
nan
0.643000
nan
nan
0.138000
0.343000
0.600000
0.433000
nan
nan
nan
nan
0.346000
0.433000
nan
0.260000
nan
0.346000
nan
nan
0.130000
