Coverage: 1282.716049
0.056000
0.056000
nan
0.153000
0.077000
0.077000
0.056000
0.077000
nan
0.498000
nan
0.536000
nan
0.460000
0.268000
0.230000
0.307000
0.192000
nan
nan
0.192000
nan
0.230000
0.460000
0.192000
0.230000
nan
0.153000
0.383000
0.307000
0.345000
nan
nan
nan
0.958000
0.307000
nan
nan
nan
nan
nan
0.843000
0.690000
nan
0.077000
0.077000
0.268000
nan
0.690000
nan
nan
nan
0.345000
nan
nan
nan
nan
0.460000
0.230000
nan
nan
nan
0.766000
nan
0.153000
nan
nan
nan
nan
0.805000
nan
nan
nan
nan
nan
0.920000
nan
nan
nan
nan
nan
0.613000
0.651000
1.000000
0.958000
1.000000
1.000000
nan
nan
0.843000
nan
0.345000
0.575000
nan
0.766000
0.728000
nan
nan
0.153000
nan
nan
nan
0.320000
0.320000
nan
nan
0.560000
nan
nan
0.280000
0.098000
nan
nan
nan
0.520000
nan
nan
0.440000
nan
nan
nan
0.200000
nan
1.000000
1.000000
nan
0.280000
0.320000
0.160000
0.520000
0.120000
0.200000
0.560000
nan
nan
0.120000
nan
nan
nan
nan
nan
0.600000
nan
nan
0.320000
nan
nan
0.400000
0.098000
nan
nan
0.120000
nan
0.520000
0.320000
0.680000
nan
0.360000
0.800000
1.000000
0.600000
nan
0.556000
nan
nan
0.880000
nan
0.602000
nan
0.741000
nan
nan
0.648000
nan
nan
0.787000
nan
0.695000
0.232000
nan
0.463000
0.371000
1.000000
0.232000
0.602000
0.509000
0.154000
0.185000
0.185000
0.324000
nan
0.185000
nan
0.509000
0.526000
0.263000
0.684000
0.632000
0.632000
0.368000
0.895000
0.842000
nan
0.211000
nan
nan
nan
nan
nan
nan
0.526000
nan
1.000000
1.000000
0.895000
0.316000
0.947000
0.632000
nan
0.211000
0.316000
0.263000
0.421000
nan
nan
0.474000
nan
0.421000
0.421000
nan
nan
0.684000
0.316000
0.421000
0.526000
0.895000
0.316000
nan
nan
nan
0.632000
nan
nan
