Coverage: 19072.712146
0.027000
0.027000
0.027000
0.109000
nan
0.083000
0.057000
0.083000
0.041000
0.119000
nan
0.098000
0.078000
nan
0.098000
0.274000
0.207000
nan
0.176000
0.222000
0.253000
0.377000
0.248000
nan
0.264000
0.388000
0.176000
nan
0.186000
0.326000
0.351000
0.269000
0.119000
0.620000
nan
nan
0.450000
nan
0.532000
0.506000
0.413000
0.455000
0.579000
0.517000
nan
nan
0.305000
0.227000
0.419000
0.744000
nan
nan
0.382000
0.972000
nan
nan
0.811000
nan
nan
nan
1.000000
1.000000
nan
0.279000
nan
nan
0.233000
nan
0.176000
0.134000
nan
nan
nan
nan
1.000000
0.574000
nan
nan
nan
nan
nan
nan
nan
0.298000
nan
0.502000
0.233000
nan
0.196000
nan
nan
nan
nan
nan
0.771000
nan
nan
0.238000
0.099000
0.402000
0.235000
0.107000
0.143000
nan
0.129000
0.109000
nan
0.095000
0.211000
nan
nan
nan
0.803000
nan
0.150000
nan
nan
0.187000
nan
nan
nan
nan
nan
0.177000
nan
nan
0.233000
nan
0.143000
nan
nan
nan
nan
0.087000
0.107000
nan
0.087000
0.209000
nan
0.204000
0.238000
0.204000
nan
0.095000
nan
nan
nan
nan
nan
1.000000
0.827000
nan
0.170000
nan
0.131000
0.206000
nan
nan
nan
nan
nan
nan
nan
0.104000
1.000000
nan
nan
nan
nan
nan
nan
nan
0.781000
nan
nan
nan
nan
0.643000
nan
nan
nan
nan
nan
nan
nan
nan
0.175000
0.339000
0.371000
nan
0.723000
0.339000
nan
nan
nan
0.458000
1.000000
nan
nan
nan
nan
0.087000
nan
nan
0.921000
0.599000
nan
0.242000
nan
0.255000
0.118000
nan
0.122000
1.000000
nan
nan
nan
nan
nan
nan
nan
nan
nan
0.130000
nan
nan
0.543000
nan
1.000000
0.472000
0.298000
0.255000
0.235000
0.064000
nan
nan
nan
0.079000
0.091000
0.732000
0.071000
nan
nan
0.191000
0.151000
0.524000
nan
0.490000
0.409000
0.431000
nan
0.661000
0.460000
0.399000
0.666000
nan
nan
0.074000
0.127000
nan
nan
nan
0.107000
0.073000
0.090000
nan
0.494000
nan
nan
nan
0.064000
0.064000
nan
0.144000
0.271000
nan
nan
0.746000
0.610000
nan
nan
0.083000
0.156000
0.107000
0.093000
0.318000
nan
nan
0.450000
nan
0.379000
0.325000
nan
1.000000
nan
nan
0.129000
0.359000
0.284000
0.966000
nan
nan
nan
0.466000
0.462000
0.584000
0.499000
0.895000
nan
nan
nan
0.120000
nan
nan
1.000000
nan
nan
0.868000
nan
nan
nan
0.522000
nan
nan
nan
nan
nan
0.200000
0.233000
nan
0.930000
nan
0.757000
0.776000
0.965000
nan
0.831000
0.194000
0.260000
nan
nan
0.188000
nan
nan
0.247000
nan
0.355000
nan
nan
0.132000
nan
nan
0.142000
0.138000
nan
0.239000
0.093000
0.186000
nan
0.547000
0.726000
0.563000
nan
nan
nan
nan
nan
nan
0.146000
nan
nan
nan
nan
nan
nan
0.281000
nan
0.305000
0.318000
0.161000
nan
0.095000
0.093000
0.235000
nan
1.000000
0.681000
nan
nan
nan
0.136000
nan
nan
0.293000
nan
nan
0.093000
0.305000
nan
0.734000
nan
nan
0.262000
nan
nan
0.635000
1.000000
nan
nan
nan
0.177000
0.516000
nan
nan
nan
0.135000
0.206000
0.300000
0.210000
0.203000
nan
nan
0.152000
nan
nan
nan
nan
nan
0.484000
0.716000
nan
0.871000
nan
1.000000
nan
nan
0.368000
0.513000
nan
0.348000
0.381000
1.000000
0.571000
0.335000
0.242000
0.374000
0.609000
nan
nan
0.187000
0.277000
0.281000
nan
0.332000
0.316000
nan
nan
nan
0.255000
nan
nan
nan
0.961000
0.813000
nan
0.364000
0.248000
nan
0.216000
nan
nan
nan
0.384000
nan
nan
nan
0.226000
nan
nan
nan
0.142000
nan
0.135000
nan
nan
nan
0.235000
nan
0.219000
0.135000
nan
0.174000
nan
1.000000
0.816000
nan
nan
0.916000
nan
nan
nan
nan
nan
0.558000
0.626000
0.461000
0.577000
0.874000
nan
0.738000
nan
0.506000
nan
0.580000
nan
0.343000
nan
0.216000
0.788000
0.669000
nan
0.725000
0.712000
0.703000
0.504000
0.419000
nan
nan
nan
nan
nan
nan
nan
1.000000
0.953000
nan
nan
0.733000
nan
0.517000
nan
nan
nan
nan
0.987000
0.496000
0.831000
0.915000
1.000000
0.746000
nan
nan
0.445000
nan
0.318000
0.729000
0.453000
0.390000
0.775000
1.000000
nan
0.534000
0.669000
0.894000
0.856000
nan
0.737000
nan
nan
0.436000
0.763000
0.678000
1.000000
nan
0.487000
0.436000
nan
nan
0.712000
0.326000
nan
0.192000
nan
0.640000
0.403000
0.318000
0.458000
0.165000
0.204000
0.250000
0.208000
nan
0.712000
nan
0.267000
0.140000
0.125000
nan
nan
0.127000
0.125000
