Coverage: 1041.624365
0.000000
0.000000
nan
0.474000
0.284000
nan
0.379000
nan
1.000000
0.853000
nan
nan
0.379000
0.284000
nan
nan
0.569000
nan
0.284000
nan
0.379000
nan
nan
0.000000
0.569000
0.474000
0.095000
nan
nan
0.379000
nan
0.948000
0.569000
0.190000
0.853000
1.000000
0.569000
nan
nan
nan
0.569000
0.284000
nan
nan
nan
nan
nan
0.853000
0.000000
0.474000
nan
nan
0.000000
nan
nan
nan
nan
nan
0.379000
nan
0.379000
0.284000
nan
0.569000
nan
0.569000
0.569000
0.379000
0.284000
0.853000
nan
nan
0.379000
0.569000
0.474000
0.853000
0.948000
0.474000
0.664000
0.095000
nan
0.758000
0.853000
nan
nan
nan
1.000000
0.758000
nan
nan
1.000000
0.231000
nan
0.154000
nan
nan
nan
0.154000
0.615000
nan
0.538000
0.231000
0.392000
nan
0.783000
nan
1.000000
0.705000
nan
0.548000
0.392000
0.705000
nan
nan
nan
nan
0.548000
nan
0.940000
nan
nan
nan
nan
nan
0.783000
0.313000
0.470000
nan
0.470000
nan
nan
0.470000
0.235000
0.313000
0.157000
nan
nan
0.235000
0.313000
0.392000
0.157000
nan
nan
nan
0.313000
0.235000
nan
0.783000
nan
nan
0.470000
0.392000
1.000000
1.000000
nan
nan
0.392000
0.705000
nan
nan
nan
nan
0.705000
0.157000
0.861000
0.313000
nan
nan
0.626000
0.313000
0.157000
nan
0.548000
nan
0.548000
nan
0.705000
nan
nan
0.626000
nan
nan
nan
0.940000
0.470000
nan
nan
0.319000
0.637000
nan
0.398000
nan
0.717000
0.398000
0.239000
nan
0.159000
