Coverage: 1380.769231
0.000000
nan
0.087000
nan
0.043000
0.173000
0.216000
0.303000
0.346000
0.000000
nan
nan
0.000000
0.000000
0.130000
0.130000
0.260000
0.173000
0.260000
nan
0.519000
nan
0.563000
0.260000
nan
nan
nan
0.433000
0.303000
0.260000
0.649000
0.303000
nan
nan
0.563000
0.303000
nan
nan
0.043000
0.000000
nan
nan
0.173000
nan
nan
0.087000
nan
nan
0.519000
nan
nan
nan
0.087000
nan
nan
nan
nan
0.519000
nan
nan
0.909000
0.519000
nan
nan
0.606000
0.693000
0.346000
1.000000
0.519000
nan
0.823000
1.000000
nan
0.779000
nan
1.000000
nan
0.779000
0.909000
nan
0.952000
0.260000
0.433000
0.260000
nan
nan
0.130000
nan
nan
nan
0.254000
nan
nan
0.190000
0.856000
nan
nan
1.000000
1.000000
nan
0.539000
nan
0.349000
nan
0.173000
0.222000
0.173000
nan
nan
nan
nan
nan
0.222000
nan
nan
0.887000
0.824000
nan
1.000000
0.792000
0.475000
0.666000
nan
0.983000
0.697000
nan
0.412000
nan
nan
0.173000
0.539000
0.697000
0.887000
0.285000
0.507000
0.254000
0.697000
nan
0.475000
0.729000
0.983000
0.824000
0.602000
nan
0.571000
0.887000
0.807000
0.477000
0.367000
0.880000
0.403000
nan
0.293000
0.770000
0.440000
0.330000
nan
0.928000
0.880000
nan
0.844000
nan
nan
nan
0.550000
nan
0.514000
0.220000
nan
nan
nan
nan
0.625000
0.583000
0.208000
nan
nan
nan
nan
0.208000
nan
0.417000
0.250000
nan
0.333000
nan
0.667000
0.667000
nan
nan
0.500000
nan
nan
0.667000
1.000000
0.875000
0.333000
0.583000
0.917000
nan
0.917000
0.250000
0.500000
nan
0.625000
nan
0.250000
nan
0.250000
0.500000
0.417000
nan
nan
nan
nan
nan
nan
0.208000
nan
0.250000
nan
nan
nan
0.667000
0.500000
0.625000
nan
0.292000
0.417000
0.417000
0.208000
0.250000
0.458000
nan
