Coverage: 15306.240000
nan
nan
0.093000
0.103000
nan
0.168000
0.116000
0.093000
0.272000
0.093000
0.168000
0.129000
0.220000
0.162000
0.188000
nan
0.272000
0.259000
0.479000
0.349000
nan
0.097000
0.453000
0.272000
nan
nan
nan
0.466000
0.265000
0.220000
0.485000
0.356000
nan
nan
nan
0.602000
nan
nan
0.336000
0.524000
nan
0.699000
0.188000
0.433000
0.336000
nan
0.621000
nan
1.000000
nan
nan
nan
0.479000
nan
nan
nan
nan
0.809000
0.369000
0.576000
0.692000
1.000000
nan
nan
0.744000
nan
nan
0.873000
0.770000
nan
0.951000
nan
0.847000
0.576000
nan
0.860000
1.000000
0.847000
nan
nan
0.446000
0.957000
0.445000
0.792000
0.660000
nan
0.425000
nan
nan
nan
nan
nan
nan
nan
0.148000
nan
0.172000
nan
nan
0.304000
0.320000
nan
nan
nan
nan
nan
0.898000
0.578000
nan
nan
nan
nan
0.492000
0.742000
0.679000
nan
nan
nan
1.000000
0.488000
0.632000
1.000000
nan
nan
nan
nan
0.831000
nan
0.870000
0.816000
nan
0.781000
0.593000
0.859000
nan
nan
0.671000
0.777000
0.636000
0.867000
0.738000
nan
0.148000
nan
0.187000
0.156000
nan
nan
0.148000
0.546000
nan
1.000000
0.562000
0.585000
0.476000
nan
0.254000
nan
0.851000
0.991000
0.441000
0.656000
nan
0.714000
nan
0.597000
0.687000
nan
0.726000
nan
0.527000
0.863000
nan
nan
nan
nan
nan
nan
0.812000
0.960000
nan
0.773000
0.367000
0.491000
0.367000
nan
nan
nan
nan
0.906000
0.995000
0.837000
nan
1.000000
0.632000
nan
0.918000
nan
0.846000
nan
0.773000
0.675000
0.948000
nan
nan
nan
nan
0.769000
1.000000
nan
0.598000
nan
nan
0.970000
0.914000
nan
nan
0.551000
0.500000
0.367000
0.718000
0.611000
0.649000
nan
0.555000
0.615000
nan
0.619000
nan
nan
nan
0.713000
0.649000
0.406000
0.628000
0.602000
0.474000
0.675000
nan
0.478000
0.547000
0.769000
nan
0.615000
nan
0.769000
1.000000
0.743000
nan
nan
nan
nan
0.444000
0.658000
0.376000
0.940000
nan
nan
0.628000
nan
0.632000
0.555000
0.867000
0.548000
0.698000
0.760000
nan
0.818000
0.312000
0.636000
nan
nan
0.748000
nan
0.860000
0.424000
0.302000
0.332000
nan
0.302000
0.378000
0.449000
nan
0.735000
nan
0.582000
nan
0.914000
nan
0.582000
0.723000
nan
nan
nan
nan
nan
0.835000
nan
0.440000
nan
nan
nan
0.831000
nan
0.926000
0.723000
nan
0.876000
0.449000
0.457000
0.361000
nan
0.615000
nan
nan
0.478000
nan
0.606000
0.557000
nan
1.000000
nan
0.831000
nan
nan
nan
nan
0.302000
nan
nan
nan
nan
nan
0.814000
0.569000
0.582000
nan
nan
0.860000
nan
0.989000
0.577000
1.000000
0.831000
nan
0.897000
1.000000
nan
nan
nan
nan
0.465000
0.744000
nan
nan
0.565000
nan
0.436000
nan
0.428000
0.559000
0.395000
nan
nan
nan
0.644000
0.641000
nan
0.667000
nan
0.703000
nan
0.289000
0.388000
0.459000
0.275000
nan
nan
nan
0.469000
0.379000
0.244000
0.362000
nan
0.424000
nan
0.644000
nan
0.443000
nan
0.748000
0.786000
0.540000
0.793000
nan
nan
nan
nan
0.542000
0.421000
nan
nan
nan
nan
0.821000
0.660000
0.485000
0.436000
nan
0.407000
nan
0.670000
nan
0.360000
0.433000
0.604000
nan
nan
0.677000
nan
nan
nan
0.040000
0.897000
nan
nan
0.040000
nan
nan
0.040000
nan
1.000000
1.000000
0.935000
0.836000
nan
nan
nan
0.109000
nan
0.161000
0.234000
nan
0.064000
0.040000
nan
0.601000
0.419000
nan
0.222000
nan
nan
nan
1.000000
nan
nan
0.959000
nan
nan
0.215000
0.217000
nan
nan
0.215000
nan
0.215000
1.000000
nan
0.813000
0.983000
0.778000
nan
0.430000
nan
nan
0.607000
nan
0.541000
nan
0.544000
0.458000
nan
0.851000
0.692000
0.811000
nan
0.522000
0.470000
nan
nan
nan
nan
0.220000
nan
0.343000
nan
0.246000
nan
0.246000
0.402000
0.406000
nan
0.841000
0.702000
nan
0.560000
0.950000
1.000000
0.518000
0.466000
0.716000
0.371000
0.581000
nan
0.742000
nan
0.848000
1.000000
nan
0.454000
nan
nan
0.619000
nan
0.570000
0.558000
nan
nan
0.522000
0.611000
0.534000
nan
0.582000
0.609000
nan
0.464000
0.341000
0.341000
0.405000
nan
nan
nan
nan
nan
nan
nan
nan
nan
nan
nan
nan
0.397000
nan
nan
nan
nan
1.000000
nan
nan
0.407000
1.000000
nan
nan
nan
nan
nan
nan
nan
nan
nan
nan
nan
nan
0.817000
nan
nan
nan
nan
0.486000
0.790000
nan
nan
0.862000
0.627000
0.699000
0.716000
nan
nan
nan
0.541000
0.812000
nan
0.627000
0.711000
0.849000
nan
nan
0.876000
nan
0.546000
0.393000
nan
0.810000
0.817000
0.755000
0.642000
0.731000
0.820000
nan
0.186000
nan
0.186000
0.602000
0.289000
0.239000
nan
0.205000
nan
0.314000
nan
nan
0.417000
0.449000
0.299000
0.186000
