Coverage: 28515.432099
nan
nan
0.005000
0.000000
0.010000
0.000000
nan
nan
0.000000
nan
0.010000
0.000000
0.024000
0.005000
0.005000
nan
0.048000
0.053000
0.010000
0.029000
nan
0.198000
0.121000
0.126000
0.097000
nan
0.227000
0.270000
0.237000
0.280000
0.261000
0.348000
0.454000
nan
0.444000
nan
0.381000
nan
0.574000
nan
0.463000
0.507000
0.483000
0.637000
0.401000
nan
nan
nan
0.488000
nan
nan
nan
0.232000
nan
nan
nan
nan
0.821000
nan
0.864000
0.864000
0.917000
nan
0.545000
nan
0.478000
nan
nan
0.898000
nan
0.792000
0.777000
0.743000
nan
1.000000
0.879000
0.965000
1.000000
nan
nan
nan
1.000000
nan
0.178000
nan
nan
0.120000
nan
nan
0.944000
0.228000
0.159000
nan
nan
0.210000
nan
0.162000
0.615000
0.355000
nan
0.729000
nan
0.178000
0.260000
0.326000
0.724000
nan
nan
0.647000
nan
0.393000
0.411000
0.400000
0.350000
0.249000
0.443000
0.199000
1.000000
nan
0.814000
0.507000
0.602000
nan
0.761000
nan
0.570000
0.798000
0.658000
nan
nan
0.451000
0.440000
0.406000
nan
nan
0.448000
0.263000
0.120000
0.141000
0.154000
0.120000
nan
1.000000
1.000000
0.854000
0.931000
nan
nan
nan
nan
nan
0.483000
nan
nan
nan
nan
0.438000
0.605000
0.690000
nan
0.894000
nan
0.782000
0.955000
nan
0.728000
0.683000
0.733000
nan
nan
nan
nan
nan
0.828000
0.475000
0.801000
0.648000
nan
0.803000
nan
0.560000
nan
nan
nan
0.666000
0.578000
0.488000
nan
nan
0.821000
nan
nan
0.530000
nan
nan
0.721000
nan
nan
nan
nan
nan
0.631000
0.591000
0.608000
0.320000
0.591000
nan
0.771000
0.636000
nan
0.395000
0.313000
0.313000
0.368000
nan
nan
nan
nan
nan
0.313000
nan
nan
0.390000
nan
0.428000
0.330000
nan
0.741000
0.681000
0.831000
1.000000
0.781000
nan
0.716000
0.688000
0.563000
nan
0.768000
nan
0.816000
0.876000
0.956000
nan
nan
0.921000
nan
0.500000
0.348000
1.000000
0.828000
nan
0.968000
1.000000
nan
0.443000
0.284000
nan
0.347000
nan
nan
0.433000
0.223000
0.541000
0.456000
nan
0.398000
nan
nan
nan
nan
0.332000
0.437000
nan
0.555000
0.457000
0.536000
0.352000
nan
nan
0.240000
nan
nan
0.606000
nan
nan
0.475000
nan
nan
0.707000
nan
0.481000
0.489000
0.664000
nan
nan
nan
nan
nan
nan
nan
nan
nan
nan
0.613000
0.553000
0.621000
nan
1.000000
nan
nan
nan
nan
nan
nan
nan
0.349000
nan
nan
nan
0.823000
0.401000
nan
nan
nan
nan
nan
nan
1.000000
nan
nan
nan
0.215000
0.281000
nan
nan
nan
nan
0.252000
nan
0.221000
0.696000
nan
nan
nan
1.000000
0.805000
nan
nan
0.215000
0.243000
nan
0.215000
0.955000
0.955000
0.804000
nan
nan
nan
0.668000
nan
nan
0.724000
nan
nan
nan
nan
nan
0.491000
0.388000
0.457000
0.352000
nan
nan
nan
nan
nan
0.565000
0.399000
nan
0.393000
0.654000
0.706000
1.000000
nan
nan
nan
nan
nan
nan
0.812000
0.885000
0.546000
0.520000
nan
nan
nan
nan
0.320000
0.210000
0.228000
0.251000
nan
nan
1.000000
nan
nan
0.622000
nan
nan
nan
nan
0.217000
0.211000
0.479000
nan
0.403000
nan
0.641000
nan
nan
nan
nan
nan
0.627000
0.405000
0.670000
nan
nan
nan
nan
0.672000
0.891000
nan
nan
0.499000
nan
nan
0.618000
nan
0.795000
0.739000
0.557000
0.668000
0.542000
nan
nan
0.339000
nan
nan
nan
0.678000
0.850000
nan
0.692000
0.659000
nan
0.915000
0.559000
0.596000
nan
1.000000
0.520000
0.277000
0.631000
0.487000
0.610000
0.380000
nan
nan
nan
0.333000
nan
0.633000
0.610000
nan
nan
0.242000
nan
0.824000
0.785000
nan
0.585000
0.568000
nan
0.222000
0.222000
