Coverage: 234431.732419
0.065000
0.065000
0.065000
nan
nan
0.407000
nan
nan
0.934000
0.311000
0.407000
0.431000
nan
nan
nan
nan
0.886000
nan
1.000000
0.335000
nan
0.527000
0.551000
0.862000
nan
nan
nan
nan
nan
nan
1.000000
0.263000
0.311000
1.000000
nan
nan
nan
0.311000
nan
nan
0.311000
0.695000
0.503000
0.216000
0.359000
nan
0.359000
0.623000
nan
nan
nan
nan
0.359000
nan
nan
nan
nan
0.527000
0.240000
0.263000
0.192000
0.192000
nan
0.335000
nan
nan
nan
nan
nan
0.695000
0.383000
0.311000
nan
0.287000
nan
nan
nan
nan
0.335000
0.503000
0.551000
0.287000
nan
nan
nan
nan
nan
nan
nan
0.192000
0.168000
0.359000
nan
nan
nan
0.168000
nan
nan
0.263000
nan
nan
0.335000
nan
nan
nan
nan
nan
0.240000
0.144000
0.192000
nan
nan
nan
nan
0.006000
0.005000
0.003000
0.005000
0.002000
nan
0.002000
nan
nan
nan
nan
nan
nan
nan
0.003000
0.002000
0.002000
0.004000
nan
nan
nan
0.002000
0.003000
0.004000
nan
nan
nan
nan
nan
0.002000
nan
0.007000
0.004000
0.005000
0.005000
nan
0.006000
nan
0.003000
0.005000
0.005000
nan
0.002000
0.002000
nan
0.005000
0.005000
0.003000
nan
0.005000
0.007000
nan
nan
0.010000
nan
nan
nan
0.003000
0.010000
0.006000
nan
nan
nan
nan
nan
nan
nan
nan
nan
0.065000
0.019000
nan
0.045000
0.047000
nan
nan
nan
0.069000
nan
nan
0.902000
nan
0.643000
1.000000
1.000000
nan
1.000000
nan
0.289000
nan
nan
nan
nan
nan
nan
nan
0.778000
nan
0.258000
nan
nan
nan
0.184000
0.311000
nan
nan
0.183000
nan
0.871000
0.903000
nan
0.402000
0.314000
nan
nan
nan
0.086000
nan
0.051000
0.031000
nan
nan
nan
0.383000
0.031000
0.085000
0.060000
0.064000
nan
0.104000
0.031000
nan
0.031000
nan
nan
0.696000
0.421000
0.606000
0.731000
nan
0.104000
nan
nan
nan
nan
0.049000
nan
nan
nan
nan
nan
nan
0.799000
nan
nan
0.448000
nan
nan
0.093000
0.097000
0.094000
0.182000
nan
0.160000
0.093000
nan
nan
nan
nan
nan
nan
nan
nan
0.855000
0.950000
nan
nan
nan
nan
0.063000
0.065000
nan
nan
nan
0.104000
nan
0.076000
nan
nan
nan
0.157000
0.645000
nan
1.000000
1.000000
0.336000
0.154000
nan
nan
nan
nan
nan
0.255000
0.136000
0.168000
nan
nan
0.992000
nan
nan
1.000000
nan
nan
0.684000
0.895000
0.424000
0.055000
nan
nan
nan
nan
0.104000
nan
nan
nan
0.156000
nan
nan
0.170000
0.099000
0.103000
0.116000
1.000000
nan
1.000000
0.999000
nan
nan
nan
nan
nan
0.270000
nan
1.000000
nan
0.787000
0.477000
nan
0.409000
nan
0.180000
nan
0.084000
0.070000
0.116000
nan
nan
0.098000
0.056000
0.057000
nan
nan
nan
nan
0.460000
0.244000
nan
nan
nan
nan
0.055000
0.054000
nan
0.050000
0.148000
0.089000
0.157000
0.076000
nan
0.167000
nan
0.476000
0.309000
0.215000
nan
0.110000
nan
nan
0.059000
0.055000
0.058000
0.012000
nan
nan
nan
nan
0.014000
0.011000
0.009000
nan
nan
nan
0.024000
0.013000
0.009000
0.012000
0.009000
nan
nan
0.007000
nan
nan
0.006000
0.006000
nan
0.006000
0.803000
0.906000
0.811000
0.740000
0.835000
nan
nan
0.850000
nan
0.646000
0.528000
0.520000
0.685000
0.661000
0.496000
nan
nan
nan
nan
0.567000
nan
nan
nan
nan
nan
nan
nan
nan
nan
0.756000
nan
nan
0.370000
0.661000
nan
nan
0.787000
0.969000
nan
1.000000
0.906000
0.370000
0.370000
0.543000
0.740000
nan
nan
nan
0.567000
nan
0.409000
0.370000
nan
0.614000
0.764000
1.000000
0.945000
0.345000
0.365000
0.361000
nan
0.209000
nan
0.213000
0.341000
0.261000
nan
nan
0.509000
nan
0.225000
nan
nan
0.261000
nan
nan
0.293000
0.345000
0.389000
nan
0.465000
0.485000
nan
0.417000
0.277000
0.510000
0.357000
nan
nan
nan
0.020000
0.016000
nan
0.013000
0.008000
nan
nan
0.027000
nan
nan
nan
0.017000
nan
nan
nan
nan
0.081000
0.078000
0.057000
nan
nan
nan
nan
1.000000
nan
0.085000
0.072000
nan
nan
1.000000
nan
0.118000
0.057000
nan
0.093000
0.050000
0.054000
nan
nan
nan
0.044000
1.000000
nan
0.021000
0.007000
0.030000
0.016000
0.016000
0.021000
nan
0.015000
nan
0.007000
nan
nan
nan
nan
0.019000
0.022000
nan
0.007000
nan
nan
