Coverage: 5869.780220
nan
0.101000
0.185000
nan
nan
nan
0.301000
nan
0.101000
nan
nan
0.146000
0.165000
0.243000
0.155000
0.185000
nan
0.311000
0.185000
nan
0.185000
nan
0.330000
nan
nan
0.301000
0.101000
0.408000
0.262000
nan
nan
nan
nan
nan
0.291000
nan
0.262000
0.495000
0.447000
0.185000
nan
0.427000
nan
nan
0.141000
nan
0.320000
0.235000
0.134000
0.442000
nan
nan
0.226000
nan
nan
nan
nan
nan
nan
nan
0.668000
0.433000
nan
0.518000
nan
nan
nan
nan
0.527000
nan
0.395000
nan
nan
0.124000
nan
0.442000
nan
nan
nan
nan
0.659000
nan
nan
0.311000
nan
0.922000
0.537000
nan
0.631000
nan
0.348000
nan
0.987000
1.000000
nan
nan
nan
0.254000
nan
nan
nan
0.442000
1.000000
nan
nan
nan
nan
nan
nan
0.329000
0.358000
nan
0.282000
0.132000
0.392000
0.902000
1.000000
0.847000
nan
nan
0.620000
0.902000
nan
nan
nan
nan
0.738000
0.638000
0.620000
nan
0.866000
nan
0.465000
0.601000
nan
nan
nan
nan
nan
nan
nan
nan
nan
nan
0.583000
0.137000
nan
nan
0.319000
0.683000
0.692000
nan
nan
nan
0.428000
nan
nan
0.246000
nan
nan
nan
nan
nan
nan
0.656000
nan
0.784000
nan
nan
0.474000
nan
nan
nan
nan
nan
nan
nan
nan
nan
nan
nan
nan
