Coverage: 13998.561151
0.155000
nan
nan
nan
nan
0.340000
0.453000
nan
nan
nan
0.319000
nan
nan
nan
0.420000
0.533000
0.640000
nan
nan
nan
nan
nan
nan
nan
nan
nan
0.661000
0.677000
0.407000
0.316000
0.554000
0.394000
nan
0.171000
0.185000
nan
0.544000
nan
nan
0.324000
0.252000
0.536000
0.514000
nan
nan
0.592000
nan
nan
0.420000
0.602000
nan
nan
0.359000
nan
nan
nan
nan
nan
0.300000
1.000000
0.370000
0.177000
nan
nan
0.372000
1.000000
1.000000
0.214000
nan
0.190000
nan
nan
0.185000
0.230000
0.155000
0.233000
0.252000
nan
0.316000
0.287000
nan
0.241000
nan
nan
nan
0.155000
0.249000
0.246000
0.257000
0.300000
nan
0.418000
0.386000
nan
0.399000
0.453000
nan
nan
0.502000
nan
nan
nan
nan
nan
nan
nan
0.316000
0.640000
nan
nan
nan
0.593000
nan
0.446000
nan
nan
0.553000
nan
0.786000
0.439000
0.901000
nan
nan
0.462000
nan
nan
0.707000
nan
0.727000
0.557000
nan
0.462000
nan
nan
nan
nan
0.482000
0.834000
nan
0.731000
nan
nan
nan
nan
nan
nan
nan
0.307000
0.367000
nan
0.307000
0.379000
nan
0.620000
nan
nan
nan
nan
0.735000
nan
nan
0.684000
1.000000
nan
nan
1.000000
0.680000
nan
nan
0.320000
0.616000
1.000000
nan
0.660000
nan
nan
0.790000
nan
0.798000
0.672000
0.628000
nan
0.462000
nan
0.909000
nan
0.450000
0.324000
0.506000
0.490000
nan
nan
0.632000
0.589000
0.577000
0.612000
nan
nan
nan
nan
nan
0.307000
0.525000
0.522000
0.707000
0.790000
nan
nan
0.783000
0.851000
0.668000
nan
0.952000
nan
0.705000
0.472000
0.563000
0.714000
nan
0.540000
0.787000
0.687000
nan
0.710000
0.536000
0.494000
nan
0.691000
0.467000
nan
0.211000
0.266000
0.229000
nan
nan
nan
nan
0.494000
1.000000
0.673000
nan
nan
0.943000
0.472000
0.288000
0.728000
0.856000
1.000000
nan
nan
0.687000
0.334000
0.215000
nan
0.320000
nan
nan
nan
0.366000
nan
0.201000
0.201000
0.256000
nan
1.000000
nan
nan
0.938000
0.737000
nan
0.861000
nan
nan
0.398000
nan
0.847000
nan
0.211000
0.320000
nan
0.339000
nan
nan
nan
nan
nan
nan
nan
0.375000
nan
0.893000
0.650000
nan
0.201000
nan
nan
0.948000
nan
nan
nan
nan
nan
nan
0.533000
nan
nan
0.995000
1.000000
0.905000
0.829000
nan
0.807000
0.959000
nan
0.722000
0.740000
nan
nan
nan
0.528000
0.355000
0.425000
0.514000
nan
nan
nan
nan
nan
0.715000
0.809000
nan
0.748000
0.477000
0.701000
0.664000
0.622000
nan
nan
0.519000
0.538000
nan
nan
0.477000
0.804000
nan
0.505000
nan
nan
0.454000
0.449000
nan
nan
nan
nan
1.000000
nan
nan
nan
nan
nan
0.785000
0.297000
0.659000
0.697000
0.655000
0.388000
nan
nan
0.402000
nan
0.781000
1.000000
nan
nan
nan
nan
0.307000
nan
0.580000
nan
0.360000
nan
nan
0.407000
nan
0.319000
0.472000
0.323000
0.795000
0.856000
nan
nan
nan
nan
nan
0.393000
0.814000
nan
nan
nan
nan
0.416000
nan
0.631000
0.979000
0.696000
0.531000
nan
0.453000
0.521000
1.000000
0.813000
nan
nan
nan
0.288000
0.288000
