Coverage: 14277.990431
0.024000
0.024000
0.024000
0.035000
0.031000
nan
nan
0.057000
nan
0.031000
0.075000
0.150000
0.088000
0.088000
nan
0.211000
nan
0.189000
0.106000
0.251000
nan
0.282000
0.194000
nan
0.352000
nan
0.317000
nan
0.233000
0.198000
0.467000
0.255000
nan
nan
nan
0.352000
nan
nan
0.546000
0.493000
nan
0.727000
0.273000
0.291000
0.467000
nan
0.572000
nan
0.370000
1.000000
nan
nan
0.357000
nan
nan
nan
nan
0.696000
nan
nan
0.625000
0.555000
0.903000
nan
nan
0.616000
1.000000
nan
0.995000
nan
0.484000
nan
nan
0.753000
nan
nan
0.885000
0.502000
nan
nan
nan
nan
nan
0.361000
1.000000
nan
nan
nan
nan
0.727000
0.652000
nan
0.559000
nan
nan
0.345000
nan
nan
1.000000
nan
nan
0.690000
nan
0.431000
nan
0.348000
nan
nan
0.807000
nan
1.000000
0.894000
nan
0.673000
0.455000
0.445000
nan
nan
0.728000
nan
nan
nan
0.573000
nan
0.725000
nan
nan
0.459000
nan
0.624000
nan
0.604000
0.376000
0.790000
0.856000
0.856000
0.473000
nan
nan
nan
nan
nan
nan
0.742000
nan
0.987000
nan
nan
nan
nan
nan
nan
nan
0.428000
0.330000
0.459000
nan
0.656000
0.607000
0.500000
nan
nan
nan
nan
nan
nan
nan
0.669000
1.000000
0.687000
0.445000
0.514000
nan
nan
nan
nan
0.680000
nan
nan
0.642000
0.576000
0.607000
nan
0.421000
nan
nan
0.555000
nan
nan
0.583000
0.369000
nan
0.469000
nan
0.431000
nan
nan
0.355000
0.552000
0.445000
nan
0.330000
nan
nan
nan
0.330000
0.893000
nan
nan
nan
nan
nan
nan
nan
nan
0.446000
nan
0.930000
nan
nan
1.000000
nan
0.925000
1.000000
nan
0.973000
0.726000
0.565000
0.860000
nan
0.688000
0.538000
nan
nan
0.425000
0.393000
0.683000
0.903000
0.801000
nan
nan
nan
nan
0.253000
0.393000
nan
0.796000
nan
nan
0.860000
0.274000
0.210000
0.473000
0.247000
0.678000
0.726000
nan
nan
0.592000
0.710000
0.425000
0.780000
0.602000
nan
0.785000
nan
0.586000
0.527000
0.339000
nan
nan
nan
0.549000
nan
nan
0.796000
nan
0.656000
0.624000
0.780000
nan
nan
0.796000
nan
0.640000
0.946000
nan
nan
nan
nan
0.887000
0.201000
0.201000
nan
nan
0.201000
nan
1.000000
nan
nan
nan
0.903000
0.485000
0.508000
nan
0.606000
0.220000
nan
0.177000
0.180000
nan
nan
0.858000
nan
0.560000
nan
0.485000
0.577000
0.872000
0.252000
nan
0.488000
0.446000
0.226000
nan
nan
0.701000
nan
0.524000
nan
nan
0.360000
0.587000
0.727000
nan
nan
0.423000
0.223000
0.498000
0.570000
0.423000
0.334000
0.645000
nan
nan
0.750000
nan
nan
0.993000
nan
nan
0.826000
nan
nan
0.177000
0.249000
0.177000
0.236000
0.727000
nan
nan
1.000000
0.822000
0.580000
nan
nan
0.311000
0.547000
nan
nan
nan
nan
nan
0.872000
0.819000
0.796000
nan
nan
1.000000
0.695000
1.000000
0.655000
nan
nan
0.924000
nan
0.924000
nan
nan
nan
0.406000
0.246000
0.844000
nan
0.728000
0.755000
0.447000
nan
nan
nan
nan
0.712000
0.857000
nan
0.868000
nan
0.629000
nan
0.305000
nan
nan
0.688000
nan
0.937000
nan
0.959000
nan
0.656000
nan
nan
nan
0.651000
0.803000
nan
nan
nan
nan
1.000000
nan
nan
nan
0.426000
nan
0.249000
nan
nan
0.246000
nan
nan
0.600000
0.305000
0.453000
nan
0.645000
1.000000
0.503000
nan
nan
0.795000
nan
nan
0.356000
0.522000
0.396000
nan
nan
nan
0.637000
0.450000
1.000000
nan
0.699000
0.694000
nan
nan
nan
nan
0.345000
nan
0.249000
0.822000
0.886000
nan
nan
0.568000
0.503000
0.394000
nan
nan
nan
0.578000
nan
0.857000
0.683000
nan
nan
0.552000
nan
nan
nan
0.246000
0.402000
0.461000
nan
0.734000
nan
nan
0.516000
0.615000
0.569000
0.730000
nan
nan
nan
0.416000
nan
0.621000
0.344000
nan
nan
0.734000
0.400000
0.859000
nan
nan
0.565000
1.000000
0.535000
0.555000
0.810000
0.413000
nan
nan
0.658000
0.916000
nan
0.734000
0.889000
0.821000
0.591000
nan
0.499000
nan
nan
nan
0.564000
nan
nan
nan
0.448000
nan
nan
0.362000
0.403000
nan
nan
nan
0.786000
1.000000
0.410000
0.417000
0.431000
nan
nan
0.588000
nan
0.749000
nan
nan
0.379000
nan
0.680000
0.448000
nan
nan
nan
nan
1.000000
nan
nan
nan
nan
nan
0.742000
nan
0.414000
nan
nan
0.999000
nan
0.347000
0.752000
nan
nan
nan
0.499000
0.581000
0.424000
nan
nan
nan
0.356000
0.735000
nan
0.362000
0.356000
0.392000
nan
nan
0.784000
nan
0.523000
0.427000
nan
0.653000
0.636000
0.410000
0.678000
0.678000
0.759000
nan
0.160000
nan
0.160000
nan
0.237000
0.223000
nan
0.279000
nan
0.385000
nan
nan
nan
0.353000
0.191000
0.160000
