Coverage: 5386.046512
0.107000
nan
0.107000
nan
nan
nan
0.339000
0.107000
0.232000
nan
0.214000
nan
nan
nan
0.517000
nan
0.624000
0.250000
nan
0.642000
0.143000
0.125000
nan
nan
0.107000
0.125000
0.749000
nan
0.660000
0.588000
nan
nan
0.232000
nan
nan
0.160000
0.178000
nan
nan
0.553000
nan
0.267000
0.125000
0.481000
nan
0.178000
0.339000
0.570000
1.000000
nan
nan
nan
nan
nan
nan
nan
0.731000
0.446000
nan
0.499000
nan
nan
0.980000
0.303000
0.661000
nan
nan
0.541000
0.581000
0.561000
0.841000
0.821000
nan
0.681000
nan
nan
0.521000
nan
0.661000
nan
0.581000
nan
nan
nan
nan
nan
nan
nan
nan
1.000000
nan
nan
nan
nan
0.541000
0.861000
0.901000
nan
1.000000
0.901000
0.721000
nan
nan
nan
nan
nan
nan
nan
0.822000
0.889000
0.733000
1.000000
nan
nan
0.467000
0.489000
nan
nan
nan
nan
0.444000
nan
0.667000
nan
nan
nan
0.378000
0.400000
nan
nan
0.622000
nan
0.356000
nan
0.422000
0.311000
0.289000
0.244000
nan
0.178000
0.889000
nan
nan
0.489000
0.911000
nan
0.289000
nan
nan
0.311000
nan
nan
0.378000
nan
0.267000
0.622000
0.333000
nan
nan
0.244000
nan
0.333000
nan
0.178000
0.244000
0.178000
nan
nan
nan
0.244000
nan
0.178000
