Coverage: 3227.857143
nan
nan
0.154000
0.269000
nan
nan
nan
0.731000
0.769000
0.154000
nan
0.154000
0.133000
0.154000
0.385000
0.423000
nan
nan
0.423000
0.231000
0.269000
0.423000
0.615000
nan
nan
0.385000
nan
1.000000
0.538000
nan
0.133000
0.133000
nan
nan
nan
1.000000
nan
0.462000
0.423000
nan
nan
0.885000
0.154000
0.192000
0.538000
nan
nan
nan
nan
0.538000
nan
nan
0.308000
nan
nan
nan
nan
nan
nan
nan
nan
0.885000
nan
nan
0.846000
nan
nan
0.769000
1.000000
nan
nan
nan
nan
nan
0.500000
nan
0.846000
0.538000
nan
0.462000
0.269000
nan
nan
0.962000
0.462000
nan
nan
nan
nan
nan
0.385000
0.154000
1.000000
nan
0.500000
nan
0.731000
nan
nan
0.615000
0.808000
nan
0.769000
1.000000
0.346000
0.597000
nan
nan
0.256000
nan
0.284000
nan
nan
0.398000
0.426000
0.710000
nan
nan
0.313000
nan
0.098000
0.511000
0.682000
nan
0.938000
nan
0.256000
0.540000
nan
nan
nan
nan
nan
0.597000
nan
1.000000
nan
nan
0.199000
nan
nan
nan
nan
0.682000
nan
nan
0.426000
nan
0.098000
nan
nan
nan
nan
0.739000
nan
nan
nan
nan
0.881000
0.369000
1.000000
0.256000
nan
0.767000
nan
1.000000
0.653000
nan
0.597000
0.170000
nan
nan
nan
nan
nan
0.199000
0.114000
nan
0.824000
nan
nan
0.142000
nan
0.852000
nan
nan
0.625000
nan
nan
nan
0.098000
nan
nan
nan
nan
nan
nan
0.369000
0.625000
nan
nan
0.909000
0.625000
0.170000
nan
nan
nan
0.597000
0.568000
nan
0.142000
nan
nan
0.909000
0.199000
0.256000
nan
0.199000
0.284000
0.284000
0.091000
0.481000
0.185000
0.889000
0.333000
nan
0.519000
0.519000
0.667000
nan
0.407000
0.630000
0.778000
0.296000
0.091000
0.091000
0.185000
0.296000
0.556000
0.222000
nan
0.407000
0.370000
0.185000
0.852000
nan
0.704000
0.185000
nan
0.407000
nan
0.148000
0.222000
0.111000
nan
nan
nan
0.296000
nan
0.741000
nan
0.111000
nan
0.370000
nan
0.519000
nan
nan
0.481000
0.148000
nan
nan
nan
0.185000
0.852000
0.963000
nan
0.370000
0.556000
0.704000
nan
0.593000
0.481000
0.852000
1.000000
nan
1.000000
1.000000
1.000000
nan
0.815000
nan
0.481000
nan
nan
0.141000
0.130000
0.188000
nan
nan
0.206000
nan
nan
nan
0.216000
nan
nan
0.130000
nan
nan
nan
nan
0.591000
nan
0.282000
nan
0.130000
nan
nan
0.319000
0.488000
nan
0.394000
nan
nan
nan
0.497000
nan
nan
nan
0.497000
0.629000
0.751000
nan
0.601000
nan
0.404000
0.676000
0.619000
0.957000
0.497000
0.845000
nan
nan
0.817000
1.000000
nan
0.981000
0.796000
0.992000
0.814000
nan
nan
0.988000
0.898000
nan
0.722000
nan
nan
0.611000
0.972000
0.879000
nan
0.712000
0.342000
nan
0.907000
nan
0.629000
nan
0.925000
0.527000
0.583000
nan
0.814000
0.481000
0.620000
nan
0.740000
0.657000
0.694000
nan
0.638000
0.555000
nan
nan
nan
1.000000
0.456000
nan
1.000000
0.657000
nan
0.784000
0.638000
0.529000
0.556000
0.912000
0.666000
0.556000
0.502000
nan
1.000000
0.322000
0.401000
0.383000
0.401000
nan
nan
0.584000
0.565000
0.529000
nan
0.547000
0.401000
nan
0.720000
nan
0.322000
0.322000
