Coverage: 8536.492891
0.035000
0.035000
0.091000
0.045000
0.064000
0.045000
0.082000
0.035000
nan
0.136000
nan
0.318000
0.200000
0.282000
0.300000
0.145000
nan
0.309000
0.400000
nan
0.400000
0.164000
0.100000
0.209000
0.173000
0.509000
0.164000
nan
nan
nan
0.682000
0.209000
0.254000
0.382000
0.600000
nan
0.536000
nan
0.563000
0.627000
nan
nan
nan
1.000000
0.500000
0.363000
0.409000
nan
nan
0.527000
nan
nan
0.300000
nan
nan
nan
nan
0.627000
nan
0.727000
nan
0.300000
0.200000
0.109000
nan
1.000000
nan
0.663000
nan
1.000000
0.645000
nan
0.791000
nan
nan
nan
nan
nan
nan
0.836000
nan
0.700000
nan
nan
nan
nan
0.845000
0.452000
0.425000
nan
nan
0.231000
nan
nan
0.721000
0.425000
nan
nan
nan
0.662000
0.312000
0.264000
nan
nan
nan
0.608000
0.194000
nan
nan
nan
0.651000
nan
nan
nan
nan
nan
0.296000
0.436000
0.318000
nan
0.301000
0.544000
0.328000
nan
nan
nan
0.172000
0.167000
nan
0.253000
0.167000
0.155000
nan
1.000000
nan
0.221000
nan
0.231000
0.684000
nan
0.673000
0.388000
nan
nan
0.253000
0.942000
0.452000
0.301000
0.296000
0.953000
0.361000
0.495000
0.694000
1.000000
nan
nan
0.155000
nan
nan
0.155000
0.630000
nan
0.700000
0.856000
nan
0.226000
0.684000
0.490000
nan
nan
nan
0.301000
nan
nan
nan
1.000000
0.280000
0.748000
0.546000
0.163000
0.215000
nan
0.180000
0.339000
nan
nan
0.137000
nan
nan
nan
nan
nan
0.202000
0.062000
0.062000
nan
0.825000
nan
0.889000
0.640000
nan
0.580000
0.717000
nan
0.713000
0.687000
0.644000
0.743000
nan
0.782000
0.769000
nan
1.000000
0.859000
nan
nan
nan
nan
0.064000
0.090000
0.189000
nan
0.245000
nan
0.696000
0.945000
0.580000
0.790000
nan
0.442000
nan
0.631000
nan
nan
0.786000
0.735000
nan
nan
0.361000
0.958000
nan
0.062000
0.069000
nan
0.206000
0.107000
0.773000
0.584000
0.696000
1.000000
nan
nan
nan
nan
1.000000
nan
0.305000
0.576000
0.859000
nan
nan
nan
0.962000
nan
nan
0.687000
1.000000
0.770000
0.232000
0.667000
0.919000
nan
nan
1.000000
nan
nan
0.879000
nan
0.548000
nan
nan
1.000000
0.209000
nan
nan
nan
0.209000
nan
nan
0.795000
0.410000
0.301000
0.281000
nan
nan
nan
0.331000
nan
nan
0.543000
0.509000
0.425000
nan
0.301000
0.306000
nan
0.222000
0.326000
0.365000
nan
0.583000
0.830000
0.533000
0.237000
0.612000
0.830000
0.209000
0.375000
0.538000
0.479000
0.716000
0.909000
0.844000
0.795000
0.598000
nan
nan
nan
nan
nan
nan
nan
nan
nan
nan
0.751000
0.869000
0.758000
0.716000
nan
0.411000
nan
0.463000
0.484000
nan
0.621000
0.479000
0.595000
nan
0.526000
0.397000
0.710000
0.732000
0.621000
0.978000
nan
0.609000
nan
nan
nan
nan
nan
nan
nan
nan
1.000000
0.710000
0.520000
nan
0.419000
0.654000
nan
nan
nan
0.649000
nan
0.180000
0.308000
0.335000
nan
nan
nan
1.000000
0.939000
nan
nan
nan
0.180000
0.637000
0.660000
0.738000
nan
0.755000
0.425000
0.760000
0.699000
nan
nan
nan
nan
0.229000
nan
nan
0.436000
nan
0.649000
1.000000
0.783000
0.755000
0.872000
0.587000
0.447000
nan
0.235000
0.380000
nan
0.296000
0.296000
nan
0.397000
0.252000
0.180000
