Coverage: 19857.923497
0.031000
0.031000
0.154000
0.046000
0.075000
0.063000
0.031000
0.038000
0.071000
0.284000
0.150000
0.113000
0.121000
0.384000
0.355000
0.217000
nan
0.397000
0.284000
0.605000
0.372000
nan
0.288000
nan
nan
nan
0.342000
nan
0.564000
0.305000
0.405000
0.468000
0.246000
0.455000
nan
nan
0.484000
nan
nan
nan
nan
nan
nan
0.455000
nan
nan
nan
0.480000
nan
nan
nan
nan
0.463000
1.000000
nan
nan
0.906000
0.559000
0.276000
0.397000
0.505000
0.843000
nan
nan
nan
1.000000
nan
0.701000
0.668000
nan
nan
1.000000
nan
0.697000
0.693000
0.860000
0.614000
nan
nan
0.263000
nan
nan
nan
0.493000
nan
nan
nan
0.346000
nan
nan
0.214000
nan
nan
1.000000
0.612000
nan
nan
nan
nan
nan
0.491000
nan
nan
1.000000
1.000000
nan
nan
nan
nan
0.732000
0.701000
0.764000
0.978000
nan
0.701000
0.514000
0.219000
0.295000
nan
nan
nan
0.402000
0.839000
nan
0.960000
0.875000
nan
0.786000
nan
0.978000
nan
nan
0.772000
0.844000
nan
nan
nan
0.759000
0.723000
0.567000
nan
0.496000
0.196000
0.750000
0.380000
0.764000
0.741000
nan
0.527000
0.554000
nan
0.505000
0.339000
nan
nan
0.652000
nan
0.228000
0.388000
0.214000
nan
nan
nan
nan
nan
nan
nan
0.304000
0.567000
0.348000
0.688000
0.464000
nan
nan
0.189000
nan
nan
0.189000
0.189000
nan
0.317000
nan
0.661000
0.670000
0.963000
nan
0.929000
0.400000
nan
0.243000
nan
nan
0.383000
nan
nan
0.479000
nan
0.243000
nan
0.614000
0.929000
nan
nan
0.648000
nan
nan
0.636000
nan
nan
0.467000
nan
0.878000
0.670000
nan
nan
nan
0.687000
nan
nan
0.760000
0.901000
nan
0.648000
nan
0.704000
0.574000
nan
1.000000
0.828000
0.771000
0.783000
nan
nan
0.732000
0.625000
0.856000
0.383000
0.580000
nan
0.243000
0.636000
0.315000
nan
0.557000
0.912000
nan
nan
nan
0.912000
1.000000
0.648000
0.845000
nan
0.372000
0.265000
0.648000
0.625000
0.467000
nan
0.563000
1.000000
nan
nan
0.738000
0.952000
nan
nan
nan
0.957000
0.738000
nan
nan
0.625000
nan
nan
nan
0.476000
nan
0.468000
nan
nan
nan
nan
0.824000
0.344000
0.548000
0.563000
0.718000
0.567000
nan
nan
0.710000
0.608000
nan
nan
nan
nan
0.332000
0.774000
0.442000
nan
0.314000
0.314000
0.393000
nan
nan
nan
0.340000
0.525000
nan
0.291000
0.842000
0.461000
nan
0.231000
0.242000
nan
0.665000
0.669000
0.593000
0.650000
1.000000
nan
nan
nan
nan
0.231000
nan
nan
nan
nan
nan
nan
1.000000
0.737000
0.835000
nan
0.370000
0.525000
nan
0.559000
0.929000
nan
nan
0.672000
0.555000
0.703000
0.782000
nan
nan
nan
nan
0.627000
0.710000
0.495000
0.752000
0.661000
nan
nan
1.000000
nan
0.510000
nan
nan
0.231000
0.601000
nan
0.740000
nan
1.000000
nan
0.554000
nan
nan
0.520000
1.000000
0.654000
0.363000
0.630000
nan
0.730000
0.974000
1.000000
0.959000
0.955000
0.835000
0.477000
0.792000
0.721000
0.539000
0.773000
nan
nan
0.854000
0.640000
nan
nan
nan
nan
0.573000
0.754000
0.544000
nan
nan
0.305000
nan
0.501000
0.520000
nan
0.487000
0.697000
0.549000
nan
0.611000
nan
nan
nan
nan
nan
0.869000
0.193000
nan
0.325000
0.193000
0.200000
0.640000
0.258000
nan
0.363000
nan
0.372000
nan
nan
0.348000
0.296000
0.200000
nan
0.377000
0.363000
0.310000
0.406000
nan
0.277000
0.408000
nan
nan
0.168000
0.136000
0.194000
0.107000
0.149000
0.088000
nan
0.133000
0.331000
0.248000
0.099000
0.236000
nan
0.254000
nan
nan
0.124000
nan
0.134000
0.167000
nan
nan
nan
0.156000
0.119000
nan
0.124000
0.129000
0.218000
nan
nan
nan
0.336000
nan
nan
nan
nan
nan
0.374000
nan
0.189000
0.287000
nan
nan
nan
nan
0.529000
nan
nan
1.000000
nan
1.000000
nan
0.481000
nan
0.651000
0.722000
nan
nan
0.374000
nan
0.664000
0.608000
nan
nan
nan
nan
nan
nan
nan
nan
nan
nan
0.708000
nan
nan
nan
nan
nan
nan
0.167000
0.145000
nan
0.643000
0.390000
0.629000
0.869000
nan
0.800000
nan
nan
nan
0.402000
0.617000
0.857000
1.000000
nan
0.551000
0.482000
0.852000
nan
nan
0.079000
