Coverage: 1041.509434
nan
0.000000
0.186000
0.557000
0.650000
nan
0.603000
0.464000
0.093000
nan
nan
nan
0.232000
nan
0.186000
0.000000
nan
0.186000
0.093000
nan
0.000000
nan
nan
nan
nan
nan
nan
0.000000
nan
nan
nan
0.186000
0.371000
nan
nan
0.464000
nan
nan
0.418000
0.371000
nan
nan
nan
0.186000
nan
0.010000
nan
nan
0.696000
0.835000
nan
nan
0.186000
0.510000
nan
nan
nan
nan
nan
nan
nan
0.325000
0.510000
nan
nan
0.418000
nan
nan
0.186000
0.046000
0.010000
0.139000
0.139000
0.974000
1.000000
nan
nan
nan
nan
nan
nan
nan
nan
nan
nan
nan
nan
0.010000
0.371000
nan
nan
nan
nan
nan
0.418000
1.000000
nan
0.557000
0.882000
0.232000
0.093000
nan
nan
0.186000
0.603000
nan
nan
0.464000
nan
nan
nan
nan
nan
0.789000
nan
1.000000
0.510000
nan
0.557000
nan
nan
0.557000
nan
nan
nan
0.464000
nan
nan
0.186000
0.371000
nan
0.093000
0.186000
nan
0.928000
0.789000
0.603000
0.603000
nan
nan
0.093000
0.186000
nan
nan
nan
0.278000
nan
0.650000
0.742000
0.510000
0.510000
nan
nan
0.093000
nan
0.093000
nan
nan
nan
