Coverage: 6423.611111
nan
nan
0.210000
0.328000
0.197000
0.511000
nan
nan
0.182000
0.341000
0.367000
0.419000
0.288000
nan
nan
0.236000
0.524000
0.406000
0.446000
0.629000
0.799000
0.642000
0.511000
0.747000
0.537000
0.485000
nan
nan
0.642000
nan
0.524000
nan
0.564000
0.550000
nan
nan
nan
0.472000
nan
nan
0.616000
nan
nan
0.550000
nan
nan
0.655000
0.419000
nan
nan
nan
nan
0.747000
nan
nan
nan
nan
0.917000
nan
0.616000
nan
nan
nan
nan
0.406000
0.182000
0.485000
nan
nan
0.957000
0.826000
0.799000
nan
nan
0.182000
nan
0.493000
nan
0.142000
nan
0.719000
nan
nan
nan
nan
nan
nan
nan
nan
nan
nan
nan
0.484000
nan
nan
nan
0.642000
0.326000
nan
nan
nan
nan
nan
nan
0.551000
nan
nan
nan
nan
0.680000
0.468000
nan
0.326000
nan
nan
nan
0.392000
0.190000
nan
nan
0.190000
0.201000
nan
0.187000
0.133000
0.176000
nan
nan
0.234000
0.093000
0.162000
0.147000
nan
0.129000
0.083000
0.047000
0.072000
1.000000
nan
nan
nan
nan
nan
nan
nan
nan
nan
nan
nan
nan
nan
nan
0.309000
nan
nan
nan
0.305000
nan
0.180000
nan
nan
nan
0.205000
1.000000
1.000000
nan
nan
0.201000
nan
nan
nan
0.316000
0.453000
0.399000
nan
0.169000
nan
nan
nan
nan
nan
nan
nan
0.219000
0.352000
nan
0.460000
nan
nan
nan
nan
nan
0.359000
0.172000
nan
nan
0.151000
0.047000
nan
nan
nan
nan
nan
nan
nan
0.090000
0.075000
nan
nan
0.614000
nan
0.870000
nan
nan
0.047000
0.047000
