Coverage: 1179.581152
0.000000
0.000000
0.000000
0.142000
0.071000
0.036000
0.142000
nan
0.285000
0.534000
0.071000
0.356000
0.214000
0.071000
0.142000
nan
nan
nan
0.178000
0.071000
0.000000
nan
nan
0.000000
0.000000
nan
nan
0.214000
nan
0.285000
0.071000
0.427000
0.214000
0.249000
nan
nan
nan
0.178000
nan
nan
0.036000
0.000000
nan
nan
nan
1.000000
0.427000
nan
0.178000
nan
nan
nan
0.534000
nan
nan
0.214000
nan
nan
nan
nan
0.641000
0.427000
0.961000
nan
0.712000
0.320000
nan
1.000000
nan
0.712000
0.320000
0.249000
0.569000
nan
nan
nan
nan
nan
0.071000
0.142000
nan
0.260000
nan
0.260000
0.519000
nan
nan
nan
0.714000
1.000000
nan
nan
nan
nan
nan
nan
nan
0.381000
0.293000
nan
0.323000
0.499000
0.160000
nan
nan
nan
nan
0.880000
0.160000
1.000000
0.762000
nan
0.205000
0.323000
nan
0.528000
nan
nan
nan
nan
0.733000
0.704000
nan
0.352000
nan
nan
0.176000
nan
0.411000
1.000000
nan
nan
0.733000
nan
nan
nan
nan
nan
0.616000
0.352000
nan
0.616000
nan
nan
0.160000
nan
0.381000
0.528000
0.968000
nan
0.792000
0.440000
0.499000
0.235000
nan
0.293000
nan
0.176000
nan
nan
nan
0.264000
nan
0.381000
0.293000
nan
nan
0.264000
0.704000
nan
nan
0.293000
nan
0.528000
nan
nan
nan
0.528000
nan
nan
0.205000
nan
nan
0.323000
nan
0.235000
0.411000
nan
0.176000
nan
nan
