Coverage: 279.347826
nan
nan
nan
nan
nan
nan
nan
nan
nan
nan
nan
nan
nan
nan
nan
nan
nan
nan
nan
nan
nan
nan
nan
nan
nan
0.000000
0.000000
0.435000
nan
0.000000
nan
nan
nan
0.000000
0.000000
0.000000
nan
0.000000
0.000000
nan
0.000000
0.000000
0.000000
0.000000
0.000000
0.000000
0.000000
nan
0.000000
0.000000
nan
nan
0.435000
nan
nan
nan
0.000000
nan
0.000000
nan
0.000000
nan
nan
0.000000
nan
0.435000
nan
1.000000
nan
0.435000
0.435000
1.000000
0.000000
nan
0.435000
0.870000
0.000000
nan
0.000000
0.870000
nan
nan
0.000000
nan
0.870000
0.870000
0.435000
nan
nan
0.000000
0.433000
0.000000
nan
0.346000
0.000000
0.173000
nan
nan
nan
0.000000
0.433000
0.519000
0.346000
0.693000
0.346000
nan
0.173000
nan
0.433000
nan
0.173000
0.519000
nan
nan
nan
0.173000
0.000000
nan
nan
0.173000
0.606000
0.433000
nan
nan
nan
0.260000
nan
nan
nan
0.260000
nan
nan
0.519000
nan
0.519000
1.000000
nan
0.260000
0.433000
nan
0.866000
nan
0.433000
nan
0.173000
0.693000
1.000000
0.260000
nan
0.260000
nan
0.433000
0.000000
nan
0.260000
nan
0.606000
0.519000
nan
0.779000
0.519000
0.606000
nan
nan
0.433000
0.952000
nan
0.760000
nan
0.760000
nan
nan
0.253000
nan
nan
nan
0.803000
nan
1.000000
nan
nan
0.667000
nan
nan
nan
nan
nan
nan
0.167000
nan
nan
nan
nan
nan
nan
0.667000
nan
nan
0.000000
0.167000
nan
nan
nan
0.333000
0.167000
nan
nan
0.000000
0.333000
0.333000
0.500000
nan
0.000000
0.000000
0.333000
nan
0.000000
nan
nan
0.333000
0.000000
0.000000
nan
nan
0.667000
nan
nan
0.000000
nan
0.167000
0.333000
nan
nan
0.000000
nan
0.000000
0.000000
0.000000
0.000000
nan
0.000000
nan
nan
nan
nan
0.000000
0.667000
nan
0.167000
0.333000
0.000000
0.167000
0.167000
nan
nan
0.167000
0.000000
0.000000
0.000000
nan
nan
nan
nan
nan
0.167000
0.000000
nan
nan
nan
0.000000
nan
0.000000
0.000000
0.000000
nan
nan
