Coverage: 2314.070352
nan
0.094000
0.127000
0.297000
0.106000
nan
0.487000
nan
nan
nan
nan
nan
0.094000
0.275000
0.127000
nan
0.148000
0.233000
nan
0.339000
0.106000
nan
0.593000
0.487000
nan
nan
0.593000
0.445000
nan
0.551000
nan
0.360000
0.466000
0.403000
0.275000
0.551000
nan
0.094000
0.593000
0.593000
nan
nan
nan
nan
nan
nan
nan
0.657000
0.551000
0.424000
nan
nan
0.530000
1.000000
nan
nan
0.847000
nan
0.953000
0.847000
nan
0.212000
nan
nan
0.784000
nan
0.466000
nan
nan
0.339000
0.275000
0.593000
nan
0.614000
nan
0.763000
nan
0.445000
nan
nan
nan
nan
nan
0.699000
0.869000
1.000000
nan
nan
nan
nan
nan
nan
nan
nan
nan
1.000000
nan
0.953000
nan
nan
nan
nan
0.254000
nan
nan
0.742000
0.805000
nan
0.443000
nan
nan
0.846000
0.645000
nan
0.745000
0.886000
nan
nan
0.322000
nan
0.745000
0.886000
nan
0.846000
1.000000
0.806000
1.000000
nan
nan
0.463000
0.624000
0.564000
0.262000
0.483000
0.383000
0.363000
nan
nan
nan
nan
0.665000
nan
nan
0.181000
1.000000
0.524000
nan
0.113000
nan
0.443000
0.403000
nan
nan
nan
0.564000
0.826000
0.846000
0.967000
nan
0.161000
nan
0.544000
nan
0.745000
0.967000
nan
0.282000
nan
0.423000
0.624000
0.282000
0.363000
0.262000
nan
0.463000
nan
0.342000
0.302000
0.201000
0.463000
0.222000
nan
nan
0.262000
0.113000
0.130000
0.463000
0.121000
nan
0.363000
0.363000
0.483000
0.342000
nan
nan
0.161000
0.262000
nan
0.088000
