Coverage: 5015.533981
nan
nan
0.356000
0.274000
nan
nan
0.492000
nan
nan
0.684000
0.328000
0.492000
0.246000
nan
nan
nan
0.328000
nan
0.246000
nan
0.903000
nan
0.711000
nan
nan
nan
nan
0.438000
nan
nan
0.602000
0.301000
nan
0.575000
0.985000
nan
0.492000
nan
0.629000
nan
0.274000
0.465000
nan
0.383000
0.438000
nan
0.492000
0.958000
0.246000
0.793000
nan
nan
0.274000
nan
nan
nan
nan
nan
nan
0.465000
0.821000
nan
1.000000
0.492000
nan
0.246000
0.848000
0.711000
nan
nan
0.547000
nan
0.246000
nan
nan
nan
0.410000
0.684000
0.629000
0.356000
0.657000
0.301000
nan
nan
1.000000
0.848000
0.793000
1.000000
0.739000
nan
0.465000
0.301000
nan
0.301000
0.846000
0.619000
0.529000
0.211000
nan
0.438000
0.151000
0.196000
0.634000
0.589000
0.378000
0.317000
nan
nan
nan
nan
0.302000
0.861000
nan
0.514000
0.695000
0.453000
nan
nan
0.574000
0.393000
0.604000
0.438000
nan
nan
nan
nan
nan
nan
nan
nan
0.498000
0.967000
nan
nan
nan
nan
1.000000
nan
nan
nan
nan
nan
nan
nan
nan
nan
nan
0.514000
0.785000
0.574000
nan
0.589000
nan
nan
0.634000
nan
0.393000
nan
0.695000
nan
1.000000
nan
0.347000
0.317000
0.604000
nan
nan
0.438000
0.725000
nan
nan
nan
0.665000
nan
nan
0.740000
nan
nan
nan
0.876000
0.816000
1.000000
nan
0.076000
0.071000
0.076000
0.071000
0.393000
0.816000
nan
0.242000
0.438000
nan
nan
0.287000
0.363000
0.408000
nan
nan
nan
nan
0.332000
nan
0.166000
nan
0.067000
