Coverage: 2948.076923
0.015000
nan
0.015000
nan
0.015000
nan
0.062000
nan
0.077000
0.031000
nan
0.015000
nan
0.046000
nan
0.292000
nan
0.169000
0.154000
0.246000
0.123000
nan
nan
0.077000
nan
0.262000
nan
nan
nan
nan
0.338000
0.308000
nan
0.123000
0.062000
nan
0.092000
nan
0.123000
0.231000
0.154000
nan
0.262000
0.215000
nan
nan
nan
0.369000
0.108000
0.831000
nan
nan
0.138000
nan
nan
nan
0.231000
nan
nan
0.677000
nan
nan
nan
0.062000
nan
0.400000
nan
nan
0.246000
0.600000
nan
nan
nan
nan
0.585000
nan
nan
1.000000
nan
nan
nan
nan
0.246000
nan
0.462000
nan
nan
nan
nan
0.477000
nan
nan
0.385000
0.431000
nan
0.538000
1.000000
nan
nan
nan
nan
nan
nan
nan
nan
1.000000
nan
nan
nan
nan
nan
1.000000
nan
nan
nan
nan
0.417000
nan
0.399000
0.365000
nan
nan
nan
nan
0.347000
0.251000
0.387000
0.677000
nan
nan
0.735000
0.638000
nan
0.445000
0.406000
0.774000
0.735000
0.851000
nan
nan
nan
0.387000
nan
nan
nan
nan
0.484000
nan
nan
0.464000
0.309000
0.658000
0.774000
nan
0.658000
1.000000
0.735000
nan
0.329000
0.177000
nan
0.503000
nan
0.406000
0.368000
0.735000
0.658000
0.484000
0.812000
nan
0.638000
nan
0.387000
0.426000
0.696000
nan
0.387000
0.387000
nan
0.406000
nan
nan
0.793000
0.406000
nan
0.426000
0.851000
nan
nan
0.774000
0.406000
1.000000
nan
nan
nan
0.177000
nan
nan
nan
nan
nan
0.177000
nan
nan
nan
nan
0.329000
nan
