Coverage: 2310.714286
nan
nan
nan
0.129000
nan
nan
nan
nan
nan
nan
0.193000
nan
nan
nan
nan
nan
0.773000
0.365000
0.387000
nan
0.322000
0.172000
nan
nan
nan
0.150000
0.602000
0.129000
nan
0.129000
0.945000
nan
0.516000
0.473000
0.365000
nan
1.000000
nan
0.236000
nan
nan
nan
nan
0.988000
0.129000
0.344000
0.408000
0.623000
0.473000
0.994000
nan
nan
0.481000
nan
nan
nan
nan
nan
nan
nan
0.344000
nan
nan
nan
0.458000
nan
nan
nan
nan
nan
0.390000
nan
0.665000
0.802000
nan
nan
nan
1.000000
nan
nan
nan
nan
0.550000
nan
nan
nan
0.642000
0.688000
0.436000
0.413000
nan
0.206000
0.252000
nan
0.550000
0.642000
1.000000
nan
nan
nan
0.458000
0.619000
nan
nan
0.642000
nan
nan
nan
nan
0.229000
nan
nan
nan
nan
nan
nan
0.481000
nan
0.481000
0.344000
nan
0.206000
0.298000
0.463000
0.438000
nan
nan
nan
0.108000
nan
nan
nan
0.633000
nan
0.536000
0.633000
0.292000
nan
nan
0.414000
0.122000
nan
0.365000
0.438000
nan
0.195000
nan
nan
nan
0.512000
nan
0.146000
nan
nan
nan
0.108000
0.195000
0.219000
nan
0.244000
nan
0.146000
0.365000
0.414000
0.268000
nan
0.108000
nan
