Coverage: 32604.570384
nan
nan
0.270000
0.217000
0.347000
0.232000
nan
nan
nan
0.217000
nan
0.770000
0.740000
nan
nan
nan
0.217000
0.307000
0.261000
nan
nan
nan
nan
nan
0.301000
nan
nan
0.523000
0.603000
0.479000
0.770000
nan
nan
1.000000
nan
0.907000
1.000000
0.822000
0.996000
nan
nan
nan
0.648000
nan
nan
0.748000
nan
0.574000
nan
0.954000
nan
nan
0.552000
nan
nan
nan
nan
0.565000
0.439000
0.437000
nan
0.409000
0.470000
nan
0.603000
0.650000
nan
0.553000
nan
0.759000
0.680000
0.820000
nan
nan
nan
nan
nan
nan
nan
0.521000
0.437000
0.510000
0.484000
0.470000
0.672000
1.000000
nan
0.520000
0.532000
0.481000
0.798000
nan
nan
0.713000
nan
nan
nan
nan
nan
0.407000
nan
0.322000
0.500000
nan
nan
0.396000
nan
nan
0.456000
nan
nan
nan
nan
0.846000
0.844000
0.883000
nan
nan
nan
0.287000
0.246000
nan
0.265000
nan
1.000000
0.462000
nan
0.217000
nan
0.290000
nan
nan
0.290000
nan
0.129000
0.558000
nan
nan
0.183000
0.192000
0.154000
nan
nan
nan
nan
nan
nan
0.531000
0.375000
nan
nan
nan
0.150000
0.750000
nan
nan
nan
nan
nan
nan
nan
nan
0.227000
nan
0.433000
nan
0.794000
1.000000
0.542000
nan
0.329000
nan
nan
0.283000
nan
nan
nan
1.000000
nan
nan
nan
nan
nan
nan
nan
0.223000
nan
nan
0.281000
0.275000
0.185000
0.227000
0.273000
nan
0.269000
nan
nan
nan
nan
nan
nan
0.487000
0.352000
nan
nan
nan
nan
nan
nan
nan
0.133000
nan
0.866000
nan
0.544000
nan
0.277000
0.731000
nan
0.133000
nan
0.135000
nan
0.129000
nan
nan
nan
nan
0.175000
nan
nan
0.129000
nan
nan
0.175000
nan
nan
nan
nan
0.094000
0.061000
0.593000
0.497000
0.520000
nan
nan
0.894000
nan
nan
nan
nan
nan
0.087000
0.230000
0.217000
nan
nan
nan
0.487000
nan
nan
nan
0.795000
1.000000
1.000000
nan
nan
0.282000
0.210000
nan
0.749000
nan
nan
nan
0.083000
nan
0.270000
0.222000
0.542000
0.360000
nan
1.000000
nan
nan
0.081000
0.120000
nan
0.078000
0.101000
0.061000
0.133000
nan
0.232000
0.094000
nan
0.428000
0.142000
nan
0.071000
nan
0.061000
nan
0.227000
0.631000
nan
nan
0.359000
nan
nan
0.787000
0.319000
0.636000
0.634000
nan
nan
0.449000
nan
nan
0.263000
nan
0.891000
nan
nan
nan
0.173000
0.165000
0.118000
0.095000
0.073000
nan
nan
nan
nan
0.755000
nan
0.670000
nan
nan
nan
nan
0.210000
nan
nan
0.227000
0.137000
0.109000
nan
1.000000
nan
0.947000
nan
nan
nan
nan
nan
0.139000
nan
nan
nan
nan
0.795000
0.963000
0.633000
nan
0.163000
0.956000
0.142000
nan
nan
nan
nan
nan
nan
nan
nan
0.194000
nan
nan
nan
1.000000
nan
nan
nan
0.548000
0.569000
0.465000
0.408000
0.529000
0.227000
1.000000
nan
nan
nan
0.581000
nan
0.149000
0.196000
nan
0.359000
0.208000
nan
0.432000
nan
nan
nan
nan
nan
0.588000
nan
0.505000
0.588000
nan
nan
nan
0.862000
0.814000
nan
nan
0.851000
0.998000
0.754000
nan
0.614000
nan
nan
nan
nan
nan
0.709000
0.197000
nan
nan
0.230000
0.142000
0.092000
0.104000
0.133000
nan
0.991000
nan
nan
nan
nan
nan
nan
nan
0.092000
0.092000
nan
nan
nan
0.642000
0.436000
nan
nan
0.652000
nan
0.493000
nan
0.597000
0.319000
0.528000
nan
nan
0.604000
nan
nan
nan
0.395000
0.481000
nan
0.428000
0.440000
0.407000
0.488000
nan
nan
nan
nan
nan
nan
0.509000
1.000000
nan
nan
nan
nan
nan
nan
nan
nan
nan
nan
nan
nan
0.516000
nan
nan
nan
0.712000
nan
nan
0.864000
0.745000
nan
nan
0.971000
nan
nan
0.897000
nan
0.954000
0.714000
1.000000
nan
nan
0.897000
0.769000
0.638000
0.552000
0.457000
0.593000
nan
nan
nan
nan
nan
nan
0.105000
nan
nan
nan
0.252000
0.485000
nan
nan
0.090000
nan
nan
nan
nan
nan
nan
0.174000
nan
nan
nan
