Coverage: 4759.677419
0.236000
0.236000
0.424000
nan
0.833000
0.636000
0.470000
0.773000
0.591000
0.439000
nan
nan
0.742000
0.712000
nan
nan
nan
nan
1.000000
0.318000
nan
0.621000
0.394000
0.894000
nan
nan
nan
nan
0.652000
0.364000
0.742000
nan
nan
0.773000
0.470000
0.379000
nan
0.455000
0.636000
0.409000
nan
nan
nan
nan
nan
nan
nan
nan
nan
0.803000
nan
nan
0.409000
nan
nan
nan
nan
nan
nan
nan
1.000000
0.561000
1.000000
0.561000
nan
0.742000
0.530000
0.530000
0.591000
nan
nan
nan
nan
1.000000
nan
nan
nan
0.864000
0.236000
0.667000
0.727000
nan
nan
nan
nan
0.364000
nan
nan
0.606000
nan
0.379000
nan
nan
nan
0.394000
0.818000
0.500000
0.303000
nan
0.712000
nan
0.606000
nan
0.379000
0.703000
nan
0.736000
0.837000
0.569000
0.736000
nan
nan
nan
0.770000
0.368000
0.720000
1.000000
0.669000
nan
0.469000
nan
0.569000
0.770000
0.586000
nan
nan
nan
0.954000
nan
0.418000
0.603000
0.753000
0.720000
0.619000
0.653000
nan
nan
nan
0.603000
0.669000
0.285000
0.335000
nan
0.435000
0.151000
0.134000
0.418000
nan
nan
nan
0.167000
nan
0.469000
0.058000
0.653000
1.000000
1.000000
0.385000
0.586000
0.887000
0.770000
nan
nan
0.469000
0.519000
nan
0.720000
nan
0.803000
nan
nan
0.887000
nan
nan
0.117000
0.058000
0.100000
0.100000
0.053000
0.084000
0.041000
0.201000
0.837000
nan
0.268000
0.041000
