Coverage: 8336.909871
nan
nan
nan
0.297000
0.257000
nan
0.515000
0.260000
nan
0.257000
nan
nan
0.400000
0.485000
nan
0.485000
nan
0.472000
nan
nan
0.351000
nan
nan
0.363000
0.497000
0.357000
nan
0.291000
nan
0.400000
0.472000
0.618000
0.509000
nan
nan
0.575000
0.491000
0.454000
1.000000
0.563000
0.545000
nan
nan
0.612000
nan
0.636000
nan
0.394000
0.624000
0.600000
nan
nan
0.472000
nan
nan
nan
0.927000
0.993000
nan
0.818000
nan
nan
nan
nan
nan
nan
nan
1.000000
nan
nan
nan
nan
nan
nan
0.315000
0.257000
0.315000
nan
0.466000
nan
nan
0.369000
0.454000
nan
0.424000
0.509000
nan
nan
nan
nan
nan
0.739000
0.957000
0.636000
0.684000
1.000000
0.612000
nan
0.351000
0.260000
0.302000
1.000000
0.447000
nan
nan
0.543000
0.473000
1.000000
0.780000
nan
0.561000
0.876000
0.745000
0.797000
0.666000
0.920000
nan
nan
0.727000
0.701000
0.885000
0.499000
nan
0.675000
0.613000
nan
0.902000
0.762000
nan
nan
nan
0.876000
nan
0.753000
0.937000
nan
0.622000
0.543000
0.701000
0.762000
0.908000
nan
0.656000
0.599000
0.431000
nan
0.684000
nan
0.515000
0.534000
nan
nan
nan
nan
0.281000
0.459000
0.581000
0.328000
0.468000
nan
0.468000
0.320000
nan
nan
nan
0.384000
nan
0.487000
0.590000
1.000000
nan
nan
nan
nan
nan
nan
nan
0.674000
nan
0.796000
0.627000
0.459000
nan
0.339000
1.000000
nan
nan
0.748000
0.957000
nan
0.389000
nan
nan
nan
nan
0.877000
0.937000
nan
1.000000
nan
0.369000
0.409000
nan
nan
nan
nan
0.937000
0.937000
0.708000
nan
0.227000
0.227000
0.269000
nan
nan
0.319000
nan
0.768000
0.528000
0.828000
0.957000
nan
0.957000
0.598000
0.429000
0.788000
0.409000
nan
0.227000
0.249000
nan
nan
nan
