Coverage: 83115.652174
nan
nan
nan
nan
0.003000
nan
nan
0.010000
nan
0.008000
nan
nan
0.004000
nan
nan
nan
nan
nan
0.008000
nan
nan
nan
nan
nan
0.003000
0.019000
nan
0.011000
0.003000
0.004000
0.011000
0.004000
0.015000
0.006000
nan
nan
nan
nan
0.086000
nan
0.093000
0.112000
nan
nan
0.070000
0.086000
nan
nan
0.213000
0.384000
nan
nan
0.141000
nan
nan
nan
nan
nan
nan
0.478000
nan
0.405000
0.421000
0.447000
0.493000
nan
0.400000
nan
0.282000
0.677000
nan
nan
nan
0.978000
nan
nan
0.959000
nan
nan
0.284000
0.181000
nan
0.179000
nan
0.434000
0.183000
0.190000
0.451000
0.356000
1.000000
nan
0.108000
0.219000
nan
0.812000
0.318000
0.129000
0.535000
0.801000
1.000000
nan
1.000000
0.417000
nan
nan
0.336000
nan
nan
0.163000
0.288000
0.157000
nan
nan
0.115000
nan
0.541000
nan
nan
nan
nan
0.138000
nan
nan
0.115000
nan
nan
0.115000
0.543000
0.535000
0.504000
0.298000
0.397000
0.441000
0.334000
0.349000
nan
0.359000
nan
nan
0.438000
nan
0.522000
nan
nan
nan
0.526000
0.441000
0.309000
0.179000
0.513000
nan
0.512000
nan
nan
0.421000
0.421000
nan
nan
nan
nan
nan
nan
nan
0.242000
0.247000
nan
0.416000
0.303000
0.532000
0.412000
0.485000
0.555000
nan
nan
0.498000
0.934000
0.456000
0.508000
0.546000
nan
nan
0.139000
nan
nan
0.255000
nan
0.218000
0.555000
nan
nan
nan
0.914000
nan
1.000000
nan
0.414000
nan
nan
0.918000
0.733000
nan
1.000000
nan
nan
0.093000
0.162000
0.255000
nan
0.121000
nan
nan
nan
nan
0.247000
0.423000
nan
0.119000
nan
nan
0.226000
0.545000
1.000000
0.889000
0.986000
nan
0.207000
nan
0.074000
0.074000
0.074000
