Coverage: 1098.816568
nan
0.000000
nan
nan
nan
0.625000
0.125000
0.438000
nan
nan
nan
nan
0.250000
0.312000
0.250000
0.812000
nan
nan
0.125000
0.375000
0.438000
0.562000
0.750000
0.625000
nan
nan
0.375000
nan
nan
nan
0.000000
0.125000
0.188000
0.125000
0.188000
nan
nan
0.688000
1.000000
nan
0.312000
nan
0.250000
0.000000
0.188000
nan
nan
nan
nan
0.188000
nan
nan
0.125000
nan
nan
nan
0.625000
0.688000
0.500000
0.562000
0.500000
0.375000
0.375000
0.688000
nan
nan
nan
0.116000
0.698000
0.116000
nan
0.175000
nan
nan
nan
0.291000
0.931000
nan
1.000000
0.931000
nan
0.698000
nan
nan
0.024000
nan
0.349000
nan
0.524000
nan
0.757000
nan
nan
nan
nan
0.873000
nan
nan
0.809000
0.270000
nan
nan
0.647000
0.539000
0.377000
0.647000
nan
0.270000
nan
0.755000
0.323000
0.431000
nan
nan
nan
nan
0.323000
1.000000
nan
1.000000
0.377000
0.863000
0.539000
nan
0.431000
0.431000
0.108000
nan
nan
nan
0.539000
0.162000
nan
nan
nan
0.485000
0.162000
nan
nan
0.916000
nan
nan
nan
nan
0.270000
0.049000
0.216000
nan
nan
nan
0.108000
nan
nan
nan
nan
nan
0.701000
nan
nan
0.755000
0.863000
0.323000
0.970000
0.377000
nan
0.216000
nan
nan
0.049000
