Coverage: 5348.815166
0.124000
0.124000
0.323000
nan
nan
nan
0.179000
0.179000
nan
nan
nan
nan
0.124000
0.191000
0.311000
nan
0.371000
nan
0.179000
nan
nan
nan
0.155000
0.191000
nan
0.143000
nan
nan
nan
nan
nan
0.658000
0.371000
nan
0.944000
nan
0.634000
0.574000
0.442000
0.729000
0.562000
nan
0.514000
0.729000
nan
0.646000
nan
nan
0.574000
nan
nan
nan
0.395000
nan
nan
nan
nan
nan
nan
0.980000
0.383000
0.383000
0.275000
0.227000
0.323000
0.478000
0.705000
nan
nan
nan
nan
nan
nan
0.371000
0.371000
1.000000
nan
1.000000
0.813000
nan
nan
nan
nan
0.873000
nan
nan
nan
0.323000
nan
0.538000
nan
0.813000
nan
nan
nan
nan
nan
nan
0.586000
nan
0.837000
nan
0.789000
1.000000
0.980000
nan
0.944000
0.873000
0.569000
0.578000
0.890000
nan
nan
0.872000
nan
nan
0.670000
nan
nan
nan
nan
0.716000
nan
nan
nan
0.468000
0.315000
0.881000
nan
nan
nan
nan
nan
nan
nan
nan
0.315000
0.771000
nan
nan
nan
1.000000
nan
nan
0.596000
0.587000
nan
nan
nan
nan
nan
nan
0.523000
0.523000
0.532000
nan
0.679000
0.468000
0.385000
0.642000
nan
nan
nan
nan
0.587000
0.330000
nan
nan
nan
nan
nan
nan
nan
nan
0.440000
0.477000
0.459000
0.927000
nan
0.972000
nan
0.596000
0.853000
nan
nan
nan
nan
0.431000
nan
1.000000
0.716000
0.826000
0.706000
nan
nan
nan
0.440000
0.541000
0.560000
0.596000
nan
nan
0.872000
nan
1.000000
0.642000
nan
0.697000
1.000000
0.817000
nan
0.569000
0.826000
0.789000
nan
nan
0.440000
0.315000
0.780000
nan
nan
0.713000
0.722000
0.462000
0.491000
nan
0.674000
nan
0.963000
nan
nan
1.000000
nan
nan
nan
nan
0.790000
1.000000
nan
0.530000
nan
0.247000
0.247000
0.308000
nan
0.414000
nan
nan
nan
0.607000
0.896000
nan
nan
nan
nan
nan
nan
nan
nan
0.376000
0.347000
0.462000
nan
nan
0.356000
0.337000
nan
0.395000
nan
nan
0.289000
nan
nan
0.770000
nan
nan
0.664000
nan
nan
nan
nan
0.636000
nan
0.404000
nan
nan
nan
nan
nan
nan
nan
nan
0.713000
1.000000
0.404000
0.520000
0.318000
0.376000
0.247000
0.347000
nan
0.636000
0.376000
0.597000
nan
nan
0.703000
nan
nan
0.616000
0.453000
nan
nan
nan
nan
0.337000
0.472000
nan
nan
0.376000
0.453000
0.366000
0.414000
nan
nan
0.664000
0.847000
nan
0.383000
0.519000
0.309000
0.569000
nan
0.210000
0.569000
0.210000
0.507000
0.408000
0.693000
0.680000
nan
nan
nan
nan
0.804000
0.643000
nan
0.396000
0.569000
0.223000
nan
nan
nan
0.458000
0.631000
nan
0.495000
nan
nan
0.829000
nan
nan
nan
nan
0.408000
0.643000
0.284000
nan
nan
nan
1.000000
nan
1.000000
0.532000
nan
nan
0.223000
nan
0.532000
nan
nan
0.495000
0.717000
nan
0.680000
nan
nan
0.730000
0.408000
0.519000
1.000000
nan
nan
0.507000
0.606000
0.482000
nan
nan
nan
0.903000
nan
nan
nan
nan
0.124000
nan
nan
0.099000
0.124000
nan
0.952000
nan
0.878000
0.940000
nan
nan
0.099000
0.048000
nan
0.062000
0.048000
0.048000
