Coverage: 2302.072539
nan
0.025000
nan
0.083000
0.111000
nan
nan
0.025000
0.195000
nan
nan
0.362000
nan
nan
0.223000
nan
0.025000
nan
0.111000
0.167000
nan
nan
nan
0.223000
0.195000
nan
nan
0.195000
nan
nan
nan
0.195000
0.389000
nan
0.223000
0.111000
0.278000
nan
nan
nan
nan
0.417000
nan
nan
0.195000
nan
nan
nan
nan
0.250000
nan
nan
0.250000
nan
nan
nan
nan
0.529000
nan
0.167000
nan
nan
nan
0.334000
nan
nan
nan
nan
nan
0.111000
nan
nan
0.223000
0.501000
nan
nan
0.362000
nan
0.445000
0.250000
0.417000
nan
0.167000
nan
nan
0.111000
0.056000
nan
1.000000
0.223000
nan
0.362000
nan
nan
nan
nan
1.000000
nan
nan
nan
nan
nan
nan
0.723000
nan
nan
nan
nan
nan
0.417000
nan
nan
nan
nan
nan
0.334000
0.131000
0.577000
nan
0.760000
0.419000
0.708000
0.812000
1.000000
nan
nan
nan
0.052000
0.148000
0.197000
nan
nan
nan
0.271000
0.344000
1.000000
nan
nan
nan
0.886000
0.935000
0.197000
nan
0.271000
0.492000
0.221000
0.320000
0.320000
0.713000
0.172000
nan
nan
0.664000
0.959000
nan
0.763000
0.689000
0.271000
0.787000
nan
nan
0.640000
0.443000
0.664000
0.590000
nan
0.517000
0.492000
nan
1.000000
0.221000
0.467000
nan
0.098000
0.049000
0.049000
0.148000
0.246000
0.615000
0.787000
nan
nan
nan
nan
nan
nan
0.590000
nan
nan
0.590000
0.640000
0.148000
0.049000
