Coverage: 1611.428571
0.017000
nan
0.017000
0.331000
nan
0.294000
0.074000
0.184000
0.331000
nan
nan
nan
0.441000
nan
nan
0.147000
0.478000
0.257000
0.404000
nan
0.184000
0.184000
0.221000
0.184000
0.662000
nan
nan
nan
0.404000
0.404000
0.625000
0.551000
nan
nan
0.037000
0.147000
0.809000
nan
nan
nan
0.441000
nan
0.846000
0.809000
0.110000
0.404000
0.699000
0.809000
nan
nan
nan
nan
0.404000
0.625000
nan
nan
0.441000
nan
0.809000
0.588000
nan
0.221000
0.221000
nan
nan
nan
nan
nan
nan
0.478000
1.000000
1.000000
nan
nan
nan
nan
0.147000
0.017000
nan
0.294000
0.184000
0.331000
nan
0.257000
1.000000
0.735000
nan
nan
0.919000
1.000000
nan
0.367000
nan
nan
nan
nan
0.433000
0.512000
nan
0.785000
0.512000
0.375000
nan
0.478000
nan
nan
nan
0.546000
0.546000
0.546000
0.273000
nan
nan
nan
0.341000
0.205000
1.000000
1.000000
0.580000
0.716000
0.512000
nan
nan
0.648000
nan
1.000000
nan
0.273000
0.682000
0.648000
nan
0.682000
0.648000
0.921000
nan
0.819000
nan
0.580000
0.076000
0.171000
nan
nan
nan
nan
nan
0.614000
0.273000
0.205000
0.066000
nan
nan
0.546000
nan
0.512000
nan
0.409000
0.444000
0.341000
0.307000
nan
0.066000
nan
0.751000
0.409000
0.171000
0.580000
nan
0.409000
nan
0.102000
0.785000
0.478000
0.524000
0.489000
0.051000
