Coverage: 6642.211055
nan
0.078000
nan
0.082000
0.132000
nan
0.078000
0.190000
nan
0.124000
0.239000
0.099000
nan
0.078000
nan
0.140000
0.289000
nan
nan
nan
0.256000
nan
0.206000
0.223000
0.148000
0.247000
nan
nan
0.264000
nan
0.379000
nan
0.256000
nan
nan
nan
0.198000
0.371000
nan
nan
0.643000
nan
nan
0.346000
nan
nan
0.561000
0.322000
nan
nan
nan
nan
0.214000
nan
nan
nan
0.190000
nan
nan
0.437000
nan
nan
nan
0.635000
1.000000
nan
nan
nan
nan
nan
nan
nan
nan
nan
nan
0.956000
0.660000
0.742000
nan
0.354000
nan
nan
1.000000
nan
0.140000
0.132000
0.198000
0.115000
0.231000
0.346000
0.239000
nan
nan
nan
1.000000
0.330000
0.322000
0.148000
nan
nan
nan
nan
nan
nan
0.643000
0.940000
0.973000
nan
nan
nan
0.800000
0.474000
0.455000
nan
0.269000
0.513000
nan
nan
nan
nan
nan
0.500000
nan
0.288000
nan
nan
0.628000
nan
0.513000
nan
nan
nan
nan
nan
nan
nan
0.622000
nan
nan
0.615000
0.961000
nan
nan
0.192000
0.173000
0.130000
0.628000
0.814000
nan
nan
nan
nan
nan
0.288000
0.391000
0.130000
0.130000
0.147000
nan
0.833000
nan
nan
nan
nan
nan
nan
0.750000
nan
nan
nan
0.481000
1.000000
nan
nan
0.666000
0.461000
0.513000
0.417000
nan
0.679000
0.538000
nan
nan
nan
nan
0.590000
1.000000
nan
nan
nan
nan
0.423000
0.615000
0.378000
0.481000
nan
0.455000
0.673000
0.352000
0.384000
nan
nan
nan
nan
0.487000
0.333000
nan
0.404000
0.237000
0.404000
0.692000
nan
nan
nan
nan
1.000000
nan
nan
nan
nan
nan
0.577000
nan
0.622000
0.506000
1.000000
nan
nan
nan
nan
nan
nan
0.545000
nan
nan
nan
nan
0.211000
0.269000
nan
0.532000
0.083000
nan
0.070000
nan
nan
0.186000
0.365000
nan
0.167000
0.199000
0.199000
0.109000
0.167000
nan
0.250000
nan
0.083000
0.282000
nan
0.237000
0.256000
nan
nan
nan
0.686000
0.096000
0.051000
nan
0.053000
0.308000
nan
nan
0.961000
0.942000
0.666000
nan
nan
nan
nan
nan
1.000000
nan
nan
nan
0.333000
nan
nan
nan
nan
nan
nan
nan
nan
nan
0.167000
nan
nan
0.224000
nan
nan
0.066000
nan
nan
0.224000
nan
nan
0.314000
nan
nan
0.558000
nan
nan
nan
0.147000
nan
nan
nan
0.346000
0.455000
1.000000
nan
nan
nan
nan
nan
nan
nan
0.692000
nan
nan
nan
nan
nan
0.679000
nan
nan
nan
nan
nan
nan
0.340000
0.500000
0.327000
0.384000
0.461000
0.634000
nan
nan
nan
nan
nan
nan
0.263000
0.391000
0.641000
nan
0.493000
0.641000
nan
nan
nan
nan
nan
nan
0.558000
0.455000
0.923000
0.468000
nan
0.442000
nan
nan
nan
0.641000
0.244000
nan
nan
0.109000
0.096000
nan
nan
0.064000
nan
nan
nan
nan
0.135000
0.596000
nan
nan
nan
nan
1.000000
0.487000
nan
0.035000
0.035000
