Coverage: 2205.263158
nan
nan
nan
0.148000
nan
nan
0.148000
0.356000
0.770000
1.000000
nan
nan
0.207000
nan
nan
0.326000
nan
0.267000
nan
0.148000
nan
0.356000
0.148000
0.504000
1.000000
nan
nan
0.533000
nan
nan
nan
nan
0.533000
nan
0.207000
nan
0.356000
nan
nan
nan
nan
0.859000
nan
nan
nan
0.622000
nan
0.622000
nan
nan
nan
nan
1.000000
nan
nan
nan
0.711000
0.504000
0.859000
nan
nan
0.356000
nan
0.800000
0.593000
0.593000
0.770000
nan
0.444000
nan
nan
0.474000
0.593000
nan
nan
0.474000
nan
nan
nan
nan
0.296000
nan
0.563000
0.482000
0.482000
0.753000
0.844000
nan
0.844000
nan
nan
nan
nan
nan
nan
nan
0.693000
nan
0.512000
0.934000
nan
0.844000
0.271000
0.934000
0.904000
nan
nan
0.271000
0.572000
nan
0.392000
0.613000
0.092000
nan
0.214000
0.337000
0.044000
0.044000
nan
0.551000
nan
nan
nan
0.123000
nan
0.245000
nan
0.306000
0.674000
nan
0.398000
nan
0.368000
0.245000
nan
0.766000
nan
1.000000
nan
0.919000
0.796000
nan
0.061000
0.306000
nan
nan
nan
nan
nan
0.153000
nan
0.613000
0.919000
1.000000
0.521000
1.000000
nan
0.766000
nan
0.613000
nan
0.582000
0.643000
0.276000
0.276000
nan
0.276000
0.429000
nan
nan
0.044000
