Coverage: 22908.383234
0.153000
0.153000
nan
0.159000
nan
nan
nan
0.153000
nan
nan
nan
0.225000
nan
nan
nan
nan
nan
0.987000
0.275000
0.235000
0.278000
nan
0.250000
0.324000
0.443000
0.428000
0.487000
nan
nan
nan
nan
0.324000
0.169000
nan
nan
0.375000
0.212000
0.320000
0.278000
0.563000
0.301000
0.352000
0.167000
nan
nan
nan
nan
0.494000
0.701000
nan
nan
nan
0.417000
nan
nan
nan
nan
nan
nan
0.487000
1.000000
nan
0.805000
nan
nan
0.441000
1.000000
0.652000
nan
nan
nan
1.000000
0.591000
nan
0.909000
nan
0.278000
nan
nan
nan
nan
nan
0.773000
nan
0.576000
nan
0.720000
nan
nan
nan
nan
0.475000
0.557000
0.595000
0.631000
nan
nan
0.307000
0.324000
0.366000
nan
nan
nan
nan
0.477000
nan
0.530000
0.419000
nan
0.806000
nan
0.575000
nan
nan
1.000000
0.589000
nan
0.647000
nan
nan
nan
0.506000
nan
1.000000
nan
nan
nan
0.542000
0.334000
0.351000
0.491000
nan
0.284000
nan
nan
nan
nan
0.487000
nan
nan
nan
0.625000
0.871000
0.234000
nan
0.236000
0.234000
nan
1.000000
nan
nan
nan
0.446000
0.284000
nan
0.525000
0.563000
nan
0.534000
0.554000
0.601000
0.847000
nan
nan
0.666000
0.697000
0.635000
nan
nan
nan
nan
nan
0.542000
0.697000
0.453000
0.355000
0.568000
0.551000
nan
0.682000
0.530000
nan
0.437000
nan
nan
0.957000
0.234000
nan
0.513000
0.639000
nan
nan
0.577000
0.465000
0.391000
nan
0.511000
nan
0.589000
0.811000
nan
0.449000
nan
0.748000
0.710000
nan
1.000000
nan
0.707000
0.535000
0.445000
0.669000
0.703000
nan
nan
0.591000
nan
0.766000
0.811000
0.826000
nan
0.699000
nan
0.497000
nan
nan
nan
nan
0.688000
0.456000
0.523000
nan
nan
0.550000
0.408000
nan
0.624000
0.804000
0.497000
0.516000
0.337000
nan
nan
nan
nan
0.479000
nan
nan
nan
nan
0.591000
0.337000
0.613000
0.337000
nan
0.580000
0.695000
0.729000
0.523000
nan
0.684000
nan
0.561000
nan
nan
0.400000
0.920000
nan
0.819000
0.568000
0.647000
nan
nan
0.464000
nan
0.385000
0.561000
nan
nan
nan
0.681000
0.400000
0.337000
0.580000
0.688000
nan
nan
nan
1.000000
1.000000
nan
nan
0.240000
0.256000
0.286000
nan
0.754000
0.821000
0.598000
nan
0.702000
nan
nan
nan
0.258000
0.240000
0.412000
0.492000
0.490000
nan
nan
0.659000
0.570000
nan
0.386000
nan
nan
nan
0.877000
nan
0.717000
nan
nan
0.572000
0.442000
0.240000
nan
0.429000
0.500000
0.555000
nan
nan
nan
nan
0.745000
nan
nan
0.596000
0.589000
nan
0.414000
0.249000
0.472000
nan
nan
0.986000
1.000000
0.854000
0.388000
0.706000
0.689000
nan
nan
0.637000
nan
nan
0.253000
nan
1.000000
0.509000
0.496000
nan
nan
nan
nan
nan
0.396000
0.405000
0.620000
0.676000
nan
nan
nan
0.301000
nan
0.678000
nan
0.955000
1.000000
nan
0.797000
0.457000
0.307000
0.205000
nan
1.000000
nan
0.322000
0.411000
nan
nan
nan
nan
nan
nan
nan
nan
0.693000
0.320000
0.297000
nan
0.344000
0.334000
0.444000
nan
nan
0.887000
0.812000
nan
0.680000
0.750000
0.834000
0.555000
0.694000
nan
0.997000
0.760000
nan
0.519000
nan
nan
nan
0.204000
0.233000
0.204000
0.652000
nan
nan
nan
nan
nan
nan
nan
nan
nan
0.247000
nan
0.591000
0.352000
0.430000
0.635000
nan
nan
0.784000
1.000000
0.676000
0.905000
nan
0.851000
0.497000
nan
nan
nan
nan
nan
nan
nan
nan
1.000000
0.460000
0.324000
0.269000
0.284000
0.213000
0.456000
0.577000
nan
nan
nan
0.531000
nan
0.865000
nan
nan
nan
nan
0.676000
0.485000
0.559000
0.686000
nan
nan
0.684000
0.211000
0.439000
0.469000
nan
nan
nan
nan
nan
nan
0.318000
0.643000
nan
0.318000
nan
nan
nan
nan
0.203000
