Coverage: 1722.580645
nan
0.000000
0.000000
0.055000
0.000000
0.083000
nan
0.110000
nan
0.055000
nan
0.000000
0.028000
nan
0.000000
nan
0.000000
0.165000
0.248000
nan
0.275000
0.220000
0.248000
nan
nan
0.358000
0.110000
0.110000
0.358000
nan
nan
nan
nan
0.551000
0.468000
nan
nan
nan
0.220000
nan
1.000000
nan
0.193000
nan
0.000000
nan
nan
0.854000
nan
nan
nan
nan
0.083000
nan
nan
nan
nan
1.000000
0.386000
0.275000
0.799000
nan
0.909000
0.551000
nan
0.331000
nan
nan
nan
nan
nan
nan
0.386000
0.193000
0.634000
0.165000
0.496000
nan
0.854000
0.854000
nan
0.417000
nan
nan
nan
nan
nan
0.443000
nan
0.980000
nan
0.626000
nan
nan
0.417000
nan
0.834000
nan
nan
nan
nan
nan
nan
nan
nan
0.521000
0.469000
nan
0.443000
0.467000
0.689000
nan
nan
1.000000
nan
nan
nan
nan
0.394000
0.861000
nan
nan
nan
0.886000
nan
nan
1.000000
nan
nan
nan
nan
nan
nan
0.246000
0.492000
nan
nan
nan
nan
0.689000
0.566000
1.000000
0.713000
0.517000
0.615000
nan
nan
nan
0.394000
0.517000
nan
nan
0.271000
0.246000
nan
nan
0.787000
0.836000
0.541000
0.295000
nan
0.197000
0.344000
0.271000
0.123000
0.443000
0.344000
0.418000
0.320000
0.271000
0.197000
nan
0.271000
nan
nan
0.295000
nan
0.098000
nan
0.172000
nan
0.148000
nan
0.098000
0.098000
0.098000
