Coverage: 22371.084337
nan
0.004000
0.004000
nan
nan
0.027000
0.009000
nan
nan
0.018000
nan
0.018000
0.053000
nan
0.053000
0.004000
0.009000
0.045000
nan
nan
0.018000
0.062000
0.018000
nan
0.098000
nan
0.098000
nan
0.116000
nan
0.330000
nan
0.463000
0.267000
nan
0.285000
nan
0.303000
0.419000
0.276000
nan
0.383000
0.508000
0.686000
0.472000
0.205000
0.553000
0.276000
nan
nan
nan
nan
0.383000
nan
nan
nan
nan
1.000000
0.660000
nan
0.704000
nan
nan
nan
0.766000
0.891000
nan
0.731000
0.891000
0.891000
nan
nan
0.348000
nan
nan
0.365000
nan
nan
nan
nan
1.000000
0.980000
nan
nan
0.873000
0.535000
0.570000
0.731000
nan
nan
1.000000
0.954000
nan
0.248000
nan
nan
nan
0.527000
nan
nan
0.185000
nan
0.299000
0.382000
0.185000
nan
nan
0.196000
nan
0.489000
0.578000
0.355000
nan
0.430000
0.716000
0.743000
nan
nan
0.185000
0.258000
nan
0.279000
0.712000
0.599000
0.564000
nan
0.489000
0.633000
0.730000
nan
0.571000
0.826000
nan
nan
nan
0.589000
0.702000
0.909000
nan
0.785000
0.375000
0.551000
0.644000
0.778000
0.977000
nan
0.299000
nan
nan
0.492000
0.334000
nan
1.000000
nan
0.451000
nan
nan
nan
nan
0.774000
0.950000
nan
0.874000
0.712000
nan
0.723000
nan
0.719000
nan
nan
nan
0.761000
1.000000
0.750000
nan
nan
0.998000
nan
1.000000
nan
0.461000
0.206000
0.258000
nan
0.383000
0.352000
0.355000
0.248000
0.612000
nan
nan
nan
nan
nan
nan
nan
nan
0.521000
nan
nan
nan
0.488000
0.466000
0.660000
nan
nan
0.269000
nan
0.288000
0.263000
nan
0.759000
0.615000
nan
nan
nan
nan
nan
nan
nan
nan
0.085000
nan
0.145000
nan
0.136000
nan
nan
nan
nan
0.074000
0.365000
nan
nan
nan
nan
0.074000
nan
nan
nan
0.079000
1.000000
1.000000
0.431000
0.654000
0.175000
0.590000
0.907000
nan
nan
nan
nan
nan
0.142000
nan
nan
nan
0.691000
0.532000
0.794000
0.697000
nan
nan
0.110000
0.074000
nan
0.218000
nan
0.204000
nan
0.074000
0.797000
nan
nan
0.234000
nan
0.145000
0.600000
1.000000
0.559000
nan
nan
0.453000
nan
0.553000
nan
nan
0.438000
0.640000
nan
nan
0.482000
nan
0.616000
nan
nan
nan
nan
nan
nan
0.897000
nan
0.384000
nan
nan
0.612000
nan
nan
nan
nan
nan
nan
0.729000
0.718000
nan
1.000000
nan
nan
nan
nan
0.773000
0.775000
0.627000
0.777000
0.777000
nan
nan
nan
0.499000
nan
0.888000
1.000000
nan
0.959000
nan
nan
nan
0.367000
nan
0.753000
0.486000
0.970000
nan
nan
0.895000
0.899000
0.899000
nan
nan
0.424000
0.277000
nan
0.411000
nan
0.711000
0.360000
0.482000
0.277000
0.395000
nan
nan
1.000000
nan
0.879000
0.565000
nan
nan
nan
nan
nan
nan
nan
nan
nan
nan
0.897000
nan
0.678000
nan
0.400000
0.822000
nan
nan
0.652000
nan
0.436000
0.430000
nan
0.415000
0.475000
0.513000
0.661000
0.866000
nan
nan
nan
nan
0.282000
0.321000
nan
nan
nan
0.237000
0.271000
nan
nan
nan
0.294000
0.292000
0.248000
0.182000
0.428000
1.000000
nan
nan
nan
nan
nan
0.736000
nan
nan
nan
nan
nan
nan
0.184000
nan
nan
nan
0.161000
nan
nan
nan
nan
0.161000
nan
nan
0.461000
0.393000
nan
nan
nan
nan
0.684000
0.565000
nan
1.000000
nan
nan
nan
nan
0.463000
nan
1.000000
nan
nan
nan
0.941000
nan
0.641000
0.922000
0.763000
0.517000
0.933000
0.924000
nan
0.858000
0.769000
0.395000
nan
nan
0.443000
0.440000
0.517000
nan
0.387000
nan
nan
nan
0.370000
nan
nan
0.467000
nan
0.627000
0.622000
nan
nan
0.207000
nan
nan
nan
nan
0.432000
nan
nan
nan
0.161000
