Coverage: 15853.921569
nan
nan
nan
0.042000
0.032000
0.005000
nan
0.063000
nan
0.005000
0.011000
nan
0.005000
0.011000
nan
nan
0.063000
0.042000
nan
0.021000
nan
0.063000
nan
nan
0.084000
0.063000
0.116000
0.074000
0.391000
0.348000
0.158000
0.391000
0.285000
0.190000
nan
nan
0.380000
nan
0.243000
0.222000
nan
nan
0.538000
0.274000
0.148000
0.443000
0.348000
nan
nan
nan
nan
nan
0.348000
nan
nan
nan
nan
0.718000
nan
0.675000
0.570000
0.802000
0.496000
0.464000
nan
0.865000
0.971000
nan
nan
1.000000
0.802000
nan
1.000000
0.823000
nan
nan
nan
nan
nan
0.950000
1.000000
nan
0.623000
0.222000
0.665000
0.834000
nan
0.770000
0.726000
nan
nan
0.686000
1.000000
0.553000
0.507000
0.484000
nan
0.715000
0.611000
0.778000
nan
1.000000
0.599000
0.484000
0.651000
nan
0.899000
nan
0.847000
0.496000
nan
nan
nan
nan
0.692000
nan
nan
nan
nan
nan
0.692000
nan
nan
nan
nan
0.481000
0.726000
0.663000
nan
nan
0.481000
0.853000
0.622000
nan
nan
nan
0.481000
0.605000
nan
0.968000
0.853000
nan
0.755000
nan
nan
0.767000
0.720000
nan
nan
0.795000
0.611000
nan
nan
0.772000
0.582000
nan
0.888000
0.853000
0.767000
0.847000
0.790000
nan
0.841000
0.905000
0.605000
0.807000
0.703000
1.000000
0.720000
nan
0.738000
nan
0.888000
0.922000
0.834000
0.501000
nan
nan
nan
0.473000
nan
0.650000
0.742000
nan
0.710000
nan
nan
0.077000
nan
0.077000
0.077000
nan
0.317000
0.257000
0.562000
0.802000
0.706000
nan
nan
nan
0.088000
nan
nan
0.156000
nan
0.630000
1.000000
0.714000
1.000000
0.834000
0.762000
0.606000
0.899000
0.814000
nan
0.674000
0.622000
0.722000
0.774000
nan
0.461000
nan
nan
0.814000
nan
0.546000
0.706000
0.690000
nan
0.630000
0.614000
0.525000
0.702000
nan
nan
nan
0.866000
0.810000
nan
0.722000
0.806000
nan
nan
0.493000
0.770000
nan
0.437000
0.943000
1.000000
nan
nan
0.798000
0.622000
0.654000
0.882000
0.403000
nan
0.443000
nan
0.445000
nan
0.305000
nan
nan
0.263000
0.454000
nan
0.589000
0.659000
0.774000
0.426000
0.346000
nan
0.443000
nan
nan
0.286000
nan
0.668000
0.574000
nan
0.591000
nan
nan
0.360000
0.519000
nan
nan
nan
0.570000
nan
nan
0.606000
nan
0.483000
0.507000
nan
nan
nan
0.776000
nan
nan
nan
nan
nan
nan
nan
0.454000
nan
nan
0.663000
nan
0.551000
0.407000
nan
0.382000
nan
nan
0.263000
nan
0.263000
nan
nan
0.596000
0.712000
0.589000
0.964000
1.000000
nan
0.297000
nan
0.377000
0.437000
1.000000
0.884000
0.971000
0.907000
0.668000
nan
0.477000
1.000000
0.432000
0.430000
nan
nan
0.299000
nan
0.263000
0.308000
nan
0.496000
nan
nan
nan
nan
nan
nan
0.409000
0.375000
nan
0.391000
nan
1.000000
0.485000
0.201000
0.420000
0.453000
0.567000
0.550000
nan
nan
0.471000
nan
nan
0.184000
nan
0.941000
nan
nan
nan
0.273000
0.184000
0.184000
nan
0.272000
nan
0.619000
nan
0.675000
nan
0.377000
nan
nan
0.340000
0.720000
nan
0.529000
nan
nan
nan
nan
nan
0.496000
0.914000
nan
nan
nan
0.534000
nan
0.357000
nan
nan
0.357000
nan
nan
nan
nan
0.767000
nan
nan
0.425000
1.000000
nan
nan
0.787000
0.453000
0.472000
1.000000
nan
nan
0.556000
nan
0.221000
nan
nan
nan
nan
0.346000
nan
0.558000
0.668000
nan
nan
nan
nan
nan
0.648000
nan
0.612000
0.749000
0.329000
nan
nan
nan
nan
0.529000
nan
nan
nan
0.264000
nan
nan
nan
nan
0.214000
0.454000
1.000000
nan
0.918000
nan
nan
0.415000
nan
1.000000
nan
0.734000
nan
nan
nan
nan
nan
0.395000
nan
nan
0.551000
0.535000
0.361000
0.634000
0.894000
0.479000
nan
nan
0.682000
0.363000
nan
nan
0.870000
nan
nan
nan
nan
nan
nan
0.950000
nan
0.750000
0.918000
nan
0.866000
0.782000
nan
0.698000
0.568000
0.697000
1.000000
nan
nan
nan
nan
nan
nan
0.622000
0.526000
nan
0.530000
0.714000
0.756000
0.626000
nan
nan
0.589000
nan
nan
0.685000
0.839000
nan
0.377000
nan
nan
nan
0.489000
nan
0.543000
0.597000
nan
0.539000
nan
0.923000
nan
nan
nan
0.760000
nan
nan
0.601000
nan
0.752000
nan
nan
nan
0.818000
nan
nan
nan
0.476000
0.476000
0.560000
nan
nan
nan
0.526000
0.318000
0.697000
0.781000
0.659000
nan
0.632000
0.497000
0.270000
0.353000
nan
0.628000
0.755000
0.790000
nan
0.427000
0.563000
0.288000
nan
1.000000
0.916000
nan
nan
nan
0.728000
1.000000
nan
nan
nan
nan
0.484000
0.449000
nan
0.576000
0.270000
0.270000
nan
nan
nan
0.611000
nan
nan
