Coverage: 437.179487
0.000000
nan
0.000000
nan
0.000000
0.000000
0.000000
nan
nan
0.000000
0.000000
0.000000
nan
0.000000
0.000000
nan
0.000000
0.000000
nan
nan
nan
0.209000
nan
0.419000
nan
0.000000
0.000000
nan
0.000000
nan
0.209000
0.000000
0.209000
0.000000
0.000000
0.000000
0.105000
nan
0.000000
nan
0.000000
0.419000
nan
0.209000
0.524000
0.000000
0.000000
1.000000
nan
nan
nan
nan
0.000000
0.000000
nan
nan
0.314000
nan
0.628000
nan
nan
0.628000
0.419000
0.209000
1.000000
nan
0.942000
nan
0.419000
nan
0.419000
nan
nan
nan
0.628000
0.000000
nan
nan
nan
nan
0.838000
nan
0.209000
0.314000
nan
nan
nan
nan
0.628000
nan
nan
nan
nan
nan
nan
nan
1.000000
nan
0.738000
nan
0.295000
nan
0.295000
nan
0.074000
0.590000
0.517000
0.000000
nan
0.148000
0.148000
nan
0.443000
0.443000
1.000000
0.738000
nan
1.000000
0.295000
nan
0.148000
nan
nan
nan
nan
nan
nan
nan
nan
nan
nan
nan
nan
nan
0.148000
nan
0.295000
0.738000
nan
nan
nan
0.959000
nan
0.295000
nan
nan
nan
nan
nan
0.169000
0.906000
nan
nan
nan
0.906000
nan
0.253000
nan
nan
nan
0.169000
nan
0.169000
nan
nan
0.169000
nan
nan
nan
nan
0.084000
nan
nan
nan
1.000000
nan
nan
0.000000
0.000000
0.337000
0.337000
nan
0.674000
nan
nan
nan
nan
0.253000
0.084000
0.506000
nan
nan
0.506000
0.759000
nan
0.253000
0.000000
0.253000
0.253000
nan
nan
0.506000
0.843000
0.000000
0.000000
0.506000
0.337000
nan
0.190000
0.000000
0.379000
0.000000
0.569000
nan
0.000000
0.664000
0.000000
0.000000
0.000000
0.000000
nan
0.000000
0.190000
0.000000
0.000000
nan
nan
0.379000
0.000000
0.190000
0.000000
0.000000
0.000000
nan
