Coverage: 1783.957219
0.000000
0.000000
nan
0.179000
nan
0.000000
0.089000
0.000000
nan
0.358000
nan
nan
0.358000
nan
0.328000
0.358000
nan
nan
0.507000
0.328000
nan
nan
nan
0.238000
nan
0.328000
0.387000
nan
0.537000
nan
0.715000
0.537000
0.596000
nan
0.596000
0.626000
nan
nan
0.447000
nan
nan
nan
0.268000
0.596000
nan
0.566000
0.358000
0.596000
nan
nan
nan
nan
0.298000
nan
nan
nan
nan
0.715000
0.835000
0.656000
nan
nan
0.745000
0.358000
0.447000
0.537000
nan
nan
nan
nan
1.000000
nan
nan
nan
1.000000
0.745000
0.805000
nan
nan
0.984000
nan
nan
0.715000
0.447000
nan
nan
1.000000
nan
nan
nan
nan
nan
nan
nan
nan
0.924000
0.835000
nan
nan
0.686000
0.805000
nan
0.670000
0.758000
0.583000
0.712000
0.541000
nan
0.741000
0.285000
0.940000
nan
nan
nan
nan
nan
nan
1.000000
nan
0.541000
nan
nan
nan
nan
0.070000
0.370000
0.598000
0.541000
0.826000
nan
nan
0.598000
0.712000
0.655000
1.000000
0.855000
nan
0.741000
0.826000
nan
nan
nan
0.070000
0.199000
nan
nan
0.142000
0.427000
0.256000
0.513000
nan
nan
0.684000
0.627000
0.741000
0.399000
0.769000
nan
nan
nan
nan
0.256000
0.342000
0.456000
0.769000
1.000000
nan
nan
0.969000
0.285000
nan
nan
0.285000
0.399000
nan
nan
0.570000
nan
0.541000
0.085000
0.313000
0.256000
0.883000
0.171000
nan
0.070000
nan
