Coverage: 3959.751037
nan
0.108000
0.279000
nan
0.108000
0.108000
nan
0.108000
0.310000
nan
0.155000
nan
0.124000
nan
0.201000
nan
nan
nan
0.449000
0.356000
0.294000
0.155000
nan
nan
0.108000
nan
0.170000
nan
nan
nan
0.542000
nan
nan
0.248000
nan
0.108000
0.372000
nan
0.666000
0.496000
0.155000
nan
0.682000
0.713000
nan
0.976000
0.991000
0.775000
0.790000
0.635000
nan
nan
0.496000
nan
nan
nan
0.573000
0.511000
0.759000
nan
0.387000
0.558000
0.341000
0.124000
nan
nan
0.310000
1.000000
0.573000
0.945000
0.713000
0.868000
nan
0.821000
1.000000
nan
0.930000
nan
nan
nan
nan
nan
nan
nan
0.960000
nan
0.775000
1.000000
nan
nan
nan
nan
0.868000
0.220000
0.182000
nan
0.182000
nan
1.000000
nan
nan
nan
0.307000
nan
0.249000
nan
0.699000
nan
nan
nan
0.402000
nan
nan
nan
nan
0.536000
nan
0.517000
1.000000
nan
0.259000
nan
0.469000
0.469000
nan
0.690000
1.000000
0.632000
nan
0.364000
nan
nan
nan
0.709000
nan
nan
0.297000
nan
nan
nan
0.527000
0.441000
0.508000
0.661000
0.374000
nan
nan
0.220000
nan
nan
0.224000
nan
0.480000
0.945000
nan
0.979000
nan
nan
nan
0.368000
nan
0.201000
0.240000
nan
0.336000
0.224000
0.639000
nan
nan
0.687000
0.480000
nan
nan
nan
0.256000
0.201000
0.368000
nan
nan
nan
0.288000
0.592000
nan
nan
nan
0.624000
0.464000
0.432000
0.528000
0.336000
nan
0.416000
0.432000
nan
nan
0.538000
nan
0.672000
nan
nan
0.694000
0.381000
0.448000
0.381000
nan
1.000000
nan
0.426000
nan
nan
nan
nan
nan
nan
0.179000
nan
0.142000
0.470000
0.538000
0.627000
nan
0.538000
0.918000
0.851000
nan
nan
0.739000
nan
0.582000
nan
0.381000
0.515000
0.470000
nan
nan
0.202000
0.582000
nan
0.649000
0.142000
0.142000
