Coverage: 15078.061224
0.014000
0.014000
0.030000
nan
0.014000
0.098000
0.165000
nan
0.128000
0.105000
0.135000
nan
nan
0.075000
0.165000
nan
0.165000
nan
0.188000
nan
nan
0.203000
0.173000
0.090000
nan
0.165000
0.316000
0.218000
0.240000
0.301000
nan
0.383000
0.481000
0.481000
0.594000
0.451000
0.203000
0.631000
nan
nan
nan
nan
0.195000
0.473000
0.458000
nan
nan
0.541000
nan
nan
nan
nan
0.368000
nan
nan
nan
0.346000
0.556000
0.496000
0.639000
0.992000
nan
nan
nan
1.000000
nan
1.000000
nan
nan
0.616000
nan
0.706000
0.316000
nan
nan
nan
0.548000
0.526000
0.706000
nan
nan
nan
nan
0.594000
nan
nan
0.488000
nan
nan
nan
1.000000
0.954000
0.453000
nan
nan
0.491000
0.567000
nan
nan
0.308000
nan
nan
0.431000
0.482000
0.410000
0.512000
0.656000
nan
nan
0.897000
0.571000
0.550000
0.503000
0.550000
nan
nan
0.393000
nan
0.778000
nan
0.673000
nan
nan
0.533000
0.926000
0.618000
nan
0.876000
0.643000
nan
0.419000
0.389000
0.749000
0.838000
nan
nan
0.308000
nan
0.639000
0.453000
0.918000
nan
nan
0.673000
0.702000
nan
nan
0.474000
nan
nan
1.000000
0.525000
0.774000
0.660000
0.981000
0.728000
1.000000
0.706000
1.000000
nan
nan
0.685000
nan
0.308000
nan
0.360000
nan
nan
nan
0.410000
nan
nan
0.909000
0.939000
0.783000
0.745000
nan
0.831000
0.946000
nan
0.918000
1.000000
nan
nan
0.534000
0.783000
nan
nan
0.395000
0.426000
0.461000
nan
0.565000
1.000000
nan
nan
nan
nan
nan
nan
0.402000
nan
nan
0.818000
0.631000
0.509000
0.385000
0.509000
nan
0.703000
nan
0.475000
nan
nan
0.360000
nan
nan
nan
nan
nan
nan
0.918000
nan
0.897000
nan
nan
0.956000
nan
0.575000
0.838000
nan
nan
nan
0.925000
0.710000
nan
nan
0.759000
0.967000
0.682000
nan
nan
0.502000
0.762000
1.000000
0.994000
0.880000
0.672000
nan
nan
0.814000
nan
nan
nan
0.488000
0.728000
nan
0.748000
0.807000
nan
nan
nan
nan
0.313000
nan
nan
nan
nan
0.319000
nan
0.315000
0.313000
0.637000
nan
nan
0.814000
nan
nan
nan
nan
0.592000
0.745000
0.313000
nan
nan
nan
nan
0.746000
0.870000
0.575000
0.657000
nan
nan
0.693000
0.689000
nan
nan
0.625000
nan
nan
1.000000
0.700000
nan
nan
0.799000
0.423000
nan
nan
0.309000
0.842000
1.000000
0.867000
nan
nan
0.352000
nan
nan
nan
nan
0.078000
0.076000
nan
0.671000
0.941000
0.917000
0.515000
0.515000
0.686000
nan
0.863000
0.700000
0.124000
nan
nan
0.076000
0.309000
nan
0.352000
0.234000
0.188000
0.076000
nan
nan
1.000000
0.888000
nan
0.536000
0.401000
nan
0.863000
0.671000
0.831000
0.568000
nan
0.586000
0.799000
0.622000
0.639000
0.661000
0.924000
0.703000
nan
0.629000
nan
0.902000
nan
0.769000
nan
nan
0.710000
nan
nan
0.878000
nan
0.408000
0.411000
nan
nan
nan
0.119000
nan
nan
0.161000
nan
nan
1.000000
nan
nan
nan
0.131000
nan
nan
0.309000
0.575000
1.000000
0.680000
nan
0.394000
0.815000
0.957000
0.717000
nan
nan
nan
0.782000
0.920000
0.861000
nan
nan
0.694000
1.000000
nan
0.119000
0.131000
nan
0.119000
nan
0.247000
0.191000
nan
0.233000
nan
0.155000
nan
0.128000
0.260000
nan
nan
nan
0.634000
0.871000
nan
nan
0.848000
0.526000
nan
0.539000
0.661000
0.881000
0.477000
nan
nan
nan
0.595000
nan
0.447000
0.158000
0.657000
0.309000
0.516000
0.404000
nan
0.233000
0.204000
0.680000
0.858000
nan
0.625000
nan
nan
nan
0.590000
nan
0.853000
0.657000
0.693000
0.163000
0.159000
nan
0.159000
0.315000
nan
nan
0.175000
nan
0.382000
nan
nan
nan
0.255000
0.159000
0.223000
0.367000
nan
nan
nan
nan
0.303000
0.279000
nan
0.944000
0.386000
0.685000
0.729000
nan
0.785000
0.343000
0.543000
0.565000
0.390000
nan
0.789000
0.649000
nan
nan
0.493000
0.470000
nan
nan
nan
nan
nan
0.478000
0.687000
nan
0.520000
0.675000
0.550000
0.630000
0.459000
0.732000
nan
nan
nan
nan
0.455000
0.396000
nan
0.857000
nan
nan
0.911000
nan
nan
nan
0.694000
0.793000
nan
0.759000
nan
0.969000
0.592000
1.000000
0.981000
nan
nan
nan
0.539000
nan
1.000000
0.732000
0.948000
nan
0.735000
0.472000
0.465000
0.645000
0.768000
nan
nan
0.685000
nan
nan
nan
nan
nan
0.587000
nan
0.660000
nan
0.652000
0.753000
0.811000
0.433000
0.541000
0.804000
1.000000
nan
0.869000
0.854000
nan
0.818000
nan
0.724000
0.559000
nan
nan
nan
