Coverage: 12639.049587
nan
nan
nan
0.075000
0.075000
0.078000
nan
nan
nan
nan
0.131000
0.075000
nan
0.104000
nan
0.150000
0.196000
nan
0.163000
0.078000
0.189000
0.170000
nan
0.274000
nan
0.268000
nan
nan
0.483000
0.222000
0.470000
0.450000
nan
0.320000
0.326000
0.444000
nan
nan
0.457000
0.561000
nan
nan
0.431000
0.248000
0.405000
0.352000
0.803000
0.881000
0.411000
0.809000
nan
nan
0.450000
nan
nan
nan
nan
nan
0.574000
0.698000
0.946000
nan
0.829000
nan
nan
1.000000
nan
nan
0.255000
0.783000
0.633000
nan
nan
nan
0.809000
0.790000
nan
nan
0.568000
nan
nan
nan
nan
0.627000
nan
nan
nan
nan
nan
0.849000
nan
nan
nan
1.000000
nan
0.822000
nan
nan
nan
0.215000
0.986000
1.000000
0.568000
1.000000
nan
nan
nan
0.427000
0.297000
nan
1.000000
nan
0.557000
nan
nan
0.871000
0.346000
0.855000
0.752000
nan
0.703000
nan
nan
nan
0.936000
0.514000
0.449000
0.465000
0.746000
0.579000
nan
0.600000
0.503000
0.946000
1.000000
0.503000
0.498000
0.703000
nan
0.433000
0.573000
nan
nan
0.433000
0.416000
nan
nan
nan
0.676000
nan
0.487000
nan
0.806000
0.671000
0.324000
0.324000
nan
nan
nan
nan
0.411000
0.508000
0.611000
nan
0.519000
nan
nan
0.294000
0.460000
0.552000
nan
nan
nan
0.454000
0.368000
0.519000
0.294000
0.294000
0.384000
0.341000
nan
nan
nan
0.438000
0.416000
0.502000
0.407000
0.474000
0.455000
nan
nan
0.398000
0.278000
0.360000
0.502000
nan
0.521000
0.682000
0.654000
nan
0.303000
nan
nan
nan
nan
0.720000
nan
nan
0.294000
0.512000
0.436000
0.502000
0.474000
nan
nan
0.398000
0.278000
0.606000
0.493000
nan
0.673000
nan
0.739000
nan
0.550000
0.568000
nan
0.540000
0.568000
0.587000
0.777000
nan
nan
0.881000
0.654000
nan
nan
0.786000
nan
0.881000
0.606000
0.805000
0.701000
0.995000
nan
0.891000
nan
nan
0.862000
0.976000
1.000000
1.000000
0.872000
nan
1.000000
0.587000
0.474000
nan
0.303000
0.278000
nan
0.369000
nan
nan
0.414000
nan
0.584000
nan
0.467000
nan
0.288000
0.376000
nan
0.326000
nan
nan
0.300000
nan
nan
0.436000
0.516000
0.524000
0.429000
nan
nan
0.190000
nan
nan
0.315000
0.181000
nan
0.645000
0.838000
nan
0.368000
nan
0.451000
0.793000
nan
0.193000
1.000000
nan
nan
nan
nan
nan
nan
nan
nan
0.649000
nan
nan
0.649000
nan
0.618000
nan
nan
0.493000
0.653000
0.228000
0.615000
0.679000
0.561000
0.603000
0.319000
nan
nan
nan
nan
nan
0.224000
nan
nan
0.933000
1.000000
nan
0.391000
0.414000
nan
0.181000
0.281000
0.181000
0.539000
1.000000
nan
0.326000
0.429000
0.558000
nan
nan
0.709000
0.550000
0.281000
0.558000
0.326000
0.218000
0.226000
nan
0.436000
0.337000
0.681000
nan
nan
nan
nan
nan
0.642000
0.729000
0.947000
nan
0.523000
0.258000
0.491000
0.519000
0.404000
0.816000
nan
nan
0.610000
0.674000
0.745000
0.777000
nan
0.828000
nan
nan
0.614000
nan
nan
0.567000
nan
0.444000
0.432000
nan
0.654000
0.571000
0.622000
nan
0.595000
nan
0.602000
nan
0.431000
nan
nan
nan
nan
0.178000
nan
nan
nan
0.786000
0.797000
0.499000
nan
0.158000
0.158000
0.160000
nan
0.605000
nan
0.479000
nan
nan
nan
0.653000
0.561000
0.663000
nan
nan
1.000000
nan
0.735000
nan
nan
0.619000
0.834000
0.691000
0.698000
0.848000
0.868000
0.991000
nan
nan
nan
nan
nan
0.777000
nan
0.446000
0.311000
nan
nan
0.806000
0.486000
nan
0.880000
0.739000
nan
0.903000
0.475000
nan
nan
nan
nan
0.549000
nan
nan
0.492000
0.302000
0.665000
0.736000
0.716000
0.938000
1.000000
nan
1.000000
0.849000
0.544000
0.288000
0.199000
0.233000
0.125000
nan
