Coverage: 1144.117647
nan
0.027000
nan
nan
nan
nan
0.121000
0.121000
0.121000
0.302000
nan
0.423000
0.544000
nan
0.121000
0.363000
0.423000
0.363000
nan
0.027000
0.242000
0.121000
nan
0.121000
nan
nan
nan
nan
0.483000
0.544000
0.363000
0.604000
0.423000
0.544000
0.423000
0.483000
nan
nan
nan
0.181000
nan
0.665000
nan
nan
0.242000
nan
0.423000
0.967000
0.423000
0.423000
nan
nan
0.363000
nan
nan
nan
0.423000
nan
0.423000
0.725000
0.483000
1.000000
nan
nan
nan
0.060000
0.242000
0.302000
0.181000
nan
0.363000
1.000000
0.483000
0.027000
0.785000
0.725000
0.785000
0.544000
1.000000
nan
0.846000
nan
nan
nan
0.433000
nan
0.433000
nan
nan
nan
nan
0.260000
0.130000
0.433000
0.130000
nan
0.736000
0.693000
nan
0.173000
0.476000
nan
nan
nan
nan
nan
nan
0.260000
nan
nan
0.649000
0.433000
nan
nan
nan
nan
nan
0.649000
0.736000
nan
nan
0.130000
nan
1.000000
1.000000
nan
0.649000
0.952000
0.346000
0.260000
0.606000
nan
nan
0.216000
nan
0.130000
0.519000
0.606000
nan
0.433000
nan
nan
nan
0.216000
nan
nan
nan
0.216000
0.130000
0.130000
nan
nan
0.346000
nan
nan
0.519000
nan
nan
0.260000
0.260000
nan
nan
nan
0.390000
nan
0.519000
0.606000
nan
nan
0.433000
nan
0.433000
0.779000
nan
0.173000
nan
nan
nan
1.000000
nan
nan
0.433000
0.649000
0.303000
nan
nan
0.130000
0.346000
nan
nan
nan
nan
nan
nan
0.346000
nan
nan
nan
0.476000
nan
0.390000
0.390000
nan
nan
