Coverage: 17568.715084
nan
nan
nan
nan
0.611000
nan
nan
0.331000
0.331000
0.484000
0.511000
0.599000
nan
nan
0.376000
0.465000
nan
0.331000
0.461000
0.430000
nan
0.645000
0.342000
0.388000
0.522000
0.396000
0.661000
nan
0.618000
nan
0.350000
0.442000
0.495000
0.530000
0.434000
0.761000
0.465000
nan
0.511000
0.668000
nan
nan
0.814000
nan
nan
0.734000
0.926000
0.595000
0.737000
nan
nan
nan
0.645000
nan
nan
nan
nan
nan
nan
0.891000
nan
0.833000
0.626000
nan
0.515000
0.611000
0.688000
nan
nan
nan
1.000000
0.949000
nan
1.000000
0.883000
1.000000
nan
0.726000
0.845000
nan
nan
0.964000
0.883000
nan
0.561000
nan
0.495000
0.527000
0.655000
0.485000
nan
nan
0.796000
0.530000
0.503000
nan
nan
0.321000
0.390000
0.491000
nan
0.527000
nan
0.741000
nan
nan
nan
0.332000
0.579000
nan
nan
nan
0.893000
nan
nan
0.335000
nan
nan
0.381000
nan
0.527000
0.738000
0.321000
0.351000
0.591000
nan
nan
0.896000
nan
0.777000
nan
nan
nan
0.982000
nan
nan
nan
nan
nan
0.537000
1.000000
nan
nan
0.485000
0.573000
0.716000
0.594000
nan
0.631000
0.573000
0.680000
0.735000
nan
0.835000
nan
nan
nan
nan
nan
0.729000
1.000000
0.762000
0.573000
0.710000
0.466000
0.576000
0.497000
0.677000
1.000000
nan
0.707000
nan
nan
nan
0.884000
nan
0.585000
0.439000
0.321000
0.673000
nan
nan
0.856000
1.000000
nan
0.692000
nan
nan
0.972000
nan
nan
nan
nan
0.758000
0.786000
0.914000
nan
nan
0.451000
nan
nan
nan
0.447000
nan
nan
0.968000
nan
nan
0.910000
0.595000
nan
0.642000
nan
0.463000
nan
nan
0.754000
nan
nan
nan
nan
0.758000
nan
nan
0.782000
0.789000
0.758000
nan
0.708000
nan
0.688000
0.451000
nan
0.315000
0.323000
0.459000
nan
nan
0.743000
0.910000
0.863000
0.859000
nan
nan
0.354000
0.665000
0.304000
0.304000
nan
nan
nan
nan
nan
0.731000
0.754000
nan
0.700000
1.000000
0.304000
nan
nan
nan
nan
0.552000
nan
1.000000
0.941000
0.821000
nan
nan
0.708000
0.692000
0.871000
nan
0.350000
0.529000
0.556000
0.789000
0.834000
nan
nan
0.216000
0.105000
0.669000
nan
0.555000
nan
1.000000
0.237000
0.104000
0.129000
nan
nan
nan
0.911000
nan
0.161000
0.108000
nan
nan
0.139000
nan
nan
0.518000
0.950000
0.769000
nan
0.932000
nan
nan
nan
nan
0.376000
nan
0.132000
0.104000
nan
nan
0.142000
0.332000
nan
0.924000
nan
0.619000
nan
nan
nan
nan
nan
nan
0.505000
0.863000
1.000000
nan
0.819000
0.447000
0.540000
0.647000
0.750000
nan
nan
nan
0.987000
0.553000
0.766000
0.484000
0.487000
nan
nan
nan
nan
nan
nan
0.271000
0.216000
nan
0.104000
nan
nan
1.000000
nan
0.442000
nan
0.208000
0.400000
0.558000
0.719000
0.747000
nan
nan
nan
nan
nan
0.292000
nan
0.550000
0.266000
nan
nan
0.836000
0.379000
0.240000
nan
1.000000
nan
nan
0.362000
0.794000
0.385000
0.803000
0.975000
nan
0.942000
0.711000
nan
0.846000
0.421000
nan
1.000000
nan
0.942000
nan
0.500000
nan
nan
0.303000
nan
0.421000
nan
nan
nan
nan
nan
0.672000
0.734000
nan
0.678000
0.494000
0.705000
nan
nan
0.566000
nan
0.510000
nan
nan
0.609000
0.626000
0.790000
nan
nan
nan
0.349000
0.412000
0.794000
1.000000
nan
nan
0.234000
nan
0.157000
nan
0.244000
nan
nan
nan
0.790000
0.566000
0.665000
0.688000
0.549000
nan
0.148000
0.218000
nan
nan
0.102000
nan
0.067000
nan
0.071000
0.067000
nan
0.319000
nan
nan
0.386000
nan
0.206000
0.464000
nan
nan
nan
1.000000
nan
nan
nan
nan
nan
nan
nan
0.739000
nan
1.000000
1.000000
0.357000
nan
0.568000
0.432000
nan
nan
nan
nan
nan
nan
nan
nan
nan
nan
nan
0.543000
nan
0.294000
0.304000
0.631000
0.741000
nan
0.601000
0.568000
nan
nan
0.528000
nan
nan
nan
0.789000
0.500000
0.668000
1.000000
0.430000
0.578000
0.545000
nan
0.384000
0.186000
0.523000
0.864000
nan
0.601000
0.711000
0.804000
nan
0.658000
0.641000
nan
0.050000
0.045000
