Coverage: 3496.097561
0.210000
0.210000
nan
nan
0.278000
nan
nan
nan
0.365000
0.365000
0.210000
nan
0.307000
nan
nan
0.336000
nan
0.409000
nan
nan
0.365000
0.468000
nan
nan
0.512000
nan
0.497000
nan
nan
0.439000
nan
0.804000
nan
0.819000
0.658000
0.658000
nan
0.556000
0.673000
nan
0.541000
0.673000
nan
nan
nan
nan
0.468000
nan
0.468000
nan
nan
nan
0.512000
nan
nan
nan
nan
0.746000
nan
nan
nan
0.936000
0.848000
nan
1.000000
nan
0.789000
nan
nan
nan
nan
1.000000
nan
0.863000
0.234000
0.702000
1.000000
0.731000
0.365000
0.789000
0.921000
0.365000
0.614000
0.614000
nan
0.687000
nan
nan
0.629000
nan
nan
nan
nan
nan
nan
nan
nan
nan
nan
nan
nan
nan
0.278000
nan
0.746000
nan
0.819000
0.629000
0.760000
0.731000
nan
1.000000
1.000000
nan
0.978000
0.372000
nan
0.391000
0.313000
0.372000
nan
nan
0.783000
0.841000
nan
0.744000
0.763000
nan
0.802000
nan
1.000000
nan
nan
0.665000
nan
0.705000
0.783000
nan
0.431000
0.592000
nan
nan
0.829000
0.829000
0.960000
nan
0.687000
0.450000
0.473000
0.450000
0.497000
0.426000
0.402000
0.497000
nan
0.829000
0.852000
0.497000
nan
nan
0.568000
0.852000
0.592000
0.687000
0.710000
nan
0.687000
0.616000
0.940000
0.290000
0.360000
nan
0.379000
0.544000
nan
nan
0.805000
nan
0.346000
0.544000
0.497000
0.592000
0.379000
0.306000
0.361000
0.262000
0.389000
0.833000
0.583000
0.262000
0.278000
0.556000
0.444000
0.500000
0.944000
nan
nan
0.306000
nan
nan
0.278000
0.278000
0.556000
nan
0.262000
