Coverage: 940.760870
nan
nan
nan
0.701000
0.078000
nan
nan
nan
0.108000
nan
0.162000
nan
0.108000
0.216000
0.216000
nan
nan
0.431000
0.539000
0.539000
nan
0.216000
nan
0.431000
nan
nan
0.970000
0.431000
nan
0.078000
0.078000
0.216000
nan
0.431000
0.323000
1.000000
1.000000
0.970000
0.485000
0.809000
nan
nan
0.323000
0.108000
0.485000
0.809000
0.377000
0.377000
nan
0.270000
nan
nan
0.593000
nan
nan
nan
nan
nan
nan
1.000000
0.108000
0.701000
0.755000
nan
nan
0.431000
nan
nan
0.216000
nan
nan
nan
nan
nan
nan
nan
nan
nan
0.593000
nan
nan
nan
nan
0.491000
0.655000
0.109000
0.164000
nan
nan
nan
nan
nan
nan
nan
nan
0.873000
nan
nan
nan
nan
nan
0.327000
0.164000
nan
0.218000
0.546000
0.600000
0.164000
0.110000
nan
nan
nan
0.663000
1.000000
1.000000
nan
0.718000
nan
nan
1.000000
nan
0.663000
nan
nan
0.939000
nan
0.110000
nan
nan
nan
nan
0.552000
0.939000
nan
nan
0.663000
nan
nan
0.080000
nan
0.608000
0.663000
0.718000
0.608000
nan
nan
0.608000
0.221000
0.331000
nan
nan
0.663000
nan
0.663000
0.608000
0.497000
nan
0.884000
nan
0.331000
0.442000
0.773000
nan
nan
nan
nan
0.110000
0.663000
nan
0.080000
0.221000
0.080000
0.221000
0.442000
nan
nan
nan
nan
0.829000
0.387000
nan
0.387000
0.276000
nan
