Coverage: 4613.265306
nan
nan
nan
nan
nan
0.232000
0.495000
nan
0.201000
0.573000
0.263000
0.542000
0.201000
nan
0.402000
0.464000
0.650000
0.573000
nan
nan
0.263000
0.557000
0.898000
1.000000
0.433000
0.193000
0.294000
0.464000
0.279000
0.511000
0.402000
0.387000
0.193000
nan
nan
0.193000
0.372000
nan
0.310000
0.557000
nan
0.805000
0.588000
0.588000
0.805000
0.712000
0.650000
nan
0.372000
0.449000
nan
nan
0.418000
nan
nan
nan
nan
nan
0.604000
0.836000
0.573000
nan
nan
0.604000
nan
nan
1.000000
nan
nan
nan
nan
1.000000
nan
nan
0.820000
0.619000
nan
nan
nan
nan
0.402000
0.681000
0.511000
nan
0.248000
0.418000
0.483000
0.383000
nan
nan
0.564000
0.403000
nan
nan
nan
nan
nan
1.000000
0.947000
nan
nan
0.785000
nan
nan
nan
0.947000
nan
0.443000
0.886000
nan
0.665000
0.524000
0.745000
0.806000
nan
nan
0.645000
nan
0.564000
0.745000
nan
0.559000
0.827000
0.931000
nan
0.952000
nan
nan
nan
nan
nan
0.414000
0.683000
nan
nan
nan
nan
nan
nan
0.352000
0.621000
0.517000
nan
0.496000
0.434000
nan
0.434000
0.331000
0.414000
nan
0.304000
0.315000
nan
1.000000
nan
0.827000
0.683000
0.890000
0.869000
0.931000
0.807000
0.414000
0.496000
0.683000
0.848000
0.869000
1.000000
0.983000
0.241000
nan
0.703000
0.662000
0.616000
0.807000
nan
nan
0.786000
0.170000
0.382000
0.158000
0.382000
0.467000
nan
nan
0.340000
nan
0.488000
0.425000
nan
nan
0.158000
0.510000
0.318000
nan
0.425000
0.158000
