Coverage: 14681.123596
0.152000
0.152000
nan
0.266000
0.294000
0.674000
nan
0.454000
0.605000
0.436000
nan
nan
0.170000
nan
nan
0.349000
0.152000
nan
nan
nan
0.615000
nan
0.417000
0.431000
0.349000
0.468000
nan
nan
nan
0.894000
0.573000
0.766000
0.596000
nan
0.546000
0.711000
0.651000
0.651000
nan
0.550000
nan
0.637000
nan
0.619000
0.738000
nan
0.541000
nan
0.353000
0.550000
nan
nan
0.601000
nan
nan
nan
nan
0.702000
0.683000
0.656000
0.835000
nan
nan
nan
0.972000
nan
0.940000
nan
0.729000
0.720000
nan
nan
nan
nan
nan
0.679000
0.509000
nan
0.312000
0.289000
nan
0.225000
1.000000
1.000000
1.000000
0.839000
nan
nan
nan
nan
nan
0.243000
nan
nan
nan
0.232000
nan
nan
0.232000
nan
0.557000
0.677000
0.998000
nan
nan
nan
nan
nan
nan
0.749000
nan
nan
nan
nan
0.505000
0.754000
nan
nan
0.402000
0.719000
nan
nan
nan
nan
nan
nan
1.000000
0.454000
0.232000
0.505000
0.334000
0.668000
0.715000
nan
0.749000
nan
nan
nan
0.634000
nan
nan
nan
nan
nan
0.668000
nan
0.617000
0.595000
nan
nan
0.711000
nan
0.325000
nan
nan
nan
0.587000
nan
nan
0.441000
0.848000
0.865000
nan
nan
nan
nan
0.428000
0.552000
nan
nan
nan
nan
nan
nan
0.569000
nan
1.000000
nan
0.467000
0.488000
0.321000
0.668000
0.792000
nan
0.848000
nan
nan
0.689000
0.792000
nan
nan
0.373000
0.407000
nan
0.531000
nan
1.000000
nan
0.313000
nan
nan
nan
0.599000
0.882000
0.758000
nan
0.394000
0.514000
0.405000
0.666000
nan
nan
0.671000
0.806000
1.000000
nan
nan
nan
nan
1.000000
nan
0.627000
nan
nan
0.888000
nan
0.156000
0.156000
nan
nan
nan
nan
0.743000
0.888000
1.000000
nan
0.960000
nan
0.540000
0.309000
0.415000
nan
nan
0.193000
0.156000
nan
0.376000
0.729000
nan
nan
nan
nan
nan
0.454000
0.676000
nan
nan
0.627000
0.936000
0.618000
0.574000
0.700000
nan
0.820000
nan
0.473000
nan
0.666000
nan
nan
0.893000
0.507000
nan
0.753000
0.323000
0.815000
0.709000
nan
0.820000
nan
0.733000
0.878000
nan
0.420000
0.598000
0.487000
nan
0.516000
nan
0.256000
0.396000
0.463000
0.352000
0.637000
nan
0.791000
0.948000
0.267000
nan
nan
0.367000
0.111000
0.100000
0.098000
0.098000
0.608000
0.708000
nan
nan
0.222000
nan
0.178000
0.148000
nan
0.178000
0.156000
nan
0.098000
0.141000
0.130000
0.330000
0.367000
0.808000
0.719000
0.319000
0.741000
nan
nan
nan
nan
nan
nan
nan
nan
nan
0.681000
nan
nan
0.627000
0.476000
nan
nan
0.663000
0.756000
0.803000
0.717000
0.526000
0.465000
nan
nan
0.313000
0.486000
nan
nan
nan
0.717000
0.807000
nan
0.418000
0.465000
0.584000
nan
nan
nan
0.937000
nan
nan
nan
0.829000
0.638000
0.829000
1.000000
nan
0.231000
nan
nan
0.339000
nan
nan
nan
0.986000
nan
nan
0.602000
nan
nan
0.995000
nan
nan
nan
nan
nan
nan
0.530000
nan
0.847000
nan
nan
nan
0.721000
nan
nan
nan
0.598000
1.000000
1.000000
0.458000
nan
nan
nan
nan
nan
nan
0.787000
0.920000
nan
0.955000
0.465000
0.668000
nan
0.458000
0.962000
0.990000
nan
0.745000
nan
nan
0.283000
0.574000
nan
nan
nan
nan
nan
nan
nan
0.490000
0.374000
0.567000
0.679000
nan
nan
nan
0.266000
0.266000
