Coverage: 10107.085020
nan
nan
nan
0.097000
nan
nan
0.090000
0.181000
nan
0.097000
nan
0.090000
0.090000
nan
nan
nan
0.132000
0.195000
0.139000
0.195000
0.306000
0.181000
nan
0.237000
nan
nan
nan
0.258000
0.209000
nan
0.397000
0.425000
0.265000
nan
0.404000
0.230000
nan
0.258000
nan
0.348000
0.411000
0.480000
nan
0.223000
0.327000
nan
nan
0.613000
0.522000
nan
nan
nan
0.327000
nan
nan
0.376000
nan
nan
nan
0.696000
nan
nan
0.620000
nan
0.487000
0.501000
nan
0.759000
nan
nan
0.668000
nan
nan
nan
0.543000
nan
nan
nan
nan
0.989000
1.000000
0.905000
1.000000
0.404000
nan
0.334000
nan
0.223000
0.237000
1.000000
nan
nan
nan
0.515000
nan
0.446000
nan
nan
nan
nan
nan
0.689000
0.515000
0.506000
0.676000
0.407000
nan
nan
nan
1.000000
0.720000
nan
nan
0.330000
0.327000
0.363000
nan
nan
nan
nan
nan
0.792000
0.649000
0.957000
nan
nan
nan
0.759000
nan
0.841000
0.764000
0.737000
nan
0.456000
0.621000
0.327000
nan
0.748000
0.847000
0.709000
0.693000
0.946000
nan
0.731000
0.759000
0.814000
0.445000
0.896000
nan
0.478000
0.572000
nan
nan
0.401000
nan
nan
0.759000
0.704000
0.676000
nan
0.621000
nan
nan
nan
nan
0.792000
nan
0.341000
0.327000
0.726000
nan
nan
nan
nan
nan
nan
0.616000
nan
nan
nan
0.946000
0.742000
0.891000
nan
0.874000
0.819000
nan
0.786000
0.979000
nan
nan
1.000000
0.869000
nan
1.000000
0.296000
nan
0.729000
0.296000
0.296000
0.420000
nan
0.456000
nan
0.535000
0.779000
nan
0.463000
0.370000
nan
nan
nan
0.614000
nan
nan
0.452000
nan
nan
nan
nan
nan
nan
nan
nan
0.549000
nan
nan
nan
1.000000
nan
nan
nan
nan
nan
0.714000
0.556000
0.431000
0.711000
0.765000
0.391000
0.668000
0.775000
0.596000
nan
1.000000
nan
0.477000
nan
nan
nan
nan
nan
nan
0.621000
0.840000
0.524000
nan
0.819000
nan
0.707000
0.671000
nan
nan
nan
nan
1.000000
0.747000
nan
0.585000
0.671000
0.657000
0.406000
0.510000
0.298000
0.341000
nan
nan
nan
0.316000
0.743000
0.743000
nan
nan
nan
0.998000
0.854000
nan
0.582000
0.682000
nan
nan
nan
0.539000
0.912000
nan
0.477000
nan
0.392000
0.671000
nan
nan
nan
nan
0.937000
nan
nan
0.571000
nan
0.542000
nan
nan
0.529000
1.000000
0.975000
nan
0.900000
0.792000
0.900000
0.783000
nan
1.000000
0.408000
0.571000
0.492000
nan
0.337000
nan
nan
nan
nan
nan
0.342000
0.471000
nan
0.558000
nan
nan
0.143000
0.154000
0.179000
0.143000
nan
nan
0.737000
0.717000
nan
0.267000
0.246000
nan
nan
nan
0.143000
nan
0.304000
nan
1.000000
nan
0.733000
nan
nan
0.642000
0.700000
nan
0.762000
0.542000
0.558000
0.462000
nan
nan
0.317000
0.746000
0.187000
0.179000
0.175000
nan
0.658000
nan
nan
0.437000
0.733000
0.471000
0.646000
0.821000
0.596000
nan
nan
0.396000
0.604000
nan
nan
nan
nan
nan
1.000000
0.430000
0.382000
nan
0.430000
nan
nan
0.589000
nan
0.415000
0.631000
nan
0.441000
0.621000
0.916000
0.240000
0.350000
0.446000
nan
nan
nan
nan
0.386000
nan
nan
0.831000
0.541000
nan
0.611000
0.551000
0.886000
0.531000
nan
nan
nan
nan
nan
0.295000
0.120000
0.165000
0.310000
nan
nan
nan
0.731000
0.551000
0.546000
0.551000
nan
0.481000
nan
nan
nan
nan
0.861000
0.421000
0.891000
0.516000
nan
nan
nan
0.285000
nan
nan
0.441000
0.355000
0.122000
0.120000
0.701000
nan
nan
nan
0.541000
0.791000
0.816000
nan
nan
nan
nan
0.431000
nan
1.000000
1.000000
0.871000
0.856000
0.985000
nan
0.275000
0.176000
0.109000
nan
nan
0.456000
nan
0.332000
0.508000
0.757000
nan
nan
nan
0.109000
