Coverage: 19534.246575
0.000000
0.000000
0.000000
0.008000
0.016000
0.016000
nan
nan
nan
0.119000
0.072000
nan
nan
nan
nan
0.024000
0.000000
0.111000
0.056000
0.048000
0.056000
nan
0.040000
0.040000
0.064000
nan
nan
0.159000
nan
0.215000
0.390000
nan
0.342000
nan
0.127000
0.000000
0.000000
0.087000
0.016000
0.048000
nan
nan
0.175000
0.366000
0.143000
0.191000
0.326000
0.421000
0.286000
0.549000
nan
nan
0.159000
nan
nan
nan
nan
nan
0.461000
0.684000
nan
0.549000
nan
nan
nan
nan
nan
nan
nan
nan
0.978000
0.716000
nan
0.461000
nan
0.286000
nan
0.334000
0.087000
nan
0.581000
nan
nan
1.000000
nan
nan
nan
nan
nan
1.000000
nan
nan
nan
1.000000
0.414000
0.448000
0.761000
nan
nan
0.512000
nan
nan
nan
nan
nan
nan
0.429000
0.301000
0.787000
nan
nan
nan
nan
nan
0.589000
0.864000
nan
nan
nan
nan
nan
nan
nan
0.646000
nan
nan
0.377000
nan
nan
0.512000
nan
nan
nan
nan
0.345000
nan
nan
nan
nan
nan
nan
0.208000
nan
nan
nan
0.208000
nan
nan
nan
nan
nan
1.000000
0.614000
0.979000
1.000000
nan
nan
nan
0.208000
nan
0.384000
nan
0.320000
nan
0.518000
0.262000
0.313000
0.595000
nan
nan
0.537000
0.640000
0.774000
1.000000
0.569000
nan
nan
nan
0.768000
nan
nan
nan
0.787000
nan
nan
0.717000
0.653000
nan
0.563000
0.480000
nan
0.557000
0.505000
0.729000
0.243000
nan
nan
0.326000
nan
0.377000
nan
nan
0.461000
0.371000
0.499000
nan
0.397000
nan
0.486000
0.409000
0.409000
nan
nan
0.211000
nan
nan
1.000000
nan
nan
nan
nan
0.679000
0.350000
nan
0.591000
0.964000
nan
nan
nan
nan
nan
nan
nan
nan
1.000000
0.964000
0.657000
0.964000
nan
nan
nan
nan
nan
nan
nan
nan
0.657000
nan
nan
nan
0.460000
0.307000
nan
nan
0.898000
0.526000
nan
0.416000
nan
0.570000
nan
nan
nan
0.657000
0.876000
1.000000
nan
nan
nan
0.263000
0.307000
0.438000
nan
nan
nan
nan
0.044000
nan
nan
0.285000
0.153000
nan
nan
nan
0.044000
nan
nan
nan
nan
nan
0.044000
0.088000
0.044000
nan
nan
nan
nan
0.175000
nan
0.131000
nan
nan
nan
nan
nan
0.241000
0.372000
0.175000
0.197000
nan
0.307000
nan
nan
nan
0.372000
nan
0.153000
nan
nan
0.044000
nan
nan
nan
nan
0.131000
nan
0.350000
0.219000
0.219000
0.350000
nan
nan
nan
nan
nan
0.241000
0.350000
nan
0.044000
0.153000
0.285000
nan
nan
0.482000
0.625000
0.300000
0.600000
1.000000
0.150000
nan
0.050000
0.175000
nan
nan
0.500000
nan
nan
nan
0.375000
0.075000
0.075000
nan
nan
nan
nan
0.050000
0.075000
nan
0.100000
nan
nan
1.000000
0.050000
nan
nan
nan
nan
nan
1.000000
0.675000
nan
nan
nan
nan
0.100000
0.125000
nan
nan
nan
nan
1.000000
nan
nan
0.150000
nan
nan
nan
nan
0.575000
0.125000
nan
0.900000
0.575000
0.725000
nan
0.250000
0.175000
0.100000
nan
0.350000
nan
nan
nan
nan
nan
0.200000
nan
nan
0.875000
0.575000
0.400000
0.100000
nan
nan
0.275000
nan
0.200000
0.150000
nan
nan
nan
0.100000
nan
nan
0.550000
nan
nan
0.375000
nan
nan
nan
nan
0.050000
0.125000
0.200000
nan
0.200000
0.075000
nan
0.125000
nan
0.725000
nan
0.925000
nan
nan
nan
0.117000
nan
nan
0.238000
nan
0.333000
0.143000
nan
nan
0.524000
0.190000
0.190000
0.476000
nan
nan
nan
nan
nan
nan
1.000000
0.524000
nan
nan
nan
nan
nan
nan
0.667000
0.476000
0.905000
nan
0.333000
0.429000
0.143000
0.667000
0.952000
nan
nan
nan
0.762000
0.333000
0.381000
0.190000
nan
0.857000
nan
1.000000
0.952000
nan
0.667000
0.429000
0.429000
1.000000
0.286000
nan
nan
0.714000
nan
nan
0.190000
0.333000
0.190000
0.190000
0.286000
nan
nan
nan
nan
1.000000
0.117000
0.190000
0.117000
0.190000
0.333000
0.381000
nan
0.667000
nan
nan
nan
nan
nan
nan
nan
0.429000
0.619000
nan
0.810000
0.857000
nan
0.143000
nan
0.190000
0.001000
nan
0.001000
nan
nan
0.000000
nan
0.001000
nan
0.001000
nan
0.000000
nan
0.000000
nan
0.001000
0.000000
nan
0.001000
0.001000
nan
0.000000
0.001000
nan
nan
0.001000
nan
0.001000
0.000000
nan
0.000000
0.000000
nan
0.001000
0.000000
0.001000
nan
nan
nan
nan
0.001000
0.001000
0.000000
0.001000
0.000000
0.001000
0.001000
nan
0.001000
nan
nan
0.002000
0.001000
nan
nan
0.001000
nan
nan
nan
0.005000
0.035000
0.001000
0.001000
1.000000
0.003000
nan
nan
0.016000
0.018000
nan
1.000000
nan
1.000000
nan
0.029000
nan
nan
0.101000
0.079000
nan
nan
nan
nan
nan
0.019000
nan
0.005000
nan
nan
0.000000
nan
nan
0.001000
nan
nan
nan
nan
0.051000
0.045000
nan
nan
0.054000
0.063000
0.095000
nan
nan
0.000000
