Coverage: 8019.924812
0.205000
nan
0.273000
nan
0.205000
0.205000
0.940000
nan
nan
0.205000
nan
0.424000
nan
nan
nan
nan
0.212000
0.205000
0.250000
nan
nan
0.273000
nan
nan
nan
nan
nan
0.697000
0.546000
0.326000
0.523000
0.644000
nan
0.508000
nan
0.515000
0.674000
0.379000
0.712000
nan
nan
nan
0.591000
0.273000
nan
0.644000
nan
0.621000
nan
0.538000
nan
nan
0.318000
nan
nan
nan
0.394000
nan
nan
nan
0.470000
0.644000
0.508000
nan
0.652000
nan
1.000000
0.462000
0.333000
nan
1.000000
0.856000
0.758000
0.326000
0.690000
nan
nan
nan
nan
1.000000
nan
nan
0.962000
0.728000
nan
nan
0.417000
nan
0.371000
0.500000
0.462000
0.470000
nan
nan
0.235000
nan
nan
0.818000
nan
nan
nan
nan
0.558000
nan
0.399000
nan
nan
0.514000
nan
nan
0.710000
0.626000
0.985000
nan
nan
0.355000
nan
0.462000
nan
nan
0.203000
0.084000
0.084000
nan
nan
0.183000
nan
0.140000
nan
1.000000
nan
nan
0.155000
nan
0.235000
0.263000
nan
nan
nan
0.163000
nan
nan
1.000000
0.730000
nan
nan
0.084000
nan
nan
0.191000
nan
nan
0.207000
nan
0.128000
nan
nan
nan
nan
0.745000
nan
nan
nan
0.670000
nan
0.530000
0.833000
nan
nan
0.108000
nan
0.175000
nan
0.092000
nan
nan
0.678000
nan
0.239000
0.108000
0.183000
0.227000
0.171000
0.136000
nan
nan
nan
nan
0.183000
0.773000
nan
nan
nan
nan
nan
nan
0.144000
nan
0.147000
nan
nan
nan
nan
nan
nan
nan
nan
nan
0.630000
0.191000
0.171000
nan
0.124000
nan
nan
nan
0.092000
0.084000
1.000000
0.590000
nan
0.590000
nan
0.728000
0.854000
0.207000
0.377000
nan
0.408000
0.276000
0.295000
nan
0.201000
nan
nan
nan
0.942000
nan
nan
nan
nan
nan
0.137000
nan
nan
nan
0.276000
0.609000
0.546000
nan
nan
0.169000
nan
nan
0.251000
nan
0.408000
nan
nan
0.339000
0.163000
nan
0.960000
0.433000
0.370000
nan
nan
0.446000
1.000000
nan
nan
0.929000
0.979000
1.000000
0.847000
nan
0.213000
0.201000
nan
1.000000
0.157000
0.137000
nan
nan
0.665000
0.465000
0.521000
nan
nan
nan
0.195000
nan
nan
0.621000
0.829000
0.540000
0.301000
0.647000
0.615000
nan
0.584000
nan
nan
0.816000
0.603000
0.709000
nan
nan
0.546000
nan
0.137000
0.144000
nan
0.103000
0.137000
nan
1.000000
nan
nan
nan
nan
nan
nan
0.372000
nan
nan
0.699000
0.453000
0.533000
0.424000
nan
0.246000
nan
0.372000
0.143000
0.137000
0.338000
0.321000
0.934000
0.229000
0.384000
0.579000
nan
nan
nan
nan
nan
0.361000
1.000000
nan
nan
nan
nan
nan
0.086000
nan
nan
nan
nan
nan
nan
0.155000
0.355000
0.155000
nan
0.246000
nan
nan
nan
nan
nan
nan
nan
0.137000
nan
nan
0.073000
0.831000
0.733000
nan
nan
0.659000
0.716000
nan
nan
nan
0.212000
0.073000
nan
0.137000
0.286000
0.246000
nan
nan
0.327000
0.132000
0.286000
0.218000
nan
1.000000
nan
nan
0.073000
0.338000
nan
0.327000
nan
0.103000
nan
0.349000
nan
0.160000
0.183000
nan
0.132000
0.097000
0.237000
0.422000
0.535000
0.882000
0.942000
0.437000
0.309000
nan
0.467000
0.241000
nan
nan
nan
0.528000
nan
0.505000
0.339000
1.000000
nan
nan
nan
0.437000
0.467000
nan
0.641000
0.588000
0.641000
0.799000
nan
0.565000
0.535000
0.776000
nan
nan
0.249000
0.332000
0.231000
0.377000
0.490000
0.919000
nan
nan
nan
nan
nan
nan
nan
nan
nan
nan
0.264000
nan
nan
nan
nan
0.716000
nan
nan
0.490000
0.641000
nan
0.791000
0.241000
0.490000
0.279000
nan
nan
nan
1.000000
nan
nan
1.000000
0.422000
nan
nan
0.671000
nan
nan
0.309000
nan
0.264000
0.256000
0.332000
nan
nan
0.414000
0.294000
0.235000
0.309000
0.271000
0.294000
nan
nan
nan
nan
nan
nan
nan
nan
nan
nan
0.324000
0.535000
nan
nan
0.225000
nan
nan
nan
nan
nan
nan
0.225000
nan
nan
nan
