Coverage: 3108.097166
nan
0.138000
0.294000
0.276000
nan
0.138000
0.294000
nan
nan
0.415000
0.535000
nan
nan
0.415000
0.294000
nan
nan
nan
0.207000
0.604000
nan
nan
nan
nan
0.311000
0.311000
nan
nan
nan
nan
nan
0.466000
0.415000
nan
0.328000
0.311000
0.345000
nan
nan
nan
nan
nan
0.138000
0.691000
0.363000
nan
nan
0.432000
0.449000
nan
nan
nan
0.276000
nan
nan
nan
1.000000
nan
nan
nan
nan
nan
nan
nan
nan
1.000000
nan
0.535000
nan
0.294000
nan
nan
nan
nan
0.794000
nan
nan
0.691000
nan
nan
nan
0.328000
nan
0.794000
0.242000
nan
nan
0.501000
0.415000
0.173000
nan
nan
nan
nan
nan
0.363000
0.138000
0.466000
nan
0.725000
0.587000
nan
nan
0.535000
nan
nan
nan
0.829000
0.812000
1.000000
nan
0.380000
nan
nan
nan
nan
nan
0.207000
nan
0.363000
0.380000
0.639000
0.921000
nan
0.695000
nan
nan
0.348000
nan
nan
0.191000
nan
nan
nan
0.172000
nan
nan
0.782000
nan
0.973000
nan
0.765000
0.904000
0.365000
0.730000
nan
0.382000
nan
0.643000
nan
0.695000
nan
0.990000
1.000000
1.000000
0.417000
0.712000
0.600000
nan
0.255000
0.180000
nan
0.200000
0.218000
0.218000
0.927000
nan
0.546000
0.655000
0.236000
0.346000
nan
nan
0.673000
nan
0.291000
nan
nan
nan
nan
0.800000
0.364000
nan
0.236000
nan
0.291000
0.455000
nan
nan
nan
1.000000
nan
nan
nan
0.527000
0.600000
nan
0.473000
nan
0.969000
0.764000
0.800000
nan
nan
nan
nan
0.327000
nan
0.978000
nan
nan
nan
nan
0.180000
nan
nan
0.291000
0.800000
nan
nan
nan
0.546000
nan
nan
0.323000
0.247000
0.779000
nan
nan
0.551000
0.228000
0.950000
0.855000
0.323000
0.779000
0.627000
0.494000
nan
0.703000
0.247000
0.551000
0.684000
nan
0.456000
0.627000
0.228000
0.188000
