Coverage: 2997.247706
0.206000
0.206000
0.451000
nan
nan
nan
0.206000
0.485000
0.267000
0.468000
nan
0.351000
0.551000
0.451000
0.568000
nan
nan
0.317000
0.234000
0.518000
0.602000
0.735000
0.702000
nan
nan
0.668000
0.317000
nan
0.652000
1.000000
nan
0.602000
nan
0.535000
nan
nan
0.652000
nan
0.585000
nan
nan
nan
nan
nan
nan
0.434000
0.769000
0.535000
0.384000
0.919000
nan
nan
0.685000
nan
nan
nan
nan
nan
0.852000
nan
nan
nan
1.000000
0.535000
0.802000
nan
nan
nan
nan
0.351000
0.535000
nan
nan
nan
nan
nan
nan
0.819000
nan
nan
0.618000
0.551000
nan
0.886000
nan
0.668000
0.518000
0.384000
0.401000
0.652000
nan
nan
nan
nan
1.000000
nan
0.936000
nan
0.652000
0.618000
nan
1.000000
nan
0.853000
1.000000
0.682000
0.303000
nan
nan
nan
0.796000
nan
nan
0.664000
0.531000
nan
0.474000
nan
nan
nan
0.531000
0.777000
nan
0.550000
0.341000
1.000000
nan
0.436000
0.284000
0.417000
0.284000
0.512000
0.284000
nan
nan
0.649000
nan
0.604000
0.537000
0.671000
0.380000
nan
nan
nan
0.582000
0.425000
0.560000
0.336000
nan
0.448000
0.470000
0.448000
nan
nan
0.380000
nan
nan
nan
nan
nan
0.889000
0.671000
nan
0.403000
nan
nan
0.358000
nan
nan
nan
0.515000
0.783000
0.974000
nan
nan
0.582000
0.761000
0.964000
nan
0.448000
0.537000
0.806000
0.515000
0.582000
nan
0.515000
0.537000
0.774000
0.877000
0.774000
0.387000
0.310000
0.852000
0.568000
0.465000
0.490000
0.748000
0.439000
0.619000
nan
0.335000
0.255000
0.490000
nan
nan
nan
nan
0.594000
nan
nan
nan
0.594000
nan
nan
nan
0.255000
0.255000
nan
