Coverage: 380.555556
0.000000
nan
0.000000
1.000000
nan
0.000000
nan
nan
0.857000
nan
0.571000
0.714000
nan
0.143000
0.000000
1.000000
nan
nan
0.286000
0.571000
0.000000
0.286000
nan
nan
nan
nan
0.571000
0.000000
0.000000
nan
0.571000
0.000000
nan
0.571000
1.000000
nan
0.429000
1.000000
nan
nan
0.286000
0.143000
nan
nan
0.286000
0.000000
0.286000
nan
nan
nan
nan
nan
0.143000
nan
nan
nan
0.286000
nan
nan
0.000000
1.000000
nan
nan
nan
nan
0.143000
0.571000
0.286000
nan
0.286000
0.000000
0.000000
0.571000
nan
nan
0.000000
nan
0.000000
nan
nan
nan
nan
nan
0.000000
0.571000
0.286000
0.286000
0.857000
nan
0.714000
nan
nan
0.286000
nan
0.714000
0.143000
0.704000
1.000000
nan
0.845000
0.000000
nan
nan
nan
nan
0.845000
nan
0.282000
nan
nan
1.000000
0.423000
nan
nan
nan
0.282000
0.563000
0.563000
0.423000
0.000000
nan
0.282000
0.704000
0.282000
nan
0.563000
0.000000
nan
0.563000
0.482000
0.482000
nan
0.482000
0.642000
0.803000
0.642000
0.482000
1.000000
nan
nan
nan
nan
nan
0.321000
0.000000
0.923000
0.000000
nan
0.161000
0.321000
0.321000
0.321000
0.161000
nan
0.161000
nan
nan
0.161000
0.321000
nan
nan
0.482000
0.803000
0.923000
0.803000
nan
nan
nan
nan
0.482000
0.000000
nan
0.000000
0.642000
nan
nan
nan
nan
nan
0.000000
0.000000
0.000000
0.000000
nan
nan
nan
nan
0.000000
nan
0.000000
0.360000
0.721000
nan
0.360000
0.000000
0.000000
0.541000
nan
nan
nan
nan
0.541000
nan
0.541000
0.541000
0.000000
0.000000
nan
nan
nan
0.721000
0.000000
0.000000
0.180000
0.541000
nan
