Coverage: 7852.083886
0.800000
nan
nan
nan
0.174000
nan
nan
nan
0.174000
nan
nan
0.261000
0.252000
nan
0.295000
nan
0.436000
0.475000
0.234000
0.475000
0.513000
0.480000
0.695000
0.541000
0.657000
nan
nan
nan
nan
nan
0.419000
0.922000
0.497000
nan
0.982000
0.690000
0.695000
0.751000
0.607000
nan
nan
0.701000
nan
nan
0.944000
0.497000
0.392000
nan
0.938000
0.464000
0.530000
0.497000
nan
nan
nan
0.828000
0.497000
nan
0.723000
nan
0.762000
0.784000
0.745000
0.646000
0.723000
nan
0.502000
0.944000
nan
nan
0.767000
nan
nan
0.320000
0.304000
0.234000
0.304000
nan
1.000000
0.949000
0.453000
nan
0.234000
1.000000
1.000000
0.988000
nan
nan
0.237000
nan
0.370000
0.839000
0.711000
nan
nan
nan
1.000000
0.846000
nan
nan
nan
nan
0.538000
0.442000
0.620000
nan
nan
nan
nan
1.000000
nan
nan
0.477000
nan
nan
nan
nan
nan
nan
0.312000
0.581000
nan
nan
0.768000
0.898000
0.885000
nan
0.542000
0.573000
0.529000
nan
nan
0.334000
nan
0.265000
0.147000
0.312000
nan
nan
0.178000
nan
0.182000
nan
0.187000
0.117000
nan
nan
nan
0.867000
nan
0.195000
0.086000
0.234000
nan
nan
nan
0.217000
nan
0.239000
0.412000
0.373000
nan
nan
0.421000
1.000000
nan
0.086000
nan
0.265000
nan
nan
nan
0.920000
0.833000
0.876000
0.998000
nan
0.776000
0.616000
nan
0.152000
0.091000
nan
0.095000
nan
0.195000
0.178000
0.325000
nan
nan
0.156000
nan
0.086000
0.953000
0.423000
nan
1.000000
0.801000
1.000000
1.000000
0.443000
0.516000
nan
nan
nan
nan
0.205000
0.119000
0.212000
nan
nan
nan
0.146000
nan
0.066000
nan
0.232000
0.159000
nan
nan
nan
nan
0.033000
nan
nan
nan
nan
0.384000
nan
0.423000
0.576000
0.463000
nan
0.496000
0.258000
0.410000
0.483000
nan
0.232000
0.410000
0.205000
0.245000
0.304000
nan
0.304000
0.172000
0.152000
0.212000
0.245000
nan
nan
0.298000
0.245000
nan
nan
nan
nan
0.351000
nan
nan
nan
0.139000
0.132000
nan
nan
nan
nan
0.046000
0.073000
nan
nan
0.026000
nan
0.013000
0.013000
0.020000
0.053000
nan
0.026000
0.013000
nan
0.013000
nan
nan
0.040000
0.900000
nan
0.800000
nan
nan
0.000000
nan
nan
nan
nan
nan
0.200000
nan
nan
0.100000
1.000000
0.300000
0.400000
nan
0.400000
nan
nan
0.500000
0.900000
nan
nan
nan
nan
0.000000
0.100000
nan
0.100000
nan
nan
0.200000
nan
0.800000
0.300000
nan
nan
nan
0.300000
0.400000
nan
0.000000
nan
0.100000
nan
nan
nan
nan
0.200000
nan
0.200000
0.000000
0.400000
1.000000
nan
nan
nan
0.000000
nan
0.100000
0.300000
nan
nan
nan
0.200000
0.300000
0.600000
nan
