Coverage: 82705.220613
nan
0.226000
0.983000
0.114000
0.124000
nan
0.093000
nan
0.820000
0.603000
0.344000
nan
0.066000
nan
nan
nan
nan
0.150000
nan
0.194000
1.000000
nan
nan
nan
nan
nan
nan
nan
nan
nan
nan
0.093000
nan
0.053000
nan
nan
nan
0.125000
nan
nan
0.111000
nan
0.078000
nan
0.053000
nan
nan
nan
nan
nan
nan
nan
nan
nan
nan
nan
nan
nan
nan
nan
nan
0.594000
nan
nan
nan
nan
0.534000
0.407000
nan
0.431000
nan
0.404000
nan
nan
nan
0.522000
nan
nan
nan
nan
nan
0.175000
nan
0.259000
nan
nan
0.384000
nan
nan
nan
nan
nan
nan
nan
0.093000
nan
0.757000
0.742000
nan
nan
nan
nan
0.163000
nan
nan
nan
0.053000
nan
0.032000
0.032000
nan
nan
nan
nan
0.087000
nan
nan
nan
nan
nan
nan
nan
0.044000
nan
0.372000
0.034000
nan
nan
0.048000
0.074000
0.086000
0.050000
0.037000
nan
0.141000
0.298000
nan
0.158000
0.178000
nan
0.587000
0.690000
nan
0.996000
nan
nan
0.063000
nan
nan
nan
nan
0.064000
0.088000
0.128000
nan
0.365000
0.561000
nan
nan
0.107000
0.883000
0.721000
0.733000
1.000000
nan
nan
nan
1.000000
nan
nan
nan
nan
nan
nan
0.093000
nan
0.055000
nan
0.051000
0.036000
0.038000
nan
0.107000
0.046000
nan
0.120000
0.055000
0.148000
0.387000
nan
nan
1.000000
nan
nan
nan
nan
nan
nan
nan
0.833000
nan
0.298000
0.739000
nan
nan
nan
nan
0.032000
0.474000
nan
0.032000
nan
0.460000
0.121000
0.088000
0.065000
nan
nan
1.000000
0.124000
0.054000
0.557000
nan
1.000000
nan
0.046000
nan
0.040000
nan
nan
nan
0.081000
0.101000
1.000000
0.122000
0.227000
nan
0.455000
0.045000
0.040000
0.516000
nan
nan
nan
nan
nan
nan
nan
nan
0.078000
nan
nan
0.778000
0.106000
0.118000
nan
nan
0.143000
nan
0.041000
0.241000
0.335000
nan
0.133000
0.045000
nan
nan
nan
0.040000
nan
nan
nan
nan
nan
nan
nan
0.600000
0.284000
0.208000
0.229000
0.161000
nan
0.160000
0.316000
0.575000
0.300000
nan
0.132000
nan
0.068000
0.112000
0.110000
0.129000
nan
0.707000
nan
0.452000
nan
nan
0.986000
nan
nan
nan
nan
nan
nan
nan
0.153000
nan
0.498000
nan
0.111000
nan
nan
nan
nan
nan
nan
nan
nan
nan
0.098000
0.740000
nan
0.866000
nan
1.000000
nan
1.000000
nan
0.571000
nan
nan
nan
0.686000
nan
1.000000
nan
nan
nan
0.826000
nan
0.641000
nan
0.800000
nan
0.436000
nan
0.359000
nan
0.264000
nan
0.372000
nan
nan
nan
nan
nan
nan
nan
0.224000
nan
0.156000
nan
0.168000
0.165000
0.106000
0.192000
0.146000
nan
0.167000
nan
0.118000
0.094000
0.096000
nan
0.113000
0.103000
nan
nan
0.147000
nan
