Coverage: 44443.012704
nan
1.000000
1.000000
nan
0.326000
0.077000
0.190000
nan
nan
0.143000
nan
nan
nan
nan
nan
nan
nan
nan
nan
nan
0.089000
nan
nan
nan
nan
nan
nan
0.077000
nan
nan
nan
nan
nan
nan
nan
0.753000
0.375000
0.325000
nan
nan
0.439000
nan
nan
nan
nan
1.000000
0.954000
nan
nan
0.127000
0.166000
nan
0.169000
0.110000
0.325000
nan
0.477000
nan
0.113000
0.235000
nan
nan
nan
0.523000
nan
nan
0.394000
0.319000
nan
nan
nan
nan
0.727000
0.600000
nan
nan
nan
0.246000
nan
nan
0.121000
nan
nan
nan
0.652000
0.918000
0.855000
0.635000
nan
nan
nan
0.304000
nan
nan
nan
nan
0.152000
nan
nan
nan
nan
nan
0.089000
0.188000
0.265000
0.135000
0.096000
0.143000
0.232000
1.000000
0.250000
nan
1.000000
nan
0.174000
0.132000
0.077000
0.168000
0.162000
0.301000
nan
nan
0.136000
nan
nan
0.286000
nan
0.207000
0.211000
0.144000
nan
0.189000
0.181000
nan
0.060000
1.000000
1.000000
nan
nan
0.606000
nan
nan
nan
0.077000
0.076000
0.104000
nan
nan
nan
nan
nan
0.812000
0.220000
0.093000
0.130000
0.082000
0.162000
0.206000
nan
nan
0.203000
0.129000
nan
nan
0.135000
0.131000
0.184000
nan
nan
0.165000
nan
nan
nan
0.977000
0.955000
nan
nan
0.052000
0.087000
0.233000
nan
nan
0.107000
0.194000
nan
nan
nan
nan
nan
nan
nan
nan
nan
nan
nan
nan
nan
nan
nan
nan
nan
0.287000
nan
nan
nan
nan
nan
nan
nan
nan
nan
1.000000
nan
nan
nan
nan
0.911000
0.080000
0.127000
0.126000
0.054000
nan
0.052000
0.075000
0.052000
nan
0.331000
nan
0.128000
0.140000
nan
nan
nan
0.180000
nan
nan
0.118000
nan
0.233000
nan
0.177000
nan
nan
0.129000
nan
0.273000
0.154000
nan
0.583000
0.312000
0.426000
nan
nan
nan
nan
nan
0.440000
0.581000
nan
nan
nan
nan
nan
nan
nan
nan
0.885000
nan
nan
0.121000
0.091000
0.803000
nan
0.219000
0.153000
nan
nan
nan
nan
nan
1.000000
0.275000
nan
nan
0.532000
0.601000
nan
nan
nan
nan
0.344000
0.309000
nan
0.241000
0.188000
nan
nan
0.445000
0.235000
nan
nan
0.196000
0.298000
nan
nan
nan
nan
0.162000
nan
nan
1.000000
nan
0.613000
0.443000
0.734000
0.354000
nan
nan
nan
0.096000
nan
nan
nan
0.613000
0.222000
nan
nan
nan
0.175000
0.277000
nan
0.685000
0.804000
1.000000
nan
0.246000
0.137000
nan
0.091000
nan
0.178000
0.091000
0.850000
0.963000
nan
0.196000
0.185000
nan
nan
0.187000
nan
