Coverage: 7044.108761
nan
nan
0.000000
0.000000
0.000000
0.000000
nan
nan
0.000000
0.000000
0.000000
0.000000
0.000000
nan
nan
0.000000
nan
0.000000
nan
nan
nan
nan
0.000000
0.000000
nan
nan
1.000000
0.000000
nan
1.000000
nan
nan
nan
0.000000
nan
nan
0.000000
nan
nan
nan
nan
nan
0.000000
0.000000
0.000000
nan
0.000000
0.000000
nan
nan
nan
nan
0.000000
0.000000
nan
1.000000
nan
0.000000
0.000000
nan
nan
0.000000
0.000000
0.000000
nan
0.000000
nan
nan
0.008000
0.016000
nan
0.008000
0.000000
nan
0.000000
nan
nan
nan
0.008000
0.016000
nan
0.008000
0.008000
0.039000
nan
nan
nan
nan
0.039000
0.047000
nan
nan
0.039000
nan
0.109000
0.124000
nan
nan
nan
0.264000
nan
nan
nan
0.287000
nan
nan
nan
0.116000
nan
nan
nan
nan
0.256000
nan
0.380000
nan
nan
0.434000
nan
nan
1.000000
0.248000
nan
nan
0.581000
nan
0.411000
nan
nan
0.426000
0.364000
0.155000
nan
nan
nan
0.318000
nan
nan
nan
nan
0.194000
nan
nan
0.171000
0.271000
nan
nan
nan
nan
1.000000
nan
nan
nan
nan
nan
nan
nan
nan
nan
nan
nan
nan
nan
nan
1.000000
nan
nan
nan
nan
0.884000
0.202000
0.202000
0.008000
0.116000
0.217000
0.078000
0.279000
0.333000
nan
0.287000
0.310000
0.891000
0.380000
1.000000
nan
nan
nan
nan
nan
nan
0.442000
nan
0.397000
0.276000
nan
0.309000
nan
nan
0.795000
nan
0.828000
nan
0.651000
nan
nan
0.563000
0.729000
0.789000
0.436000
0.685000
0.718000
0.607000
nan
nan
0.580000
nan
nan
0.894000
0.745000
0.613000
0.723000
nan
nan
nan
0.348000
0.574000
0.403000
nan
0.491000
nan
nan
0.276000
nan
0.933000
0.789000
nan
nan
nan
0.337000
0.276000
nan
0.850000
0.370000
nan
nan
nan
0.624000
0.690000
nan
0.431000
nan
0.767000
nan
nan
nan
0.613000
0.624000
nan
0.530000
1.000000
0.933000
1.000000
1.000000
0.961000
0.861000
nan
0.883000
0.778000
0.580000
nan
0.679000
0.800000
nan
0.547000
0.585000
0.521000
nan
0.398000
nan
0.182000
0.452000
nan
nan
nan
nan
nan
nan
nan
1.000000
0.992000
nan
nan
0.550000
0.452000
nan
0.150000
nan
nan
0.150000
nan
0.477000
